









Frequency of observations in the selected location(s).:
Number of taxa: 	201

	Jan				Feb				Mar				Apr				May				Jun				Jul				Aug				Sep				Oct				Nov				Dec				
Sample Size:	10.0	4.0	4.0	2.0	9.0	4.0	17.0	9.0	2.0	15.0	7.0	14.0	12.0	12.0	10.0	25.0	16.0	26.0	20.0	30.0	4.0	26.0	21.0	22.0	4.0	11.0	17.0	24.0	11.0	3.0	26.0	11.0	13.0	11.0	21.0	22.0	22.0	35.0	20.0	26.0	14.0	12.0	16.0	17.0	3.0	0.0	3.0	15.0	

Oie à tête barrée	0.0	0.0	0.0	0.0	0.1111111	0.0	0.0	0.0	0.0	0.0	0.0	0.0	0.0	0.0	0.0	0.0	0.0625	0.0384615	0.0	0.0	0.0	0.0	0.0	0.0	0.0	0.0909091	0.0	0.0	0.0	0.0	0.0	0.0	0.0	0.0	0.0	0.0	0.0454545	0.0285714	0.1	0.0384615	0.0	0.0833333	0.0	0.0588235	0.0	0.0	0.0	0.0	
Oie des neiges	0.0	0.0	0.0	0.0	0.0	0.0	0.0	0.0	0.0	0.0	0.0	0.0	0.0	0.0	0.0	0.0	0.0	0.0384615	0.0	0.0	0.0	0.0	0.0	0.0	0.0	0.0	0.0	0.0	0.0	0.0	0.0	0.0	0.0	0.0	0.0	0.0	0.0	0.0	0.0	0.0	0.0	0.0	0.0	0.0	0.0	0.0	0.0	0.0	
Oie cendrée	0.0	0.0	0.0	0.0	0.0	0.0	0.0	0.0	0.0	0.0	0.0	0.2857143	0.0	0.0	0.0	0.0	0.0	0.0	0.05	0.0	0.0	0.0	0.0	0.0	0.0	0.0	0.0	0.0	0.0	0.0	0.0	0.0	0.0	0.0	0.0	0.0	0.0	0.0285714	0.0	0.0	0.0	0.0	0.0	0.0	0.0	0.0	0.0	0.0	
Oie cygnoïde	0.0	0.0	0.0	0.0	0.0	0.0	0.0	0.0	0.0	0.0	0.0	0.0	0.0	0.0	0.0	0.04	0.0	0.0	0.0	0.0	0.0	0.0	0.0	0.0	0.0	0.0	0.0	0.0	0.0	0.0	0.0	0.0	0.0	0.0	0.0	0.0	0.0	0.0015	0.05	0.0	0.0	0.0	0.0	0.0	0.0	0.0	0.0	0.0	
Bernache nonnette	0.0	0.0	0.0	0.0015	0.0	0.0	0.0	0.0	0.0	0.0	0.0	0.0	0.0	0.0	0.0	0.0	0.0	0.0	0.0	0.0	0.0	0.0	0.047619	0.0	0.0	0.0	0.0	0.0	0.0	0.0	0.0	0.0	0.0	0.0	0.0	0.0	0.0	0.0571429	0.1	0.0384615	0.0	0.0	0.0	0.0	0.0	0.0	0.0	0.0	
Bernache du Canada	0.0015	0.0	0.25	0.0015	0.3333333	0.25	0.0	0.1111111	0.0	0.0666667	0.1428571	0.2857143	0.0833333	0.25	0.2	0.12	0.25	0.1923077	0.1	0.1666667	0.0	0.0384615	0.3333333	0.0909091	0.25	0.0909091	0.1764706	0.0833333	0.0	0.3333333	0.0	0.0909091	0.1538462	0.0909091	0.1428571	0.0909091	0.0454545	0.1714286	0.2	0.2307692	0.0714286	0.25	0.125	0.2941176	0.0	0.0	0.0	0.0	
Cygne tuberculé	0.0	0.0	0.25	0.0	0.2222222	0.25	0.0588235	0.1111111	0.0	0.0	0.1428571	0.2857143	0.0833333	0.0833333	0.3	0.16	0.125	0.0769231	0.05	0.1333333	0.0015	0.0	0.2380952	0.1363636	0.0015	0.0909091	0.1176471	0.0833333	0.0	0.3333333	0.0	0.0909091	0.1538462	0.3636364	0.1428571	0.1363636	0.1818182	0.0571429	0.25	0.1153846	0.0714286	0.25	0.0625	0.1176471	0.0	0.0	0.0	0.0666667	
Cygne noir	0.0	0.0	0.0	0.0	0.0	0.0	0.0	0.0	0.0	0.0	0.0	0.0	0.0	0.0	0.0	0.0	0.0	0.0	0.0	0.0	0.0	0.0	0.0	0.0	0.0	0.0	0.0	0.0	0.0	0.3333333	0.0	0.0	0.0	0.0	0.0	0.0	0.0	0.0	0.0	0.0	0.0	0.0	0.0	0.0	0.0	0.0	0.0	0.0	
anatidé sp. (oie sp.)	0.0	0.0	0.0	0.0	0.0	0.0	0.0	0.0	0.0	0.0	0.0	0.0	0.0	0.0	0.0	0.0	0.0	0.0	0.0	0.0	0.0	0.0	0.0	0.0	0.0	0.0	0.0	0.0	0.0	0.0	0.0	0.0	0.0	0.0	0.0	0.0	0.0	0.0	0.05	0.0	0.0	0.0	0.0	0.0	0.0	0.0	0.0	0.0	
Ouette d'Égypte	0.0	0.0	0.0	0.0	0.1111111	0.0	0.0	0.0	0.0	0.0	0.1428571	0.0	0.0	0.0	0.0	0.04	0.0	0.0	0.05	0.0333333	0.0	0.0	0.0	0.0	0.0	0.0909091	0.0	0.0	0.0	0.0	0.0	0.0	0.0	0.0	0.0	0.0	0.0	0.0285714	0.0	0.0	0.0	0.0	0.0	0.0	0.0	0.0	0.0	0.0	
Tadorne casarca	0.0	0.0	0.0	0.0	0.0	0.0	0.0	0.0	0.0	0.0	0.0	0.0	0.0	0.0	0.0	0.0	0.0	0.0	0.0	0.0	0.0015	0.0	0.0	0.0	0.0	0.0	0.0	0.0	0.0	0.0	0.0	0.0	0.0	0.0	0.0	0.0	0.0	0.0	0.0	0.0	0.0	0.0	0.0	0.0	0.0	0.0	0.0	0.0	
Tadorne de Belon	0.0	0.0	0.0	0.0	0.1111111	0.0	0.0	0.0	0.0	0.0	0.0	0.0	0.0	0.0833333	0.0	0.0	0.0	0.0769231	0.0	0.0	0.0	0.0	0.0	0.0	0.0	0.0	0.0	0.0	0.0	0.0	0.0	0.0	0.0	0.0	0.0	0.0	0.0	0.0	0.0	0.0	0.0	0.0	0.0	0.0	0.0	0.0	0.0	0.0	
Canard musqué	0.0	0.0	0.0	0.0	0.0	0.0	0.0	0.1111111	0.0	0.0	0.0	0.0015	0.0015	0.0	0.0	0.0	0.0	0.0	0.0	0.0	0.0	0.0	0.0	0.0	0.0	0.0	0.0	0.0	0.0	0.0	0.0	0.0	0.0	0.0	0.0	0.0	0.0	0.0	0.0	0.0	0.0	0.0	0.0	0.0	0.0	0.0	0.0	0.0	
Sarcelle d'été	0.0	0.0	0.0	0.0	0.0	0.0	0.0	0.0	0.0	0.0	0.1428571	0.0714286	0.0	0.0	0.0	0.0	0.0	0.0	0.0	0.0	0.0	0.0	0.0	0.0	0.0	0.0	0.0	0.0	0.0	0.0	0.0	0.0	0.0	0.0	0.0	0.0	0.0	0.0	0.0	0.0	0.0	0.0	0.0	0.0	0.0	0.0	0.0	0.0	
Canard souchet	0.0	0.0	0.25	0.0	0.1111111	0.0	0.0588235	0.0	0.0	0.0666667	0.1428571	0.2857143	0.0	0.1666667	0.0	0.0	0.0625	0.0	0.05	0.0333333	0.0	0.0	0.0	0.0454545	0.0	0.0	0.0	0.0	0.0	0.0	0.0	0.0	0.0769231	0.0	0.0	0.0454545	0.0	0.0285714	0.1	0.0384615	0.0714286	0.0	0.0625	0.0588235	0.3333333	0.0	0.0	0.0	
Canard chipeau	0.0	0.0	0.25	0.0	0.1111111	0.25	0.0588235	0.0	0.0	0.0666667	0.0	0.2857143	0.0	0.0	0.0	0.04	0.0	0.0	0.0	0.0	0.0	0.0	0.047619	0.0	0.0	0.0	0.0	0.0	0.0	0.0	0.0	0.0	0.0	0.0	0.0	0.0	0.0	0.0	0.1	0.0384615	0.0	0.0833333	0.0625	0.0	0.0	0.0	0.0	0.0	
Canard siffleur	0.0	0.0	0.0	0.0	0.1111111	0.0	0.0	0.0	0.0	0.0	0.1428571	0.2142857	0.0	0.0	0.0	0.0	0.0	0.0	0.0	0.0	0.0	0.0	0.0	0.0	0.0	0.0	0.0	0.0	0.0	0.0	0.0	0.0	0.0	0.0	0.0	0.0	0.0	0.0	0.05	0.0	0.0	0.0	0.0	0.0	0.0	0.0	0.0	0.0	
Canard colvert	0.4	0.0	0.5	0.0	0.7777778	0.5	0.2352941	0.3333333	0.0	0.0666667	0.4285714	0.5	0.4166667	0.3333333	0.6	0.56	0.5625	0.4230769	0.5	0.3	0.25	0.1538462	0.6190476	0.3636364	0.25	0.6363636	0.3529412	0.375	0.0	0.6666667	0.1153846	0.1818182	0.3076923	0.3636364	0.1904762	0.3636364	0.3181818	0.2571429	0.25	0.3846154	0.1428571	0.25	0.125	0.2941176	0.3333333	0.0	0.0	0.2	
Canard des Bahamas	0.0	0.0	0.0	0.0	0.0	0.0	0.0588235	0.0	0.0	0.0	0.0	0.2142857	0.0	0.0833333	0.0	0.0	0.0	0.0384615	0.0	0.0	0.0	0.0	0.0	0.0	0.0	0.0	0.0	0.0	0.0	0.0	0.0	0.0	0.0	0.0	0.0	0.0	0.0	0.0	0.0	0.0	0.0	0.0	0.0625	0.0	0.0	0.0	0.0	0.0	
Canard pilet	0.0	0.0	0.0	0.0	0.0	0.0	0.0	0.0	0.0	0.0	0.1428571	0.2142857	0.0	0.0	0.0	0.0	0.0	0.0	0.0	0.0	0.0	0.0	0.0	0.0	0.0	0.0	0.0	0.0	0.0	0.0	0.0	0.0	0.0	0.0	0.0	0.0	0.0	0.0	0.0	0.0	0.0	0.0	0.0	0.0	0.0	0.0	0.0	0.0	
Sarcelle d'hiver	0.0	0.0	0.25	0.0	0.2222222	0.0	0.0588235	0.0	0.0	0.0666667	0.1428571	0.2142857	0.0	0.1666667	0.0	0.0	0.0	0.0	0.0	0.0	0.0	0.0	0.0	0.0	0.0	0.0	0.0	0.0	0.0	0.0	0.0	0.0	0.0	0.2727273	0.047619	0.0	0.0454545	0.0285714	0.1	0.0384615	0.1428571	0.0	0.0	0.1764706	0.0	0.0	0.0	0.0	
Nette rousse	0.0	0.0	0.0	0.0	0.0	0.25	0.0	0.0	0.0	0.0	0.0	0.2142857	0.0	0.0	0.0	0.04	0.0625	0.0	0.05	0.0333333	0.0	0.0	0.0	0.0	0.0	0.0909091	0.0	0.0	0.0	0.0	0.0	0.0	0.0	0.0	0.0	0.0015	0.0	0.0	0.0	0.0	0.0	0.0	0.0	0.0	0.0	0.0	0.0	0.0	
Fuligule milouin	0.0	0.0	0.0	0.0	0.3333333	0.25	0.0	0.0	0.0	0.0666667	0.1428571	0.0	0.0833333	0.0833333	0.0	0.04	0.0	0.0384615	0.0	0.0	0.0015	0.0	0.0952381	0.0	0.0	0.0909091	0.0	0.0416667	0.0	0.0	0.0	0.0	0.0769231	0.0	0.0	0.0	0.0909091	0.0571429	0.1	0.0384615	0.0714286	0.0833333	0.0625	0.0588235	0.0	0.0	0.0	0.0	
Fuligule nyroca	0.0	0.0	0.0015	0.0	0.0	0.0	0.0	0.0	0.0	0.0	0.0	0.0	0.0	0.0	0.0	0.0	0.0	0.0	0.0	0.0	0.0	0.0	0.0	0.0	0.0	0.0	0.0	0.0	0.0	0.0	0.0	0.0	0.0	0.0	0.0	0.0	0.0	0.0	0.0	0.0	0.0	0.0	0.0	0.0	0.0	0.0	0.0	0.0	
Fuligule morillon	0.0	0.0	0.25	0.0	0.2222222	0.0	0.0588235	0.0	0.0	0.0666667	0.1428571	0.0714286	0.0833333	0.0	0.0	0.0	0.0625	0.0384615	0.0	0.0333333	0.0	0.0	0.0952381	0.0	0.0	0.0	0.0588235	0.0	0.0	0.0	0.0	0.0	0.0015	0.0909091	0.0	0.0	0.0	0.0	0.0	0.0	0.0714286	0.0	0.0	0.0	0.3333333	0.0	0.0	0.0	
Garrot à oeil d'or	0.0	0.0	0.0	0.0	0.0	0.0	0.0	0.0	0.0	0.0	0.0	0.0015	0.0	0.0	0.0	0.0	0.0	0.0	0.0	0.0	0.0	0.0	0.0	0.0	0.0	0.0	0.0	0.0	0.0	0.0	0.0	0.0	0.0	0.0	0.0	0.0	0.0	0.0	0.0	0.0	0.0	0.0	0.0	0.0	0.0	0.0	0.0	0.0	
anatidé sp. (canard sp.)	0.0	0.0	0.0	0.0	0.0	0.0	0.0	0.0	0.0	0.0	0.0	0.0	0.0	0.0	0.0	0.0	0.0	0.0	0.0	0.0	0.0	0.0	0.0	0.0	0.0	0.0	0.0	0.0	0.0	0.0	0.0	0.0	0.0	0.0	0.0	0.0454545	0.0	0.0	0.0	0.0	0.0	0.0	0.0625	0.0	0.0	0.0	0.0	0.0	
Perdrix grise	0.3	0.25	0.0	0.5	0.0	0.0	0.0	0.0015	0.0	0.0	0.0	0.0	0.0	0.0	0.0	0.0015	0.0625	0.0384615	0.05	0.0333333	0.0	0.0015	0.0	0.0	0.0015	0.0015	0.0	0.0	0.0	0.0015	0.0015	0.0	0.0015	0.0	0.047619	0.0	0.0	0.0	0.0	0.0015	0.0	0.0	0.0015	0.0	0.0	0.0	0.0	0.0	
Faisan vénéré	0.0	0.0	0.0	0.0	0.0	0.0	0.0	0.0	0.0	0.0	0.0	0.0	0.0	0.0	0.0	0.0	0.0015	0.0	0.0	0.0015	0.0	0.0	0.0	0.0	0.0	0.0	0.0	0.0	0.0	0.0	0.0	0.0	0.0	0.0	0.0	0.0	0.0	0.0	0.0	0.0	0.0	0.0	0.0	0.0	0.0	0.0	0.0	0.0	
Faisan de Colchide	0.4	0.0	0.0015	0.0015	0.1111111	0.25	0.0588235	0.0	0.0015	0.0666667	0.4285714	0.5714286	0.0833333	0.25	0.3	0.4	0.5	0.3076923	0.4	0.1666667	0.0	0.0769231	0.1428571	0.2272727	0.25	0.0909091	0.0015	0.0833333	0.0	0.0	0.0384615	0.0015	0.0769231	0.0909091	0.1904762	0.1818182	0.1818182	0.1714286	0.25	0.3461538	0.4285714	0.4166667	0.375	0.2352941	0.3333333	0.0	0.0	0.0666667	
Caille des blés	0.0	0.0	0.0	0.0	0.0	0.0	0.0	0.0	0.0	0.0	0.0	0.0	0.0833333	0.0	0.0	0.0	0.0	0.0	0.05	0.0	0.0	0.0015	0.0	0.0	0.0	0.0	0.0015	0.0015	0.0	0.0	0.0	0.0	0.0	0.0	0.0	0.0	0.0	0.0	0.0	0.0	0.0	0.0	0.0	0.0	0.0	0.0	0.0	0.0	
Perdrix rouge	0.0	0.0015	0.0	0.0	0.0	0.0	0.0	0.0015	0.0	0.0	0.0	0.0	0.0	0.0	0.0	0.0	0.0	0.0015	0.0	0.0	0.0	0.0	0.047619	0.0	0.0	0.0015	0.0	0.0	0.0	0.0	0.0	0.0	0.0015	0.0	0.0	0.0	0.0015	0.0	0.0	0.0	0.0015	0.0	0.0	0.0	0.0	0.0	0.0	0.0	
Pigeon biset	0.2	0.25	0.0	0.0	0.0	0.5	0.1764706	0.4444444	0.0	0.0	0.1428571	0.5	0.25	0.1666667	0.2	0.08	0.0625	0.0015	0.15	0.3	0.25	0.0769231	0.1904762	0.0454545	0.25	0.3636364	0.0588235	0.0833333	0.1818182	0.0015	0.0769231	0.2727273	0.1538462	0.1818182	0.1428571	0.0454545	0.1818182	0.2571429	0.1	0.0769231	0.0	0.25	0.125	0.0	0.0	0.0	0.0	0.0666667	
Pigeon colombin	0.0	0.0	0.25	0.0	0.0	0.0	0.0	0.1111111	0.0	0.0666667	0.0	0.0	0.0	0.0833333	0.1	0.04	0.0015	0.0384615	0.0	0.0333333	0.0	0.0	0.0	0.0454545	0.25	0.0909091	0.0588235	0.0416667	0.0	0.0	0.0	0.0	0.0	0.0	0.0015	0.0	0.0	0.0	0.1	0.0384615	0.0	0.0	0.0	0.0	0.0	0.0	0.0	0.0	
Pigeon ramier	0.8	0.75	0.0	1.0	0.2222222	0.75	0.6470588	0.8888889	0.5	0.4	0.5714286	0.9285714	0.4166667	0.5833333	0.7	0.72	0.75	0.6923077	0.5	0.6666667	0.75	0.6538462	0.8571429	0.8636364	1.0	0.8181818	0.7058824	0.75	0.6363636	0.6666667	0.8461538	0.6363636	0.7692308	0.4545455	0.8095238	0.9545455	0.7727273	0.8	0.9	0.7692308	0.7857143	0.8333333	0.8125	0.5882353	0.6666667	0.0	0.6666667	0.6666667	
Tourterelle des bois	0.0	0.0	0.0	0.0	0.0	0.0	0.0	0.0	0.0	0.0	0.0	0.0	0.0	0.0	0.0	0.0	0.0	0.0384615	0.0	0.0666667	0.0	0.0384615	0.0952381	0.0909091	0.0015	0.0909091	0.0588235	0.0	0.0015	0.0	0.0	0.0909091	0.0	0.0	0.0015	0.0	0.0	0.0	0.0	0.0	0.0	0.0	0.0	0.0	0.0	0.0	0.0	0.0	
Tourterelle turque	0.3	0.0	0.0	0.5	0.0	0.5	0.2352941	0.3333333	0.0015	0.0666667	0.1428571	0.4285714	0.1666667	0.3333333	0.0	0.32	0.3125	0.5	0.25	0.2666667	0.25	0.1923077	0.1904762	0.3181818	0.25	0.5454545	0.2941176	0.3333333	0.3636364	0.3333333	0.6923077	0.4545455	0.0015	0.0909091	0.1428571	0.1818182	0.3181818	0.2857143	0.3	0.3076923	0.3571429	0.25	0.1875	0.1176471	0.0	0.0	0.3333333	0.5333333	
Coucou gris	0.0	0.0	0.0	0.0	0.0	0.0	0.0	0.0	0.0	0.0	0.0	0.0	0.0	0.1666667	0.1	0.4	0.25	0.4230769	0.4	0.3	0.0015	0.0769231	0.2857143	0.0909091	0.0	0.0	0.0	0.0	0.0	0.0	0.0	0.0	0.0	0.0	0.0015	0.0	0.0	0.0	0.0	0.0	0.0	0.0	0.0	0.0	0.0	0.0	0.0	0.0	
Engoulevent d'Europe	0.0	0.0	0.0	0.0	0.0	0.0	0.0	0.0	0.0	0.0	0.0	0.0	0.0	0.0	0.0	0.0	0.0	0.0	0.05	0.1	0.0	0.0	0.0	0.0	0.0	0.0	0.0	0.0	0.0	0.0	0.0	0.0	0.0	0.0	0.0	0.0	0.0	0.0	0.0	0.0	0.0	0.0	0.0	0.0	0.0	0.0	0.0	0.0	
Martinet noir	0.0	0.0	0.0	0.0	0.0	0.0	0.0	0.0	0.0	0.0	0.0	0.0	0.0	0.0	0.0	0.2	0.375	0.2307692	0.2	0.2666667	0.25	0.3076923	0.4761905	0.1818182	0.5	0.4545455	0.1764706	0.1666667	0.0909091	0.0	0.0769231	0.0015	0.0	0.0	0.0	0.0454545	0.0	0.0	0.0	0.0	0.0	0.0	0.0	0.0	0.0	0.0	0.0	0.0	
Gallinule poule-d'eau	0.3	0.0	0.5	0.0	0.2222222	0.5	0.0588235	0.3333333	0.0	0.0015	0.0	0.4285714	0.0	0.25	0.3	0.36	0.25	0.3076923	0.05	0.1333333	0.25	0.0769231	0.4285714	0.2272727	0.25	0.4545455	0.3529412	0.3333333	0.0	0.6666667	0.0769231	0.2727273	0.3846154	0.0909091	0.2380952	0.3181818	0.3181818	0.2285714	0.15	0.3076923	0.0714286	0.25	0.0625	0.1764706	0.3333333	0.0	0.0	0.1333333	
Foulque macroule	0.1	0.0	0.25	0.0	0.5555556	0.25	0.0588235	0.0	0.0	0.0666667	0.5714286	0.3571429	0.0833333	0.25	0.3	0.24	0.125	0.1538462	0.15	0.1333333	0.0015	0.0	0.4761905	0.1818182	0.5	0.3636364	0.1176471	0.125	0.0	0.3333333	0.0	0.0909091	0.2307692	0.3636364	0.2380952	0.3181818	0.2727273	0.1142857	0.25	0.2307692	0.1428571	0.25	0.125	0.1764706	0.3333333	0.0	0.0	0.0666667	
Oedicnème criard	0.0	0.0	0.0	0.0	0.0	0.0	0.0	0.0	0.0	0.0	0.1428571	0.0	0.0	0.0	0.0	0.0	0.0	0.0	0.0	0.0015	0.0	0.0	0.0	0.0454545	0.0	0.0	0.0	0.0	0.0	0.0	0.0384615	0.0	0.0	0.0	0.0	0.0015	0.0	0.0	0.0	0.0	0.0	0.0	0.0	0.0	0.0	0.0	0.0	0.0	
Échasse blanche	0.0	0.0	0.0	0.0	0.0	0.0	0.0	0.0	0.0	0.0	0.0	0.0	0.0	0.0	0.0	0.04	0.0	0.0	0.0	0.0	0.0	0.0	0.0	0.0	0.0	0.0	0.0	0.0	0.0	0.0	0.0	0.0	0.0	0.0	0.0	0.0454545	0.0	0.0	0.0	0.0	0.0	0.0	0.0	0.0	0.0	0.0	0.0	0.0	
Pluvier doré	0.2	0.75	0.25	0.0015	0.0	0.0	0.1176471	0.0	0.0015	0.0	0.0	0.0714286	0.0	0.0	0.0	0.0	0.0	0.0	0.0	0.0	0.0	0.0	0.0	0.0	0.0	0.0	0.0	0.0	0.0	0.0	0.0	0.0	0.0	0.0	0.0	0.0	0.0015	0.0	0.0015	0.0769231	0.0	0.0833333	0.25	0.0588235	0.0015	0.0	0.0015	0.0015	
Grand Gravelot	0.0	0.0	0.0	0.0	0.0	0.0	0.0	0.0	0.0	0.0	0.0	0.0	0.0	0.0	0.0	0.0	0.0	0.0384615	0.0	0.0	0.0	0.0	0.0	0.0	0.0	0.0	0.0	0.0	0.0	0.0	0.0	0.0	0.0	0.0	0.0	0.0454545	0.0	0.0	0.0	0.0	0.0	0.0	0.0	0.0	0.0	0.0	0.0	0.0	
Petit Gravelot	0.0	0.0	0.0	0.0	0.0	0.0	0.0	0.0	0.0	0.0	0.0	0.0	0.25	0.0	0.0	0.0	0.0625	0.0384615	0.0	0.0	0.0	0.0	0.0952381	0.0909091	0.0	0.0	0.0588235	0.0	0.0	0.0	0.0	0.0	0.0	0.0	0.0	0.0	0.0	0.0	0.0	0.0	0.0	0.0	0.0	0.0	0.0	0.0	0.0	0.0	
Vanneau huppé	0.1	0.75	0.75	0.0015	0.2222222	0.75	0.0588235	0.0	0.0015	0.0	0.1428571	0.0	0.0	0.0833333	0.0	0.0	0.0	0.0	0.0	0.0	0.0015	0.0	0.047619	0.0909091	0.0	0.0	0.0588235	0.0416667	0.0015	0.0	0.0	0.0	0.0769231	0.0	0.0952381	0.0454545	0.0454545	0.1142857	0.1	0.1153846	0.0714286	0.0833333	0.1875	0.1764706	0.0015	0.0015	0.6666667	0.0666667	
Barge à queue noire	0.0	0.0	0.0	0.0	0.0	0.0	0.0	0.0	0.0	0.0	0.0	0.0	0.0	0.0	0.0	0.0	0.0	0.0	0.0	0.0	0.0	0.0	0.0	0.0	0.0	0.0	0.0588235	0.0416667	0.0	0.0	0.0	0.0	0.0	0.0	0.0	0.0	0.0	0.0	0.0	0.0	0.0	0.0	0.0	0.0	0.0	0.0	0.0	0.0	
Bécassine sourde	0.0	0.0	0.0	0.0	0.0	0.0	0.0	0.0	0.0	0.0	0.0	0.0	0.0833333	0.0	0.0	0.0	0.0	0.0	0.0	0.0	0.0	0.0	0.0	0.0	0.0	0.0	0.0	0.0	0.0	0.0	0.0	0.0	0.0	0.0	0.0	0.0	0.0	0.0	0.0	0.0	0.0	0.0	0.0	0.0	0.0	0.0	0.0	0.0	
Bécasse des bois	0.0	0.0	0.0	0.0	0.0	0.0	0.0	0.0	0.0	0.0	0.0	0.0	0.0	0.0	0.0	0.0	0.0	0.0	0.1	0.1	0.0	0.0	0.0	0.0	0.0	0.0	0.0	0.0	0.0	0.0	0.0	0.0	0.0	0.0	0.0	0.0	0.0	0.0	0.0	0.0	0.0	0.0	0.0	0.0	0.0	0.0	0.0	0.0	
Bécassine des marais	0.0	0.25	0.0	0.0	0.0	0.0	0.0	0.0	0.0	0.0	0.1428571	0.0	0.0	0.0	0.0	0.0	0.0	0.0	0.0	0.0	0.0	0.0	0.0	0.0	0.0	0.0	0.0	0.0	0.0	0.0	0.0	0.0	0.0769231	0.1818182	0.0952381	0.0454545	0.1363636	0.0	0.1	0.0384615	0.0	0.0833333	0.0	0.0	0.0	0.0	0.0	0.0	
Chevalier guignette	0.0	0.0	0.0	0.0	0.0	0.0	0.0	0.0	0.0	0.0	0.0	0.0	0.0	0.0	0.0	0.28	0.125	0.1923077	0.0015	0.0333333	0.0	0.0	0.0	0.0	0.0	0.0909091	0.1176471	0.125	0.0	0.3333333	0.0	0.0	0.1538462	0.0909091	0.047619	0.0	0.0	0.0	0.0	0.0	0.0	0.0	0.0	0.0	0.0	0.0	0.0	0.0	
Chevalier culblanc	0.0	0.0	0.0	0.0	0.1111111	0.0	0.0	0.0	0.0	0.0	0.0	0.0	0.0833333	0.0	0.0	0.04	0.0	0.0	0.0	0.0	0.0	0.0	0.0	0.0909091	0.0	0.0	0.0588235	0.0833333	0.0	0.0	0.0	0.0	0.0769231	0.0	0.0	0.0	0.0	0.0	0.05	0.0384615	0.0714286	0.0	0.0	0.0588235	0.0	0.0	0.0	0.0	
Chevalier sylvain	0.0	0.0	0.0	0.0	0.0	0.0	0.0	0.0	0.0	0.0	0.0	0.0	0.0	0.0	0.0	0.0	0.0	0.0	0.0	0.0	0.0	0.0	0.047619	0.0454545	0.0	0.0	0.0	0.0	0.0	0.0	0.0	0.0	0.0	0.0	0.0	0.0454545	0.0	0.0	0.0	0.0	0.0	0.0	0.0	0.0	0.0	0.0	0.0	0.0	
Chevalier gambette	0.0	0.0	0.0	0.0	0.0	0.0	0.0	0.0	0.0	0.0	0.0	0.0	0.0833333	0.0	0.0	0.08	0.0	0.0384615	0.0	0.0	0.0	0.0	0.047619	0.0454545	0.0	0.0	0.0	0.0	0.0	0.0	0.0	0.0	0.0	0.0	0.0	0.0	0.0	0.0	0.0	0.0	0.0	0.0	0.0	0.0	0.0	0.0	0.0	0.0	
Chevalier aboyeur	0.0	0.0	0.0	0.0	0.0	0.0	0.0	0.0	0.0	0.0	0.0	0.0	0.0	0.0	0.0	0.08	0.0	0.0	0.0	0.0	0.0	0.0	0.0	0.0	0.0	0.0	0.0	0.0	0.0	0.0	0.0	0.0	0.0	0.0	0.0	0.0	0.0	0.0	0.0	0.0	0.0	0.0	0.0	0.0	0.0	0.0	0.0	0.0	
Combattant varié	0.0	0.0	0.0	0.0	0.0	0.0	0.0	0.0	0.0	0.0	0.1428571	0.0	0.0	0.0	0.0	0.0	0.0	0.0	0.0	0.0	0.0	0.0	0.0	0.0	0.0	0.0	0.0	0.0	0.0	0.0	0.0	0.0	0.0	0.0	0.047619	0.0	0.0	0.0	0.0	0.0	0.0	0.0	0.0	0.0	0.0	0.0	0.0	0.0	
Bécasseau variable	0.0	0.0	0.0	0.0	0.0	0.0	0.0	0.0	0.0	0.0	0.0	0.0	0.0	0.0	0.0	0.0	0.0	0.0	0.0	0.0	0.0	0.0	0.0	0.0	0.0	0.0	0.0	0.0	0.0	0.0	0.0	0.0	0.0	0.1818182	0.047619	0.0909091	0.0909091	0.0	0.05	0.0384615	0.0	0.0	0.0	0.0	0.0	0.0	0.0	0.0	
Courvite isabelle	0.0	0.0	0.0	0.0	0.0	0.0	0.0	0.0	0.0	0.0	0.0	0.0	0.0	0.0	0.0	0.0	0.0	0.0	0.0	0.0	0.0	0.0	0.0	0.0	0.0	0.0	0.0	0.0	0.0	0.0	0.0	0.0	0.0	0.0	0.0	0.0	0.0	0.0	0.0	0.0	0.0	0.0	0.25	0.1176471	0.0	0.0	0.0	0.0	
limicole sp.	0.0	0.0	0.0	0.0	0.0	0.0	0.0	0.0	0.0	0.0	0.0	0.0	0.0	0.0	0.0	0.0	0.0	0.0	0.0	0.0	0.0	0.0	0.0	0.0	0.0	0.0	0.0	0.0	0.0	0.0	0.0	0.0	0.0	0.0	0.0	0.0	0.0	0.0	0.0	0.0384615	0.0	0.0	0.0	0.0	0.0	0.0	0.0	0.0	
Mouette pygmée	0.0	0.0	0.0	0.0	0.0	0.0	0.0	0.0	0.0	0.0	0.0	0.0714286	0.0	0.0	0.0	0.0	0.0	0.0384615	0.0	0.0	0.0	0.0	0.0	0.0	0.0	0.0	0.0	0.0	0.0	0.0	0.0	0.0	0.0	0.0	0.0	0.0	0.0	0.0	0.0	0.0	0.0	0.0	0.0	0.0	0.0	0.0	0.0	0.0	
Mouette tridactyle	0.0	0.0	0.0	0.0	0.0	0.0	0.0	0.0	0.0	0.0	0.0	0.0	0.0	0.0	0.0	0.0	0.0	0.0	0.0	0.0	0.0	0.0	0.0	0.0	0.0	0.0	0.0	0.0	0.0	0.0	0.0	0.0	0.0	0.0	0.0	0.0	0.0	0.0	0.0	0.0	0.0	0.0	0.0	0.1176471	0.0	0.0	0.0	0.0	
Mouette rieuse	0.1	0.0	0.25	0.0	0.2222222	0.25	0.0588235	0.0	0.0	0.0666667	0.1428571	0.2857143	0.0833333	0.0833333	0.2	0.2	0.125	0.1153846	0.0015	0.0666667	0.0	0.0384615	0.1904762	0.1363636	0.25	0.0909091	0.1176471	0.0833333	0.0	0.3333333	0.0015	0.0	0.0769231	0.0909091	0.047619	0.1818182	0.1363636	0.1142857	0.15	0.1538462	0.0714286	0.0833333	0.0625	0.2941176	0.3333333	0.0	0.6666667	0.0666667	
Mouette mélanocéphale	0.0	0.0	0.0	0.0	0.0	0.0	0.0	0.0	0.0	0.0	0.1428571	0.0714286	0.0833333	0.0	0.0	0.08	0.0	0.0	0.05	0.0	0.0	0.0015	0.0	0.0	0.0	0.0	0.0	0.0	0.0	0.0	0.0	0.0	0.0	0.0	0.0	0.0	0.0	0.0	0.0	0.0	0.0	0.0	0.0	0.0	0.0	0.0	0.0	0.0	
Goéland leucophée	0.0	0.0	0.0	0.0	0.0	0.0	0.0	0.0	0.0	0.0015	0.0	0.2857143	0.0015	0.0	0.0	0.04	0.0	0.0	0.0	0.0333333	0.0	0.0	0.0	0.0	0.0	0.0909091	0.0	0.0	0.0	0.0	0.1153846	0.0015	0.0015	0.0	0.0	0.0	0.0	0.0285714	0.05	0.0	0.0	0.0	0.0	0.0	0.0	0.0	0.0	0.0	
Goéland brun	0.0	0.0	0.0	0.0	0.0	0.0	0.0	0.0	0.0	0.0	0.0	0.0	0.0015	0.0	0.2	0.0	0.0625	0.0	0.0	0.0	0.0	0.0	0.0	0.0	0.0	0.0	0.0588235	0.0	0.0	0.0	0.0384615	0.0	0.0769231	0.0	0.047619	0.0	0.0454545	0.0285714	0.05	0.0384615	0.0714286	0.0	0.0	0.0	0.0	0.0	0.0	0.0	
goéland sp. (Larus sp.)	0.0	0.0	0.0	0.0	0.0	0.0	0.0	0.0	0.0	0.0	0.0	0.0	0.0	0.0	0.0	0.0	0.0	0.0	0.0	0.0	0.0	0.0	0.0	0.0	0.0	0.0	0.0015	0.0	0.0	0.0	0.0	0.0	0.0	0.0	0.0	0.0	0.0	0.0	0.0	0.0	0.0	0.0	0.0	0.0	0.0	0.0	0.0	0.0	
goéland ou mouette sp.	0.0	0.0	0.0	0.0	0.0	0.0	0.0	0.0	0.0	0.0	0.0	0.0	0.0	0.0	0.1	0.0	0.0	0.0	0.0	0.0	0.0	0.0	0.0	0.0	0.0	0.0	0.0	0.0	0.0	0.0	0.0	0.0015	0.0	0.0	0.047619	0.0	0.0	0.0	0.0	0.0	0.0	0.0	0.0625	0.0	0.0	0.0	0.0	0.0	
Guifette moustac	0.0	0.0	0.0	0.0	0.0	0.0	0.0	0.0	0.0	0.0	0.0	0.0	0.0	0.0	0.0	0.0	0.0	0.0384615	0.0	0.0	0.0	0.0	0.0	0.0	0.0	0.0	0.0	0.0	0.0	0.0	0.0	0.0	0.0	0.0	0.0	0.0	0.0	0.0	0.0	0.0	0.0	0.0	0.0	0.0	0.0	0.0	0.0	0.0	
Guifette noire	0.0	0.0	0.0	0.0	0.0	0.0	0.0	0.0	0.0	0.0	0.0	0.0	0.0	0.0	0.0	0.0	0.0	0.0769231	0.0015	0.0	0.0	0.0	0.0	0.0	0.0	0.0	0.0	0.0	0.0	0.0	0.0	0.0	0.0	0.0	0.0	0.0	0.0	0.0	0.0	0.0	0.0	0.0	0.0	0.0	0.0	0.0	0.0	0.0	
Sterne pierregarin	0.0	0.0	0.0	0.0	0.0	0.0	0.0	0.0	0.0	0.0	0.0	0.0714286	0.0833333	0.0	0.0	0.04	0.0625	0.0384615	0.0	0.0666667	0.0	0.0384615	0.1428571	0.0454545	0.5	0.0909091	0.1176471	0.0833333	0.0	0.0	0.0	0.0	0.0	0.0	0.0	0.0	0.0	0.0	0.0	0.0	0.0	0.0	0.0	0.0	0.0	0.0	0.0	0.0	
Grèbe castagneux	0.1	0.0	0.25	0.0	0.1111111	0.25	0.0588235	0.0	0.0	0.0666667	0.1428571	0.2857143	0.0	0.0	0.0	0.0	0.0	0.0384615	0.0	0.0	0.0	0.0	0.1904762	0.0454545	0.25	0.0909091	0.0	0.0833333	0.0015	0.0	0.0015	0.0	0.1538462	0.0	0.0	0.0	0.0454545	0.0285714	0.1	0.0	0.0714286	0.1666667	0.0625	0.1764706	0.0	0.0	0.0	0.0	
Grèbe huppé	0.0	0.0	0.25	0.0	0.6666667	0.25	0.0588235	0.0	0.0	0.0666667	0.1428571	0.3571429	0.0833333	0.25	0.1	0.2	0.125	0.0769231	0.15	0.1333333	0.0015	0.0384615	0.4285714	0.0909091	0.5	0.0909091	0.2352941	0.125	0.0	0.3333333	0.0384615	0.0	0.0769231	0.0909091	0.1428571	0.0454545	0.1818182	0.0857143	0.25	0.2307692	0.1428571	0.1666667	0.0625	0.1764706	0.3333333	0.0	0.0	0.0666667	
Grèbe à cou noir	0.0	0.0	0.0	0.0	0.0	0.0	0.0	0.0	0.0	0.0	0.0	0.0	0.0	0.0	0.0	0.0	0.0625	0.0	0.0	0.0	0.0	0.0	0.0952381	0.0	0.0	0.0	0.0	0.0416667	0.0	0.0	0.0	0.0	0.0	0.0	0.0	0.0	0.0	0.0	0.0	0.0	0.0	0.0	0.0	0.0	0.0	0.0	0.0	0.0	
Océanite culblanc	0.0	0.0	0.0	0.0	0.0	0.0	0.0	0.0	0.0	0.0	0.0	0.0	0.0	0.0	0.0	0.0	0.0	0.0	0.0	0.0	0.0	0.0	0.0	0.0	0.0	0.0	0.0	0.0	0.0	0.0	0.0	0.0	0.0	0.0	0.0	0.0	0.0	0.0	0.0	0.0	0.0015	0.0	0.0	0.0	0.0	0.0	0.0	0.0	
Cigogne noire	0.0	0.0	0.0	0.0	0.0	0.0	0.0	0.0	0.0	0.0	0.0	0.0	0.0	0.0	0.0	0.0	0.0015	0.0	0.0	0.0	0.0	0.0	0.0	0.0	0.0	0.0	0.0	0.0	0.0	0.0	0.0	0.0	0.0769231	0.0	0.0	0.0	0.0	0.0	0.0	0.0	0.0	0.0	0.0	0.0	0.0	0.0	0.0	0.0	
Cigogne blanche	0.0	0.0	0.0	0.0	0.0	0.0	0.0	0.0	0.0	0.0	0.0	0.0	0.0	0.0	0.0	0.0	0.0015	0.0015	0.0	0.0333333	0.0	0.0	0.0	0.0	0.0	0.0909091	0.0	0.0	0.0	0.0	0.0	0.0	0.0	0.0	0.0	0.0	0.0	0.0	0.0	0.0	0.0	0.0	0.0	0.0	0.0	0.0	0.0	0.0	
Grand Cormoran	0.3	0.0	0.5	0.0	0.5555556	0.25	0.1176471	0.0	0.0	0.0666667	0.2857143	0.2857143	0.0	0.25	0.4	0.04	0.125	0.1538462	0.05	0.0333333	0.0015	0.0	0.1904762	0.0454545	0.0	0.0909091	0.1176471	0.0	0.0	0.3333333	0.0	0.0	0.0769231	0.0909091	0.047619	0.0454545	0.0909091	0.0857143	0.25	0.2307692	0.2142857	0.3333333	0.0625	0.2941176	0.3333333	0.0	0.0	0.1333333	
Ibis falcinelle	0.0	0.0	0.0	0.0	0.0	0.0	0.0	0.0	0.0	0.0	0.0	0.2142857	0.0	0.0	0.0	0.0	0.0	0.0	0.0	0.0	0.0	0.0	0.0	0.0	0.0	0.0	0.0	0.0	0.0	0.0	0.0	0.0	0.0	0.0	0.0	0.0	0.0	0.0	0.05	0.0	0.0	0.0	0.0	0.0	0.0	0.0	0.0	0.0015	
Bihoreau gris	0.0	0.0	0.25	0.0	0.1111111	0.25	0.0588235	0.0	0.0	0.0	0.0015	0.2857143	0.0	0.0833333	0.0015	0.04	0.1875	0.1153846	0.05	0.0333333	0.0015	0.0	0.0952381	0.0454545	0.0	0.0909091	0.1176471	0.0	0.0	0.0	0.0	0.0	0.0	0.0909091	0.0	0.0	0.0	0.0	0.05	0.0015	0.0	0.0	0.0625	0.0588235	0.0	0.0	0.0	0.0	
Aigrette garzette	0.0	0.0	0.25	0.0	0.1111111	0.25	0.0015	0.0	0.0	0.0	0.0	0.2857143	0.0	0.0833333	0.1	0.04	0.1875	0.2307692	0.0015	0.1	0.0015	0.0384615	0.0952381	0.1363636	0.0	0.0909091	0.2941176	0.0833333	0.0	0.0	0.0	0.0909091	0.2307692	0.1818182	0.047619	0.0454545	0.0909091	0.0571429	0.1	0.0769231	0.1428571	0.0	0.0625	0.1176471	0.3333333	0.0	0.0	0.0	
Héron garde-boeufs	0.0	0.0	0.0	0.0	0.0	0.0	0.0	0.0	0.0	0.0015	0.0	0.2857143	0.0	0.0	0.0	0.04	0.1875	0.1923077	0.05	0.0333333	0.0	0.0	0.1428571	0.0015	0.0	0.0909091	0.1176471	0.0416667	0.0	0.0	0.0384615	0.0015	0.0769231	0.0909091	0.047619	0.0	0.0454545	0.0857143	0.0	0.0	0.0	0.0833333	0.0	0.0	0.0	0.0	0.0015	0.0	
Grande Aigrette	0.2	0.25	0.0	0.0	0.5555556	0.5	0.0588235	0.0	0.0	0.0666667	0.2857143	0.0714286	0.0833333	0.0833333	0.2	0.08	0.0	0.0384615	0.05	0.0	0.0	0.0	0.047619	0.0454545	0.25	0.0	0.0	0.0	0.0	0.3333333	0.0384615	0.0	0.0769231	0.2727273	0.047619	0.1363636	0.0909091	0.1142857	0.25	0.1923077	0.2142857	0.3333333	0.0625	0.2352941	0.6666667	0.0	0.0	0.0015	
Héron cendré	0.5	0.5	0.5	0.0	0.6666667	0.5	0.1176471	0.0	0.0	0.1333333	0.1428571	0.2857143	0.0833333	0.1666667	0.4	0.32	0.1875	0.3076923	0.2	0.0666667	0.0015	0.0384615	0.4285714	0.2727273	0.5	0.2727273	0.1764706	0.25	0.0909091	0.6666667	0.0384615	0.1818182	0.3076923	0.3636364	0.2380952	0.2727273	0.1363636	0.1428571	0.15	0.1538462	0.2857143	0.25	0.0	0.2352941	0.6666667	0.0	0.0	0.2	
Balbuzard pêcheur	0.0	0.0	0.0	0.0	0.0	0.0	0.0	0.0	0.0	0.0	0.0	0.0	0.0	0.0	0.0	0.0015	0.0	0.0	0.05	0.0333333	0.0	0.0	0.0	0.0	0.0	0.0	0.0	0.0	0.0	0.0	0.0	0.0	0.0	0.0	0.0	0.0	0.0	0.0	0.0	0.0	0.0	0.0	0.0	0.0	0.0	0.0	0.0	0.0	
Élanion blanc	0.0	0.75	0.25	0.0015	0.0	0.0	0.0	0.0	0.0	0.0	0.0	0.0	0.0	0.0015	0.0	0.0	0.0	0.0	0.0	0.0	0.0	0.0	0.0	0.0	0.0	0.0	0.0	0.0	0.0	0.0	0.0	0.0	0.0	0.0	0.0	0.0	0.0	0.0	0.0	0.0	0.0	0.0	0.0	0.0	0.0	0.0	0.0	0.0	
Bondrée apivore	0.0	0.0	0.0	0.0	0.0	0.0	0.0	0.0	0.0	0.0	0.0	0.0	0.0	0.0	0.0	0.04	0.0	0.0384615	0.0	0.0	0.0	0.0015	0.047619	0.0	0.0	0.0015	0.0	0.0015	0.0	0.0	0.0769231	0.0909091	0.0	0.0	0.0	0.0	0.0	0.0	0.0	0.0	0.0	0.0	0.0	0.0	0.0	0.0	0.0	0.0	
Circaète Jean-le-Blanc	0.0	0.0	0.0	0.0	0.0	0.0	0.0	0.0	0.0	0.0	0.0	0.0	0.0	0.0	0.0	0.0	0.0	0.0	0.0	0.0	0.0	0.0	0.0	0.0	0.0	0.0	0.0	0.0	0.0	0.0	0.0	0.0	0.0015	0.0	0.0	0.0	0.0	0.0	0.0	0.0	0.0	0.0	0.0	0.0	0.0	0.0	0.0	0.0	
Aigle botté	0.0	0.0	0.0	0.0	0.0	0.0	0.0	0.0	0.0	0.0	0.0	0.0	0.0	0.0	0.0	0.0	0.0	0.0	0.0	0.0	0.0	0.0015	0.0	0.0	0.0	0.0	0.0	0.0	0.0	0.0	0.0	0.0	0.0	0.0	0.0	0.0	0.0	0.0	0.0	0.0	0.0	0.0	0.0	0.0	0.0	0.0	0.0	0.0	
Épervier d'Europe	0.1	0.0	0.0	0.5	0.1111111	0.0	0.0015	0.0	0.0	0.0	0.0	0.2142857	0.0833333	0.0	0.1	0.0	0.0625	0.0015	0.0	0.0333333	0.0	0.0	0.0952381	0.0	0.0015	0.0	0.0015	0.0	0.0015	0.0	0.0384615	0.0	0.0	0.0	0.047619	0.0454545	0.0454545	0.0	0.15	0.0769231	0.0	0.0	0.0	0.0588235	0.0	0.0	0.0	0.0	
Autour des palombes	0.0	0.0	0.0	0.0	0.0	0.0	0.0	0.0	0.0	0.0	0.0	0.0015	0.0	0.0	0.0	0.04	0.0	0.0	0.0	0.0	0.0	0.0	0.0	0.0	0.0	0.0	0.0	0.0	0.0	0.0	0.0	0.0	0.0	0.0	0.0	0.0	0.0	0.0	0.0	0.0	0.0714286	0.0	0.0	0.0	0.0	0.0	0.0	0.0	
Busard des roseaux	0.0	0.0	0.0	0.0	0.0	0.0	0.0	0.0	0.0	0.0	0.1428571	0.0015	0.0	0.0015	0.0	0.04	0.0625	0.0384615	0.0	0.0	0.0	0.0	0.0	0.0454545	0.0	0.0909091	0.0	0.0	0.0	0.0	0.0015	0.0	0.0015	0.0015	0.0015	0.0454545	0.0015	0.0	0.0	0.0	0.0	0.0	0.0	0.0	0.0	0.0	0.0	0.0	
Busard Saint-Martin	0.2	0.25	0.25	0.0015	0.0	0.0	0.0	0.0	0.0	0.0	0.1428571	0.1428571	0.1666667	0.0015	0.1	0.08	0.0625	0.1153846	0.0015	0.0015	0.0	0.0384615	0.1428571	0.0454545	0.0	0.0	0.0588235	0.0015	0.0	0.0	0.0384615	0.0015	0.0	0.0015	0.0015	0.0015	0.0	0.0571429	0.0015	0.0015	0.0015	0.0	0.0015	0.0015	0.0	0.0	0.0	0.0015	
Busard pâle	0.0	0.0	0.0	0.0	0.0	0.0	0.0	0.0	0.0	0.0	0.0	0.0	0.0	0.0	0.0015	0.0	0.0	0.0	0.0	0.0	0.0	0.0	0.0	0.0	0.0	0.0	0.0	0.0	0.0	0.0	0.0	0.0	0.0	0.0	0.0015	0.0	0.0	0.0	0.0	0.0	0.0	0.0	0.0	0.0	0.0	0.0	0.0	0.0015	
Busard cendré	0.0	0.0	0.0	0.0	0.0	0.0	0.0	0.0	0.0	0.0	0.0	0.0	0.0	0.0015	0.0015	0.0	0.0015	0.0015	0.0	0.0	0.0	0.0015	0.0	0.0015	0.0	0.0	0.0	0.0	0.0	0.0	0.0384615	0.0	0.0	0.0	0.0	0.0	0.0	0.0	0.0	0.0	0.0	0.0	0.0	0.0	0.0	0.0	0.0	0.0	
Milan royal	0.0	0.0	0.0	0.0	0.0	0.0	0.0	0.0	0.0	0.0	0.0	0.0	0.0	0.0	0.0	0.0	0.0	0.0	0.0	0.0	0.0	0.0	0.0	0.0	0.0	0.0	0.0	0.0	0.0	0.0	0.0	0.0	0.0	0.0	0.0	0.0	0.0	0.0	0.0	0.0	0.0	0.0	0.0	0.0015	0.0	0.0	0.0	0.0	
Milan noir	0.0	0.0	0.0	0.0	0.0	0.0	0.0	0.0	0.0	0.0	0.1428571	0.0	0.0833333	0.0	0.0	0.04	0.0015	0.0	0.0015	0.0	0.0	0.0	0.0	0.0015	0.0	0.0909091	0.0	0.0	0.0	0.0	0.0	0.0	0.0	0.0	0.0	0.0	0.0	0.0	0.0	0.0	0.0	0.0	0.0	0.0	0.0	0.0	0.0	0.0	
Buse variable	0.2	0.75	0.75	0.0015	0.0015	0.25	0.1764706	0.1111111	0.0015	0.4	0.2857143	0.4285714	0.1666667	0.1666667	0.3	0.08	0.25	0.3076923	0.1	0.1333333	0.25	0.1538462	0.3333333	0.2727273	0.25	0.0015	0.1176471	0.1666667	0.0015	0.3333333	0.1923077	0.0909091	0.0769231	0.1818182	0.1428571	0.0909091	0.4545455	0.2	0.15	0.2307692	0.2142857	0.0833333	0.125	0.2941176	0.3333333	0.0	0.3333333	0.2	
rapace sp.	0.0	0.0	0.0	0.0	0.0	0.0	0.0	0.0	0.0	0.0	0.0	0.0	0.0	0.0	0.0	0.0	0.0	0.0	0.0	0.0	0.0	0.0	0.0	0.0	0.0	0.0	0.0	0.0	0.0	0.0	0.0	0.0	0.0	0.0909091	0.0	0.0	0.0	0.0	0.0	0.0	0.0	0.0	0.0	0.0	0.0	0.0	0.0	0.0	
Effraie des clochers	0.0	0.0	0.0	0.0	0.0	0.0	0.0015	0.0	0.0	0.0	0.0	0.0	0.0	0.0	0.0	0.0	0.0	0.0	0.0	0.0	0.0	0.0	0.0	0.0454545	0.0015	0.0015	0.0015	0.0015	0.0	0.0	0.0	0.0	0.0	0.0	0.0	0.0454545	0.0015	0.0	0.0	0.0015	0.0	0.0015	0.0	0.0	0.0	0.0	0.0	0.0	
Chevêche d'Athéna	0.0	0.0	0.0	0.0	0.0	0.0	0.0	0.0	0.0	0.0015	0.0	0.0	0.0	0.0	0.0	0.0	0.0	0.0	0.05	0.0333333	0.0	0.0	0.0	0.0	0.0	0.0	0.0	0.0	0.0	0.0015	0.0	0.0	0.0	0.0	0.0	0.0	0.0	0.0	0.0	0.0384615	0.0	0.0	0.0	0.0	0.0	0.0	0.0	0.0	
Chouette hulotte	0.0	0.0	0.0	0.0	0.0	0.0	0.0	0.0	0.0	0.0666667	0.0	0.0	0.0	0.0	0.0	0.0015	0.0	0.0	0.1	0.0666667	0.0	0.0384615	0.0015	0.0454545	0.0015	0.0	0.0015	0.0015	0.0015	0.0	0.0384615	0.0909091	0.0	0.0015	0.0015	0.0015	0.0015	0.0571429	0.0	0.0015	0.0015	0.0015	0.0015	0.0015	0.0	0.0	0.0	0.0666667	
Hibou moyen-duc	0.0	0.0	0.0	0.0	0.0	0.0	0.0	0.0	0.0	0.0015	0.0	0.0	0.0	0.0	0.0	0.0015	0.0	0.0	0.0015	0.0	0.0	0.0015	0.0	0.0454545	0.0	0.0	0.0	0.0	0.0	0.0	0.0	0.0	0.0	0.0	0.0	0.0	0.0	0.0	0.0	0.0	0.0	0.0	0.0	0.0	0.0	0.0	0.0	0.0	
Hibou des marais	0.2	0.0015	0.0	0.5	0.0	0.0	0.0	0.0	0.0	0.0	0.1428571	0.0	0.0	0.0	0.0	0.0	0.0	0.0	0.0	0.0	0.0	0.0	0.0	0.0	0.0	0.0	0.0	0.0	0.0	0.0	0.0	0.0	0.0	0.0	0.0	0.0	0.0	0.0	0.0	0.0	0.0	0.0	0.0	0.0	0.0	0.0	0.0	0.0	
Huppe fasciée	0.0	0.0	0.0	0.0	0.0	0.0	0.0	0.0	0.0	0.0	0.0	0.0714286	0.0	0.0	0.0	0.0	0.0	0.0	0.0	0.0	0.0	0.0	0.0	0.0	0.0	0.0	0.0	0.0	0.0	0.0	0.0	0.0	0.0	0.0	0.0	0.0	0.0	0.0	0.0	0.0	0.0	0.0	0.0	0.0	0.0	0.0	0.0	0.0	
Martin-pêcheur d'Europe	0.0	0.0	0.0	0.0	0.1111111	0.0	0.0	0.0	0.0	0.0	0.0	0.0714286	0.0	0.0	0.1	0.0	0.0625	0.0769231	0.1	0.0333333	0.0	0.0	0.1428571	0.0	0.0015	0.0909091	0.2352941	0.25	0.0015	0.0	0.0384615	0.2727273	0.2307692	0.1818182	0.0952381	0.1363636	0.1363636	0.0285714	0.25	0.1923077	0.0714286	0.0833333	0.0	0.1176471	0.0	0.0	0.0	0.0	
Pic mar	0.0	0.0	0.25	0.0	0.0	0.0	0.0	0.1111111	0.0	0.0666667	0.1428571	0.0	0.0	0.0	0.1	0.04	0.0	0.0	0.0	0.0666667	0.0	0.0	0.047619	0.0909091	0.0	0.0909091	0.0588235	0.0	0.0	0.0	0.0	0.0909091	0.0	0.0	0.047619	0.0	0.0454545	0.0	0.0	0.0769231	0.0	0.0	0.0	0.0	0.0	0.0	0.0	0.0666667	
Pic épeiche	0.2	0.5	0.25	0.5	0.0	0.5	0.0015	0.1111111	0.0015	0.4666667	0.1428571	0.3571429	0.1666667	0.0	0.3	0.08	0.3125	0.2692308	0.25	0.1333333	0.0015	0.2692308	0.3333333	0.0909091	0.0	0.2727273	0.1764706	0.2083333	0.0909091	0.0	0.3846154	0.1818182	0.1538462	0.2727273	0.0952381	0.2272727	0.3636364	0.1714286	0.2	0.1923077	0.2142857	0.1666667	0.25	0.0588235	0.0	0.0	0.3333333	0.2666667	
Pic épeichette	0.0	0.0	0.0	0.0	0.0	0.0	0.0015	0.0015	0.0	0.0	0.1428571	0.0	0.0	0.0833333	0.0	0.0	0.0	0.0	0.05	0.0	0.0	0.0	0.0	0.0	0.0	0.0015	0.0	0.0	0.0	0.0	0.0	0.0015	0.0	0.0	0.0	0.0	0.0454545	0.0	0.0	0.0	0.0015	0.0	0.0	0.0588235	0.0	0.0	0.0	0.0	
Pic vert	0.4	0.25	0.25	0.0	0.0	0.25	0.0588235	0.2222222	0.0	0.1333333	0.2857143	0.2142857	0.0015	0.0833333	0.2	0.2	0.25	0.2307692	0.15	0.0666667	0.0015	0.0769231	0.3333333	0.2272727	0.0	0.3636364	0.1764706	0.3333333	0.0015	0.0	0.3846154	0.1818182	0.2307692	0.2727273	0.4285714	0.6363636	0.3636364	0.3428571	0.55	0.4615385	0.5	0.4166667	0.25	0.2352941	0.0	0.0	0.0	0.0666667	
Pic noir	0.1	0.0	0.0	0.0	0.0	0.0	0.0	0.0	0.0	0.0666667	0.0	0.0	0.0	0.0	0.1	0.0	0.0	0.0	0.05	0.0	0.0	0.0	0.047619	0.0454545	0.0015	0.0015	0.0	0.0	0.0	0.0	0.0769231	0.0	0.0	0.0	0.0	0.0	0.0	0.0	0.05	0.0769231	0.0	0.0	0.0	0.0	0.0	0.0	0.0	0.0666667	
pic sp.	0.0	0.0	0.0	0.0	0.0	0.0	0.0	0.0	0.0	0.0	0.0	0.0	0.0	0.0	0.0	0.0	0.0	0.0	0.0	0.0	0.0	0.0	0.0	0.0	0.0	0.0	0.0	0.0	0.0	0.0	0.0	0.0	0.0	0.0	0.0	0.0	0.0	0.0	0.0	0.0	0.0	0.0	0.0	0.0588235	0.0	0.0	0.0	0.0	
Faucon crécerelle	0.4	0.75	0.25	0.5	0.0	0.0015	0.1176471	0.1111111	0.0015	0.0015	0.1428571	0.2857143	0.3333333	0.0833333	0.3	0.32	0.1875	0.3076923	0.05	0.1333333	0.25	0.0384615	0.2380952	0.1363636	0.0	0.0015	0.0588235	0.0833333	0.0015	0.0	0.2307692	0.0015	0.0769231	0.0015	0.2857143	0.2727273	0.2727273	0.3142857	0.4	0.2307692	0.0714286	0.0	0.0625	0.1764706	0.0	0.0	0.0	0.2	
Faucon émerillon	0.0	0.0	0.0	0.0	0.0	0.0	0.0	0.0	0.0	0.0	0.0	0.0	0.0015	0.0	0.0	0.0	0.0	0.0	0.0	0.0	0.0	0.0	0.0	0.0	0.0	0.0	0.0	0.0	0.0	0.0	0.0	0.0	0.0	0.0	0.0	0.0	0.0	0.0	0.0	0.0	0.0714286	0.0	0.0	0.0	0.0	0.0	0.0015	0.0015	
Faucon hobereau	0.0	0.0	0.0	0.0	0.0	0.0	0.0	0.0	0.0	0.0	0.0	0.0	0.0	0.0	0.0	0.04	0.0625	0.0384615	0.0015	0.0	0.0	0.0	0.047619	0.0	0.0015	0.0	0.0015	0.0416667	0.0	0.0	0.0015	0.0	0.0	0.0909091	0.0	0.0	0.0015	0.0	0.05	0.0	0.0	0.0	0.0	0.0	0.0	0.0	0.0	0.0	
Faucon pèlerin	0.0	0.25	0.0	0.0	0.0	0.0	0.0	0.1111111	0.0015	0.0	0.0	0.0	0.0	0.0	0.0	0.0	0.0	0.0384615	0.0	0.0015	0.0015	0.0384615	0.047619	0.0	0.25	0.0	0.0588235	0.0015	0.0	0.0	0.0	0.0	0.0015	0.0015	0.0	0.0454545	0.0454545	0.0	0.0	0.0	0.0	0.0	0.0	0.0	0.0	0.0	0.0	0.0	
Falco sp.	0.0	0.0	0.0	0.0	0.0	0.0	0.0	0.0	0.0	0.0	0.0	0.0	0.0	0.0	0.0	0.0	0.0625	0.0	0.05	0.0	0.0	0.0	0.0	0.0	0.0	0.0	0.0	0.0	0.0	0.0	0.0	0.0	0.0	0.0	0.0	0.0	0.0	0.0	0.0	0.0	0.0	0.0	0.0	0.0	0.0	0.0	0.0	0.0	
Perruche à collier	0.0	0.0	0.0	0.0	0.0	0.0	0.0	0.0	0.0	0.0	0.0	0.0	0.0	0.0	0.0	0.0015	0.0	0.0	0.0	0.0	0.0	0.0	0.0952381	0.0	0.0	0.0	0.0	0.0	0.0	0.0	0.0	0.0	0.0	0.0	0.0	0.0	0.0	0.0	0.0	0.0	0.0	0.0	0.0	0.0	0.0	0.0	0.0	0.0	
Loriot d'Europe	0.0	0.0	0.0	0.0	0.0	0.0	0.0	0.0	0.0	0.0	0.0	0.0	0.0833333	0.0	0.0	0.04	0.125	0.2307692	0.05	0.0666667	0.0	0.0015	0.047619	0.1363636	0.0	0.0909091	0.0588235	0.0	0.0	0.0	0.1153846	0.0	0.0	0.0	0.0	0.0	0.0	0.0	0.0	0.0	0.0	0.0	0.0	0.0	0.0	0.0	0.0	0.0	
Pie-grièche écorcheur	0.0	0.0	0.0	0.0	0.0	0.0	0.0	0.0	0.0	0.0	0.0	0.0	0.0	0.0	0.0	0.0	0.0	0.0	0.05	0.0	0.0	0.0	0.0	0.0	0.0015	0.0	0.0	0.0	0.0	0.0	0.0	0.0	0.0	0.0	0.0	0.0454545	0.0	0.0	0.0	0.0	0.0	0.0	0.0	0.0	0.0	0.0	0.0	0.0	
Geai des chênes	0.1	0.0	0.0	0.0	0.0	0.25	0.0588235	0.0	0.0	0.4	0.2857143	0.3571429	0.1666667	0.0833333	0.1	0.08	0.25	0.1923077	0.15	0.1	0.0	0.0769231	0.3333333	0.0454545	0.0	0.0	0.0588235	0.0833333	0.0909091	0.0	0.0769231	0.0015	0.0	0.3636364	0.4285714	0.4545455	0.3181818	0.2571429	0.45	0.4230769	0.4285714	0.3333333	0.375	0.2941176	0.0	0.0	0.0	0.0666667	
Pie bavarde	0.6	1.0	0.5	1.0	0.3333333	0.75	0.2352941	0.3333333	0.0015	0.0666667	0.1428571	0.7857143	0.1666667	0.5	0.3	0.28	0.375	0.2692308	0.3	0.4333333	0.75	0.1538462	0.3333333	0.3636364	0.5	0.2727273	0.2352941	0.2083333	0.0015	0.3333333	0.2692308	0.1818182	0.3846154	0.2727273	0.5238095	0.6818182	0.6363636	0.3428571	0.4	0.5769231	0.5	0.75	0.6875	0.5882353	1.0	0.0	0.6666667	0.2666667	
Choucas des tours	0.2	0.25	0.25	0.5	0.1111111	0.0	0.1176471	0.4444444	0.0015	0.0666667	0.0	0.2142857	0.1666667	0.1666667	0.3	0.16	0.4375	0.2692308	0.15	0.3	0.5	0.1923077	0.2857143	0.0454545	0.25	0.1818182	0.0	0.0416667	0.0	0.0	0.0	0.0909091	0.0769231	0.0909091	0.2380952	0.1818182	0.2272727	0.3428571	0.2	0.3076923	0.5714286	0.5833333	0.4375	0.4117647	0.0	0.0	0.0	0.1333333	
Corbeau freux	0.2	0.0	0.25	0.5	0.0	0.0015	0.1176471	0.0	0.0015	0.0015	0.2857143	0.0714286	0.0833333	0.0015	0.0015	0.08	0.375	0.2307692	0.0	0.1	0.0	0.0	0.2380952	0.0	0.0	0.0	0.0015	0.0	0.0015	0.0	0.0	0.0	0.0	0.1818182	0.3333333	0.2727273	0.1363636	0.2	0.35	0.2307692	0.4285714	0.5833333	0.5	0.4117647	0.0	0.0	0.3333333	0.1333333	
Corneille noire	0.7	0.5	0.5	1.0	0.3333333	0.5	0.2941176	0.5555556	0.0	0.1333333	0.5714286	0.7142857	0.4166667	0.4166667	0.5	0.64	0.6875	0.4230769	0.65	0.6	0.5	0.3461538	0.4761905	0.5909091	0.5	0.5454545	0.2941176	0.5416667	0.2727273	0.0015	0.6538462	0.4545455	0.4615385	0.2727273	0.7619048	0.6363636	0.6818182	0.6	0.75	0.6923077	0.5	0.5	0.5625	0.6470588	0.6666667	0.0	0.6666667	0.6	
corneille sp.	0.0	0.0	0.0	0.0	0.0	0.0	0.0588235	0.0	0.0	0.0	0.0	0.0	0.0	0.0	0.0	0.0	0.0	0.0	0.0	0.0	0.0	0.0	0.0	0.0	0.0	0.0	0.0	0.0	0.0	0.0	0.0	0.0	0.0	0.0	0.0	0.0	0.0	0.0	0.0	0.0	0.0	0.0	0.0	0.0	0.0	0.0	0.0	0.0	
Mésange noire	0.0	0.0	0.0	0.0	0.0	0.0	0.0	0.0	0.0	0.0	0.0	0.0	0.0	0.0	0.1	0.0	0.0	0.0	0.0	0.0	0.0	0.0	0.0	0.0	0.0	0.0	0.0	0.0	0.0	0.0	0.0	0.0	0.0	0.0	0.0	0.0	0.0	0.0	0.0	0.0	0.0	0.0	0.0	0.0	0.0	0.0	0.0	0.1333333	
Mésange huppée	0.1	0.0	0.0	0.0	0.0	0.0	0.0	0.0	0.0	0.0666667	0.0	0.0	0.0	0.0	0.0	0.0	0.0	0.0384615	0.0	0.0	0.0	0.0	0.1904762	0.0454545	0.0	0.0	0.0	0.0015	0.0909091	0.0	0.0	0.0015	0.0	0.1818182	0.047619	0.0454545	0.0	0.0	0.1	0.0769231	0.3571429	0.0833333	0.125	0.0588235	0.0	0.0	0.0	0.0	
Mésange nonnette	0.1	0.0	0.25	0.0	0.0	0.25	0.0	0.1111111	0.0	0.2	0.2857143	0.1428571	0.0	0.0	0.1	0.08	0.0625	0.0769231	0.0	0.1	0.0	0.0	0.047619	0.0454545	0.0	0.0909091	0.0	0.0833333	0.0909091	0.0	0.0	0.0909091	0.2307692	0.0	0.0952381	0.0909091	0.0	0.0	0.05	0.1153846	0.1428571	0.25	0.0625	0.1764706	0.0	0.0	0.0	0.1333333	
Mésange bleue	0.8	0.25	0.5	1.0	0.5555556	0.75	0.4117647	0.7777778	0.5	0.5333333	0.5714286	0.9285714	0.25	0.3333333	0.5	0.44	0.4375	0.4615385	0.35	0.4333333	0.25	0.3076923	0.5714286	0.2727273	0.25	0.3636364	0.1764706	0.25	0.2727273	0.3333333	0.3076923	0.2727273	0.4615385	0.5454545	0.5714286	0.6818182	0.6818182	0.5714286	0.55	0.6538462	0.5714286	0.6666667	0.4375	0.4705882	0.6666667	0.0	1.0	0.4666667	
Mésange charbonnière	0.3	0.25	0.5	1.0	0.4444444	0.5	0.2941176	0.4444444	1.0	0.7333333	0.5714286	0.7857143	0.0833333	0.5	0.4	0.76	0.4375	0.5384615	0.4	0.4	0.25	0.3461538	0.3333333	0.1363636	0.25	0.3636364	0.1176471	0.25	0.0909091	0.3333333	0.2307692	0.1818182	0.4615385	0.2727273	0.4761905	0.7727273	0.5454545	0.5428571	0.5	0.5	0.5714286	0.8333333	0.5	0.4705882	1.0	0.0	1.0	0.5333333	
Alouette lulu	0.0	0.0	0.0	0.0	0.0	0.0	0.0	0.0	0.0	0.0	0.0	0.0	0.0	0.0	0.0	0.0	0.0	0.0	0.0	0.0	0.0	0.0	0.0	0.0	0.0	0.0	0.0	0.0	0.0	0.0	0.0	0.0	0.0	0.0	0.0	0.0	0.0	0.0	0.0	0.0	0.0714286	0.0	0.0	0.0	0.0	0.0	0.0	0.0	
Alouette des champs	0.2	0.0	0.25	0.0	0.0	0.0	0.1176471	0.0	0.0	0.0666667	0.0	0.1428571	0.3333333	0.0	0.0	0.16	0.1875	0.1153846	0.2	0.0666667	0.0	0.0	0.0952381	0.1363636	0.0015	0.0015	0.0588235	0.0416667	0.0	0.0	0.0	0.0	0.0	0.0	0.0	0.0	0.0	0.0571429	0.1	0.0769231	0.0714286	0.0833333	0.0625	0.0588235	0.0	0.0	0.3333333	0.0	
Cochevis huppé	0.0	0.0	0.0	0.0	0.0	0.0	0.0588235	0.0	0.0	0.0	0.0	0.0	0.0	0.0	0.0	0.0	0.0015	0.0	0.0	0.0	0.0	0.0	0.0015	0.0	0.0	0.0015	0.0	0.0	0.0	0.0	0.0	0.0	0.0	0.0	0.0	0.0	0.0	0.0	0.0	0.0	0.0	0.0	0.0	0.0	0.0	0.0	0.0	0.0	
Cisticole des joncs	0.0	0.0	0.0	0.0	0.0	0.0	0.0	0.0	0.0	0.0	0.0	0.0	0.0	0.0	0.0	0.04	0.0	0.0	0.05	0.0	0.0	0.0015	0.0	0.0	0.0	0.0	0.0	0.0	0.0	0.0	0.0	0.0	0.0	0.0909091	0.0	0.0	0.0	0.0	0.0	0.0	0.0	0.0	0.0	0.0	0.0	0.0	0.0	0.0	
Hypolaïs polyglotte	0.0	0.0	0.0	0.0	0.0	0.0	0.0	0.0	0.0	0.0	0.0	0.0	0.0	0.0	0.0	0.04	0.125	0.1923077	0.2	0.1	0.25	0.0769231	0.047619	0.2272727	0.0	0.0909091	0.0588235	0.0	0.0	0.0	0.0	0.0	0.0	0.0	0.0	0.0	0.0	0.0	0.0	0.0	0.0	0.0	0.0	0.0	0.0	0.0	0.0	0.0	
Phragmite des joncs	0.0	0.0	0.0	0.0	0.0	0.0	0.0	0.0	0.0	0.0	0.0	0.0	0.0	0.0	0.0	0.04	0.0	0.0	0.0	0.0	0.0	0.0	0.0	0.0	0.0	0.0	0.0	0.0	0.0	0.0	0.0	0.0	0.0	0.0	0.0	0.0	0.0	0.0	0.0	0.0	0.0	0.0	0.0	0.0	0.0	0.0	0.0	0.0	
Rousserolle effarvatte	0.0	0.0	0.0	0.0	0.0	0.0	0.0	0.0	0.0	0.0	0.0	0.0	0.0	0.0	0.0	0.04	0.0625	0.1153846	0.1	0.0	0.0	0.0384615	0.0952381	0.0454545	0.0	0.1818182	0.0588235	0.0	0.0	0.0	0.0	0.0	0.0	0.0	0.0	0.0	0.0	0.0	0.0	0.0	0.0	0.0	0.0	0.0	0.0	0.0	0.0	0.0	
Locustelle tachetée	0.0	0.0	0.0	0.0	0.0	0.0	0.0	0.0	0.0	0.0	0.0	0.0	0.0	0.0015	0.0	0.08	0.0	0.0	0.0	0.0	0.0	0.0	0.0	0.0	0.0	0.0	0.0	0.0	0.0	0.0	0.0	0.0	0.0	0.0	0.0	0.0	0.0	0.0	0.0	0.0	0.0	0.0	0.0	0.0	0.0	0.0	0.0	0.0	
Hirondelle de rivage	0.0	0.0	0.0	0.0	0.0	0.0	0.0	0.0	0.0	0.0	0.0	0.0	0.0	0.0	0.0	0.12	0.125	0.0384615	0.05	0.0	0.0	0.0	0.0	0.0	0.0	0.0	0.0588235	0.0	0.0	0.0	0.0	0.0	0.0	0.0	0.0	0.0	0.0	0.0	0.0	0.0	0.0	0.0	0.0	0.0	0.0	0.0	0.0	0.0	
Hirondelle rustique	0.0	0.0	0.0	0.0	0.0	0.0	0.0	0.0	0.0	0.0	0.0	0.3571429	0.4166667	0.1666667	0.4	0.48	0.4375	0.3846154	0.2	0.3	0.25	0.1923077	0.3809524	0.4545455	0.25	0.5454545	0.2941176	0.375	0.4545455	0.3333333	0.4615385	0.1818182	0.1538462	0.0909091	0.2380952	0.3181818	0.1363636	0.0285714	0.05	0.0	0.0	0.0	0.0	0.0	0.0	0.0	0.0	0.0	
Hirondelle de fenêtre	0.0	0.0	0.0	0.0	0.0	0.0	0.0	0.0	0.0	0.0	0.0	0.0	0.0	0.0	0.4	0.04	0.25	0.2307692	0.1	0.2666667	0.25	0.1923077	0.3333333	0.1818182	0.0015	0.2727273	0.2352941	0.3333333	0.4545455	0.0	0.5769231	0.2727273	0.1538462	0.0909091	0.047619	0.0	0.0	0.0285714	0.05	0.0	0.0	0.0	0.0	0.0	0.0	0.0	0.0	0.0	
Pouillot siffleur	0.0	0.0	0.0	0.0	0.0	0.0	0.0	0.0	0.0	0.0	0.0	0.0	0.0	0.0	0.0	0.04	0.0	0.0	0.05	0.0	0.0	0.0	0.0	0.0454545	0.0	0.0	0.0	0.0	0.0	0.0	0.0	0.0	0.0	0.0	0.0	0.0	0.0	0.0	0.0	0.0	0.0	0.0	0.0	0.0	0.0	0.0	0.0	0.0	
Pouillot à grands sourcils	0.0	0.0	0.0	0.0	0.0	0.0	0.0	0.0	0.0	0.0	0.0	0.0	0.0	0.0	0.0	0.0	0.0	0.0	0.0	0.0	0.0	0.0	0.0	0.0	0.0	0.0	0.0	0.0	0.0	0.0	0.0	0.0	0.0	0.0	0.0	0.0	0.0	0.0	0.0	0.0	0.0015	0.0	0.0	0.0	0.0	0.0	0.0	0.0	
Pouillot fitis	0.0	0.0	0.0	0.0	0.0	0.0	0.0	0.0	0.0	0.0	0.0	0.2857143	0.0	0.0	0.1	0.16	0.0625	0.0	0.05	0.0333333	0.0	0.0	0.0	0.0	0.0	0.0	0.0	0.0416667	0.0	0.0	0.0	0.0	0.0	0.0	0.0	0.0909091	0.0	0.0	0.0	0.0384615	0.0	0.0	0.0	0.0	0.0	0.0	0.0	0.0	
Pouillot véloce	0.2	0.25	0.0	0.0015	0.0	0.0	0.1176471	0.2222222	0.0	0.5333333	0.7142857	0.5714286	0.25	0.5	0.2	0.64	0.625	0.6923077	0.25	0.5	0.0015	0.3076923	0.6190476	0.6363636	0.25	0.4545455	0.1176471	0.25	0.2727273	0.0	0.1538462	0.0909091	0.3846154	0.6363636	0.6666667	0.8181818	0.5	0.2857143	0.35	0.3076923	0.1428571	0.0833333	0.0	0.0588235	0.0	0.0	0.3333333	0.0666667	
Bouscarle de Cetti	0.0	0.0	0.0	0.0	0.0	0.0	0.0588235	0.0	0.0	0.0	0.0	0.2857143	0.0	0.0	0.0	0.08	0.125	0.1153846	0.1	0.0333333	0.0	0.0	0.047619	0.0	0.0	0.1818182	0.1176471	0.0	0.0	0.0	0.0	0.0	0.0769231	0.0	0.0	0.0	0.0454545	0.0	0.05	0.0	0.0714286	0.0	0.0	0.0	0.0	0.0	0.0	0.0	
Orite à longue queue	0.1	0.0	0.5	1.0	0.0	0.25	0.0588235	0.0	0.0	0.2666667	0.2857143	0.3571429	0.0	0.0	0.1	0.24	0.125	0.1923077	0.1	0.1333333	0.0015	0.1538462	0.2380952	0.0	0.0	0.1818182	0.0588235	0.125	0.0909091	0.0	0.0	0.0909091	0.0	0.0909091	0.047619	0.0909091	0.0909091	0.0285714	0.25	0.1923077	0.3571429	0.1666667	0.25	0.0	0.3333333	0.0	0.0	0.0	
Fauvette à tête noire	0.0	0.0	0.0	0.0	0.0	0.0	0.0	0.0	0.0	0.0	0.0	0.5	0.1666667	0.4166667	0.3	0.68	0.5	0.6538462	0.5	0.5333333	0.25	0.4230769	0.5714286	0.5454545	0.25	0.6363636	0.3529412	0.1666667	0.0015	0.0	0.1923077	0.1818182	0.2307692	0.0909091	0.1428571	0.3181818	0.0454545	0.0571429	0.1	0.2307692	0.1428571	0.0	0.0	0.0	0.0	0.0	0.3333333	0.0	
Fauvette des jardins	0.0	0.0	0.0	0.0	0.0	0.0	0.0	0.0	0.0	0.0	0.0	0.0	0.0	0.0	0.0015	0.28	0.25	0.5	0.25	0.2333333	0.25	0.1153846	0.4285714	0.2727273	0.0	0.1818182	0.0	0.0416667	0.0	0.0	0.0	0.0	0.0	0.0	0.0	0.0	0.0	0.0	0.0	0.0	0.0	0.0	0.0	0.0	0.0	0.0	0.0	0.0	
Fauvette babillarde	0.0	0.0	0.0	0.0	0.0	0.0	0.0	0.0	0.0	0.0	0.0	0.0	0.0	0.0	0.0	0.04	0.0	0.0	0.0	0.0	0.0	0.0	0.0	0.0	0.0	0.0	0.0	0.0	0.0	0.0	0.0	0.0	0.0	0.0	0.0	0.0	0.0	0.0	0.0	0.0	0.0	0.0	0.0	0.0	0.0	0.0	0.0	0.0	
Fauvette grisette	0.0	0.0	0.0	0.0	0.0	0.0	0.0	0.0	0.0	0.0	0.0	0.0714286	0.0	0.25	0.1	0.24	0.375	0.2692308	0.15	0.0666667	0.0	0.0384615	0.1904762	0.2727273	0.0	0.0909091	0.1176471	0.0	0.0	0.0	0.0	0.0	0.0	0.0	0.0	0.0	0.0	0.0	0.0	0.0	0.0	0.0	0.0	0.0	0.0	0.0	0.0	0.0	
Roitelet huppé	0.1	0.0	0.25	0.0	0.1111111	0.0	0.0	0.1111111	0.0	0.0666667	0.0	0.0	0.0	0.0	0.1	0.04	0.0625	0.0769231	0.05	0.0333333	0.0	0.0	0.0952381	0.0	0.0	0.0909091	0.0	0.0416667	0.0	0.0	0.0	0.0	0.1538462	0.0909091	0.2857143	0.2272727	0.1363636	0.0285714	0.1	0.1923077	0.2142857	0.1666667	0.1875	0.0	0.0	0.0	0.0	0.0666667	
Roitelet à triple bandeau	0.1	0.0	0.0	0.0	0.0	0.0	0.0	0.2222222	0.0	0.1333333	0.2857143	0.0714286	0.0	0.0	0.2	0.24	0.0625	0.0	0.05	0.0333333	0.0	0.0384615	0.0	0.0454545	0.0	0.0909091	0.0	0.0	0.0	0.0	0.0	0.0	0.0	0.0	0.0	0.0	0.0	0.0285714	0.0	0.0384615	0.0714286	0.0015	0.0625	0.0	0.0	0.0	0.0	0.0666667	
Tichodrome échelette	0.0	0.0	0.0	0.0015	0.1111111	0.0	0.0	0.0	0.0	0.0	0.0	0.0	0.0	0.0	0.0	0.0	0.0	0.0	0.0	0.0	0.0	0.0	0.0	0.0	0.0	0.0	0.0	0.0	0.0	0.0	0.0	0.0	0.0	0.0	0.0	0.0	0.0	0.0	0.0	0.0	0.0	0.0	0.0	0.0	0.0	0.0	0.0	0.0	
Sittelle torchepot	0.1	0.0	0.5	0.5	0.2222222	0.0	0.0588235	0.3333333	0.5	0.4666667	0.4285714	0.3571429	0.0833333	0.1666667	0.1	0.12	0.0625	0.0769231	0.05	0.0666667	0.0	0.0769231	0.3809524	0.0454545	0.0	0.1818182	0.0	0.2083333	0.2727273	0.0	0.0769231	0.0909091	0.1538462	0.1818182	0.2857143	0.3181818	0.2272727	0.1714286	0.35	0.1923077	0.2857143	0.0	0.25	0.1176471	0.0	0.0	0.0	0.0666667	
Grimpereau des bois	0.0	0.0	0.0	0.0	0.0	0.0	0.0	0.0	0.0	0.0	0.1428571	0.0015	0.0	0.0	0.1	0.0	0.0	0.0	0.0	0.0	0.0	0.0	0.0	0.0454545	0.0	0.0	0.0	0.0	0.0	0.0	0.0	0.0	0.0	0.0	0.0	0.0	0.0	0.0	0.0	0.0	0.0	0.0	0.0	0.0	0.0	0.0	0.0	0.0	
Grimpereau des jardins	0.1	0.0	0.5	0.5	0.2222222	0.25	0.0015	0.2222222	0.0	0.6	0.2857143	0.3571429	0.0	0.1666667	0.2	0.28	0.3125	0.2692308	0.3	0.1333333	0.0	0.1153846	0.3809524	0.2272727	0.0015	0.3636364	0.1176471	0.25	0.1818182	0.0	0.1538462	0.0909091	0.1538462	0.0909091	0.3333333	0.4090909	0.2272727	0.2	0.35	0.4230769	0.5714286	0.5	0.3125	0.1176471	0.0	0.0	0.0	0.0666667	
Grimpereau des bois ou G. des jardins	0.0	0.0	0.0	0.0	0.0	0.0	0.0	0.0	0.0	0.0	0.0	0.0	0.0	0.0	0.1	0.0	0.0	0.0	0.0	0.0	0.0	0.0384615	0.0	0.0454545	0.0	0.0	0.0	0.0	0.0	0.0	0.0	0.0909091	0.0	0.0	0.0	0.0	0.0	0.0	0.0	0.0384615	0.0	0.0	0.0	0.0	0.0	0.0	0.0	0.0	
Troglodyte mignon	0.7	0.75	0.5	0.0	0.2222222	0.5	0.1176471	0.1111111	0.5	0.3333333	0.4285714	0.5	0.0833333	0.0833333	0.4	0.52	0.375	0.4615385	0.2	0.3333333	0.0	0.2307692	0.5714286	0.2272727	0.25	0.3636364	0.1764706	0.2083333	0.0015	0.0	0.0769231	0.1818182	0.0015	0.1818182	0.1904762	0.3181818	0.3181818	0.1142857	0.35	0.5384615	0.5	0.8333333	0.5625	0.5294118	0.3333333	0.0	0.6666667	0.3333333	
Étourneau sansonnet	0.5	0.75	0.5	0.0	0.1111111	0.25	0.3529412	0.4444444	0.0	0.0666667	0.5714286	0.3571429	0.3333333	0.0833333	0.3	0.36	0.4375	0.3076923	0.4	0.2	0.0	0.1538462	0.3333333	0.2727273	0.0015	0.2727273	0.0015	0.0833333	0.0909091	0.0015	0.0769231	0.2727273	0.1538462	0.2727273	0.4761905	0.6363636	0.2727273	0.2571429	0.6	0.3846154	0.5714286	0.5833333	0.5	0.1764706	0.0	0.0	0.3333333	0.3333333	
Grive draine	0.2	0.25	0.0	0.0	0.2222222	0.0	0.0	0.0	0.0	0.2666667	0.2857143	0.2142857	0.0015	0.0	0.1	0.04	0.0625	0.0384615	0.0	0.0333333	0.0	0.0015	0.047619	0.0	0.0	0.0909091	0.0	0.0833333	0.0909091	0.0	0.0	0.0	0.0	0.0	0.0	0.0909091	0.2272727	0.0571429	0.4	0.2307692	0.2142857	0.3333333	0.0625	0.1764706	0.0	0.0	0.0	0.1333333	
Grive musicienne	0.3	0.5	0.0	0.0	0.2222222	0.25	0.0588235	0.1111111	0.0	0.4666667	0.2857143	0.3571429	0.0833333	0.0833333	0.1	0.32	0.1875	0.3076923	0.2	0.1666667	0.25	0.1538462	0.2857143	0.3181818	0.0015	0.2727273	0.0588235	0.0	0.0	0.0	0.0384615	0.0	0.0	0.0909091	0.0	0.1818182	0.0909091	0.0857143	0.45	0.3461538	0.2857143	0.1666667	0.0	0.1176471	0.0	0.0	0.3333333	0.0	
Grive mauvis	0.2	0.75	0.5	0.0	0.0	0.0	0.0	0.0	0.0	0.0666667	0.0	0.2857143	0.0	0.0	0.0	0.0	0.0	0.0	0.0	0.0	0.0	0.0	0.0	0.0	0.0	0.0	0.0	0.0	0.0	0.0	0.0	0.0	0.0	0.0	0.0	0.0	0.0	0.0	0.15	0.1538462	0.2857143	0.4166667	0.125	0.2941176	0.3333333	0.0	0.3333333	0.1333333	
Merle noir	1.0	0.75	0.75	0.5	0.4444444	0.75	0.3529412	0.3333333	0.5	0.2666667	0.4285714	0.7857143	0.0833333	0.5833333	0.6	0.72	0.625	0.5769231	0.7	0.7	0.25	0.5384615	0.6190476	0.5	0.25	0.4545455	0.2352941	0.3333333	0.1818182	0.0015	0.3076923	0.0909091	0.2307692	0.2727273	0.4285714	0.6818182	0.4545455	0.4285714	0.7	0.6923077	0.6428571	0.75	0.625	0.5882353	1.0	0.0	0.6666667	0.4666667	
Grive litorne	0.1	0.75	0.25	0.0015	0.0015	0.0	0.0	0.0	0.0	0.0015	0.0015	0.0	0.0	0.0	0.0	0.0	0.0	0.0	0.0	0.0	0.0	0.0	0.0	0.0	0.0	0.0	0.0	0.0	0.0	0.0	0.0	0.0	0.0	0.0	0.0	0.0	0.0	0.0	0.0	0.0384615	0.2142857	0.0	0.0625	0.1764706	0.0	0.0	0.3333333	0.1333333	
Turdus sp.	0.0	0.0	0.0	0.0	0.0	0.0	0.0	0.0	0.0	0.0	0.0	0.0	0.0	0.0	0.0	0.0	0.0	0.0	0.0	0.0	0.0	0.0	0.0	0.0	0.0	0.0	0.0	0.0	0.0	0.0	0.0	0.0	0.0	0.0	0.0	0.0	0.0	0.0285714	0.15	0.1538462	0.0714286	0.0	0.125	0.1176471	0.0	0.0	0.0	0.0	
Gobemouche gris	0.0	0.0	0.0	0.0	0.0	0.0	0.0	0.0	0.0	0.0	0.0	0.0	0.0	0.0	0.0	0.0	0.0625	0.1153846	0.0	0.0	0.0	0.0	0.047619	0.0454545	0.0	0.1818182	0.1176471	0.0416667	0.0909091	0.0015	0.0	0.0015	0.0769231	0.0	0.0	0.0	0.0	0.0	0.0	0.0	0.0	0.0	0.0	0.0	0.0	0.0	0.0	0.0	
Rougegorge familier	0.8	0.75	0.25	1.0	0.4444444	0.5	0.3529412	0.3333333	0.5	0.6	0.5714286	0.6428571	0.1666667	0.25	0.5	0.6	0.6875	0.5	0.4	0.4666667	0.5	0.3461538	0.5238095	0.1818182	0.25	0.1818182	0.0588235	0.1666667	0.0909091	0.0	0.0769231	0.0015	0.3076923	0.5454545	0.6666667	0.7272727	0.9090909	0.7714286	0.8	0.8461538	0.8571429	0.9166667	0.625	0.6470588	0.6666667	0.0	0.6666667	0.6	
Rossignol philomèle	0.0	0.0	0.0	0.0	0.0	0.0	0.0	0.0	0.0	0.0	0.0	0.0	0.0	0.0833333	0.0	0.32	0.25	0.3076923	0.15	0.2	0.0	0.0384615	0.1428571	0.0454545	0.0	0.0909091	0.0	0.0416667	0.0015	0.0	0.0	0.0	0.0	0.0	0.0	0.0	0.0	0.0	0.0	0.0	0.0	0.0	0.0	0.0	0.0	0.0	0.0	0.0	
Gobemouche noir	0.0	0.0	0.0	0.0	0.0	0.0	0.0	0.0	0.0	0.0	0.0	0.0	0.0	0.0	0.0	0.0	0.0	0.0	0.0	0.0	0.0	0.0	0.0	0.0	0.0	0.0	0.0	0.0	0.0	0.0	0.0	0.0909091	0.0015	0.0909091	0.047619	0.0	0.0	0.0	0.0	0.0	0.0	0.0	0.0	0.0	0.0	0.0	0.0	0.0	
Rougequeue à front blanc	0.0	0.0	0.0	0.0	0.0	0.0	0.0	0.0	0.0	0.0	0.0	0.0	0.0	0.0833333	0.1	0.0015	0.0	0.0769231	0.1	0.0333333	0.0	0.0	0.1428571	0.0	0.0	0.0909091	0.0	0.0	0.0015	0.0	0.0	0.0	0.0	0.0	0.0	0.0	0.0	0.0	0.0	0.0	0.0	0.0	0.0	0.0	0.0	0.0	0.0	0.0	
Rougequeue noir	0.0	0.25	0.0	0.0	0.1111111	0.25	0.0	0.0	0.0	0.0015	0.0	0.1428571	0.0015	0.1666667	0.1	0.24	0.1875	0.0769231	0.2	0.1333333	0.25	0.0384615	0.2380952	0.0909091	0.0	0.0909091	0.0588235	0.0833333	0.2727273	0.0015	0.1153846	0.0909091	0.0	0.0909091	0.047619	0.0909091	0.1363636	0.1714286	0.1	0.0384615	0.0	0.1666667	0.0	0.0	0.0	0.0	0.0	0.0	
Tarier des prés	0.0	0.0	0.0	0.0	0.0	0.0	0.0	0.0	0.0	0.0	0.0	0.0	0.0	0.0	0.0	0.0	0.0	0.0	0.0	0.0	0.0	0.0	0.0	0.0	0.0	0.0	0.0	0.0	0.0015	0.0	0.0	0.0909091	0.0769231	0.0	0.0	0.0	0.0	0.0	0.0	0.0	0.0	0.0	0.0	0.0	0.0	0.0	0.0	0.0	
Tarier pâtre	0.2	0.25	0.0	0.0	0.0	0.0	0.0	0.0	0.0	0.0	0.0	0.1428571	0.0833333	0.0833333	0.1	0.16	0.0015	0.0015	0.15	0.0333333	0.0	0.0	0.0	0.1363636	0.0	0.0	0.0588235	0.0416667	0.0015	0.0	0.0015	0.0909091	0.0769231	0.0909091	0.0	0.0	0.0	0.0	0.05	0.0	0.0015	0.0	0.0	0.0	0.0	0.0	0.0	0.0	
Traquet motteux	0.0	0.0	0.0	0.0	0.0	0.0	0.0	0.0	0.0	0.0	0.0	0.0015	0.0833333	0.0	0.0	0.0	0.0	0.0	0.0	0.0	0.0	0.0	0.0	0.0	0.0	0.0	0.0	0.0	0.0	0.0	0.0	0.0	0.0769231	0.0	0.0	0.0	0.0	0.0	0.0	0.0	0.0	0.0	0.0	0.0	0.0	0.0	0.0	0.0	
Accenteur mouchet	0.2	0.0	0.0	0.0	0.1111111	0.0	0.0588235	0.2222222	0.5	0.2666667	0.4285714	0.6428571	0.0	0.3333333	0.1	0.28	0.25	0.2307692	0.05	0.1333333	0.0	0.0769231	0.1904762	0.0454545	0.0	0.0909091	0.0	0.0015	0.0	0.0	0.0	0.0	0.0	0.0	0.047619	0.0909091	0.0	0.1142857	0.2	0.2307692	0.2857143	0.1666667	0.125	0.0588235	0.0	0.0	0.0	0.1333333	
Moineau domestique	0.5	0.25	0.25	0.5	0.1111111	0.5	0.3529412	0.5555556	0.0015	0.1333333	0.1428571	0.5	0.1666667	0.3333333	0.0	0.28	0.5	0.5	0.35	0.5	0.75	0.5	0.5238095	0.5	0.75	0.6363636	0.2941176	0.3333333	0.6363636	0.3333333	0.3846154	0.4545455	0.3076923	0.0909091	0.047619	0.1363636	0.0909091	0.1714286	0.1	0.0384615	0.0	0.0833333	0.125	0.0588235	0.0	0.0	0.3333333	0.4666667	
Bergeronnette des ruisseaux	0.1	0.0	0.0	0.0	0.0	0.0	0.0	0.1111111	0.0	0.0	0.1428571	0.2142857	0.0	0.0	0.0	0.12	0.0625	0.1153846	0.05	0.0015	0.0	0.0	0.2857143	0.0454545	0.0015	0.0015	0.1764706	0.25	0.0	0.0	0.0	0.0909091	0.1538462	0.0909091	0.0015	0.0454545	0.1818182	0.1428571	0.3	0.1923077	0.0714286	0.0833333	0.0	0.0	0.0	0.0	0.0	0.1333333	
Bergeronnette printanière	0.0	0.0	0.0	0.0	0.0	0.0	0.0	0.0	0.0	0.0	0.0	0.0	0.0833333	0.0	0.0	0.08	0.0625	0.1538462	0.0	0.0	0.0	0.0015	0.0015	0.0454545	0.0	0.0	0.0	0.0416667	0.0015	0.0	0.0384615	0.0	0.1538462	0.0	0.0	0.0454545	0.0	0.0	0.0	0.0	0.0	0.0	0.0	0.0	0.0	0.0	0.0	0.0	
Bergeronnette grise	0.1	0.0	0.0	0.0	0.0	0.0	0.0	0.1111111	0.0	0.2	0.4285714	0.5	0.5833333	0.25	0.4	0.36	0.5	0.3461538	0.15	0.1666667	0.0	0.0769231	0.3333333	0.2727273	0.0	0.1818182	0.2352941	0.1666667	0.0	0.0	0.1153846	0.0	0.0769231	0.1818182	0.2380952	0.3181818	0.2727273	0.2857143	0.4	0.4230769	0.2857143	0.25	0.0625	0.0588235	0.0	0.0	0.3333333	0.0	
bergeronette sp.	0.0	0.0	0.0	0.0	0.0	0.0	0.0	0.0	0.0	0.0	0.0	0.0	0.0	0.0	0.0	0.0	0.0	0.0	0.0	0.0	0.0	0.0	0.0	0.0	0.0	0.0	0.0	0.0	0.0	0.0	0.0	0.0	0.0	0.0	0.0	0.0	0.0	0.0	0.0	0.0	0.0	0.0833333	0.0	0.0	0.0	0.0	0.0	0.0	
Pipit farlouse	0.2	0.5	0.25	0.5	0.0	0.0	0.1176471	0.0	0.0	0.0666667	0.0	0.2142857	0.25	0.0	0.0	0.0	0.0	0.0	0.0	0.0	0.0	0.0	0.0	0.0	0.0	0.0	0.0	0.0	0.0	0.0	0.0	0.0	0.0	0.0	0.0	0.0	0.1363636	0.1142857	0.25	0.3846154	0.4285714	0.1666667	0.125	0.2352941	0.0	0.0	0.3333333	0.0666667	
Pipit des arbres	0.0	0.0	0.0	0.0	0.0	0.0	0.0	0.0	0.0	0.0	0.0	0.0	0.0833333	0.0	0.1	0.16	0.0	0.0015	0.1	0.0	0.0	0.0	0.0952381	0.0909091	0.0	0.0	0.0	0.0	0.0015	0.0	0.0	0.0909091	0.0015	0.0	0.0	0.0	0.0	0.0	0.0	0.0	0.0	0.0	0.0	0.0	0.0	0.0	0.0	0.0	
Pipit spioncelle	0.0	0.0015	0.0	0.0	0.0	0.0	0.0	0.0	0.0	0.0	0.0	0.0	0.0833333	0.0	0.0	0.0	0.0	0.0	0.0	0.0	0.0	0.0	0.0	0.0	0.0	0.0	0.0	0.0	0.0	0.0	0.0	0.0	0.0	0.0	0.0	0.0	0.0	0.0	0.05	0.0384615	0.0	0.25	0.0	0.0588235	0.0	0.0	0.0	0.0666667	
Pinson des arbres	0.5	0.5	0.25	0.5	0.2222222	0.75	0.3529412	0.4444444	1.0	0.5333333	0.7142857	0.7142857	0.25	0.6666667	0.4	0.68	0.625	0.5384615	0.6	0.3666667	0.25	0.4615385	0.6190476	0.6363636	0.5	0.6363636	0.0588235	0.3333333	0.0909091	0.0015	0.1153846	0.0015	0.0769231	0.2727273	0.3809524	0.5454545	0.5909091	0.4857143	0.7	0.7692308	0.8571429	0.6666667	0.5	0.4705882	0.6666667	0.0	0.6666667	0.4666667	
Pinson du Nord	0.0	0.0	0.0	0.0	0.0	0.0	0.0588235	0.0	0.0	0.0666667	0.0	0.2142857	0.0	0.0	0.0	0.0	0.0	0.0	0.0	0.0	0.0	0.0	0.0	0.0	0.0	0.0	0.0	0.0	0.0	0.0	0.0	0.0	0.0	0.0	0.0	0.0	0.0015	0.0285714	0.0	0.0	0.0	0.0	0.0	0.0	0.0	0.0	0.0	0.0666667	
Grosbec casse-noyaux	0.0	0.0	0.0	0.0	0.2222222	0.0015	0.0015	0.0	0.0015	0.3333333	0.2857143	0.2857143	0.0	0.0	0.1	0.04	0.0	0.0384615	0.05	0.0333333	0.0	0.0	0.1904762	0.0454545	0.0	0.1818182	0.0	0.0833333	0.0015	0.0	0.0	0.0	0.0	0.1818182	0.1428571	0.1818182	0.2727273	0.1142857	0.35	0.3846154	0.4285714	0.3333333	0.3125	0.1176471	0.0	0.0	0.0	0.0666667	
Bouvreuil pivoine	0.0	0.25	0.0	0.5	0.0	0.0	0.0	0.0	0.0	0.0	0.1428571	0.0	0.0	0.0	0.1	0.0	0.0	0.0	0.05	0.0	0.0	0.0	0.0	0.0	0.0	0.0	0.0	0.0416667	0.0	0.0	0.0	0.0	0.0	0.0	0.0	0.0	0.0	0.0285714	0.0	0.0	0.0	0.0	0.0	0.0588235	0.0	0.0	0.0	0.0	
Verdier d'Europe	0.1	0.0	0.0	0.0	0.0	0.25	0.1764706	0.2222222	0.0015	0.2	0.1428571	0.4285714	0.0015	0.4166667	0.1	0.2	0.375	0.1538462	0.05	0.1666667	0.25	0.1153846	0.2380952	0.1363636	0.25	0.4545455	0.1176471	0.125	0.0909091	0.0	0.0384615	0.0	0.0	0.0909091	0.047619	0.0	0.0454545	0.0571429	0.15	0.0769231	0.2142857	0.4166667	0.4375	0.1764706	0.0	0.0	0.3333333	0.2	
Linotte mélodieuse	0.0	0.0	0.0	0.0	0.0	0.0	0.0	0.0	0.0	0.0666667	0.1428571	0.1428571	0.25	0.0	0.1	0.2	0.1875	0.2692308	0.2	0.0666667	0.0	0.0769231	0.1428571	0.2272727	0.0	0.1818182	0.1176471	0.125	0.1818182	0.0	0.1538462	0.0909091	0.1538462	0.0909091	0.047619	0.0454545	0.1363636	0.0285714	0.1	0.1538462	0.0714286	0.0833333	0.0	0.0	0.0	0.0	0.0	0.0666667	
Sizerin flammé	0.0	0.0015	0.0	0.0	0.0	0.0	0.0	0.0	0.0	0.0	0.0	0.0	0.0	0.0	0.0	0.0	0.0	0.0	0.0	0.0	0.0	0.0	0.0	0.0	0.0	0.0	0.0	0.0	0.0	0.0	0.0	0.0	0.0	0.0	0.0	0.0	0.0	0.0	0.0	0.0015	0.0	0.0	0.0	0.0	0.0	0.0	0.0	0.0	
Chardonneret élégant	0.0015	0.0	0.25	0.0	0.2222222	0.5	0.0588235	0.0015	0.5	0.0015	0.2857143	0.7142857	0.0833333	0.1666667	0.1	0.28	0.125	0.2692308	0.1	0.0666667	0.0015	0.1538462	0.3333333	0.2272727	0.0	0.5454545	0.2352941	0.0416667	0.0909091	0.0	0.1153846	0.0909091	0.0769231	0.0909091	0.2380952	0.0454545	0.0454545	0.0571429	0.05	0.2307692	0.5714286	0.3333333	0.25	0.4117647	0.3333333	0.0	0.0	0.0666667	
Serin cini	0.0	0.0	0.0	0.0	0.0	0.0	0.0	0.0	0.0	0.0	0.0	0.0714286	0.0	0.0	0.1	0.08	0.0	0.0769231	0.0	0.0	0.0	0.0384615	0.1904762	0.0015	0.0	0.0	0.0	0.0416667	0.0015	0.0	0.0	0.0	0.0	0.0	0.0	0.0	0.0	0.0	0.0	0.0	0.0	0.0	0.0	0.0	0.0	0.0	0.0	0.0	
Tarin des aulnes	0.2	0.0	0.0	0.0	0.0015	0.0	0.0588235	0.1111111	0.0	0.0666667	0.1428571	0.0	0.0	0.0	0.0	0.0015	0.0	0.0	0.0	0.0	0.0	0.0	0.0	0.0	0.0	0.0	0.0	0.0	0.0	0.0	0.0	0.0	0.0	0.0	0.0	0.0	0.0909091	0.0857143	0.25	0.4615385	0.7142857	0.4166667	0.375	0.2941176	0.0	0.0	0.3333333	0.0	
Bruant proyer	0.0	0.0	0.0	0.0015	0.0	0.0	0.0	0.0	0.0	0.0	0.0	0.0	0.1666667	0.0	0.0	0.04	0.0625	0.0384615	0.1	0.0015	0.0	0.0	0.0952381	0.0	0.0	0.0	0.0	0.0	0.0	0.0	0.0	0.0	0.0	0.0	0.0	0.0	0.0	0.0	0.0	0.0	0.0714286	0.0	0.0	0.0	0.0	0.0	0.0	0.0	
Bruant zizi	0.1	0.0	0.0	0.0	0.0	0.0	0.0	0.1111111	0.0	0.0	0.1428571	0.2142857	0.0	0.1666667	0.0	0.04	0.0625	0.0384615	0.0	0.0333333	0.0	0.0	0.0	0.0454545	0.0015	0.0909091	0.0	0.0	0.0909091	0.0	0.0	0.0	0.0	0.0	0.047619	0.0	0.0	0.0285714	0.05	0.0769231	0.0	0.1666667	0.0	0.0	0.0	0.0	0.0	0.0	
Bruant jaune	0.3	0.25	0.0	0.0	0.0	0.0	0.0	0.0	0.0	0.0666667	0.1428571	0.0714286	0.0	0.0	0.1	0.08	0.0	0.0769231	0.2	0.0333333	0.0	0.0384615	0.047619	0.0454545	0.0015	0.0909091	0.1176471	0.0833333	0.0	0.0	0.0384615	0.0909091	0.0	0.0	0.0	0.0	0.0	0.0	0.0	0.0	0.0	0.0	0.125	0.0	0.0	0.0	0.3333333	0.0	
Bruant des roseaux	0.0	0.0015	0.0	0.0	0.0	0.0	0.0015	0.0	0.0	0.0015	0.1428571	0.1428571	0.0	0.0	0.0	0.08	0.0	0.0	0.0	0.0	0.0	0.0	0.0	0.0	0.0	0.0	0.0	0.0	0.0	0.0	0.0	0.0	0.0	0.0	0.0	0.0	0.0	0.0	0.05	0.0384615	0.0015	0.0	0.0	0.0	0.0	0.0	0.0	0.0	
passereau sp.	0.0	0.0	0.0	0.0	0.0	0.0	0.0588235	0.0	0.0	0.0	0.0	0.0	0.0	0.0	0.0	0.0	0.0	0.0	0.05	0.0	0.0	0.0	0.0	0.0	0.0	0.0	0.0	0.0	0.0	0.0	0.0	0.0	0.0	0.0	0.0	0.0454545	0.0	0.0	0.0	0.0	0.0	0.0	0.0	0.0	0.0	0.0	0.0	0.0	

