









Frequency of observations in the selected location(s).:
Number of taxa: 	242

	Jan				Feb				Mar				Apr				May				Jun				Jul				Aug				Sep				Oct				Nov				Dec				
Sample Size:	3.0	5.0	3.0	0.0	0.0	4.0	2.0	3.0	2.0	1.0	34.0	30.0	4.0	11.0	73.0	60.0	62.0	62.0	40.0	35.0	26.0	44.0	41.0	23.0	16.0	10.0	14.0	12.0	7.0	6.0	4.0	6.0	8.0	2.0	26.0	9.0	18.0	24.0	19.0	16.0	10.0	7.0	3.0	1.0	6.0	0.0	5.0	8.0	

Oie cendrée	0.0	0.0	0.0	0.0	0.0	0.0	0.0	0.0	0.0	0.0	0.0015	0.0	0.0	0.0	0.0	0.0	0.0	0.0	0.0	0.0	0.0	0.0	0.0	0.0	0.0	0.0	0.0	0.0	0.0	0.0	0.0	0.0	0.0	0.0	0.0	0.0	0.0	0.0	0.0	0.0	0.0	0.0	0.0	0.0	0.0	0.0	0.0	0.0	
Cygne tuberculé	0.0	0.0	0.0	0.0	0.0	0.0	0.0	0.0	0.0	0.0	0.0	0.0	0.0	0.0	0.0	0.0	0.0	0.016129	0.0	0.0	0.0	0.0	0.0	0.0	0.0	0.0	0.0	0.0	0.0	0.0	0.0	0.0	0.0	0.0	0.0	0.0	0.1111111	0.0	0.0	0.0	0.0	0.0	0.0	0.0	0.0	0.0	0.0	0.0	
Tadorne de Belon	0.0	0.0	0.0	0.0	0.0	0.0	0.0	0.0	0.0	0.0	0.0	0.0333333	0.0	0.0	0.0	0.0	0.0	0.0	0.05	0.0	0.0	0.0	0.0	0.0	0.0	0.0	0.0	0.0	0.0	0.0	0.0	0.0	0.0	0.0	0.0	0.0	0.0	0.0	0.0	0.0	0.0	0.0	0.0	0.0	0.0	0.0	0.2	0.0	
Sarcelle d'été	0.0	0.0	0.0	0.0	0.0	0.0	0.0	0.0	0.0	0.0	0.0	0.0	0.0	0.0909091	0.0136986	0.0	0.0	0.0	0.0	0.0	0.0	0.0	0.0	0.0	0.0	0.0	0.0	0.0	0.0	0.0	0.0	0.0	0.0	0.0	0.0	0.0	0.0	0.0	0.0	0.0	0.0	0.0	0.0	0.0	0.0	0.0	0.0	0.0	
Canard souchet	0.0	0.2	0.0	0.0	0.0	0.0015	0.0	0.0	0.0	0.0	0.0015	0.0	0.0	0.0	0.0273973	0.0	0.0	0.0	0.025	0.0	0.0	0.0	0.0	0.0	0.0	0.0	0.0	0.0	0.0	0.0	0.0	0.0	0.0	0.0	0.0	0.0	0.0	0.0416667	0.0	0.0	0.1	0.0	0.0	0.0	0.0	0.0	0.0	0.0	
Canard chipeau	0.0	0.0	0.0	0.0	0.0	0.5	0.0	0.0	0.0	0.0	0.0	0.0	0.0	0.0	0.0	0.0	0.0	0.0	0.0	0.0	0.0	0.0	0.0	0.0	0.0	0.0	0.0	0.0	0.0	0.0	0.0	0.0	0.0	0.0	0.0	0.0	0.0	0.0	0.0	0.0	0.0	0.0	0.0	0.0	0.0	0.0	0.0	0.0	
Canard siffleur	0.0	0.0	0.0	0.0	0.0	0.0	0.0	0.0	0.0	0.0	0.0	0.0	0.0	0.0	0.0	0.0	0.0	0.0	0.0	0.0	0.0	0.0	0.0	0.0	0.0	0.0	0.0	0.0	0.0	0.0	0.0	0.0	0.0	0.0	0.0	0.0	0.0	0.0	0.0	0.0	0.1	0.0	0.0	0.0	0.1666667	0.0	0.0	0.0	
Canard colvert	0.0	0.6	0.0	0.0	0.0	0.75	0.5	0.3333333	0.0	0.0	0.0	0.0333333	0.0	0.0909091	0.0273973	0.0166667	0.016129	0.0483871	0.075	0.0285714	0.0384615	0.0	0.0243902	0.0	0.0	0.0	0.0	0.0	0.1428571	0.0	0.0	0.0	0.0	0.0	0.0384615	0.1111111	0.1111111	0.125	0.0	0.1875	0.2	0.0	0.0	0.0015	0.5	0.0	0.0	0.0	
Canard pilet	0.0	0.2	0.0	0.0	0.0	0.75	0.0	0.0	0.0	0.0	0.0	0.0	0.0	0.0	0.0	0.0	0.0	0.0	0.0	0.0	0.0	0.0	0.0	0.0	0.0	0.0	0.0	0.0	0.0	0.0	0.0	0.0	0.0	0.0	0.0	0.0	0.0	0.0	0.0	0.0	0.1	0.0	0.0	0.0015	0.0	0.0	0.0	0.0	
Sarcelle d'hiver	0.0	0.6	0.0	0.0	0.0	0.75	0.5	0.3333333	0.0	0.0	0.0	0.0	0.0	0.0	0.0	0.0	0.0	0.0	0.0	0.0	0.0	0.0	0.0	0.0	0.0	0.0	0.0	0.0	0.0	0.0	0.0	0.0	0.125	0.0	0.0	0.0	0.0	0.0	0.0	0.0625	0.3	0.0	0.0	0.0015	0.3333333	0.0	0.0	0.0	
Fuligule milouin	0.0	0.0	0.0	0.0	0.0	0.0	0.0	0.0	0.0	0.0	0.0	0.0	0.0	0.0	0.0136986	0.0	0.0	0.0	0.0	0.0	0.0	0.0	0.0	0.0	0.0	0.0	0.0	0.0	0.0	0.0	0.0	0.0	0.0	0.0	0.0	0.0	0.0	0.0	0.0	0.0	0.0	0.0	0.0	1.0	0.0	0.0	0.0	0.0	
Fuligule nyroca	0.0	0.0	0.0	0.0	0.0	0.0015	0.0	0.0	0.0	0.0	0.0	0.0	0.0	0.0	0.0	0.0	0.0	0.0	0.025	0.0	0.0	0.0	0.0	0.0	0.0	0.0	0.0	0.0	0.0	0.0	0.0	0.0	0.0	0.0	0.0	0.0	0.0	0.0	0.0	0.0	0.0	0.0	0.0	0.0	0.0	0.0	0.0	0.0	
anatidé sp. (canard sp.)	0.0	0.0	0.0	0.0	0.0	0.0	0.0	0.0	0.0	0.0	0.0	0.0	0.0	0.0	0.0	0.0	0.0	0.0	0.0	0.0	0.0	0.0	0.0	0.0	0.0	0.0	0.0	0.0	0.0	0.0	0.0	0.0	0.125	0.0	0.0	0.0	0.0	0.0	0.0	0.0	0.0	0.0	0.0	0.0	0.0	0.0	0.0	0.0	
Faisan de Colchide	0.0	0.0	0.0	0.0	0.0	0.0	0.0	0.0	0.0	0.0	0.0294118	0.0	0.0	0.0909091	0.0	0.0	0.0	0.016129	0.025	0.0	0.0015	0.0	0.0	0.0	0.0	0.0	0.0	0.0	0.0	0.0	0.0	0.0	0.0	0.0	0.0	0.0	0.0	0.0	0.0	0.0	0.1	0.0	0.0	0.0	0.0	0.0	0.0	0.0	
Caille des blés	0.0	0.0	0.0	0.0	0.0	0.0	0.0	0.0	0.0	0.0	0.0	0.0	0.0	0.0	0.0136986	0.0166667	0.0322581	0.016129	0.025	0.0015	0.0015	0.0227273	0.0731707	0.0	0.0	0.0	0.0	0.0	0.0	0.0	0.0	0.0	0.0	0.0	0.0	0.0	0.0	0.0	0.0	0.0	0.0	0.0	0.0	0.0	0.0	0.0	0.0	0.0	
Perdrix bartavelle	0.0	0.0	0.0	0.0	0.0	0.0	0.0	0.0	0.0	0.0	0.0	0.0	0.0	0.0	0.0	0.0	0.0	0.0	0.0	0.0015	0.0	0.0	0.0	0.0	0.0	0.0	0.0	0.0	0.0	0.0	0.0	0.0	0.0	0.0	0.0	0.0	0.0	0.0	0.0	0.0	0.0	0.0	0.0	0.0	0.0	0.0	0.0	0.0	
Pigeon biset	0.3333333	0.8	0.3333333	0.0	0.0015	0.25	1.0	0.6666667	0.0	0.0	0.1764706	0.2666667	0.25	0.1818182	0.1369863	0.2833333	0.1290323	0.3387097	0.35	0.3142857	0.3846154	0.0681818	0.195122	0.173913	0.25	0.1	0.1428571	0.0833333	0.4285714	0.0	0.25	0.5	0.625	0.0015	0.4230769	0.4444444	0.1666667	0.1666667	0.3684211	0.625	0.4	0.1428571	0.6666667	1.0	0.5	0.0	0.2	0.625	
Pigeon colombin	0.0	0.0	0.0	0.0	0.0	0.0	0.0	0.0	0.0	0.0	0.0	0.0333333	0.0	0.0	0.0	0.0	0.0	0.0	0.0	0.0	0.0	0.0	0.0	0.0	0.0	0.0	0.0	0.0	0.0	0.0	0.0	0.0015	0.0	0.0	0.0	0.1111111	0.0	0.0	0.0526316	0.0	0.0	0.0	0.0	0.0	0.0	0.0	0.0	0.0	
Pigeon ramier	0.0	0.6	0.3333333	0.0	0.0	0.25	1.0	0.3333333	0.0	0.0	0.3823529	0.4333333	0.75	0.5454545	0.369863	0.4666667	0.483871	0.6290323	0.575	0.3714286	0.4230769	0.3863636	0.5609756	0.3043478	0.5625	0.6	0.3571429	0.75	0.5714286	0.1666667	1.0	0.3333333	0.5	0.0015	0.3846154	0.1111111	0.0555556	0.2916667	0.3684211	0.0625	0.3	0.1428571	0.3333333	0.0015	0.1666667	0.0	0.2	0.125	
Tourterelle des bois	0.0	0.0	0.0	0.0	0.0	0.0	0.0	0.0	0.0	0.0	0.0	0.0	0.0	0.3636364	0.0136986	0.0015	0.1290323	0.1451613	0.05	0.1142857	0.2307692	0.1590909	0.2926829	0.0869565	0.0625	0.0	0.0714286	0.1666667	0.0	0.0	0.0	0.0	0.0	0.0	0.0	0.0	0.0	0.0015	0.0	0.0	0.0	0.0	0.0	0.0	0.0	0.0	0.0	0.0	
Tourterelle turque	0.0	0.2	0.3333333	0.0	0.0	0.25	0.5	0.3333333	0.0	0.0015	0.3529412	0.2666667	0.5	0.2727273	0.1232877	0.3333333	0.3870968	0.3225806	0.35	0.2571429	0.2692308	0.1818182	0.2195122	0.173913	0.25	0.1	0.0	0.0833333	0.2857143	0.0	0.25	0.1666667	0.125	0.5	0.4615385	0.4444444	0.1666667	0.2083333	0.0526316	0.25	0.2	0.0	0.0	0.0	0.1666667	0.0	0.2	0.25	
columbidé sp.	0.0	0.0	0.0	0.0	0.0	0.0	0.0	0.0	0.0015	0.0	0.0	0.0	0.0	0.0	0.0	0.0	0.0	0.0	0.0	0.0	0.0	0.0	0.0	0.0	0.0	0.0	0.0	0.0	0.0	0.0	0.0	0.0	0.0	0.0	0.0	0.0	0.0	0.0	0.0	0.0	0.0	0.0	0.0	0.0	0.0	0.0	0.0	0.0	
Coucou gris	0.0	0.0	0.0	0.0	0.0	0.0	0.0	0.0	0.0	0.0	0.0	0.0	0.0	0.0	0.0547945	0.1	0.0483871	0.1290323	0.025	0.0571429	0.0769231	0.0454545	0.0243902	0.0	0.0	0.0	0.0	0.0	0.0	0.1666667	0.0	0.0	0.0	0.0	0.0	0.0	0.0	0.0	0.0	0.0	0.0	0.0	0.0	0.0	0.0	0.0	0.0	0.0	
Engoulevent d'Europe	0.0	0.0	0.0	0.0	0.0	0.0	0.0	0.0	0.0	0.0	0.0	0.0	0.0	0.0	0.0	0.0	0.016129	0.0	0.025	0.0	0.0	0.0	0.0	0.0	0.0	0.0015	0.0	0.0	0.0	0.0	0.0	0.0	0.0	0.0	0.0	0.0	0.0	0.0	0.0	0.0	0.0	0.0	0.0	0.0	0.0	0.0	0.0	0.0	
Martinet à ventre blanc	0.0	0.0	0.0	0.0	0.0	0.0	0.0	0.0	0.0	0.0	0.0294118	0.0333333	0.0	0.0	0.0	0.0015	0.0	0.0015	0.025	0.0285714	0.0384615	0.0454545	0.0	0.0434783	0.0625	0.1	0.0	0.0	0.0	0.1666667	0.0	0.0	0.0	0.0	0.0	0.0	0.0	0.0416667	0.0	0.0	0.0	0.0	0.0	0.0	0.0	0.0	0.0	0.0	
Martinet noir	0.0	0.0	0.0	0.0	0.0	0.0	0.0	0.0	0.0	0.0	0.0	0.1	0.75	0.1818182	0.2328767	0.4333333	0.3709677	0.3225806	0.375	0.4571429	0.3076923	0.2954545	0.3658537	0.2173913	0.5	0.2	0.3571429	0.1666667	0.4285714	0.5	0.25	0.3333333	0.375	0.0015	0.0769231	0.1111111	0.0	0.0833333	0.0	0.0	0.0	0.0	0.0	0.0	0.0	0.0	0.0	0.0	
Martinet pâle	0.0	0.0	0.0	0.0	0.0	0.0	0.0	0.0	0.0	0.0	0.0294118	0.0333333	0.5	0.0909091	0.0273973	0.05	0.0806452	0.0967742	0.1	0.0857143	0.1923077	0.0454545	0.0731707	0.0015	0.125	0.0	0.0714286	0.0833333	0.0	0.0015	0.0	0.1666667	0.0	0.0	0.1538462	0.0015	0.0	0.0416667	0.0	0.0	0.0	0.0	0.0	0.0	0.0	0.0	0.0	0.0	
Martinet noir ou M. pâle	0.0	0.0	0.0	0.0	0.0	0.0	0.0	0.0	0.0	0.0	0.0	0.0	0.0	0.0	0.0273973	0.0333333	0.0322581	0.016129	0.0015	0.0857143	0.1538462	0.0	0.0	0.0	0.0625	0.0	0.0	0.1666667	0.0015	0.0	0.0	0.0	0.125	0.0	0.0	0.0	0.0	0.0	0.0	0.0	0.0	0.0	0.0	0.0	0.0	0.0	0.0	0.0	
Râle d'eau	0.0	0.0	0.0	0.0	0.0	0.0	0.0	0.0	0.0	0.0	0.0	0.0	0.0	0.0	0.0136986	0.0	0.0	0.0	0.0	0.0	0.0	0.0	0.0	0.0	0.0	0.0	0.0	0.0	0.0	0.0	0.0	0.0	0.0	0.0	0.0	0.0	0.0	0.0	0.0	0.0	0.3	0.0	0.0	0.0	0.0	0.0	0.0	0.0	
Gallinule poule-d'eau	0.0	0.2	0.0	0.0	0.0	0.25	0.0	0.0	0.0	0.0	0.0	0.0333333	0.0	0.0	0.0136986	0.0166667	0.0322581	0.0	0.05	0.0	0.0	0.0227273	0.0243902	0.0	0.0	0.0	0.0	0.0833333	0.0	0.0	0.0	0.0	0.0	0.0	0.0	0.0015	0.0	0.125	0.0526316	0.0625	0.2	0.0	0.0	0.0	0.0	0.0	0.2	0.0	
Foulque macroule	0.0	0.0	0.0	0.0	0.0	0.25	0.5	0.3333333	0.0	0.0	0.0015	0.0	0.0	0.0	0.0136986	0.0333333	0.0483871	0.0322581	0.05	0.0	0.0	0.0	0.0243902	0.0434783	0.0	0.0	0.0	0.0	0.0	0.0	0.0	0.0	0.0	0.0	0.0	0.0	0.0	0.0416667	0.0	0.0625	0.2	0.0	0.0	0.0	0.0	0.0	0.0	0.0	
Grue cendrée	0.0	0.0	0.0	0.0	0.0	0.0	0.5	0.0	0.0	0.0	0.0	0.0	0.0	0.0	0.0136986	0.0	0.0	0.0	0.0	0.0	0.0	0.0	0.0	0.0	0.0	0.0	0.0	0.0	0.0	0.0	0.0	0.0	0.0	0.0	0.0	0.0	0.0	0.0	0.0	0.0	0.0	0.0	0.0	0.0	0.0	0.0	0.0	0.0	
Oedicnème criard	0.0	0.0	0.0	0.0	0.0	0.0	0.0	0.0	0.0	0.0	0.0	0.0	0.0	0.0	0.0	0.0	0.016129	0.016129	0.025	0.0	0.0	0.0	0.0	0.0	0.0	0.0	0.0	0.0	0.0	0.0	0.0	0.0	0.0	0.0	0.0	0.0	0.0	0.0	0.0	0.0	0.0	0.0	0.0	0.0	0.0	0.0	0.0	0.0	
Échasse blanche	0.0	0.0	0.0	0.0	0.0	0.0	0.0	0.0	0.0	0.0	0.0	0.0	0.0	0.0	0.0136986	0.0	0.016129	0.0	0.075	0.0	0.0	0.0	0.0	0.0	0.0	0.0	0.0	0.1666667	0.0	0.1666667	0.0	0.0	0.0	0.0	0.0	0.0	0.0	0.0	0.0	0.0	0.0	0.0	0.0	0.0	0.0	0.0	0.0	0.0	
Avocette élégante	0.0	0.0	0.0	0.0	0.0	0.0	0.0	0.0	0.0	0.0	0.0	0.0	0.0	0.0	0.0	0.0	0.016129	0.016129	0.025	0.0	0.0	0.0	0.0	0.0	0.0	0.0	0.0	0.0	0.0	0.0	0.0	0.0	0.0	0.0	0.0	0.0	0.0	0.0	0.0	0.0	0.0	0.0	0.0	0.0	0.0	0.0	0.0	0.0	
Pluvier argenté	0.0	0.0	0.0	0.0	0.0	0.0	0.0	0.0	0.0	0.0	0.0	0.0	0.0	0.0	0.0	0.0	0.016129	0.0	0.05	0.0	0.0	0.0	0.0	0.0	0.0	0.0	0.0	0.0	0.0	0.0	0.0	0.0	0.0	0.0	0.0	0.0	0.0	0.0	0.0	0.0	0.0	0.0	0.0	0.0	0.0	0.0	0.0	0.0	
Grand Gravelot	0.0	0.0	0.0	0.0	0.0	0.0	0.0	0.0	0.0	0.0	0.0	0.0	0.0	0.0	0.0	0.0	0.016129	0.0	0.05	0.0	0.0	0.0	0.0	0.0	0.0	0.0	0.0	0.0	0.0	0.0	0.0	0.0	0.0	0.0	0.0	0.0	0.0	0.125	0.0	0.0	0.0	0.0	0.0	0.0	0.0	0.0	0.0	0.0	
Petit Gravelot	0.0	0.0	0.0	0.0	0.0	0.0	0.0	0.0	0.0	0.0	0.0	0.0	0.0	0.0	0.0	0.0	0.016129	0.0645161	0.1	0.0015	0.0	0.0	0.0	0.0015	0.0	0.0	0.0	0.0833333	0.0	0.0	0.0	0.0	0.0	0.0	0.0	0.0	0.0	0.0	0.0	0.0	0.0	0.0	0.0	0.0	0.0	0.0	0.0	0.0	
Gravelot à collier interrompu	0.0	0.0	0.0	0.0	0.0	0.0	0.0	0.0	0.0	0.0	0.0	0.0	0.0	0.0	0.0	0.0	0.016129	0.0	0.05	0.0	0.0	0.0	0.0	0.0	0.0	0.0	0.0015	0.0	0.0	0.0	0.0	0.0	0.0	0.0	0.0	0.0	0.0	0.0416667	0.0	0.0	0.0	0.0	0.0	0.0	0.0	0.0	0.0	0.0	
Barge rousse	0.0	0.0	0.0	0.0	0.0	0.0	0.0	0.0	0.0	0.0	0.0	0.0	0.0	0.0	0.0	0.0	0.0	0.0	0.025	0.0	0.0	0.0	0.0	0.0	0.0	0.0	0.0	0.0	0.0	0.0	0.0	0.0	0.0	0.0	0.0	0.0	0.0	0.0	0.0	0.0	0.0	0.0	0.0	0.0	0.0	0.0	0.0	0.0	
Bécassine des marais	0.0	0.0	0.0	0.0	0.0	0.0	0.0	0.0	0.0	0.0	0.0	0.0	0.0	0.0	0.0136986	0.0	0.0	0.0	0.0	0.0	0.0	0.0	0.0	0.0	0.0	0.0	0.0	0.0	0.0	0.0	0.0	0.0	0.0	0.0	0.0	0.0	0.0	0.0416667	0.0	0.0	0.0	0.0	0.0	0.0	0.0	0.0	0.0	0.0	
Chevalier guignette	0.0	0.0	0.0	0.0	0.0	0.0	0.0	0.0	0.0	0.0	0.0294118	0.0	0.0	0.0909091	0.0547945	0.0833333	0.0645161	0.016129	0.0	0.0	0.0	0.0	0.0	0.0	0.0	0.0	0.0	0.1666667	0.4285714	0.1666667	0.0	0.0	0.0	0.0	0.0	0.0	0.0555556	0.0416667	0.0	0.0	0.1	0.0	0.0	1.0	0.0	0.0	0.0	0.0	
Chevalier culblanc	0.0	0.2	0.0	0.0	0.0	0.0	0.0	0.3333333	0.0	0.0	0.0294118	0.0	0.0	0.0	0.0	0.0	0.0	0.0	0.0	0.0	0.0	0.0	0.0243902	0.0434783	0.0	0.0	0.0	0.1666667	0.0	0.0	0.0	0.0	0.0	0.0	0.0	0.0	0.0	0.0416667	0.0	0.0	0.1	0.0	0.0	0.0	0.0	0.0	0.0	0.0	
Chevalier sylvain	0.0	0.0	0.0	0.0	0.0	0.0	0.0	0.0	0.0	0.0	0.0	0.0	0.0	0.0	0.0273973	0.0	0.0	0.0322581	0.025	0.0	0.0	0.0	0.0	0.0	0.0	0.0	0.0	0.0	0.0	0.0	0.0	0.0	0.0	0.0	0.0	0.0	0.0	0.0	0.0	0.0	0.0	0.0	0.0	0.0	0.0	0.0	0.0	0.0	
Chevalier gambette	0.0	0.0	0.0	0.0	0.0	0.0	0.0	0.0	0.0	0.0	0.0	0.0	0.0	0.0	0.0	0.0	0.0	0.0	0.0	0.0	0.0	0.0	0.0	0.0	0.0	0.0	0.0	0.0	0.0	0.0	0.0	0.0	0.0	0.0	0.0	0.0	0.0	0.0	0.0	0.0	0.1	0.0	0.0	0.0	0.0	0.0	0.0	0.0	
Chevalier arlequin	0.0	0.0	0.0	0.0	0.0	0.0	0.0	0.0	0.0	0.0	0.0	0.0	0.0	0.0	0.0	0.0	0.0	0.0	0.025	0.0	0.0	0.0	0.0	0.0	0.0	0.0	0.0	0.0	0.0	0.0	0.0	0.0	0.0	0.0	0.0	0.0	0.0	0.0	0.0	0.0	0.0	0.0	0.0	0.0	0.0	0.0	0.0	0.0	
Chevalier aboyeur	0.0	0.0	0.0	0.0	0.0	0.0	0.0	0.0	0.0	0.0	0.0	0.0	0.0	0.0	0.0	0.0	0.0	0.0322581	0.0	0.0	0.0	0.0	0.0	0.0	0.0	0.0	0.0	0.0833333	0.0	0.0	0.0	0.0	0.0	0.0	0.0	0.0	0.1111111	0.0416667	0.0	0.0	0.0	0.0	0.0	0.0	0.0	0.0	0.0	0.0	
Tournepierre à collier	0.0	0.0	0.0	0.0	0.0	0.0	0.0	0.0	0.0	0.0	0.0	0.0	0.0	0.0	0.0	0.0	0.016129	0.0	0.025	0.0	0.0	0.0	0.0	0.0	0.0	0.0	0.0	0.0	0.0	0.0	0.0	0.0	0.0	0.0	0.0	0.0	0.0	0.0	0.0	0.0	0.0	0.0	0.0	0.0	0.0	0.0	0.0	0.0	
Combattant varié	0.0	0.0	0.0	0.0	0.0	0.0	0.0	0.0	0.0	0.0	0.0	0.0	0.0	0.0	0.0136986	0.0	0.0	0.0322581	0.05	0.0	0.0	0.0	0.0	0.0	0.0	0.0	0.0	0.0	0.0	0.0	0.0	0.0	0.0	0.0	0.0	0.0	0.0	0.0	0.0	0.0	0.0	0.0	0.0	0.0	0.0	0.0	0.0	0.0	
Bécasseau cocorli	0.0	0.0	0.0	0.0	0.0	0.0	0.0	0.0	0.0	0.0	0.0	0.0	0.0	0.0	0.0	0.0	0.016129	0.016129	0.075	0.0	0.0	0.0	0.0	0.0	0.0	0.0	0.0	0.0	0.0	0.0	0.0	0.0	0.0	0.0	0.0	0.0	0.0	0.0	0.0	0.0	0.0	0.0	0.0	0.0	0.0	0.0	0.0	0.0	
Bécasseau sanderling	0.0	0.0	0.0	0.0	0.0	0.0	0.0	0.0	0.0	0.0	0.0	0.0	0.0	0.0	0.0	0.0	0.0	0.0	0.0	0.0	0.0	0.0	0.0	0.0	0.0	0.0	0.0	0.0	0.0	0.0	0.0	0.0	0.0	0.0	0.0015	0.0	0.0	0.0416667	0.0	0.0	0.0	0.0	0.0	0.0	0.0	0.0	0.0	0.0	
Bécasseau variable	0.0	0.0	0.0	0.0	0.0	0.0	0.0	0.0	0.0	0.0	0.0	0.0	0.0	0.0	0.0	0.0	0.0	0.0	0.0	0.0	0.0	0.0	0.0	0.0	0.0	0.0	0.0	0.0	0.0	0.0	0.0	0.0	0.0	0.0	0.0	0.0	0.0	0.0416667	0.0	0.0	0.0	0.0	0.0	0.0	0.0	0.0	0.0	0.0	
Bécasseau minute	0.0	0.0	0.0	0.0	0.0	0.0	0.0	0.0	0.0	0.0	0.0	0.0	0.0	0.0	0.0	0.0	0.016129	0.016129	0.075	0.0	0.0384615	0.0	0.0	0.0	0.0	0.0	0.0	0.0	0.0	0.0	0.0	0.0	0.0	0.0	0.0	0.0	0.0	0.0416667	0.0	0.0	0.0	0.0	0.0	0.0	0.0	0.0	0.0	0.0	
Calidris sp. (petit bécasseau sp.)	0.0	0.0	0.0	0.0	0.0	0.0	0.0	0.0	0.0	0.0	0.0	0.0	0.0	0.0	0.0	0.0	0.0	0.0	0.0015	0.0	0.0	0.0	0.0	0.0	0.0	0.0	0.0	0.0	0.0	0.0	0.0	0.0	0.0	0.0	0.0	0.0	0.0	0.0	0.0	0.0	0.0	0.0	0.0	0.0	0.0	0.0	0.0	0.0	
Labbe parasite	0.0	0.0	0.0	0.0	0.0	0.0	0.0	0.0	0.0	0.0	0.0	0.0	0.0	0.0	0.0	0.0	0.0	0.0	0.025	0.0	0.0	0.0	0.0	0.0	0.0	0.0	0.0	0.0	0.0	0.0	0.0	0.0	0.0	0.0	0.0	0.0	0.0	0.0	0.0	0.0	0.0	0.0	0.0	0.0	0.0	0.0	0.0	0.0	
Mouette pygmée	0.0	0.0	0.0	0.0	0.0	0.0	0.0	0.0	0.0	0.0	0.0	0.0	0.0	0.0	0.0	0.0	0.0	0.0	0.05	0.0	0.0	0.0	0.0	0.0	0.0	0.0	0.0	0.0	0.0	0.0	0.0	0.0	0.0	0.0	0.0	0.0	0.0	0.0	0.0	0.0	0.0	0.0	0.0	0.0	0.0	0.0	0.0	0.0	
Goéland railleur	0.0	0.0	0.0	0.0	0.0	0.0	0.0	0.0	0.0	0.0	0.0	0.0	0.0	0.0	0.0	0.0	0.0	0.016129	0.0015	0.0	0.0	0.0	0.0	0.0	0.0	0.0	0.0	0.0	0.0	0.0	0.0	0.0	0.0	0.0	0.0	0.0	0.0	0.0	0.0	0.0	0.0	0.0	0.0	0.0	0.0	0.0	0.0	0.0	
Mouette rieuse	0.0	0.0	0.0	0.0	0.0	0.0	0.0	0.0	0.0	0.0	0.0015	0.0	0.0	0.0	0.0	0.0	0.016129	0.0	0.0	0.0	0.0384615	0.0	0.0	0.0	0.0	0.0	0.0	0.1666667	0.1428571	0.0	0.0	0.0	0.0	0.0	0.0	0.0	0.0555556	0.2083333	0.1578947	0.0	0.1	0.0	0.0	1.0	0.0	0.0	0.4	0.0	
Goéland d'Audouin	0.0	0.0	0.0	0.0	0.0	0.0	0.0	0.0	0.0	0.0	0.0	0.0	0.0	0.0	0.0	0.0	0.0	0.0	0.05	0.0015	0.0	0.0	0.0	0.0	0.0	0.0	0.0	0.0833333	0.0	0.0	0.0	0.0	0.0	0.0	0.0	0.0	0.0	0.0	0.0	0.0	0.0	0.0	0.0	0.0	0.0	0.0	0.0	0.0	
Mouette mélanocéphale	0.0	0.0	0.0	0.0	0.0	0.0	0.0	0.0	0.0	0.0	0.0	0.0	0.0	0.0	0.0	0.0	0.0	0.0	0.05	0.0	0.0	0.0	0.0	0.0	0.0	0.0	0.0	0.0	0.0	0.0	0.0	0.0	0.0	0.0	0.0	0.0	0.0	0.0416667	0.0	0.0	0.1	0.0	0.0	0.0	0.0	0.0	0.0	0.0	
Goéland leucophée	0.0	0.0	0.3333333	0.0	0.0	0.0	0.5	0.0	0.0	0.0	0.2352941	0.1333333	0.25	0.0909091	0.0136986	0.1	0.1129032	0.0645161	0.175	0.0015	0.0769231	0.0	0.0243902	0.1304348	0.0625	0.0	0.0015	0.1666667	0.1428571	0.0	0.0	0.1666667	0.0	0.0	0.0384615	0.1111111	0.0555556	0.25	0.1052632	0.0	0.1	0.0	0.0	0.0	0.0	0.0	0.0	0.0	
goéland ou mouette sp.	0.0	0.0	0.0	0.0	0.0	0.0	0.0	0.0	0.0	0.0	0.0	0.0333333	0.0	0.0	0.0	0.0	0.0	0.0	0.025	0.0	0.0	0.0	0.0	0.0	0.0	0.0	0.0	0.0	0.1428571	0.0	0.0	0.0	0.0	0.5	0.0	0.0	0.0	0.0	0.0	0.0	0.0	0.0	0.0	0.0	0.0	0.0	0.0	0.0	
Sterne naine	0.0	0.0	0.0	0.0	0.0	0.0	0.0	0.0	0.0	0.0	0.0	0.0	0.0	0.0	0.0	0.0	0.0	0.0	0.05	0.0015	0.0	0.0	0.0	0.0	0.0	0.0	0.0	0.0	0.0	0.0	0.0	0.0	0.0	0.0	0.0	0.0	0.0	0.0	0.0	0.0	0.0	0.0	0.0	0.0	0.0	0.0	0.0	0.0	
Sterne caspienne	0.0	0.0	0.0	0.0	0.0	0.0	0.0	0.0	0.0	0.0	0.0	0.0	0.0	0.0	0.0	0.0	0.0	0.0	0.0	0.0	0.0	0.0	0.0	0.0	0.0	0.0	0.0	0.0	0.0	0.0	0.0	0.0	0.0	0.0	0.0	0.0	0.0	0.0416667	0.0	0.0	0.0	0.0	0.0	0.0	0.0	0.0	0.0	0.0	
Guifette noire	0.0	0.0	0.0	0.0	0.0	0.0	0.0	0.0	0.0	0.0	0.0	0.0	0.0	0.0	0.0	0.0	0.0	0.016129	0.0	0.0	0.0	0.0	0.0	0.0	0.0	0.0	0.0	0.0	0.0	0.0	0.0	0.0	0.0	0.0	0.0	0.0	0.0	0.0	0.0	0.0	0.0	0.0	0.0	0.0	0.0	0.0	0.0	0.0	
Guifette leucoptère	0.0	0.0	0.0	0.0	0.0	0.0	0.0	0.0	0.0	0.0	0.0	0.0	0.0	0.0	0.0	0.0	0.0	0.016129	0.0	0.0	0.0	0.0	0.0	0.0	0.0	0.0	0.0	0.0	0.0	0.0	0.0	0.0	0.0	0.0	0.0	0.0	0.0	0.0	0.0	0.0	0.0	0.0	0.0	0.0	0.0	0.0	0.0	0.0	
Sterne caugek	0.0	0.0	0.0	0.0	0.0	0.0	0.0	0.0	0.0	0.0	0.0	0.0	0.0	0.0	0.0	0.0	0.0	0.0	0.0015	0.0015	0.0	0.0	0.0	0.0	0.0	0.0	0.0	0.0	0.0	0.0	0.0	0.0	0.0	0.0	0.0	0.0	0.0	0.2083333	0.0	0.0	0.1	0.0	0.0	0.0	0.0	0.0	0.0	0.0	
Flamant rose	0.0	0.0	0.0	0.0	0.0	0.0	0.0	0.0	0.0	0.0	0.0	0.0	0.0	0.0	0.0	0.0	0.0	0.0	0.0	0.0	0.0	0.0	0.0	0.0	0.0	0.0	0.0015	0.0	0.0	0.0	0.0	0.0	0.0	0.0	0.0	0.0	0.0	0.0	0.0	0.0	0.0	0.0	0.0	0.0	0.0	0.0	0.0	0.0	
Grèbe castagneux	0.0	0.0	0.0	0.0	0.0	0.5	0.5	0.3333333	0.0	0.0	0.0	0.0	0.0	0.0	0.0136986	0.0	0.0	0.0	0.05	0.0	0.0	0.0227273	0.0243902	0.0	0.0	0.0	0.0	0.0	0.0	0.0	0.0	0.0	0.0	0.0	0.0	0.1111111	0.0	0.0416667	0.0	0.0625	0.1	0.0	0.0	0.0	0.0	0.0	0.0	0.0	
Grèbe huppé	0.0	0.0	0.0	0.0	0.0	0.0	0.5	0.0	0.0	0.0	0.0015	0.0	0.0	0.0909091	0.0547945	0.1166667	0.0806452	0.0645161	0.1	0.0	0.0769231	0.0227273	0.0	0.0869565	0.0	0.0	0.0	0.0	0.1428571	0.0	0.0	0.0	0.125	0.5	0.0	0.0015	0.1111111	0.0833333	0.0526316	0.0625	0.1	0.0	0.0	1.0	0.1666667	0.0	0.2	0.0	
Grèbe à cou noir	0.0	0.0	0.0	0.0	0.0	0.0	0.0	0.0	0.0	0.0	0.0	0.0	0.0	0.0	0.0	0.0	0.0	0.0	0.0	0.0	0.0	0.0	0.0	0.0	0.0	0.0	0.0	0.0	0.0	0.0	0.0	0.0	0.0	0.0	0.0	0.0	0.0	0.0	0.0	0.0	0.1	0.0	0.0	0.0	0.0	0.0	0.0	0.0	
Puffin de Scopoli	0.0	0.0	0.0	0.0	0.0	0.0	0.0	0.0	0.0	0.0	0.0	0.0	0.0	0.0	0.0	0.0	0.0	0.0	0.075	0.0	0.0	0.0	0.0	0.0	0.0	0.0	0.0	0.0	0.0	0.0	0.0	0.0	0.0	0.0	0.0	0.0	0.0	0.0	0.0	0.0	0.0	0.0	0.0	0.0	0.0	0.0	0.0	0.0	
Cigogne noire	0.0	0.0	0.0	0.0	0.0	0.0	0.0	0.0	0.0	0.0015	0.0294118	0.0015	0.0	0.2727273	0.0273973	0.0333333	0.0322581	0.1129032	0.05	0.1142857	0.0384615	0.0015	0.1463415	0.0434783	0.1875	0.0	0.1428571	0.0833333	0.0	0.0015	0.0	0.0	0.0	0.0	0.0	0.1111111	0.0555556	0.0	0.0	0.0	0.0	0.0	0.0	0.0	0.0	0.0	0.0	0.0	
Cigogne blanche	0.0	0.0	0.0	0.0	0.0	0.0	0.0	0.0	0.0	0.0	0.0	0.0	0.0	0.0	0.0	0.0	0.0	0.0	0.0	0.0	0.0	0.0	0.0	0.0	0.0625	0.1	0.0	0.0	0.0	0.0	0.0	0.0	0.0	0.0	0.0	0.0	0.0	0.0	0.0	0.0	0.0	0.0	0.0	0.0	0.0	0.0	0.0	0.0	
Grand Cormoran	0.0	0.0	0.0	0.0	0.0	0.0	0.0	0.0	0.0	0.0	0.0294118	0.0	0.0	0.1818182	0.0684932	0.05	0.0806452	0.0806452	0.075	0.0285714	0.1153846	0.0227273	0.0243902	0.0	0.0	0.0	0.0	0.0	0.1428571	0.0	0.0	0.0	0.125	0.5	0.0	0.1111111	0.1666667	0.0833333	0.0	0.125	0.1	0.0	0.0	1.0	0.3333333	0.0	0.2	0.0	
Ibis falcinelle	0.0	0.0	0.0	0.0	0.0	0.0	0.0	0.0	0.0	0.0	0.0294118	0.0	0.0	0.0	0.0	0.0	0.0	0.016129	0.025	0.0	0.0384615	0.0	0.0	0.0	0.0	0.0	0.0	0.0	0.0	0.0	0.0	0.0	0.0	0.0	0.0	0.0	0.0	0.0	0.0	0.0	0.0	0.0	0.0	0.0	0.0	0.0	0.0	0.0	
Spatule blanche	0.0	0.0	0.0	0.0	0.0	0.0	0.0	0.0	0.0	0.0	0.0	0.0	0.0	0.0	0.0136986	0.0	0.016129	0.0322581	0.05	0.0	0.0384615	0.0	0.0	0.0	0.0	0.0	0.0	0.0	0.0	0.0	0.0	0.0	0.0	0.0	0.0	0.0	0.0	0.0	0.0	0.0	0.0	0.0	0.0	0.0	0.0	0.0	0.0	0.0	
Butor étoilé	0.0	0.0	0.0	0.0	0.0	0.0	0.0	0.0	0.0	0.0	0.0	0.0	0.0	0.0	0.0136986	0.0	0.0	0.0	0.0	0.0	0.0	0.0	0.0	0.0	0.0	0.0	0.0	0.0	0.0	0.0	0.0	0.0	0.0	0.0	0.0	0.0	0.0	0.0	0.0	0.0	0.0	0.0	0.0	0.0	0.0	0.0	0.0	0.0	
Bihoreau gris	0.0	0.0	0.0	0.0	0.0	0.0	0.0	0.0	0.0	0.0	0.0015	0.0	0.0	0.0	0.0136986	0.0	0.0	0.0	0.0	0.0	0.0	0.0	0.0	0.0	0.0	0.0	0.0	0.0	0.0	0.0	0.0	0.0	0.0	0.0	0.0	0.0	0.0	0.0	0.0	0.0	0.0	0.0	0.0	0.0	0.0	0.0	0.0	0.0	
Aigrette garzette	0.0	0.0	0.0	0.0	0.0	0.0	0.0	0.0	0.0	0.0	0.0294118	0.0	0.0	0.0909091	0.0547945	0.05	0.0806452	0.0967742	0.125	0.0285714	0.0769231	0.0681818	0.0	0.0434783	0.0625	0.0	0.0	0.25	0.1428571	0.1666667	0.0	0.1666667	0.25	0.5	0.1153846	0.1111111	0.1111111	0.2916667	0.0	0.0	0.1	0.0	0.0	1.0	0.0	0.0	0.0	0.0	
Crabier chevelu	0.0	0.0	0.0	0.0	0.0	0.0	0.0	0.0	0.0	0.0	0.0	0.0	0.0	0.0	0.0136986	0.05	0.0	0.016129	0.1	0.0	0.0384615	0.0227273	0.0243902	0.0	0.0	0.0	0.0	0.1666667	0.0	0.1666667	0.0	0.0	0.0	0.0	0.0	0.0	0.0	0.0	0.0	0.0	0.0	0.0	0.0	0.0	0.0	0.0	0.0	0.0	
Héron garde-boeufs	0.0	0.2	0.0	0.0	0.0	0.5	0.5	0.0	0.0	0.0	0.0294118	0.0666667	0.0	0.0015	0.0273973	0.0333333	0.0967742	0.0645161	0.025	0.0285714	0.0384615	0.0227273	0.0	0.0	0.0	0.0	0.0	0.0	0.0	0.0	0.0	0.0	0.0	0.0	0.0	0.0015	0.0	0.0416667	0.0	0.0625	0.0	0.0	0.0	1.0	0.0	0.0	0.0	0.0	
Grande Aigrette	0.0	0.4	0.0	0.0	0.0	0.5	0.5	0.6666667	0.0	0.0	0.0294118	0.0015	0.0	0.0	0.0410959	0.0015	0.0483871	0.016129	0.05	0.0285714	0.0	0.0	0.0	0.0	0.0	0.0	0.0	0.0	0.0	0.0	0.25	0.0	0.0	0.0	0.0384615	0.0015	0.1111111	0.0416667	0.0	0.0625	0.1	0.1428571	0.0	0.0	0.3333333	0.0	0.2	0.0	
Héron cendré	0.0	0.4	0.0	0.0	0.0	0.25	0.5	0.3333333	0.0	0.0	0.0294118	0.0	0.0	0.0909091	0.0136986	0.0333333	0.0483871	0.0483871	0.125	0.0	0.0769231	0.0227273	0.0243902	0.1304348	0.0	0.0	0.0	0.25	0.1428571	0.3333333	0.0	0.0015	0.125	0.5	0.0769231	0.1111111	0.2222222	0.25	0.0526316	0.25	0.0015	0.0	0.0	1.0	0.3333333	0.0	0.2	0.0	
Héron pourpré	0.0	0.0	0.0	0.0	0.0	0.0	0.0	0.0	0.0	0.0	0.0	0.0	0.0	0.0909091	0.0136986	0.0333333	0.0806452	0.016129	0.075	0.0	0.0	0.0227273	0.0	0.0	0.0	0.0	0.0	0.0	0.0	0.0	0.0	0.0	0.0	0.0	0.0	0.0	0.0	0.0	0.0	0.0	0.0	0.0	0.0	0.0	0.0	0.0	0.0	0.0	
Balbuzard pêcheur	0.0	0.0	0.0	0.0	0.0	0.0	0.0	0.0	0.0	0.0	0.0	0.0	0.0	0.0909091	0.0136986	0.0166667	0.0	0.0	0.0	0.0	0.0	0.0	0.0	0.0	0.0	0.0	0.0	0.0	0.0	0.0	0.0	0.0	0.125	0.0	0.0	0.0	0.0	0.0	0.0	0.0	0.0	0.0	0.0	0.0	0.1666667	0.0	0.0	0.0	
Percnoptère d'Égypte	0.0	0.0	0.0	0.0	0.0	0.0	0.0	0.0	0.0	0.0	0.0	0.0	0.0	0.0	0.0136986	0.0	0.016129	0.0967742	0.025	0.0857143	0.1153846	0.0227273	0.0243902	0.0	0.0	0.0	0.0	0.0833333	0.0	0.0	0.0	0.1666667	0.125	0.0	0.0	0.0	0.0	0.0	0.0	0.0	0.0	0.0	0.0	0.0	0.0	0.0	0.0	0.0	
Bondrée apivore	0.0	0.0	0.0	0.0	0.0	0.0	0.0	0.0	0.0	0.0	0.0	0.0	0.0	0.0	0.0	0.0333333	0.0645161	0.1129032	0.1	0.1428571	0.0384615	0.0227273	0.0487805	0.0434783	0.0625	0.0	0.0	0.0015	0.0	0.0	0.0	0.1666667	0.0	0.0	0.0	0.0015	0.0	0.0	0.0526316	0.0	0.0	0.0	0.0	0.0	0.0	0.0	0.0	0.0	
Vautour fauve	0.0	0.0	0.0	0.0	0.0	0.0	0.0	0.0	0.0	0.0	0.0	0.0	0.0	0.0	0.0	0.0	0.0	0.0483871	0.0	0.0285714	0.0	0.0227273	0.0243902	0.0	0.0	0.0	0.0	0.0	0.0	0.0015	0.0	0.0	0.0	0.0	0.0	0.0	0.0	0.0	0.0	0.0	0.0	0.0	0.0	0.0	0.0	0.0	0.0	0.0	
Circaète Jean-le-Blanc	0.0	0.0	0.0	0.0	0.0	0.0	0.0	0.0	0.0	0.0	0.1176471	0.1	0.0	0.1818182	0.0547945	0.0333333	0.0322581	0.1774194	0.075	0.0857143	0.0769231	0.0454545	0.0487805	0.0434783	0.0625	0.1	0.0	0.0	0.0	0.0	0.0	0.0	0.0	0.0	0.0	0.0	0.0	0.0	0.0	0.0	0.0	0.0	0.0	0.0	0.0	0.0	0.0	0.0	
Aigle botté	0.0	0.0	0.0	0.0	0.0	0.0	0.0	0.0	0.0	0.0	0.0294118	0.0	0.0	0.0909091	0.0	0.0	0.0	0.0	0.0	0.0285714	0.0	0.0	0.0	0.0	0.0	0.0	0.0	0.0	0.0	0.0	0.0	0.0	0.0	0.0	0.0	0.0	0.0	0.0	0.0	0.0	0.0	0.0	0.0	0.0	0.0	0.0	0.0	0.0	
Aigle royal	0.0015	0.0	0.0	0.0	0.0	0.0	0.0	0.0	0.0	0.0	0.0	0.0	0.0	0.0	0.0	0.0	0.0	0.0	0.0	0.0	0.0	0.0015	0.0	0.0015	0.0	0.0	0.0	0.0	0.0	0.1666667	0.0	0.0	0.0	0.0	0.0	0.0	0.0	0.0	0.0	0.0	0.0	0.0	0.0	0.0	0.0	0.0	0.0015	0.0	
Épervier d'Europe	0.0	0.0	0.0	0.0	0.0	0.0	0.0	0.0	0.0	0.0	0.0294118	0.0333333	0.0	0.0	0.0136986	0.0	0.0483871	0.0015	0.0015	0.0285714	0.0015	0.0227273	0.0	0.0	0.0	0.0	0.0714286	0.0	0.0015	0.1666667	0.0	0.1666667	0.0	0.0015	0.0384615	0.0	0.0	0.0	0.0526316	0.0015	0.1	0.1428571	0.0	0.0015	0.1666667	0.0	0.0	0.0	
Autour des palombes	0.0	0.0	0.0	0.0	0.0	0.0	0.0	0.0	0.0	0.0	0.0	0.0	0.0	0.0	0.0	0.0	0.0	0.0	0.0	0.0571429	0.0	0.0	0.0	0.0	0.0	0.0	0.0	0.0	0.0	0.0	0.0	0.0	0.0	0.0	0.0	0.0	0.0	0.0	0.0	0.0	0.0	0.0	0.0	0.0	0.0	0.0	0.0	0.0	
Busard des roseaux	0.0	0.0	0.0	0.0	0.0	0.0	0.0	0.0	0.0	0.0	0.0588235	0.0333333	0.25	0.2727273	0.1369863	0.15	0.1290323	0.1129032	0.075	0.0571429	0.0015	0.0454545	0.0	0.0	0.0	0.0	0.0	0.0	0.0	0.0	0.0	0.1666667	0.25	0.0	0.0	0.0	0.0	0.0833333	0.0	0.0	0.1	0.0	0.0	0.0	0.0	0.0	0.0	0.0	
Busard Saint-Martin	0.0	0.0	0.0	0.0	0.0	0.0	0.0	0.0	0.0	0.0	0.0588235	0.0	0.0	0.0	0.0	0.0	0.0	0.0	0.0	0.0	0.0	0.0	0.0	0.0	0.0	0.0	0.0	0.0	0.0	0.0	0.0	0.0	0.0	0.0	0.0	0.0	0.0	0.0833333	0.0	0.0	0.0	0.0	0.3333333	0.0015	0.0	0.0	0.0	0.0	
Busard pâle	0.0	0.0	0.0	0.0	0.0	0.0	0.0	0.0	0.0	0.0	0.0	0.0	0.0	0.0	0.0	0.0	0.0	0.0	0.0	0.0	0.0	0.0	0.0	0.0	0.0	0.0	0.0	0.0	0.0	0.0	0.0	0.0	0.0	0.0	0.0	0.0	0.0	0.0	0.0526316	0.0	0.0	0.0	0.0	0.0	0.0	0.0	0.0	0.0	
Busard cendré	0.0	0.0	0.0	0.0	0.0	0.0	0.0	0.0	0.0	0.0	0.0	0.0	0.0	0.0015	0.0547945	0.05	0.0322581	0.0322581	0.025	0.0015	0.0	0.0	0.0	0.0	0.0	0.0	0.0	0.0833333	0.0	0.0	0.0	0.0	0.0	0.0	0.0	0.0	0.0	0.0	0.0	0.0	0.0	0.0	0.0	0.0	0.0	0.0	0.0	0.0	
busard sp.	0.0	0.0	0.0	0.0	0.0	0.0	0.0	0.0	0.0	0.0	0.0	0.0	0.0	0.0	0.0136986	0.0	0.0	0.0	0.0	0.0	0.0	0.0	0.0	0.0	0.0	0.0	0.0	0.0	0.0	0.0	0.0	0.0	0.0	0.0	0.0	0.0	0.0	0.0	0.0	0.0	0.0	0.0	0.0	0.0	0.0	0.0	0.0	0.0	
Milan royal	0.0	0.4	0.3333333	0.0	0.0015	0.5	0.0	0.3333333	1.0	1.0	0.3235294	0.2	0.25	0.6363636	0.2328767	0.2833333	0.2258065	0.483871	0.325	0.2857143	0.3461538	0.1363636	0.3902439	0.1304348	0.1875	0.0015	0.1428571	0.0833333	0.0015	0.5	0.25	0.3333333	0.125	0.0015	0.0769231	0.0015	0.1666667	0.1666667	0.2105263	0.0625	0.2	0.2857143	0.3333333	1.0	0.1666667	0.0	0.4	0.5	
Milan noir	0.0	0.0	0.0	0.0	0.0	0.0	0.5	0.0	0.0	0.0	0.0882353	0.0666667	0.25	0.2727273	0.3424658	0.4166667	0.2741935	0.6129032	0.4	0.3428571	0.3846154	0.2727273	0.2439024	0.0869565	0.0625	0.1	0.1428571	0.1666667	0.1428571	0.0015	0.5	0.0015	0.0	0.0	0.0015	0.0	0.0	0.0416667	0.0	0.0625	0.0	0.0	0.0	0.0	0.0	0.0	0.0	0.0	
Buse variable	0.0	0.4	0.3333333	0.0	0.0015	0.25	0.5	0.3333333	0.5	0.0015	0.5	0.2333333	0.5	0.5454545	0.109589	0.2	0.1935484	0.2580645	0.325	0.2857143	0.2692308	0.25	0.2682927	0.173913	0.125	0.1	0.0015	0.0	0.2857143	0.3333333	0.5	0.3333333	0.125	1.0	0.3076923	0.0015	0.1666667	0.2083333	0.2105263	0.1875	0.3	0.1428571	0.0	1.0	0.5	0.0	0.4	0.25	
rapace sp.	0.0	0.0	0.0	0.0	0.0	0.0	0.0	0.0	0.0	0.0	0.0	0.0	0.0	0.0	0.0	0.0	0.0	0.0	0.0	0.0	0.0	0.0	0.0	0.0	0.0	0.0	0.0	0.0	0.0	0.0015	0.0	0.0	0.0	0.0	0.0	0.0	0.0	0.0	0.0	0.0	0.0	0.0	0.0	0.0	0.0	0.0	0.0	0.0	
Effraie des clochers	0.0	0.0	0.0	0.0	0.0	0.0	0.0	0.0	0.0	0.0	0.0	0.0	0.0	0.0	0.0	0.0	0.0	0.0	0.0	0.0	0.0	0.0	0.0243902	0.0	0.0	0.0	0.0	0.0	0.0	0.0	0.0	0.0	0.0	0.0	0.0	0.0	0.0	0.0	0.0	0.0	0.0	0.0	0.0	0.0	0.0	0.0	0.0	0.0	
Petit-duc scops	0.0	0.0	0.0	0.0	0.0	0.0	0.0	0.0	0.0	0.0	0.0294118	0.0	0.0	0.4545455	0.0136986	0.0333333	0.016129	0.0483871	0.0015	0.0015	0.0015	0.0227273	0.0015	0.0	0.0	0.0	0.0	0.0015	0.0	0.0	0.0	0.0	0.0	0.0	0.0	0.0015	0.0	0.0	0.0	0.0	0.0	0.0	0.0	0.0	0.0	0.0	0.0	0.0	
Chevêche d'Athéna	0.0	0.2	0.0	0.0	0.0	0.0	0.0	0.0	0.0	0.0	0.0015	0.0	0.0	0.0	0.0136986	0.05	0.016129	0.0	0.0015	0.0571429	0.0015	0.0454545	0.0015	0.0	0.0	0.0	0.0	0.0	0.0	0.0	0.0	0.1666667	0.0	0.0	0.0	0.0	0.0	0.0	0.0	0.0	0.0	0.0	0.0	0.0	0.0	0.0	0.0	0.0	
Chouette hulotte	0.0	0.0	0.0	0.0	0.0	0.0	0.0	0.0	0.0	0.0	0.0	0.0	0.0	0.0	0.0136986	0.0166667	0.0	0.016129	0.0015	0.0015	0.0	0.0	0.0243902	0.0	0.0	0.0	0.0	0.0	0.0	0.0	0.0	0.1666667	0.0	0.0	0.0	0.0	0.0	0.0	0.0	0.0	0.0	0.0	0.0	0.0	0.0	0.0	0.0	0.0	
Hibou moyen-duc	0.0	0.0	0.0	0.0	0.0	0.0	0.0	0.0	0.0	0.0	0.0	0.0	0.0	0.0	0.0	0.0	0.0	0.016129	0.0	0.0	0.0	0.0015	0.0	0.0	0.0	0.0	0.0	0.0	0.0	0.0	0.0	0.0	0.0	0.0	0.0	0.0	0.0	0.0	0.0	0.0	0.0	0.0	0.0	0.0	0.0	0.0	0.0	0.0	
Huppe fasciée	0.0	0.0	0.0	0.0	0.0	0.0	0.0	0.0	0.0	0.0	0.0294118	0.0666667	0.25	0.0909091	0.0821918	0.1166667	0.1774194	0.1774194	0.05	0.0571429	0.1538462	0.0909091	0.097561	0.0434783	0.0625	0.0	0.0015	0.0	0.1428571	0.3333333	0.0	0.0	0.125	0.0	0.0	0.0	0.0	0.0	0.0	0.0	0.0	0.0	0.0	0.0	0.0	0.0	0.0	0.0	
Guêpier d'Europe	0.0	0.0	0.0	0.0	0.0	0.0	0.0	0.0	0.0	0.0	0.0	0.0	0.0	0.0	0.0547945	0.2166667	0.2903226	0.3064516	0.225	0.1714286	0.1923077	0.0909091	0.0731707	0.0434783	0.0625	0.2	0.0015	0.4166667	0.2857143	0.3333333	0.5	0.1666667	0.0	0.5	0.0	0.0	0.0	0.0	0.0	0.0	0.0	0.0	0.0	0.0	0.0	0.0	0.0	0.0	
Martin-pêcheur d'Europe	0.0	0.2	0.0	0.0	0.0	0.0	0.0	0.0	0.0	0.0	0.0	0.0	0.0	0.0	0.0	0.0	0.0	0.0	0.0	0.0	0.0	0.0227273	0.0	0.0	0.0625	0.0	0.0714286	0.3333333	0.0	0.0	0.0	0.0	0.25	0.0	0.0384615	0.0	0.0	0.0833333	0.0526316	0.0625	0.3	0.0	0.0	0.0	0.1666667	0.0	0.0	0.0	
Rollier d'Europe	0.0	0.0	0.0	0.0	0.0	0.0	0.0	0.0	0.0	0.0	0.0	0.0	0.0	0.0	0.0	0.0015	0.0806452	0.1129032	0.175	0.0571429	0.0769231	0.0909091	0.0243902	0.0	0.0015	0.0	0.0	0.0	0.0	0.0	0.25	0.0	0.0	0.0	0.0	0.0	0.0	0.0	0.0	0.0	0.0	0.0	0.0	0.0	0.0	0.0	0.0	0.0	
Torcol fourmilier	0.0	0.0	0.0	0.0	0.0	0.0	0.0	0.0	0.0	0.0	0.0	0.0	0.0	0.0	0.0	0.0	0.0	0.0	0.025	0.0	0.0	0.0	0.0	0.0	0.0	0.0	0.0	0.0	0.0	0.0	0.0	0.0	0.0	0.0	0.0	0.0	0.0	0.0	0.0	0.0	0.0	0.0	0.0	0.0	0.0	0.0	0.0	0.0	
Pic mar	0.0	0.0	0.0	0.0	0.0	0.0	0.0	0.0	0.0	0.0	0.0	0.0333333	0.0	0.1818182	0.1369863	0.0333333	0.0483871	0.016129	0.05	0.0015	0.0769231	0.0454545	0.1219512	0.0434783	0.0	0.0	0.0	0.0	0.0	0.0015	0.0	0.0	0.0	0.0	0.0	0.0	0.1111111	0.0	0.0	0.0	0.0	0.1428571	0.0	0.0	0.0	0.0	0.0	0.0	
Pic épeiche	0.0	0.0	0.0	0.0	0.0	0.0	0.0	0.0	0.0	0.0	0.0294118	0.1	0.0	0.1818182	0.0015	0.0333333	0.0322581	0.0483871	0.075	0.0285714	0.0769231	0.0454545	0.1463415	0.0	0.0	0.1	0.0714286	0.0	0.0	0.1666667	0.0	0.1666667	0.0	0.0	0.0	0.0	0.0555556	0.0416667	0.0	0.0625	0.1	0.1428571	0.0	0.0	0.0	0.0	0.0	0.0	
Dendrocopos sp.	0.0	0.0	0.0	0.0	0.0	0.0	0.0	0.0	0.0	0.0	0.0	0.0	0.0	0.0	0.0136986	0.0	0.0	0.0	0.0	0.0	0.0	0.0	0.0	0.0	0.0	0.0	0.0	0.0	0.0	0.0	0.0	0.0	0.0	0.0	0.0	0.0	0.0	0.0	0.0	0.0	0.0	0.0	0.0	0.0	0.0	0.0	0.0	0.0	
Pic épeichette	0.0	0.0	0.0	0.0	0.0	0.0	0.0	0.0	0.0	0.0	0.0294118	0.0333333	0.0	0.0	0.0273973	0.0	0.0	0.0322581	0.025	0.0	0.0384615	0.0454545	0.0487805	0.0434783	0.0	0.0	0.0	0.0	0.0	0.0	0.0	0.0	0.0	0.0	0.0	0.0	0.0	0.0	0.0526316	0.0625	0.2	0.0	0.0	0.0	0.0	0.0	0.0	0.0	
Pic vert	0.0	0.0	0.0	0.0	0.0	0.0	0.0	0.3333333	0.0	0.0015	0.2352941	0.1	0.0	0.0909091	0.0958904	0.0166667	0.0967742	0.1451613	0.225	0.0857143	0.1153846	0.0454545	0.195122	0.0869565	0.125	0.1	0.0015	0.3333333	0.0	0.0	0.0	0.0015	0.0	0.0	0.0	0.0	0.0555556	0.0	0.0	0.1875	0.2	0.1428571	0.0	0.0	0.0	0.0	0.2	0.0	
Pic noir	0.0	0.0	0.0	0.0	0.0	0.0	0.0	0.0	0.0	0.0	0.0	0.0	0.0	0.0	0.0	0.0	0.0	0.0	0.025	0.0	0.0	0.0	0.0	0.0	0.0	0.0	0.0	0.0	0.0	0.0	0.0	0.0	0.0	0.0	0.0	0.0	0.0	0.0	0.0	0.0	0.0	0.0	0.0	0.0	0.0	0.0	0.0	0.0	
Faucon crécerellette	0.0	0.0	0.0	0.0	0.0	0.0	0.0	0.0	0.0	0.0015	0.1470588	0.1333333	0.75	0.1818182	0.2876712	0.3333333	0.3548387	0.3064516	0.4	0.4857143	0.3461538	0.3636364	0.2439024	0.1304348	0.4375	0.2	0.1428571	0.25	0.2857143	0.1666667	0.25	0.1666667	0.75	0.0015	0.3461538	0.3333333	0.0555556	0.0416667	0.0	0.0	0.0	0.0	0.0	0.0	0.0	0.0	0.0	0.0	
Faucon crécerelle	0.0	0.6	0.3333333	0.0	0.0015	0.5	0.5	0.3333333	0.0	0.0	0.1176471	0.0333333	0.0015	0.3636364	0.0273973	0.2	0.1451613	0.0806452	0.1	0.0857143	0.1538462	0.0454545	0.0731707	0.0869565	0.1875	0.0	0.2142857	0.0833333	0.2857143	0.3333333	0.0	0.1666667	0.25	0.0015	0.1153846	0.0	0.1111111	0.125	0.1052632	0.125	0.3	0.0	0.3333333	0.0015	0.0	0.0	0.2	0.0	
Faucon crécerellette ou F. crécerelle	0.0	0.0	0.0	0.0	0.0	0.0	0.0	0.0	0.0	0.0	0.0	0.0	0.0	0.0	0.0821918	0.15	0.0322581	0.016129	0.05	0.0571429	0.0	0.0227273	0.0	0.0	0.0625	0.0	0.0	0.0015	0.0	0.0	0.0	0.1666667	0.0	0.0	0.0	0.0	0.0555556	0.0	0.0	0.0	0.0	0.0	0.0	0.0	0.0	0.0	0.0	0.0	
Faucon kobez	0.0	0.0	0.0	0.0	0.0	0.0	0.0	0.0	0.0	0.0	0.0	0.0	0.0	0.0	0.0	0.0	0.0322581	0.0322581	0.0015	0.0285714	0.0	0.0	0.0	0.0	0.0	0.0	0.0	0.0	0.0	0.0	0.0	0.0	0.0	0.0	0.0	0.0	0.0	0.0	0.0	0.0	0.0	0.0	0.0	0.0	0.0	0.0	0.0	0.0	
Faucon d'Éléonore	0.0	0.0	0.0	0.0	0.0	0.0	0.0	0.0	0.0	0.0	0.0	0.0	0.0	0.0	0.0	0.0	0.0	0.0	0.025	0.0	0.0	0.0	0.0	0.0	0.0	0.0	0.0	0.0	0.0	0.0015	0.0	0.0	0.0	0.0	0.0384615	0.0	0.0	0.0	0.0	0.0	0.0	0.0	0.0	0.0	0.0	0.0	0.0	0.0	
Faucon émerillon	0.0	0.0	0.0	0.0	0.0	0.0	0.0	0.0	0.0	0.0	0.0	0.0	0.0	0.0	0.0136986	0.0	0.0	0.0	0.0	0.0	0.0	0.0	0.0	0.0	0.0	0.0	0.0	0.0	0.0	0.0	0.0	0.0	0.0	0.0	0.0	0.0	0.0	0.0	0.0	0.0	0.0	0.0	0.0	0.0	0.0	0.0	0.0	0.0	
Faucon hobereau	0.0	0.0	0.0	0.0	0.0	0.0	0.0	0.0	0.0	0.0	0.0	0.0	0.0	0.0	0.0136986	0.0	0.0322581	0.016129	0.025	0.0015	0.0	0.0	0.0243902	0.0	0.0	0.0	0.0	0.0	0.0	0.0	0.0	0.0	0.0	0.0	0.0	0.0	0.0	0.0	0.0	0.0	0.0	0.0	0.0	0.0	0.0	0.0	0.0	0.0	
Faucon lanier	0.0	0.0	0.0	0.0	0.0	0.0	0.0	0.0	0.0	0.0	0.0	0.0	0.0	0.0	0.0	0.0	0.0	0.0	0.0	0.0	0.0	0.0	0.0	0.0	0.0	0.0	0.0	0.0	0.1428571	0.0	0.0	0.0	0.0	0.0	0.0	0.0	0.0	0.0	0.0	0.0	0.0	0.0	0.0	0.0	0.0	0.0	0.0	0.0	
Faucon pèlerin	0.0	0.0	0.0	0.0	0.0	0.0	0.0	0.0	0.0	0.0	0.0588235	0.0	0.0	0.0	0.0136986	0.0	0.0	0.0645161	0.075	0.0857143	0.0769231	0.0	0.0487805	0.0434783	0.0625	0.0	0.0015	0.0	0.0	0.0	0.0	0.0	0.0	0.0	0.0	0.1111111	0.0	0.0416667	0.0	0.0	0.0	0.0	0.0	0.0	0.0	0.0	0.0	0.0015	
Falco sp.	0.0	0.0	0.0	0.0	0.0	0.0	0.0	0.0	0.0	0.0	0.0	0.0	0.0	0.0	0.0	0.0	0.0	0.0	0.0015	0.0	0.0015	0.0	0.0	0.0434783	0.0	0.0	0.0	0.0	0.0	0.0	0.0	0.0	0.0	0.0	0.0384615	0.0	0.0	0.0	0.0	0.0	0.0	0.0	0.0	0.0	0.0	0.0	0.0	0.0	
rapace diurne sp.	0.0	0.0	0.0	0.0	0.0	0.0	0.0	0.0	0.0	0.0	0.0	0.0	0.0	0.0	0.0	0.0	0.0	0.0	0.0	0.0	0.0	0.0	0.0	0.0	0.0	0.0	0.0	0.0	0.0	0.1666667	0.0	0.0	0.0	0.0	0.0	0.0	0.0	0.0	0.0	0.0	0.0	0.0	0.0	0.0	0.0	0.0	0.0	0.0	
Perriche veuve	0.0	0.0	0.0	0.0	0.0	0.0	0.0	0.0	0.0	0.0	0.0	0.0333333	0.0	0.0	0.0	0.0	0.0	0.0	0.0	0.0	0.0	0.0	0.0	0.0	0.0	0.0	0.0	0.0	0.0	0.0	0.0	0.0	0.0	0.0	0.0	0.0	0.0	0.0	0.0	0.0	0.0	0.0	0.0	0.0	0.0	0.0	0.0	0.0	
Loriot d'Europe	0.0	0.0	0.0	0.0	0.0	0.0	0.0	0.0	0.0	0.0	0.0	0.0	0.0	0.0	0.0273973	0.1166667	0.2258065	0.1935484	0.15	0.2	0.1923077	0.1818182	0.2682927	0.0434783	0.0	0.0	0.0	0.3333333	0.1428571	0.1666667	0.0	0.0015	0.0	0.0	0.0	0.0	0.0	0.0	0.0	0.0	0.0	0.0	0.0	0.0	0.0	0.0	0.0	0.0	
Pie-grièche écorcheur	0.0	0.0	0.0	0.0	0.0	0.0	0.0	0.0	0.0	0.0	0.0	0.0	0.0	0.0	0.0	0.0333333	0.0322581	0.0806452	0.0	0.0015	0.1153846	0.0681818	0.0731707	0.0	0.0625	0.1	0.0	0.0	0.0	0.1666667	0.0	0.1666667	0.125	0.0	0.0	0.0	0.0	0.0	0.0	0.0	0.0	0.0	0.0	0.0	0.0	0.0	0.0	0.0	
Pie-grièche grise	0.0	0.2	0.0	0.0	0.0	0.0	0.0	0.0	0.0	0.0	0.0	0.0	0.0	0.0	0.0	0.0	0.0	0.0	0.0	0.0	0.0	0.0	0.0	0.0	0.0	0.0	0.0	0.0	0.0	0.0	0.0	0.0	0.0	0.0	0.0	0.0	0.0	0.0	0.0	0.0	0.0	0.0	0.0	0.0	0.0	0.0	0.0	0.0	
Pie-grièche à poitrine rose	0.0	0.0	0.0	0.0	0.0	0.0	0.0	0.0	0.0	0.0	0.0	0.0	0.0	0.0	0.0	0.0	0.016129	0.0	0.025	0.0285714	0.0015	0.0227273	0.0015	0.0	0.0	0.0	0.0	0.0	0.0	0.0	0.0	0.0	0.0	0.0	0.0	0.0	0.0	0.0	0.0	0.0	0.0	0.0	0.0	0.0	0.0	0.0	0.0	0.0	
Pie-grièche à tête rousse	0.0	0.0	0.0	0.0	0.0	0.0	0.0	0.0	0.0	0.0	0.0	0.0	0.0	0.0909091	0.0410959	0.0166667	0.0483871	0.1129032	0.125	0.0285714	0.1923077	0.0909091	0.0731707	0.0	0.0	0.0	0.0015	0.0	0.0	0.0	0.0	0.0	0.125	0.0	0.0384615	0.0	0.0	0.0	0.0	0.0	0.0	0.0	0.0	0.0	0.0	0.0	0.0	0.0	
Geai des chênes	0.0	0.0	0.0	0.0	0.0	0.0	0.0	0.6666667	0.5	0.0015	0.2352941	0.2333333	0.0	0.1818182	0.0958904	0.15	0.1774194	0.1774194	0.1	0.2285714	0.2307692	0.2272727	0.3170732	0.1304348	0.25	0.3	0.0714286	0.3333333	0.2857143	0.3333333	0.25	0.1666667	0.25	0.0	0.0384615	0.2222222	0.3333333	0.25	0.2631579	0.375	0.4	0.7142857	0.3333333	1.0	0.0015	0.0	0.2	0.125	
Pie bavarde	0.3333333	0.6	0.3333333	0.0	0.0015	1.0	1.0	0.6666667	0.0	0.0	0.2647059	0.2333333	0.5	0.1818182	0.1369863	0.4	0.3064516	0.3064516	0.4	0.4285714	0.1538462	0.2272727	0.195122	0.2173913	0.1875	0.4	0.0714286	0.25	0.1428571	0.1666667	0.5	0.1666667	0.375	0.5	0.4615385	0.8888889	0.2222222	0.4583333	0.1578947	0.375	0.4	0.4285714	0.6666667	1.0	0.1666667	0.0	0.0	0.5	
Crave à bec rouge	0.0	0.0	0.0	0.0	0.0	0.0	0.0	0.0	0.0	0.0	0.0	0.0	0.0	0.0	0.0	0.0	0.0	0.0	0.0	0.0	0.0	0.0	0.0	0.0	0.0	0.0	0.0	0.0	0.0	0.0	0.0	0.0	0.0	0.0	0.0	0.0	0.0	0.0	0.0	0.0	0.0	0.0	0.0	0.0	0.0	0.0	0.0	0.125	
Choucas des tours	1.0	0.8	0.3333333	0.0	0.0015	0.25	0.5	0.0	0.0	0.0015	0.2058824	0.3	0.75	0.0909091	0.2054795	0.4333333	0.2741935	0.4193548	0.475	0.4571429	0.3076923	0.25	0.2682927	0.2173913	0.25	0.2	0.2142857	0.0833333	0.4285714	0.0015	0.25	0.3333333	0.5	0.5	0.7307692	0.7777778	0.2222222	0.2916667	0.2105263	0.3125	0.5	0.1428571	1.0	1.0	0.5	0.0	0.2	0.25	
Corneille mantelée	0.3333333	0.2	0.3333333	0.0	0.0	0.5	0.5	1.0	0.0	0.0015	0.3529412	0.4333333	0.5	0.2727273	0.1232877	0.25	0.2096774	0.2258065	0.275	0.2857143	0.1538462	0.2272727	0.2439024	0.2608696	0.3125	0.2	0.0714286	0.3333333	0.1428571	0.3333333	0.25	0.1666667	0.25	1.0	0.0384615	0.0015	0.2222222	0.375	0.3157895	0.375	0.1	0.0	0.6666667	1.0	0.0	0.0	0.2	0.125	
Hybride Corneille noire x C. mantelée	0.0	0.0	0.0	0.0	0.0	0.0	0.0	0.0	0.0	0.0	0.0	0.0	0.0	0.0	0.0	0.0	0.016129	0.0	0.0	0.0	0.0	0.0	0.0	0.0	0.0	0.0	0.0	0.0	0.0	0.0	0.0	0.0	0.0	0.0	0.0	0.0	0.0	0.0	0.0	0.0	0.0	0.0	0.0	0.0	0.0	0.0	0.0	0.0	
Grand Corbeau	0.0	0.0	0.3333333	0.0	0.0	0.25	0.0	0.0	0.5	0.0	0.2941176	0.1333333	0.25	0.1818182	0.0547945	0.1333333	0.0806452	0.2741935	0.1	0.1142857	0.1538462	0.1136364	0.097561	0.0	0.125	0.0	0.0	0.0	0.0015	0.1666667	0.25	0.1666667	0.25	0.0	0.1153846	0.1111111	0.0555556	0.125	0.1052632	0.0625	0.2	0.2857143	0.0	0.0015	0.6666667	0.0	0.2	0.125	
Mésange noire	0.0	0.0	0.0	0.0	0.0	0.0	0.0	0.0	0.0	0.0	0.0588235	0.0	0.0	0.2727273	0.0	0.0	0.0	0.0322581	0.05	0.0015	0.0	0.0	0.097561	0.0869565	0.0625	0.1	0.0	0.0833333	0.1428571	0.1666667	0.0	0.1666667	0.0	0.0	0.0	0.0	0.0555556	0.0	0.0	0.125	0.0015	0.1428571	0.0	0.0	0.0	0.0	0.0	0.0	
Mésange nonnette	0.0	0.0	0.0	0.0	0.0	0.0015	0.0	0.0	0.5	0.0	0.0588235	0.0333333	0.0	0.2727273	0.0273973	0.0166667	0.016129	0.0322581	0.05	0.0	0.0384615	0.0454545	0.097561	0.0869565	0.0	0.0	0.0	0.1666667	0.0	0.0	0.0015	0.1666667	0.0	0.0	0.0	0.0	0.1111111	0.0	0.0	0.125	0.0	0.2857143	0.0	0.0	0.0015	0.0	0.2	0.0	
Mésange bleue	0.0	0.2	0.3333333	0.0	0.0	0.0	0.0	1.0	0.5	0.0	0.3529412	0.4	0.0	0.5454545	0.369863	0.2166667	0.2741935	0.2096774	0.175	0.1428571	0.2307692	0.1590909	0.2195122	0.173913	0.0015	0.1	0.0714286	0.1666667	0.1428571	0.0015	0.25	0.1666667	0.375	0.0	0.0384615	0.2222222	0.5	0.125	0.1052632	0.375	0.3	0.1428571	0.0	0.0015	0.1666667	0.0	0.6	0.5	
Mésange charbonnière	0.0	0.4	0.0	0.0	0.0	0.75	1.0	0.3333333	0.5	0.0015	0.5588235	0.5333333	0.5	0.4545455	0.5205479	0.4	0.4354839	0.3870968	0.425	0.2857143	0.3846154	0.1136364	0.2439024	0.0434783	0.0625	0.4	0.0714286	0.0833333	0.2857143	0.1666667	0.0	0.1666667	0.375	0.5	0.0769231	0.4444444	0.2222222	0.1666667	0.3157895	0.3125	0.1	0.1428571	0.0	0.0015	0.3333333	0.0	0.2	0.625	
Rémiz penduline	0.0	0.0	0.0	0.0	0.0	0.0	0.0	0.0	0.0	0.0	0.0	0.0	0.0	0.0	0.0	0.0	0.0	0.0	0.0	0.0	0.0	0.0	0.0	0.0434783	0.0	0.0	0.0	0.0	0.0	0.0	0.0	0.0	0.0	0.0	0.0	0.0	0.0	0.0	0.0	0.0	0.2	0.0	0.0	0.0	0.0	0.0	0.0	0.0	
Alouette lulu	0.0	0.0	0.0	0.0	0.0	0.0015	0.0	0.3333333	0.5	0.0	0.1176471	0.0	0.0	0.0	0.0821918	0.1	0.1129032	0.1290323	0.075	0.0285714	0.0769231	0.1136364	0.1219512	0.0869565	0.125	0.0	0.0	0.0	0.0	0.1666667	0.0	0.0	0.0	0.0	0.0	0.0	0.0	0.0416667	0.0526316	0.1875	0.0	0.1428571	0.0	0.0015	0.0	0.0	0.0	0.0	
Alouette des champs	0.0	0.2	0.0	0.0	0.0	0.0	0.5	0.6666667	0.0	0.0	0.0	0.0	0.0	0.2727273	0.0547945	0.1	0.016129	0.0322581	0.0	0.0571429	0.0769231	0.0454545	0.0731707	0.0	0.125	0.0	0.0	0.0	0.0	0.1666667	0.0	0.0	0.125	0.0	0.0	0.0	0.0	0.0	0.0	0.1875	0.2	0.0	0.0	0.0015	0.0	0.0	0.0	0.0	
Cochevis huppé	0.0	0.4	0.0	0.0	0.0	0.0	0.5	0.0	0.0	0.0015	0.1470588	0.1	0.5	0.2727273	0.2191781	0.25	0.2096774	0.2419355	0.25	0.2857143	0.3076923	0.2727273	0.3170732	0.0434783	0.0625	0.0	0.0	0.0833333	0.0	0.0	0.25	0.0	0.0015	0.0015	0.0384615	0.1111111	0.0555556	0.0833333	0.0	0.125	0.3	0.1428571	0.3333333	0.0015	0.0	0.0	0.4	0.0	
Alouette calandrelle	0.0	0.0	0.0	0.0	0.0	0.0	0.0	0.0	0.0	0.0	0.0	0.0	0.0	0.0	0.0136986	0.0166667	0.0322581	0.0322581	0.025	0.0857143	0.0015	0.0227273	0.0	0.0434783	0.0	0.0	0.0	0.0	0.0	0.0	0.0	0.0	0.0	0.0	0.0	0.0	0.0	0.0	0.0	0.0	0.0	0.0	0.0	0.0	0.0	0.0	0.0	0.0	
Alouette calandre	0.0	0.0	0.0	0.0	0.0	0.0	0.0	0.0	0.0	0.0	0.0	0.0	0.0	0.0909091	0.0410959	0.0015	0.016129	0.0322581	0.05	0.0285714	0.0015	0.0227273	0.0243902	0.0434783	0.0	0.0	0.0	0.0	0.0	0.0	0.0	0.0	0.0	0.0	0.0	0.0	0.0015	0.0	0.0	0.0	0.0	0.0	0.0	0.0	0.0	0.0	0.0	0.0	
Cisticole des joncs	0.0	0.4	0.0	0.0	0.0	0.0	0.0	0.3333333	0.0	0.0	0.0588235	0.0333333	0.0	0.0909091	0.1643836	0.15	0.2096774	0.1612903	0.125	0.0857143	0.1923077	0.0909091	0.1219512	0.0434783	0.0015	0.1	0.0	0.1666667	0.0	0.0	0.25	0.0	0.0	0.0015	0.0384615	0.1111111	0.0	0.0	0.0	0.0625	0.3	0.0	0.0	0.0	0.0	0.0	0.0	0.0	
Hypolaïs polyglotte	0.0	0.0	0.0	0.0	0.0	0.0	0.0	0.0	0.0	0.0	0.0	0.0	0.0	0.0	0.0	0.0	0.016129	0.0	0.0	0.0015	0.0	0.0	0.0	0.0	0.0	0.0	0.0	0.0	0.0	0.0	0.0	0.0	0.0	0.0	0.0	0.0	0.0	0.0	0.0	0.0	0.0	0.0	0.0	0.0	0.0	0.0	0.0	0.0	
Hypolaïs ictérine	0.0	0.0	0.0	0.0	0.0	0.0	0.0	0.0	0.0	0.0	0.0	0.0	0.0	0.0	0.0	0.0	0.0	0.016129	0.0	0.0	0.0	0.0	0.0	0.0	0.0	0.0	0.0	0.0	0.0	0.0	0.0	0.0	0.0	0.0	0.0	0.0	0.0	0.0	0.0	0.0	0.0	0.0	0.0	0.0	0.0	0.0	0.0	0.0	
Phragmite des joncs	0.0	0.0	0.0	0.0	0.0	0.0	0.0	0.0	0.0	0.0	0.0	0.0333333	0.0	0.0	0.0	0.0	0.0	0.0	0.0015	0.0	0.0	0.0	0.0	0.0	0.0	0.0	0.0	0.0	0.0	0.0	0.0	0.0	0.0	0.0	0.0	0.1111111	0.0	0.0	0.0	0.0	0.0	0.0	0.0	0.0	0.0	0.0	0.0	0.0	
Rousserolle effarvatte	0.0	0.0	0.0	0.0	0.0	0.0	0.0	0.0	0.0	0.0	0.0	0.0	0.0	0.0	0.0136986	0.0	0.0	0.016129	0.05	0.0285714	0.0	0.0227273	0.0243902	0.0434783	0.0	0.0	0.0	0.0	0.0	0.0	0.0	0.0	0.0	0.0	0.0	0.0	0.0	0.0	0.0	0.0	0.0	0.0	0.0	0.0	0.0	0.0	0.0	0.0	
Rousserolle turdoïde	0.0	0.0	0.0	0.0	0.0	0.0	0.0	0.0	0.0	0.0	0.0	0.0	0.0	0.0	0.0	0.0	0.0	0.016129	0.075	0.0285714	0.0	0.0015	0.0243902	0.0434783	0.0	0.0	0.0	0.0	0.0	0.0	0.0	0.0	0.0	0.0	0.0	0.0	0.0	0.0	0.0	0.0	0.0	0.0	0.0	0.0	0.0	0.0	0.0	0.0	
Hirondelle de rivage	0.0	0.0	0.0	0.0	0.0	0.0	0.0	0.0	0.0	0.0	0.0	0.0	0.0	0.0	0.0	0.0	0.0483871	0.0	0.05	0.0285714	0.0	0.0	0.0	0.0	0.0	0.0	0.0	0.0	0.0	0.0	0.0	0.1666667	0.0	0.0	0.0	0.0	0.0	0.0	0.0	0.0	0.0	0.0	0.0	0.0	0.0	0.0	0.0	0.0	
Hirondelle de rochers	0.0	0.0	0.0	0.0	0.0	0.0	0.0	0.0	0.0	0.0	0.0294118	0.0333333	0.0	0.0	0.0	0.0333333	0.0	0.0645161	0.025	0.0285714	0.0384615	0.0227273	0.0243902	0.0	0.0	0.1	0.0	0.0	0.0	0.0	0.0	0.0	0.0	0.0	0.0384615	0.0	0.0	0.0015	0.0	0.0	0.0	0.0	0.0	0.0	0.0	0.0	0.0	0.125	
Hirondelle rustique	0.0	0.0	0.0	0.0	0.0	0.0	0.0	0.0	0.0	0.0015	0.2352941	0.4	1.0	0.1818182	0.3972603	0.6666667	0.4677419	0.4677419	0.65	0.6285714	0.3461538	0.3636364	0.4146341	0.3913043	0.5	0.6	0.2857143	0.75	0.8571429	0.8333333	1.0	0.6666667	0.625	0.0015	0.1153846	0.4444444	0.0555556	0.1666667	0.0526316	0.0	0.0	0.0	0.0	0.0	0.0	0.0	0.0	0.0	
Hirondelle de fenêtre	0.0	0.0	0.0	0.0	0.0	0.0	0.0	0.0	0.0	0.0	0.2647059	0.1	0.25	0.0015	0.109589	0.2833333	0.2419355	0.3387097	0.325	0.3714286	0.2692308	0.1363636	0.1707317	0.0869565	0.125	0.6	0.0714286	0.4166667	0.2857143	0.6666667	0.25	0.3333333	0.375	0.0015	0.0384615	0.2222222	0.0555556	0.0015	0.1052632	0.0	0.0	0.0	0.0	0.0	0.0	0.0	0.0	0.0	
Hirondelle rousseline	0.0	0.0	0.0	0.0	0.0	0.0	0.0	0.0	0.0	0.0	0.0	0.0333333	0.0	0.0	0.0136986	0.05	0.0	0.0645161	0.025	0.0285714	0.0	0.0227273	0.0243902	0.0434783	0.125	0.0	0.0	0.0	0.0	0.0	0.25	0.1666667	0.0	0.0	0.0384615	0.0	0.0	0.0	0.0	0.0	0.0	0.0	0.0	0.0	0.0	0.0	0.0	0.0	
Pouillot siffleur	0.0	0.0	0.0	0.0	0.0	0.0	0.0	0.0	0.0	0.0	0.0	0.0	0.0	0.0	0.0	0.0166667	0.016129	0.0	0.05	0.0015	0.0	0.0454545	0.0731707	0.0434783	0.0	0.0	0.0	0.0	0.0	0.0	0.0	0.0	0.0	0.0	0.0	0.0	0.0	0.0	0.0	0.0	0.0	0.0	0.0	0.0	0.0	0.0	0.0	0.0	
Pouillot de Bonelli	0.0	0.0	0.0	0.0	0.0	0.0	0.0	0.0	0.0	0.0	0.0	0.0	0.0	0.0	0.0	0.0	0.0	0.0	0.0	0.0	0.0	0.0227273	0.0	0.0	0.0	0.0	0.0	0.0	0.0	0.0	0.0	0.0	0.0	0.0	0.0	0.0	0.0	0.0	0.0	0.0	0.0	0.0	0.0	0.0	0.0	0.0	0.0	0.0	
Pouillot fitis	0.0	0.0	0.0	0.0	0.0	0.0	0.0	0.0	0.0	0.0	0.0294118	0.0	0.25	0.0	0.0	0.0	0.0	0.0	0.0	0.0	0.0	0.0	0.0	0.0	0.0	0.0	0.0	0.0	0.0	0.0	0.0	0.0	0.0	0.0	0.0384615	0.0	0.0	0.0	0.0	0.0625	0.0	0.0	0.0	0.0	0.0	0.0	0.0	0.0	
Pouillot véloce	0.0	0.8	0.0	0.0	0.0	0.5	0.0	0.0	0.5	0.0	0.2941176	0.2666667	0.5	0.2727273	0.1780822	0.15	0.0645161	0.0967742	0.1	0.1142857	0.1923077	0.1363636	0.2682927	0.2608696	0.125	0.1	0.0714286	0.0	0.0	0.0	0.0	0.0	0.125	0.0	0.0	0.0	0.1666667	0.0833333	0.0526316	0.4375	0.4	0.2857143	0.0	0.0015	0.3333333	0.0	0.2	0.0	
pouillot sp.	0.0	0.0	0.0	0.0	0.0	0.0	0.0	0.0	0.0	0.0	0.0	0.0	0.0	0.0	0.0	0.0	0.0	0.0	0.0	0.0	0.0	0.0	0.0	0.0	0.0	0.0	0.0	0.0	0.0	0.0	0.0	0.0	0.0	0.0	0.0	0.1111111	0.0	0.0	0.0	0.0	0.0	0.0	0.0	0.0	0.0	0.0	0.0	0.0	
Bouscarle de Cetti	0.3333333	0.0	0.0	0.0	0.0	0.5	0.0	0.3333333	0.0	0.0	0.2352941	0.3	0.25	0.2727273	0.1232877	0.1833333	0.2096774	0.1451613	0.275	0.0857143	0.2307692	0.0909091	0.0487805	0.0434783	0.0	0.0	0.0	0.0833333	0.0	0.0	0.0	0.0	0.0	0.0015	0.0384615	0.2222222	0.1111111	0.0416667	0.0526316	0.1875	0.4	0.0	0.0	0.0015	0.1666667	0.0	0.0	0.0	
Orite à longue queue	0.0	0.6	0.3333333	0.0	0.0	0.0	0.0	0.0	0.5	0.0	0.1470588	0.1333333	0.25	0.3636364	0.109589	0.1666667	0.1612903	0.1129032	0.075	0.0015	0.1538462	0.0909091	0.097561	0.0434783	0.0625	0.1	0.0714286	0.0	0.0	0.0	0.25	0.0015	0.25	0.0	0.0	0.0015	0.2222222	0.125	0.0526316	0.1875	0.3	0.5714286	0.0	0.0015	0.0	0.0	0.4	0.125	
Fauvette à tête noire	0.0	0.2	0.0	0.0	0.0	0.25	0.5	0.3333333	0.5	0.0	0.4411765	0.5	0.0	0.4545455	0.3561644	0.25	0.3548387	0.3225806	0.325	0.3142857	0.4230769	0.3181818	0.4146341	0.3043478	0.5625	0.5	0.0714286	0.25	0.1428571	0.1666667	0.0	0.0	0.125	0.0	0.0015	0.0	0.0	0.0833333	0.1578947	0.125	0.6	0.0	0.3333333	0.0015	0.0	0.0	0.2	0.125	
Fauvette des jardins	0.0	0.0	0.0	0.0	0.0	0.0	0.0	0.0	0.0	0.0	0.0	0.0	0.0	0.0	0.0	0.0	0.0	0.016129	0.0	0.0	0.0384615	0.0	0.0	0.0	0.0	0.0	0.0	0.0	0.0	0.0	0.0	0.0	0.0	0.0	0.0	0.0	0.0	0.0	0.0	0.0	0.0	0.0	0.0	0.0	0.0	0.0	0.0	0.0	
Fauvette mélanocéphale	0.3333333	0.8	0.3333333	0.0	0.0	0.0	0.0	0.0	0.5	0.0	0.4117647	0.1666667	0.5	0.0909091	0.260274	0.2	0.2419355	0.2903226	0.175	0.3142857	0.2692308	0.1363636	0.1219512	0.0	0.1875	0.2	0.0	0.1666667	0.2857143	0.0015	0.25	0.1666667	0.25	0.0	0.2692308	0.2222222	0.0555556	0.125	0.3157895	0.1875	0.7	0.0	0.0	0.0015	0.5	0.0	0.6	0.0015	
Fauvette de Moltoni	0.0	0.0	0.0	0.0	0.0	0.0	0.0	0.0	0.0	0.0	0.0	0.0	0.0	0.0	0.0	0.0	0.016129	0.0	0.0	0.0	0.0	0.0	0.0015	0.0	0.0	0.0	0.0	0.0	0.0	0.0	0.0	0.0	0.0	0.0	0.0	0.0	0.0	0.0	0.0	0.0	0.0	0.0	0.0	0.0	0.0	0.0	0.0	0.0	
Fauvette des Balkans	0.0	0.0	0.0	0.0	0.0	0.0	0.0	0.0	0.0	0.0	0.1470588	0.0	0.0	0.0	0.0410959	0.0833333	0.0483871	0.0806452	0.0015	0.1142857	0.1923077	0.1363636	0.0487805	0.0	0.0	0.1	0.0	0.0	0.1428571	0.0	0.25	0.0	0.0	0.0	0.0	0.0	0.0555556	0.0	0.0	0.0	0.0	0.0	0.0	0.0	0.0	0.0	0.0	0.0	
Fauvette passerinette ou F. des Balkans	0.0	0.0	0.0	0.0	0.0	0.0	0.0	0.0	0.0	0.0	0.0	0.0	0.0	0.0	0.0136986	0.0	0.0	0.016129	0.0	0.0	0.0	0.0	0.0	0.0	0.0	0.0	0.0	0.0	0.0	0.0	0.0	0.0	0.0	0.0	0.0	0.0	0.0	0.0	0.0	0.0	0.0	0.0	0.0	0.0	0.0	0.0	0.0	0.0	
Fauvette grisette	0.0	0.0	0.0	0.0	0.0	0.0	0.0	0.0	0.0	0.0	0.0	0.0	0.0	0.1818182	0.0547945	0.0833333	0.1451613	0.0967742	0.05	0.0285714	0.1153846	0.0681818	0.195122	0.0	0.0625	0.0	0.0	0.0	0.1428571	0.1666667	0.0	0.0	0.125	0.0	0.0	0.0	0.0	0.0	0.0	0.0	0.0	0.0	0.0	0.0	0.0	0.0	0.0	0.0	
Fauvette à lunettes	0.0	0.0	0.0	0.0	0.0	0.0	0.0	0.0	0.0	0.0	0.0	0.0	0.25	0.0	0.0	0.0015	0.0	0.0483871	0.025	0.0015	0.0769231	0.0681818	0.0	0.0	0.0	0.0	0.0	0.0	0.0	0.0	0.0	0.0	0.0	0.0	0.0	0.0	0.0	0.0416667	0.0	0.0	0.0	0.0	0.0	0.0	0.0	0.0	0.0	0.0	
Fauvette pitchou	0.0	0.0	0.0	0.0	0.0	0.0	0.0	0.0	0.0	0.0	0.0	0.0	0.0	0.0	0.0	0.0	0.0	0.0	0.0	0.0	0.0	0.0	0.0	0.0	0.0625	0.0	0.0	0.0	0.0	0.0	0.0	0.0	0.0	0.0	0.0	0.0	0.0	0.0	0.0	0.0	0.0	0.0	0.0	0.0	0.0	0.0	0.0	0.0	
Sylvia ou Curruca sp.	0.0	0.0	0.0	0.0	0.0	0.0	0.0	0.0	0.0	0.0	0.0	0.0	0.0	0.0	0.0	0.0166667	0.0	0.0	0.0	0.0	0.0	0.0	0.0	0.0	0.0	0.0	0.0	0.0	0.0	0.0	0.0	0.0	0.0	0.0	0.0	0.0	0.0	0.0	0.0	0.0	0.0	0.0	0.0	0.0	0.0	0.0	0.0	0.0	
Roitelet huppé	0.0	0.0	0.0	0.0	0.0	0.0	0.0	0.0	0.0	0.0	0.0	0.0	0.0	0.0	0.0	0.0	0.0	0.0	0.0	0.0	0.0	0.0	0.0243902	0.0434783	0.0	0.0	0.0	0.0	0.0	0.0	0.0	0.0	0.0	0.0	0.0	0.0	0.0555556	0.0416667	0.0	0.0625	0.1	0.2857143	0.0	0.0	0.0	0.0	0.0	0.0	
Roitelet à triple bandeau	0.0	0.0	0.0	0.0	0.0	0.0	0.0	0.0	0.0	0.0	0.0294118	0.0666667	0.0	0.0909091	0.0684932	0.0333333	0.0806452	0.0322581	0.05	0.0285714	0.0769231	0.0681818	0.1219512	0.0869565	0.0	0.0	0.0	0.0015	0.0	0.0	0.0	0.0	0.0	0.0	0.0	0.0	0.0555556	0.0416667	0.0	0.0625	0.0	0.0	0.0	0.0	0.0	0.0	0.0	0.0	
Sittelle torchepot	0.0	0.0	0.3333333	0.0	0.0	0.0015	0.0	0.0	0.0	0.0	0.0588235	0.1	0.0	0.2727273	0.260274	0.0333333	0.0322581	0.0967742	0.1	0.0285714	0.0384615	0.0909091	0.195122	0.1304348	0.0015	0.2	0.0714286	0.1666667	0.1428571	0.1666667	0.0015	0.3333333	0.0	0.0	0.0015	0.0	0.2777778	0.0416667	0.1052632	0.125	0.0	0.5714286	0.0	0.0	0.0015	0.0	0.0	0.125	
Grimpereau des bois	0.0	0.0	0.0	0.0	0.0	0.0	0.0	0.0	0.0	0.0	0.0	0.0	0.0	0.0	0.0	0.0166667	0.0483871	0.016129	0.05	0.0	0.0	0.0	0.0243902	0.0434783	0.0	0.1	0.0	0.0	0.0	0.0	0.0	0.1666667	0.0	0.0	0.0	0.0	0.0	0.0	0.0	0.0	0.0	0.0	0.0	0.0	0.0	0.0	0.0	0.0	
Grimpereau des jardins	0.0	0.0	0.0	0.0	0.0	0.0	0.0	0.0	0.0	0.0	0.1470588	0.0666667	0.0	0.3636364	0.3013699	0.0166667	0.0645161	0.0645161	0.075	0.0285714	0.0384615	0.0681818	0.1707317	0.1304348	0.0625	0.3	0.0714286	0.1666667	0.0	0.0	0.0015	0.0	0.0	0.0	0.0	0.0	0.1111111	0.0	0.0	0.125	0.1	0.2857143	0.0	0.0	0.0015	0.0	0.0	0.0	
Grimpereau des bois ou G. des jardins	0.0	0.0	0.0	0.0	0.0	0.0	0.0	0.0	0.0	0.0	0.0	0.0333333	0.0	0.0	0.0	0.0	0.0	0.0	0.0	0.0	0.0	0.0	0.0	0.0	0.0	0.0	0.0	0.0	0.0	0.0015	0.0	0.0	0.0	0.0	0.0	0.0	0.0	0.0	0.0	0.0	0.0	0.0	0.0	0.0	0.0	0.0	0.0	0.0	
Troglodyte mignon	0.0	0.0	0.0	0.0	0.0	0.0	0.0	0.6666667	0.5	0.0	0.2352941	0.4	0.0	0.3636364	0.2876712	0.1833333	0.1612903	0.2419355	0.3	0.2857143	0.2692308	0.1590909	0.2439024	0.0434783	0.0625	0.1	0.0714286	0.0833333	0.2857143	0.3333333	0.0	0.0	0.25	0.0	0.0769231	0.1111111	0.1111111	0.0	0.0526316	0.125	0.1	0.0	0.0	0.0	0.1666667	0.0	0.0	0.0	
Cincle plongeur	0.0	0.0	0.0	0.0	0.0	0.0	0.0	0.0	0.0	0.0	0.0	0.0	0.0	0.0	0.0	0.0	0.0	0.0	0.0	0.0	0.0	0.0	0.0	0.0	0.0	0.0	0.0714286	0.0	0.0	0.0015	0.0	0.0	0.0	0.0	0.0	0.0	0.0	0.0	0.0	0.0	0.0	0.0	0.0	0.0	0.0	0.0	0.0	0.0	
Étourneau sansonnet	0.0	0.0	0.3333333	0.0	0.0015	0.0	0.5	0.6666667	0.0	0.0	0.0588235	0.0333333	0.25	0.0	0.0684932	0.0833333	0.0483871	0.1290323	0.175	0.0857143	0.0769231	0.0227273	0.0243902	0.0434783	0.0625	0.1	0.0	0.0	0.1428571	0.0	0.0015	0.0	0.0	0.0	0.2307692	0.0	0.0	0.0015	0.0	0.0625	0.3	0.0	0.0	0.0	0.1666667	0.0	0.4	0.0	
Grive draine	0.0	0.0	0.0	0.0	0.0	0.0	0.0	0.0	0.0	0.0	0.0588235	0.0	0.0	0.2727273	0.1232877	0.0333333	0.0645161	0.0483871	0.1	0.0285714	0.0015	0.0909091	0.0731707	0.0	0.125	0.1	0.0	0.0	0.0	0.0	0.0	0.0	0.0	0.0	0.0	0.0	0.0555556	0.0	0.0526316	0.0	0.0	0.0	0.0	0.0	0.0	0.0	0.0	0.0	
Grive musicienne	0.0	0.2	0.0	0.0	0.0	0.0	0.5	0.0	0.0	0.0	0.1176471	0.0666667	0.0	0.2727273	0.1369863	0.0	0.0322581	0.016129	0.1	0.0571429	0.0384615	0.0681818	0.0731707	0.0	0.0	0.0	0.0	0.0833333	0.0	0.0	0.0	0.0	0.0	0.0	0.0	0.0	0.0	0.0416667	0.0526316	0.0	0.3	0.0	0.0	0.0015	0.3333333	0.0	0.0	0.0	
Grive mauvis	0.0	0.0	0.0	0.0	0.0	0.0	0.0	0.0	0.0	0.0	0.0	0.0	0.0	0.0	0.0	0.0	0.0	0.0	0.0	0.0	0.0	0.0	0.0	0.0	0.0	0.0	0.0	0.0	0.0	0.0	0.0	0.0	0.0	0.0	0.0	0.0	0.0	0.0	0.0	0.0	0.0	0.0	0.0	0.0	0.1666667	0.0	0.0	0.0	
Merle noir	0.0	0.4	0.0	0.0	0.0	0.0	0.5	0.3333333	0.5	0.0015	0.5294118	0.5	0.0	0.5454545	0.2876712	0.2	0.2419355	0.2903226	0.25	0.2857143	0.3461538	0.25	0.3414634	0.173913	0.3125	0.3	0.0714286	0.25	0.1428571	0.0	0.0	0.0	0.0	0.0	0.0015	0.0	0.2222222	0.0	0.1578947	0.0625	0.5	0.4285714	0.3333333	0.0015	0.5	0.0	0.6	0.125	
Grive litorne	0.0	0.0	0.3333333	0.0	0.0	0.0	0.0	0.0	0.0	0.0	0.0294118	0.0	0.0	0.0	0.0	0.0	0.0	0.0	0.0	0.0	0.0	0.0	0.0	0.0	0.0	0.0	0.0	0.0	0.0	0.0	0.0	0.0	0.0	0.0	0.0	0.0	0.0	0.0	0.0	0.0	0.0	0.0	0.0	0.0	0.0	0.0	0.0	0.0	
Gobemouche gris	0.0	0.0	0.0	0.0	0.0	0.0	0.0	0.0	0.0	0.0	0.0	0.0	0.0	0.0	0.0	0.0166667	0.0806452	0.0806452	0.0	0.0015	0.0	0.0	0.0015	0.0434783	0.1875	0.0	0.0	0.0	0.0	0.0	0.0	0.0	0.25	0.0	0.0769231	0.0	0.0555556	0.0	0.0	0.0	0.0	0.0	0.0	0.0	0.0	0.0	0.0	0.0	
Rougegorge familier	0.3333333	0.8	0.0	0.0	0.0	0.25	0.5	0.0	0.5	0.0	0.5294118	0.4	0.0	0.5454545	0.2191781	0.1	0.1612903	0.1774194	0.125	0.1142857	0.1923077	0.1136364	0.3170732	0.1304348	0.0625	0.0	0.0	0.1666667	0.0	0.1666667	0.0	0.0015	0.125	0.0	0.0384615	0.1111111	0.1111111	0.0833333	0.3684211	0.5625	1.0	0.5714286	0.6666667	1.0	1.0	0.0	0.4	0.125	
Rossignol philomèle	0.0	0.0	0.0	0.0	0.0	0.0	0.0	0.0	0.0	0.0	0.0	0.0	0.0	0.1818182	0.1369863	0.15	0.2258065	0.2741935	0.15	0.0857143	0.2307692	0.1363636	0.2195122	0.0869565	0.0625	0.0	0.0	0.0	0.0	0.0	0.0	0.0	0.0	0.0	0.0	0.0	0.0	0.0	0.0	0.0	0.0	0.0	0.0	0.0	0.0	0.0	0.0	0.0	
Gobemouche noir	0.0	0.0	0.0	0.0	0.0	0.0	0.0	0.0	0.0	0.0	0.0	0.0	0.0	0.0	0.0	0.05	0.0	0.0	0.0	0.0	0.0	0.0	0.0	0.0	0.0	0.0	0.0	0.0	0.0	0.0	0.0	0.0	0.0	0.0	0.0	0.0	0.0	0.0	0.0	0.0	0.0	0.0	0.0	0.0	0.0	0.0	0.0	0.0	
Gobemouche à collier	0.0	0.0	0.0	0.0	0.0	0.0	0.0	0.0	0.0	0.0	0.0	0.0	0.0	0.0	0.109589	0.0	0.016129	0.0322581	0.025	0.0015	0.0	0.0227273	0.0243902	0.0434783	0.0	0.0	0.0	0.0	0.0	0.0	0.0	0.1666667	0.0	0.0	0.0	0.0	0.0	0.0	0.0	0.0	0.0	0.0	0.0	0.0	0.0	0.0	0.0	0.0	
Rougequeue à front blanc	0.0	0.0	0.0	0.0	0.0	0.0	0.0	0.0	0.0	0.0015	0.0	0.0333333	0.0	0.0015	0.0136986	0.0	0.0483871	0.0967742	0.075	0.1142857	0.0769231	0.0454545	0.0731707	0.0	0.0	0.2	0.0	0.0	0.0	0.0	0.0	0.1666667	0.0	0.0	0.0	0.0	0.0	0.0	0.0	0.0	0.0	0.0	0.0	0.0	0.0	0.0	0.0	0.0	
Rougequeue noir	0.3333333	0.6	0.3333333	0.0	0.0015	0.25	0.5	0.3333333	0.0015	0.0	0.2647059	0.1333333	0.25	0.0	0.0136986	0.0	0.0	0.0322581	0.025	0.0	0.0384615	0.0	0.097561	0.0	0.125	0.0	0.0	0.0	0.0	0.3333333	0.0	0.0	0.125	0.0	0.0	0.0	0.1111111	0.0	0.1578947	0.4375	0.8	0.2857143	0.6666667	1.0	0.8333333	0.0	0.4	0.375	
rougequeue sp.	0.0	0.0	0.0	0.0	0.0	0.0	0.0	0.0	0.0015	0.0	0.0	0.0	0.0	0.0	0.0	0.0	0.0	0.0	0.0	0.0	0.0	0.0	0.0	0.0	0.0	0.0	0.0	0.0	0.0	0.0	0.0	0.0	0.0	0.0	0.0	0.0	0.0	0.0	0.0	0.0	0.0	0.0	0.0	0.0	0.0	0.0	0.0	0.0	
Monticole de roche	0.0	0.0	0.0	0.0	0.0	0.0	0.0	0.0	0.0	0.0	0.0	0.0015	0.0	0.0	0.0136986	0.0015	0.0	0.016129	0.0	0.0	0.0	0.0	0.0487805	0.0	0.0625	0.0	0.0	0.0	0.0	0.1666667	0.0	0.0	0.0	0.0	0.0	0.0	0.0	0.0	0.0	0.0	0.0	0.0	0.0	0.0	0.0	0.0	0.0	0.0	
Monticole bleu	0.0	0.2	0.0	0.0	0.0	0.0	0.0	0.0	0.0	0.0	0.0588235	0.1	0.0	0.0909091	0.0684932	0.05	0.1129032	0.1612903	0.15	0.0285714	0.1538462	0.0227273	0.0487805	0.0	0.0625	0.1	0.0	0.0833333	0.1428571	0.0	0.0	0.1666667	0.375	0.0	0.0769231	0.2222222	0.0555556	0.0416667	0.0526316	0.1875	0.2	0.0	0.0	0.0	0.1666667	0.0	0.0	0.0	
Tarier des prés	0.0	0.0	0.0	0.0	0.0	0.0	0.0	0.0	0.0	0.0	0.0	0.0	0.0	0.0	0.0821918	0.0333333	0.0645161	0.0806452	0.0015	0.0	0.0	0.0	0.0243902	0.0	0.0	0.0	0.0	0.0	0.0	0.0	0.0	0.0	0.0	0.0	0.0	0.0015	0.0555556	0.0	0.0	0.0	0.0	0.0	0.0	0.0	0.0	0.0	0.0	0.0	
Tarier pâtre	0.0	0.2	0.0	0.0	0.0	0.0	0.0	0.6666667	0.0	0.0015	0.0294118	0.0	0.0	0.0909091	0.0273973	0.0666667	0.016129	0.0806452	0.05	0.0015	0.1538462	0.1363636	0.1219512	0.1304348	0.0625	0.0	0.0	0.0	0.0	0.1666667	0.0	0.1666667	0.125	0.0	0.0	0.0	0.0555556	0.0	0.1052632	0.0	0.4	0.0	0.0	0.0015	0.0	0.0	0.2	0.0	
Traquet motteux	0.0	0.0	0.0	0.0	0.0	0.0	0.0	0.0	0.0	0.0	0.0	0.0	0.0	0.1818182	0.0410959	0.0166667	0.016129	0.0322581	0.025	0.0015	0.0769231	0.0454545	0.097561	0.0	0.0625	0.0	0.0	0.0	0.0	0.3333333	0.0	0.0	0.25	0.0	0.0	0.0	0.0	0.0	0.0	0.0	0.0	0.0	0.0	0.0	0.0	0.0	0.0	0.0	
Traquet oreillard	0.0	0.0	0.0	0.0	0.0	0.0	0.0	0.0	0.0	0.0	0.0	0.0	0.0	0.0	0.0	0.0	0.0	0.0	0.0	0.0	0.0	0.0	0.0487805	0.0	0.0	0.0	0.0	0.0	0.0	0.0	0.0	0.0	0.0	0.0	0.0	0.0	0.0	0.0	0.0	0.0	0.0	0.0	0.0	0.0	0.0	0.0	0.0	0.0	
Traquet noir et blanc	0.0	0.0	0.0	0.0	0.0	0.0	0.0	0.0	0.0	0.0	0.0	0.0	0.0	0.0	0.0273973	0.0166667	0.0645161	0.1290323	0.075	0.0285714	0.1153846	0.0454545	0.0	0.0	0.0	0.0	0.0	0.0833333	0.0	0.0	0.0	0.0	0.0	0.0	0.0	0.0	0.0	0.0	0.0	0.0	0.0	0.0	0.0	0.0	0.0	0.0	0.0	0.0	
Oenanthe sp.	0.0	0.0	0.0	0.0	0.0	0.0	0.0	0.0	0.0	0.0	0.0	0.0	0.0	0.0	0.0	0.0	0.0	0.0	0.0	0.0	0.0	0.0	0.0	0.0	0.0	0.0	0.0	0.0	0.0	0.0	0.0	0.0	0.0	0.0	0.0	0.0	0.0	0.0	0.0	0.0625	0.0	0.0	0.0	0.0	0.0	0.0	0.0	0.0	
Accenteur mouchet	0.0	0.2	0.0	0.0	0.0	0.0	0.0	0.0	0.0	0.0	0.0	0.0	0.0	0.0	0.0	0.0	0.0	0.0	0.0	0.0	0.0	0.0	0.0	0.0	0.0	0.0	0.0	0.0	0.0	0.0	0.0	0.0	0.0	0.0	0.0	0.0	0.0	0.0	0.0	0.0625	0.2	0.1428571	0.0	0.0	0.3333333	0.0	0.0	0.0	
Moineau cisalpin	0.6666667	1.0	0.3333333	0.0	0.0015	0.5	1.0	0.6666667	0.0	0.0015	0.5588235	0.3666667	1.0	0.2727273	0.3287671	0.55	0.2903226	0.5322581	0.525	0.5428571	0.5384615	0.3636364	0.4634146	0.2608696	0.5625	0.4	0.2857143	0.4166667	0.5714286	0.6666667	0.25	0.3333333	0.625	0.0015	0.6538462	0.8888889	0.1666667	0.2083333	0.2631579	0.3125	0.2	0.1428571	1.0	0.0015	0.5	0.0	0.4	0.0015	
Moineau espagnol	0.0	0.0	0.0	0.0	0.0	0.0	0.5	0.0	0.0	0.0015	0.0	0.0	0.0	0.0	0.0015	0.0333333	0.1290323	0.016129	0.025	0.0285714	0.0384615	0.0909091	0.0487805	0.0015	0.0	0.0015	0.0	0.0	0.0	0.0	0.0	0.0	0.0	0.0	0.0384615	0.0	0.0	0.0015	0.0	0.0	0.1	0.0	0.0	0.0	0.0	0.0	0.0	0.0	
Moineau cisalpin ou M. espagnol	0.0	0.0	0.0	0.0	0.0	0.0	0.0	0.0	0.0	0.0	0.0	0.0	0.0	0.0	0.0	0.0166667	0.0322581	0.0	0.0	0.0	0.0	0.0	0.0	0.0	0.0	0.0	0.0	0.0	0.0	0.0	0.0	0.0	0.0	0.0	0.0384615	0.0	0.0	0.0416667	0.0	0.0	0.0015	0.0	0.0	0.0	0.0	0.0	0.0	0.0	
Moineau friquet	0.0	0.2	0.0	0.0	0.0	0.25	0.0	0.0	0.0	0.0	0.0294118	0.0333333	0.0	0.0909091	0.0015	0.1333333	0.0967742	0.016129	0.075	0.0285714	0.1153846	0.0227273	0.097561	0.0434783	0.0	0.1	0.0	0.0	0.1428571	0.0	0.0	0.0	0.0	0.0	0.1153846	0.0	0.0	0.0	0.0	0.0	0.1	0.0	0.0	0.0015	0.0	0.0	0.2	0.125	
Moineau soulcie	0.0	0.0	0.0	0.0	0.0	0.0	0.0	0.0	0.0	0.0	0.0	0.0	0.25	0.0	0.0	0.0166667	0.016129	0.0645161	0.025	0.1142857	0.0769231	0.0015	0.097561	0.0	0.0	0.0	0.0	0.0833333	0.0	0.0	0.0	0.1666667	0.125	0.0	0.0769231	0.1111111	0.0	0.0	0.0	0.0	0.0	0.0	0.0	0.0	0.0	0.0	0.0	0.0	
Bergeronnette des ruisseaux	0.3333333	0.4	0.0	0.0	0.0	0.0	0.0015	0.0	0.0	0.0	0.0294118	0.0333333	0.0	0.1818182	0.0273973	0.05	0.0483871	0.0806452	0.075	0.0857143	0.0	0.0454545	0.1219512	0.0869565	0.0	0.1	0.0714286	0.0833333	0.0	0.0	0.0	0.1666667	0.125	0.0	0.0384615	0.0	0.0	0.0	0.1578947	0.1875	0.1	0.0	0.0	0.0015	0.1666667	0.0	0.2	0.0	
Bergeronnette printanière	0.0	0.0	0.0	0.0	0.0	0.0	0.0	0.0	0.0	0.0	0.0	0.0	0.0	0.2727273	0.0	0.0166667	0.016129	0.0	0.025	0.0	0.0	0.0	0.0	0.0	0.0	0.0	0.0	0.0	0.0	0.0015	0.0	0.0	0.0	0.0	0.0384615	0.0	0.0	0.0	0.0	0.0625	0.0	0.0	0.0	0.0	0.0	0.0	0.0	0.0	
Bergeronnette grise	0.0	0.4	0.0	0.0	0.0	0.0	0.0	0.0	0.0	0.0	0.1764706	0.1	0.0	0.0909091	0.0547945	0.0166667	0.1129032	0.1451613	0.1	0.0857143	0.0769231	0.0227273	0.097561	0.0015	0.3125	0.3	0.1428571	0.25	0.0	0.5	0.0	0.0	0.0	0.0	0.1923077	0.0	0.0555556	0.0833333	0.0	0.25	0.3	0.1428571	0.3333333	1.0	0.1666667	0.0	0.2	0.0	
Pipit rousseline	0.0	0.0	0.0	0.0	0.0	0.0	0.0	0.0	0.0	0.0	0.0	0.0	0.0	0.0	0.0	0.0	0.0	0.0645161	0.075	0.0285714	0.0384615	0.0227273	0.0	0.0	0.125	0.1	0.0	0.0	0.0	0.0	0.0	0.0	0.0	0.0	0.0	0.0	0.0	0.0	0.0	0.0	0.0	0.0	0.0	0.0	0.0	0.0	0.0	0.0	
Pipit farlouse	0.3333333	0.4	0.0	0.0	0.0	0.0	0.0	0.0	0.0	0.0	0.0	0.0	0.0	0.0	0.0	0.0	0.0	0.0	0.0	0.0	0.0	0.0	0.0	0.0	0.0	0.0	0.0	0.0	0.0	0.0	0.0	0.0	0.0	0.0	0.0384615	0.0	0.0	0.0	0.0	0.0625	0.4	0.2857143	0.0015	0.0015	0.1666667	0.0	0.2	0.125	
Pipit des arbres	0.0	0.0	0.0	0.0	0.0	0.0	0.0	0.0	0.0	0.0	0.0	0.0	0.0	0.0	0.0547945	0.0166667	0.0	0.016129	0.05	0.0	0.0	0.0227273	0.097561	0.0	0.0	0.1	0.0	0.0	0.0	0.1666667	0.0	0.0	0.0	0.0	0.0	0.0	0.0	0.0	0.0	0.0	0.0	0.0	0.0	0.0	0.0	0.0	0.0	0.0	
Pipit spioncelle	0.0	0.2	0.3333333	0.0	0.0	0.0	0.0	0.0	0.0	0.0	0.0	0.0	0.0	0.0	0.0	0.0	0.0	0.0	0.0	0.0	0.0	0.0	0.0	0.0	0.0	0.0	0.0	0.0	0.0	0.0	0.0	0.0	0.0	0.0	0.0	0.0	0.0	0.0	0.0	0.0	0.0	0.0	0.0	0.0	0.0	0.0	0.0	0.0	
Anthus sp.	0.0	0.0	0.0	0.0	0.0	0.0	0.0	0.0	0.0	0.0	0.0	0.0	0.0	0.0	0.0	0.0	0.0	0.0	0.0	0.0	0.0	0.0227273	0.0	0.0	0.0	0.0	0.0	0.0	0.0	0.0	0.0	0.0	0.0	0.0	0.0	0.0	0.0	0.0	0.0	0.0	0.0	0.0	0.0	0.0	0.0	0.0	0.0	0.0	
Pinson des arbres	0.0	0.6	0.3333333	0.0	0.0	0.25	0.0	0.3333333	0.5	0.0015	0.4117647	0.3333333	0.25	0.3636364	0.3561644	0.1666667	0.2096774	0.2258065	0.2	0.1428571	0.2307692	0.2954545	0.3414634	0.3478261	0.125	0.2	0.0714286	0.25	0.0	0.1666667	0.0	0.0	0.0	0.0	0.0	0.0	0.1111111	0.0833333	0.1578947	0.4375	0.6	0.7142857	0.3333333	0.0015	0.1666667	0.0	0.6	0.25	
Pinson du Nord	0.0	0.0	0.0	0.0	0.0	0.0	0.0	0.0	0.0	0.0	0.0	0.0	0.0	0.0	0.0	0.0	0.0	0.0	0.0	0.0	0.0	0.0	0.0	0.0	0.0	0.0	0.0	0.0	0.0	0.0	0.0	0.0	0.0	0.0	0.0	0.0	0.0	0.0	0.0	0.0	0.0	0.1428571	0.0	0.0	0.0	0.0	0.0	0.0	
Grosbec casse-noyaux	0.0	0.0	0.0	0.0	0.0	0.0	0.0	0.0	0.0	0.0	0.0294118	0.0	0.0	0.0	0.0136986	0.0	0.0	0.0	0.0	0.0015	0.0	0.0	0.0	0.0	0.0	0.0	0.0	0.0	0.0	0.0	0.0	0.0	0.0	0.0	0.0015	0.0	0.0	0.0	0.0526316	0.0625	0.1	0.0	0.0	0.0015	0.0	0.0	0.0	0.0	
Bouvreuil pivoine	0.0	0.0	0.0	0.0	0.0	0.0	0.0	0.0	0.0	0.0	0.0	0.0	0.0	0.0	0.0	0.0	0.0	0.0	0.025	0.0	0.0	0.0	0.0243902	0.0434783	0.0	0.0	0.0	0.0	0.0	0.0	0.0	0.0	0.0	0.0	0.0	0.0	0.0	0.0	0.0	0.0015	0.0	0.0	0.0	0.0	0.0	0.0	0.0	0.0	
Verdier d'Europe	0.3333333	0.2	0.3333333	0.0	0.0	0.0	0.5	0.0	0.0	0.0	0.1764706	0.0666667	0.25	0.1818182	0.0547945	0.0833333	0.1612903	0.1129032	0.15	0.0	0.1153846	0.0909091	0.1219512	0.0434783	0.1875	0.2	0.0	0.0	0.1428571	0.1666667	0.25	0.1666667	0.125	0.0	0.0	0.0	0.0	0.0	0.0	0.0	0.2	0.0	0.0	0.0	0.1666667	0.0	0.0	0.0	
Linotte mélodieuse	0.0	0.0	0.0	0.0	0.0	0.0	0.0	0.0	0.0	0.0015	0.0588235	0.0666667	0.25	0.0909091	0.0958904	0.0166667	0.0	0.1774194	0.05	0.0285714	0.1923077	0.0454545	0.1219512	0.0434783	0.125	0.1	0.0	0.0	0.0	0.1666667	0.0	0.0	0.125	0.0	0.0	0.0	0.0	0.0	0.0	0.0015	0.2	0.0	0.0	0.0015	0.1666667	0.0	0.2	0.0	
Bec-croisé des sapins	0.0	0.0	0.0	0.0	0.0	0.0	0.0	0.0	0.0	0.0	0.0	0.0	0.0	0.0	0.0	0.0	0.0	0.0	0.0	0.0	0.0	0.0227273	0.0	0.0	0.0	0.0	0.0	0.0	0.0	0.0	0.0	0.0	0.0	0.0	0.0	0.0	0.0	0.0	0.0	0.0	0.0	0.0	0.0	0.0	0.0	0.0	0.0	0.0	
Chardonneret élégant	0.0	0.2	0.0	0.0	0.0	0.0	0.5	0.6666667	0.0	0.0015	0.4411765	0.3333333	0.25	0.5454545	0.2191781	0.35	0.3387097	0.5	0.45	0.1714286	0.5384615	0.2272727	0.3170732	0.3043478	0.1875	0.3	0.0714286	0.6666667	0.0015	0.0	0.25	0.3333333	0.125	0.0015	0.1153846	0.2222222	0.1111111	0.0416667	0.0	0.4375	0.4	0.1428571	0.3333333	1.0	0.5	0.0	0.0	0.0	
Serin cini	0.0	0.0	0.0	0.0	0.0	0.0	0.0	0.0	0.0	0.0015	0.2647059	0.3333333	0.5	0.1818182	0.1643836	0.2833333	0.3225806	0.3709677	0.275	0.3428571	0.2692308	0.1818182	0.1707317	0.0869565	0.25	0.1	0.0	0.25	0.1428571	0.0	0.0	0.1666667	0.375	0.0	0.0	0.1111111	0.0555556	0.0	0.0526316	0.0625	0.2	0.0	0.0	0.0015	0.3333333	0.0	0.0	0.0	
Tarin des aulnes	0.0	0.2	0.0	0.0	0.0	0.0	0.0	0.0	0.0	0.0	0.0588235	0.0	0.0	0.0	0.0	0.0	0.0	0.0	0.0	0.0	0.0	0.0	0.0	0.0	0.0	0.0	0.0	0.0	0.0	0.0	0.0	0.0	0.0	0.0	0.0	0.0	0.0	0.0	0.0	0.0015	0.3	0.2857143	0.0	0.0	0.3333333	0.0	0.0	0.0	
Bruant mélanocéphale	0.0	0.0	0.0	0.0	0.0	0.0	0.0	0.0	0.0	0.0	0.0	0.0	0.0	0.0	0.0	0.0	0.0	0.0645161	0.025	0.0	0.1153846	0.0681818	0.0243902	0.0	0.0	0.0	0.0	0.0	0.0	0.0	0.0	0.0	0.0	0.0	0.0	0.0	0.0	0.0	0.0	0.0	0.0	0.0	0.0	0.0	0.0	0.0	0.0	0.0	
Bruant proyer	0.0	0.2	0.0	0.0	0.0	0.25	0.5	0.6666667	0.0	0.0015	0.0882353	0.1333333	0.25	0.2727273	0.3424658	0.3166667	0.3064516	0.3548387	0.225	0.2285714	0.4230769	0.2727273	0.1707317	0.0869565	0.125	0.0	0.0	0.0833333	0.0	0.1666667	0.0	0.0	0.125	0.0	0.0	0.1111111	0.0	0.0	0.0	0.125	0.0	0.1428571	0.0	0.0015	0.1666667	0.0	0.0	0.0	
Bruant fou	0.0	0.0	0.0	0.0	0.0	0.0	0.0	0.0	0.0	0.0	0.0294118	0.0	0.0	0.0	0.0	0.0166667	0.0	0.0483871	0.05	0.0015	0.0	0.0015	0.0243902	0.0	0.0625	0.0	0.0	0.0	0.0	0.0	0.0	0.0	0.0	0.0	0.0384615	0.0	0.0	0.0	0.0	0.0	0.0	0.0	0.0	0.0	0.0	0.0	0.0	0.0	
Bruant zizi	0.0	0.0	0.0	0.0	0.0	0.0	0.5	0.0	0.0	0.0	0.1176471	0.0666667	0.0	0.2727273	0.109589	0.1	0.2258065	0.2903226	0.25	0.1714286	0.3846154	0.25	0.3170732	0.1304348	0.1875	0.2	0.0	0.0	0.0	0.3333333	0.0	0.0	0.0	0.0	0.0015	0.0015	0.0555556	0.125	0.1052632	0.125	0.3	0.1428571	0.0	0.0015	0.3333333	0.0	0.0	0.0	
Bruant jaune	0.0	0.0	0.0	0.0	0.0	0.0	0.0	0.0	0.0	0.0	0.0	0.0	0.0	0.0	0.0	0.0	0.0	0.0	0.0	0.0	0.0	0.0015	0.0243902	0.0	0.0	0.0	0.0	0.0	0.0	0.0	0.0	0.0	0.0	0.0	0.0	0.0	0.0	0.0	0.0	0.0	0.0	0.0	0.0	0.0	0.0	0.0	0.0	0.0	
Bruant des roseaux	0.0	0.0	0.0	0.0	0.0	0.0	0.0	0.0	0.0	0.0	0.0	0.0	0.0	0.0	0.0	0.0	0.0	0.0	0.0	0.0	0.0	0.0	0.0	0.0	0.0	0.0	0.0	0.0833333	0.0	0.0	0.0	0.0	0.0	0.0	0.0	0.0	0.0	0.0	0.0	0.0	0.2	0.0	0.0	0.0	0.0	0.0	0.0	0.0	
passereau sp.	0.0	0.0	0.0	0.0	0.0	0.0	0.0	0.0	0.0	0.0	0.0	0.0	0.0	0.0	0.0	0.0	0.016129	0.0	0.025	0.0	0.0	0.0	0.0	0.0015	0.0	0.0	0.0	0.0	0.0	0.0	0.0	0.0	0.0	0.0	0.0	0.0	0.0	0.0	0.0	0.0	0.0	0.0	0.0	0.0	0.0	0.0	0.0	0.0	

