









Frequency of observations in the selected location(s).:
Number of taxa: 	287

	Jan				Feb				Mar				Apr				May				Jun				Jul				Aug				Sep				Oct				Nov				Dec				
Sample Size:	53.0	36.0	25.0	51.0	34.0	34.0	39.0	52.0	39.0	47.0	44.0	87.0	60.0	102.0	66.0	103.0	88.0	116.0	74.0	114.0	78.0	73.0	43.0	135.0	73.0	85.0	101.0	170.0	84.0	68.0	99.0	142.0	72.0	29.0	31.0	54.0	45.0	48.0	57.0	71.0	42.0	29.0	24.0	30.0	20.0	23.0	25.0	56.0	

Oie cendrée	0.0	0.0	0.0	0.0	0.0	0.0	0.0	0.0	0.0	0.0	0.0227273	0.0	0.0	0.0	0.0	0.0	0.0	0.0	0.0	0.0	0.0	0.0	0.0	0.0	0.0	0.0	0.0	0.0058824	0.0	0.0	0.0	0.0	0.0	0.0	0.0	0.0	0.0	0.0	0.0	0.0	0.0	0.0	0.0	0.0	0.0	0.0	0.0	0.0	
Oie cygnoïde	0.0	0.0	0.0	0.0	0.0294118	0.0	0.0	0.0	0.0	0.0	0.0	0.0	0.0	0.0	0.0	0.0	0.0	0.0	0.0	0.0	0.0	0.0	0.0	0.0	0.0	0.0	0.0	0.0	0.0	0.0	0.0	0.0	0.0	0.0	0.0	0.0	0.0	0.0	0.0	0.0	0.0	0.0	0.0	0.0	0.0	0.0	0.0	0.0	
Oie rieuse	0.0	0.0	0.04	0.0	0.0	0.0	0.0	0.0	0.0	0.0	0.0	0.0	0.0	0.0	0.0	0.0	0.0	0.0	0.0	0.0	0.0	0.0	0.0	0.0	0.0	0.0	0.0	0.0	0.0	0.0	0.010101	0.0	0.0	0.0	0.0	0.0	0.0	0.0	0.0	0.0	0.0	0.0	0.0	0.0	0.0	0.0	0.0	0.0	
Anser sp. (forme domestique)	0.0	0.0	0.0	0.0	0.0294118	0.0	0.0	0.0	0.0	0.0	0.0	0.0	0.0	0.0	0.0	0.0	0.0	0.0	0.0	0.0	0.0	0.0	0.0	0.0	0.0	0.0	0.0	0.0	0.0	0.0	0.0	0.0	0.0	0.0	0.0	0.0	0.0	0.0	0.0	0.0	0.0	0.0	0.0	0.0	0.0	0.0	0.0	0.0	
Bernache du Canada	0.0	0.0277778	0.0	0.0	0.0	0.0	0.0	0.0	0.0	0.0	0.0	0.0	0.0	0.0	0.0	0.0	0.0	0.0	0.0	0.0	0.0	0.0	0.0	0.0	0.0	0.0	0.0	0.0	0.0119048	0.0	0.020202	0.0	0.0	0.0	0.0	0.0	0.0	0.0	0.0	0.0	0.0	0.0	0.0	0.0	0.0	0.0	0.0	0.0	
Hybride Oie cendrée x Bernache du Canada	0.0	0.0277778	0.0	0.0	0.0	0.0	0.0	0.0	0.0	0.0	0.0	0.0	0.0	0.0	0.0	0.0	0.0	0.0	0.0	0.0	0.0	0.0	0.0	0.0	0.0	0.0	0.0	0.0	0.0	0.0	0.020202	0.0	0.0	0.0	0.0	0.0	0.0	0.0	0.0	0.0	0.0	0.0	0.0	0.0	0.0	0.0	0.0	0.0	
Cygne tuberculé	0.0	0.0	0.0	0.0	0.0	0.0	0.0	0.0	0.0	0.0	0.0	0.0	0.0	0.0	0.0	0.0	0.0	0.0	0.0	0.0	0.0	0.0136986	0.0	0.0	0.0	0.0	0.0	0.0	0.0	0.0	0.0	0.0	0.0	0.0	0.0	0.0	0.0	0.0208333	0.0	0.0	0.0	0.0	0.0	0.0333333	0.0	0.0	0.0	0.0	
Tadorne casarca	0.0	0.0	0.0	0.0	0.0	0.0	0.0	0.0	0.0	0.0	0.0	0.0	0.0	0.0	0.0	0.0	0.0	0.0	0.0	0.0	0.0	0.0	0.0	0.0	0.0	0.0	0.0	0.0117647	0.0	0.0294118	0.0	0.0	0.0	0.0	0.0	0.0	0.0	0.0	0.0	0.0	0.0	0.0	0.0	0.0	0.0	0.0	0.0	0.0	
Tadorne de Belon	0.0	0.0	0.0	0.0	0.0294118	0.0	0.0	0.0	0.0	0.0	0.0	0.0114943	0.0	0.0	0.0	0.0	0.0	0.0	0.0	0.0	0.0	0.0	0.0	0.0	0.0	0.0	0.0	0.0	0.0	0.0	0.0	0.0	0.0	0.0	0.0	0.0	0.0	0.0	0.0	0.0	0.0	0.0	0.0416667	0.0	0.0	0.0	0.0	0.0	
Canard musqué	0.0	0.0	0.0	0.0	0.0	0.0	0.0	0.0	0.0	0.0	0.0	0.0	0.0166667	0.0	0.0	0.0	0.0	0.0	0.0	0.0	0.0128205	0.0	0.0	0.0	0.0	0.0	0.0	0.0058824	0.0	0.0	0.0	0.0	0.0	0.0	0.0	0.0185185	0.0	0.0	0.0	0.0	0.0	0.0	0.0	0.0	0.0	0.0	0.0	0.0	
Canard à collier noir	0.0	0.0	0.0	0.0	0.0	0.0	0.0	0.0	0.0	0.0	0.0	0.0	0.0	0.0	0.0	0.0	0.0	0.0	0.0	0.0	0.0	0.0	0.0	0.0	0.0136986	0.0	0.0	0.0	0.0	0.0	0.0	0.0	0.0	0.0	0.0	0.0	0.0	0.0	0.0	0.0	0.0	0.0	0.0	0.0	0.0	0.0	0.0	0.0	
Sarcelle d'été	0.0	0.0	0.0	0.0	0.0	0.0	0.0	0.0	0.0	0.0	0.0227273	0.045977	0.0333333	0.0	0.0	0.0194175	0.0	0.0	0.0	0.0	0.0	0.0	0.0	0.0	0.0273973	0.0	0.0	0.0	0.0	0.0	0.0	0.0070423	0.0	0.0	0.0	0.0	0.0	0.0	0.0	0.0	0.0	0.0	0.0	0.0	0.0	0.0	0.0	0.0	
Canard souchet	0.0566038	0.0277778	0.08	0.0196078	0.0882353	0.0	0.0	0.0	0.025641	0.0	0.0227273	0.0114943	0.0333333	0.0	0.0	0.0	0.0	0.0	0.0	0.0	0.0	0.0	0.0	0.0	0.0	0.0	0.0	0.0	0.0	0.0	0.0	0.0	0.0	0.0	0.0	0.0	0.0	0.0208333	0.0	0.028169	0.0	0.0344828	0.0416667	0.0	0.0	0.0	0.08	0.0535714	
Canard chipeau	0.0754717	0.0555556	0.12	0.0588235	0.0588235	0.0294118	0.025641	0.0192308	0.0512821	0.0	0.0227273	0.0114943	0.0	0.0	0.0	0.0	0.0	0.0	0.0	0.0	0.0	0.0	0.0	0.0	0.0	0.0	0.0	0.0	0.0	0.0	0.0	0.0	0.0	0.0	0.0	0.0	0.0	0.0	0.0175439	0.0140845	0.0	0.0	0.0	0.0	0.0	0.0434783	0.08	0.1071429	
Canard siffleur	0.0188679	0.0277778	0.04	0.0392157	0.0294118	0.0	0.0	0.0192308	0.0	0.0212766	0.0	0.0229885	0.0	0.0	0.0	0.0	0.0	0.0	0.0	0.0	0.0	0.0	0.0	0.0	0.0	0.0	0.0	0.0	0.0	0.0	0.0	0.0	0.0	0.0	0.0	0.0	0.0	0.0	0.0	0.0422535	0.0238095	0.0344828	0.0416667	0.0	0.05	0.0	0.08	0.0714286	
Canard colvert	0.1509434	0.2777778	0.24	0.1372549	0.1470588	0.1470588	0.1025641	0.1538462	0.1794872	0.0851064	0.2954545	0.2068966	0.1666667	0.1176471	0.0606061	0.0970874	0.0568182	0.137931	0.0405405	0.0614035	0.0641026	0.0547945	0.0015	0.0740741	0.1232877	0.1058824	0.029703	0.1294118	0.1071429	0.1470588	0.1818182	0.0915493	0.0555556	0.0	0.0645161	0.1111111	0.0888889	0.1458333	0.122807	0.1126761	0.0714286	0.3103448	0.2916667	0.1666667	0.05	0.173913	0.24	0.25	
Canard pilet	0.0188679	0.0	0.04	0.0	0.0294118	0.0	0.0	0.0	0.0	0.0	0.0	0.0	0.0333333	0.0	0.0	0.0	0.0	0.0	0.0	0.0	0.0128205	0.0	0.0	0.0	0.0	0.0	0.0	0.0	0.0	0.0	0.0	0.0	0.0	0.0	0.0	0.0	0.0	0.0	0.0	0.0015	0.0	0.0	0.0	0.0	0.0	0.0	0.04	0.0178571	
Sarcelle d'hiver	0.0377358	0.0555556	0.16	0.0784314	0.0882353	0.0	0.0512821	0.0192308	0.0512821	0.0425532	0.0681818	0.0	0.05	0.0	0.0	0.0	0.0	0.0	0.0	0.0087719	0.0128205	0.0	0.0	0.0074074	0.0	0.0	0.0	0.0058824	0.0	0.0	0.0505051	0.028169	0.0138889	0.0	0.0	0.0185185	0.0	0.0	0.0526316	0.056338	0.0238095	0.0344828	0.0416667	0.0333333	0.05	0.0	0.08	0.1071429	
Nette rousse	0.0	0.0	0.0	0.0196078	0.0	0.0	0.0	0.0	0.0	0.0	0.0227273	0.0114943	0.0	0.0	0.0	0.0194175	0.0	0.0	0.0	0.0	0.0	0.0	0.0	0.0	0.0	0.0	0.0	0.0	0.0	0.0	0.0	0.0140845	0.0	0.0	0.0	0.0	0.0	0.0	0.0175439	0.0140845	0.0	0.0	0.0	0.0	0.0	0.0	0.04	0.0	
Fuligule milouin	0.0943396	0.0833333	0.16	0.0784314	0.0294118	0.0588235	0.0512821	0.0384615	0.025641	0.0212766	0.0681818	0.0689655	0.0333333	0.0294118	0.0	0.0097087	0.0	0.0	0.0	0.0015	0.025641	0.0	0.0	0.0074074	0.0	0.0015	0.0015	0.0058824	0.0119048	0.0	0.020202	0.0211268	0.0277778	0.0	0.0	0.0015	0.0	0.0208333	0.0526316	0.084507	0.0238095	0.0689655	0.0833333	0.1	0.05	0.0434783	0.12	0.0535714	
Fuligule nyroca	0.0	0.0	0.08	0.0196078	0.0294118	0.0	0.0	0.0	0.0	0.0	0.0	0.0	0.0166667	0.0196078	0.0	0.0	0.0	0.0	0.0	0.0	0.0	0.0	0.0	0.0	0.0	0.0	0.0	0.0117647	0.0	0.0147059	0.030303	0.0070423	0.0	0.0	0.0	0.0	0.0	0.0	0.0175439	0.0140845	0.0	0.0	0.0	0.0	0.0	0.0	0.04	0.0178571	
Fuligule morillon	0.0566038	0.0555556	0.16	0.0196078	0.0294118	0.0294118	0.025641	0.0192308	0.025641	0.0	0.0454545	0.045977	0.0	0.0	0.0	0.0097087	0.0	0.0	0.0	0.0	0.0	0.0	0.0	0.0074074	0.0	0.0117647	0.0	0.0	0.0	0.0	0.010101	0.0070423	0.0	0.0	0.0	0.0	0.0222222	0.0208333	0.0	0.0422535	0.0	0.0689655	0.0416667	0.0666667	0.0	0.0434783	0.08	0.0357143	
Harle huppé	0.0	0.0	0.0	0.0196078	0.0	0.0	0.0	0.0	0.0	0.0	0.0	0.0	0.0	0.0	0.0	0.0	0.0	0.0	0.0	0.0	0.0	0.0	0.0	0.0	0.0	0.0	0.0	0.0	0.0	0.0	0.0	0.0	0.0	0.0	0.0	0.0	0.0	0.0	0.0	0.0	0.0	0.0	0.0	0.0	0.0	0.0	0.0	0.0	
anatidé sp. (canard sp.)	0.0	0.0	0.0	0.0196078	0.0	0.0	0.0	0.0	0.0	0.0212766	0.0	0.0114943	0.0	0.0	0.0	0.0	0.0015	0.0	0.0	0.0	0.0	0.0	0.0	0.0	0.0	0.0	0.0	0.0058824	0.0	0.0	0.0	0.0070423	0.0	0.0	0.0	0.0	0.0	0.0	0.0175439	0.0	0.0	0.0	0.0	0.0	0.0	0.0	0.0	0.0	
Perdrix grise	0.0377358	0.0	0.0	0.0	0.0	0.0	0.0	0.0	0.0	0.0	0.0	0.0	0.0166667	0.0	0.0	0.0	0.0	0.0	0.0	0.0	0.0384615	0.0	0.0232558	0.0074074	0.0015	0.0117647	0.0	0.0015	0.0	0.0	0.0	0.0070423	0.0138889	0.0	0.0	0.0	0.0	0.0	0.0	0.0	0.0	0.0	0.0416667	0.0	0.0	0.0	0.0	0.0	
Faisan de Colchide	0.0	0.0	0.0	0.0	0.0	0.0	0.0	0.0	0.025641	0.0212766	0.0015	0.0	0.0	0.0015	0.0	0.0	0.0	0.0	0.0135135	0.0	0.0128205	0.0	0.0	0.0	0.0	0.0	0.009901	0.0	0.0	0.0	0.0	0.0070423	0.0	0.0344828	0.0	0.0	0.0	0.0	0.0175439	0.0140845	0.0	0.0	0.0	0.0	0.0	0.0	0.0	0.0	
Caille des blés	0.0	0.0	0.0	0.0	0.0	0.0	0.0	0.0	0.0	0.0	0.0	0.0	0.0	0.0015	0.0	0.0	0.0113636	0.0	0.0	0.0701754	0.0897436	0.0547945	0.0930233	0.1851852	0.1917808	0.1176471	0.049505	0.0352941	0.0	0.0147059	0.010101	0.0140845	0.0138889	0.0	0.0	0.0	0.0	0.0	0.0	0.0	0.0	0.0	0.0	0.0	0.0	0.0	0.0	0.0	
Perdrix bartavelle	0.0	0.0555556	0.04	0.0	0.0	0.0	0.0	0.0	0.0	0.0	0.0	0.0114943	0.0	0.0	0.0	0.0	0.0227273	0.0086207	0.0	0.0087719	0.0128205	0.0	0.0232558	0.0	0.0136986	0.0	0.0015	0.0058824	0.0015	0.0441176	0.010101	0.0	0.0416667	0.0344828	0.0322581	0.0185185	0.0	0.0	0.0	0.0140845	0.0	0.0344828	0.0	0.0015	0.0	0.0	0.0	0.0	
Pigeon biset	0.3018868	0.2777778	0.32	0.372549	0.5588235	0.5882353	0.3589744	0.4615385	0.5128205	0.4468085	0.4545455	0.3333333	0.35	0.2647059	0.2727273	0.1747573	0.2045455	0.1465517	0.2702703	0.2105263	0.1025641	0.2465753	0.1395349	0.1851852	0.3150685	0.3529412	0.2772277	0.2176471	0.1904762	0.1323529	0.1414141	0.1830986	0.1666667	0.3103448	0.3548387	0.2962963	0.1777778	0.25	0.245614	0.2535211	0.3809524	0.3103448	0.1666667	0.3666667	0.5	0.3043478	0.4	0.3035714	
Pigeon colombin	0.0	0.0	0.0	0.0	0.0	0.0	0.0	0.0	0.0	0.0	0.0	0.0	0.0	0.0098039	0.0	0.0	0.0	0.0	0.0	0.0	0.0	0.0	0.0	0.0	0.0	0.0	0.0	0.0	0.0	0.0	0.0	0.0	0.0	0.0	0.0	0.0	0.0	0.0	0.0	0.0	0.0	0.0	0.0	0.0	0.0	0.0	0.0	0.0	
Pigeon ramier	0.4150943	0.5	0.64	0.4509804	0.6764706	0.4705882	0.4871795	0.6346154	0.6923077	0.5106383	0.7045455	0.5402299	0.6166667	0.5196078	0.5909091	0.5631068	0.4772727	0.4396552	0.5405405	0.4736842	0.4487179	0.5068493	0.3953488	0.4296296	0.5205479	0.5529412	0.3267327	0.4647059	0.3809524	0.3529412	0.4242424	0.3591549	0.3333333	0.3793103	0.516129	0.462963	0.4222222	0.375	0.4561404	0.3521127	0.4285714	0.5517241	0.2916667	0.4666667	0.6	0.6086957	0.8	0.3035714	
Tourterelle des bois	0.0	0.0	0.0	0.0	0.0	0.0	0.0	0.0	0.0	0.0	0.0	0.0	0.0	0.0	0.0151515	0.0485437	0.0227273	0.0862069	0.0945946	0.0526316	0.1282051	0.1780822	0.0465116	0.0518519	0.1643836	0.1058824	0.029703	0.0294118	0.0952381	0.0294118	0.0505051	0.028169	0.0138889	0.0	0.0	0.0	0.0	0.0	0.0	0.0	0.0	0.0	0.0	0.0	0.0	0.0	0.0	0.0	
Tourterelle turque	0.3396226	0.25	0.4	0.2352941	0.3529412	0.2647059	0.2307692	0.4807692	0.4358974	0.4042553	0.5454545	0.2758621	0.25	0.2843137	0.3333333	0.3300971	0.1931818	0.1810345	0.2297297	0.1842105	0.1282051	0.2465753	0.1627907	0.1703704	0.3150685	0.3882353	0.2079208	0.2176471	0.1547619	0.1176471	0.1616162	0.1760563	0.2083333	0.3103448	0.3548387	0.2037037	0.2666667	0.1666667	0.2105263	0.1971831	0.2857143	0.1724138	0.2083333	0.1333333	0.4	0.4347826	0.2	0.1785714	
Coucou geai	0.0	0.0	0.0	0.0	0.0	0.0	0.0	0.0	0.0	0.0	0.0	0.0	0.0	0.0	0.0	0.0	0.0	0.0	0.0	0.0	0.0	0.0	0.0232558	0.0	0.0	0.0	0.0	0.0	0.0	0.0	0.0	0.0	0.0	0.0	0.0	0.0	0.0	0.0	0.0	0.0	0.0	0.0	0.0	0.0	0.0	0.0	0.0	0.0	
Coucou gris	0.0	0.0	0.0	0.0	0.0	0.0	0.0	0.0	0.0	0.0	0.0	0.0	0.0015	0.2156863	0.2424242	0.2912621	0.3522727	0.2844828	0.1891892	0.3070175	0.3333333	0.1780822	0.2093023	0.1037037	0.0410959	0.0	0.0	0.0117647	0.0119048	0.0441176	0.010101	0.0211268	0.0	0.0	0.0645161	0.0	0.0	0.0	0.0	0.0	0.0	0.0	0.0	0.0	0.0	0.0	0.0	0.0	
Engoulevent d'Europe	0.0	0.0	0.0	0.0	0.0	0.0	0.0	0.0	0.0	0.0	0.0	0.0	0.0	0.0	0.0	0.0	0.0	0.0172414	0.0	0.0263158	0.0128205	0.0136986	0.0	0.0296296	0.0136986	0.0117647	0.0015	0.0058824	0.0015	0.0	0.010101	0.0140845	0.0	0.0	0.0	0.0	0.0	0.0	0.0	0.0	0.0	0.0	0.0	0.0	0.0	0.0	0.0	0.0	
Martinet à ventre blanc	0.0	0.0	0.0	0.0	0.0	0.0	0.0	0.0	0.0	0.0	0.0681818	0.0	0.0	0.0	0.0151515	0.0	0.0	0.0086207	0.0	0.0	0.0015	0.0136986	0.0	0.0074074	0.0136986	0.0	0.009901	0.0058824	0.0238095	0.0147059	0.0015	0.0070423	0.0	0.0	0.0	0.0	0.0	0.0	0.0	0.0	0.0	0.0	0.0	0.0	0.0	0.0	0.0	0.0	
Martinet noir	0.0	0.0	0.0	0.0	0.0	0.0	0.0	0.0	0.0	0.0212766	0.0	0.0574713	0.0833333	0.1960784	0.2878788	0.2524272	0.2386364	0.2586207	0.3243243	0.245614	0.2435897	0.4246575	0.255814	0.2888889	0.4657534	0.3882353	0.2277228	0.0529412	0.0714286	0.0882353	0.0909091	0.0422535	0.0277778	0.0	0.0322581	0.0185185	0.0	0.0	0.0015	0.0	0.0	0.0	0.0	0.0	0.0	0.0	0.0	0.0	
Martinet pâle	0.0	0.0	0.0	0.0	0.0	0.0	0.0	0.0	0.0	0.0	0.0	0.0	0.0	0.0	0.0	0.0	0.0015	0.0	0.0135135	0.0015	0.0	0.0136986	0.0	0.0074074	0.0684932	0.0117647	0.0015	0.0058824	0.0119048	0.0441176	0.020202	0.0070423	0.0	0.0344828	0.0322581	0.0	0.0	0.0	0.0175439	0.0	0.0	0.0	0.0	0.0	0.0	0.0	0.0	0.0	
Martinet noir ou M. pâle	0.0	0.0	0.0	0.0	0.0	0.0	0.0	0.0	0.0	0.0	0.0	0.0	0.0	0.0196078	0.0	0.0	0.0	0.0	0.0	0.0	0.0	0.0	0.0	0.0	0.0	0.0	0.0	0.0058824	0.0	0.0	0.0	0.0015	0.0	0.0	0.0	0.0185185	0.0	0.0	0.0	0.0	0.0	0.0	0.0	0.0	0.0	0.0	0.0	0.0	
Apus ou Tachymarptis sp.	0.0	0.0	0.0	0.0	0.0	0.0	0.0	0.0	0.0	0.0	0.0	0.0	0.0	0.0	0.0	0.0	0.0	0.0	0.0	0.0	0.0	0.0	0.0	0.0	0.0	0.0	0.0	0.0015	0.0	0.0	0.0	0.0	0.0	0.0	0.0	0.0	0.0	0.0	0.0	0.0	0.0	0.0	0.0	0.0	0.0	0.0	0.0	0.0	
apodidé sp.	0.0	0.0	0.0	0.0	0.0	0.0	0.0	0.0	0.0	0.0	0.0	0.0	0.0	0.0	0.0	0.0	0.0	0.0	0.0	0.0	0.0	0.0	0.0	0.0	0.0	0.0	0.0	0.0	0.0119048	0.0	0.0	0.0	0.0	0.0	0.0322581	0.0	0.0	0.0	0.0	0.0	0.0	0.0	0.0	0.0	0.0	0.0	0.0	0.0	
Râle d'eau	0.0	0.0555556	0.04	0.0392157	0.0	0.0294118	0.0	0.0576923	0.025641	0.0212766	0.0454545	0.0114943	0.0	0.0	0.0151515	0.0	0.0	0.0	0.0	0.0	0.0	0.0	0.0	0.0015	0.0	0.0	0.0	0.0015	0.0	0.0	0.010101	0.0	0.0	0.0	0.0	0.0	0.0	0.0	0.0350877	0.0140845	0.0	0.0689655	0.0416667	0.0333333	0.0015	0.0869565	0.08	0.0178571	
Marouette ponctuée	0.0	0.0	0.0	0.0	0.0	0.0	0.0	0.0	0.0	0.0	0.0	0.0015	0.0	0.0	0.0	0.0	0.0	0.0	0.0	0.0	0.0	0.0	0.0	0.0	0.0	0.0	0.0	0.0	0.0	0.0	0.0	0.0	0.0	0.0	0.0	0.0	0.0	0.0	0.0	0.0	0.0	0.0	0.0	0.0	0.0	0.0	0.0	0.0	
Gallinule poule-d'eau	0.1320755	0.0555556	0.16	0.1372549	0.1176471	0.0882353	0.1025641	0.1538462	0.0769231	0.0425532	0.2045455	0.137931	0.0166667	0.0686275	0.030303	0.0582524	0.0454545	0.0517241	0.0135135	0.0175439	0.025641	0.0821918	0.0465116	0.0296296	0.1232877	0.1176471	0.019802	0.0941176	0.1190476	0.0882353	0.010101	0.0774648	0.0015	0.0	0.0322581	0.0185185	0.1111111	0.0625	0.0526316	0.0985915	0.0714286	0.2758621	0.125	0.1333333	0.05	0.2173913	0.12	0.0892857	
Foulque macroule	0.1886792	0.2222222	0.24	0.1960784	0.1176471	0.0882353	0.1025641	0.1346154	0.1025641	0.106383	0.1818182	0.137931	0.0666667	0.1176471	0.0606061	0.0582524	0.0795455	0.112069	0.0675676	0.0438596	0.0769231	0.0547945	0.0465116	0.0888889	0.0547945	0.1294118	0.039604	0.0823529	0.1190476	0.0588235	0.1616162	0.0915493	0.0833333	0.0015	0.0015	0.0555556	0.0444444	0.0833333	0.1052632	0.1267606	0.047619	0.2413793	0.1666667	0.1333333	0.1	0.1304348	0.16	0.1785714	
Grue cendrée	0.0	0.0	0.0	0.0	0.0	0.0	0.0	0.0192308	0.0	0.0	0.0	0.0	0.0	0.0	0.0	0.0	0.0	0.0	0.0	0.0	0.0	0.0	0.0	0.0	0.0	0.0	0.0	0.0	0.0	0.0	0.0	0.0	0.0	0.0	0.0	0.0	0.0	0.0	0.0	0.0	0.0	0.0	0.0	0.0	0.0	0.0	0.0	0.0	
Échasse blanche	0.0	0.0	0.0	0.0	0.0	0.0	0.0	0.0	0.0	0.0	0.0	0.0114943	0.0833333	0.0	0.0	0.0	0.0	0.0	0.0	0.0	0.0	0.0	0.0015	0.0	0.0136986	0.0	0.0	0.0058824	0.0	0.0147059	0.0	0.0	0.0	0.0	0.0	0.0	0.0	0.0	0.0	0.0	0.0	0.0	0.0	0.0	0.0	0.0	0.0	0.0	
Avocette élégante	0.0	0.0	0.0	0.0	0.0	0.0	0.0	0.0	0.0	0.0	0.0	0.0	0.0	0.0	0.0	0.0	0.0	0.0	0.0	0.0	0.0	0.0	0.0	0.0	0.0	0.0	0.0	0.0	0.0	0.0	0.0	0.0070423	0.0	0.0	0.0	0.0	0.0	0.0	0.0	0.0	0.0	0.0	0.0	0.0	0.0	0.0	0.0	0.0	
Huîtrier pie	0.0	0.0	0.0	0.0	0.0	0.0	0.0	0.0	0.0	0.0	0.0	0.0	0.0	0.0	0.0	0.0	0.0	0.0	0.0	0.0	0.0	0.0	0.0	0.0	0.0	0.0	0.009901	0.0	0.0119048	0.0	0.0	0.0	0.0	0.0	0.0	0.0	0.0	0.0	0.0	0.0	0.0	0.0	0.0	0.0	0.0	0.0	0.0	0.0	
Pluvier doré	0.0	0.0	0.0	0.0	0.0294118	0.0	0.0	0.0	0.0	0.0	0.0	0.0	0.0	0.0	0.0	0.0	0.0	0.0	0.0	0.0	0.0	0.0	0.0	0.0	0.0	0.0	0.0	0.0	0.0	0.0	0.0	0.0	0.0	0.0	0.0	0.0	0.0	0.0	0.0	0.0	0.0	0.0	0.0	0.0	0.0	0.0	0.0	0.0	
Guignard d’Eurasie	0.0	0.0	0.0	0.0	0.0	0.0	0.0	0.0	0.0	0.0	0.0	0.0	0.0	0.0	0.0	0.0	0.0	0.0	0.0	0.0	0.0	0.0	0.0	0.0	0.0	0.0	0.0	0.0	0.0	0.0	0.010101	0.0140845	0.0277778	0.0015	0.0015	0.0	0.0	0.0015	0.0	0.0	0.0	0.0	0.0	0.0	0.0	0.0	0.0	0.0	
Grand Gravelot	0.0	0.0	0.0	0.0	0.0	0.0	0.0	0.0	0.0	0.0	0.0	0.0	0.0	0.0	0.0	0.0	0.0	0.0	0.0	0.0	0.0	0.0	0.0	0.0	0.0	0.0	0.0	0.0	0.0	0.0	0.0	0.0140845	0.0	0.0	0.0	0.0	0.0	0.0	0.0175439	0.0	0.0	0.0	0.0	0.0	0.0	0.0	0.0	0.0	
Petit Gravelot	0.0	0.0	0.0	0.0	0.0	0.0	0.0	0.0	0.025641	0.0	0.0	0.0229885	0.0	0.0	0.0	0.0194175	0.0227273	0.0	0.0	0.0	0.0	0.0	0.0015	0.0	0.0410959	0.0117647	0.0	0.0	0.0	0.0	0.0	0.0070423	0.0	0.0	0.0	0.0	0.0	0.0	0.0	0.0	0.0	0.0	0.0	0.0	0.0	0.0	0.0	0.0	
Vanneau huppé	0.0188679	0.0	0.08	0.0196078	0.0588235	0.0	0.025641	0.0	0.0	0.0	0.0	0.0	0.0	0.0	0.0	0.0	0.0	0.0	0.0	0.0	0.0	0.0	0.0	0.0	0.0	0.0	0.0	0.0	0.0	0.0	0.0	0.0	0.0	0.0	0.0	0.0	0.0	0.0	0.0	0.0140845	0.0	0.0	0.0	0.0	0.0	0.0	0.0	0.0357143	
Gravelot à collier interrompu	0.0188679	0.0	0.0	0.0	0.0	0.0	0.0	0.0	0.0015	0.0	0.0	0.0114943	0.0	0.0	0.0015	0.0194175	0.0015	0.0015	0.0	0.0015	0.0	0.0	0.0	0.0074074	0.0	0.0117647	0.0	0.0	0.0	0.0147059	0.0	0.0	0.0	0.0	0.0	0.0	0.0	0.0	0.0175439	0.0015	0.0	0.0	0.0	0.0	0.0	0.0	0.04	0.0	
Courlis corlieu	0.0	0.0	0.0	0.0	0.0	0.0	0.0	0.0	0.0	0.0	0.0	0.0	0.0	0.0	0.0	0.0	0.0	0.0	0.0	0.0	0.0	0.0	0.0	0.0	0.0	0.0117647	0.009901	0.0	0.0	0.0	0.0	0.0	0.0	0.0	0.0	0.0	0.0	0.0	0.0	0.0	0.0	0.0	0.0	0.0	0.0	0.0	0.0	0.0	
Courlis cendré	0.0	0.0	0.0	0.0	0.0	0.0294118	0.0	0.0192308	0.0015	0.0	0.0	0.0	0.0166667	0.0	0.0	0.0	0.0	0.0	0.0	0.0	0.0	0.0	0.0	0.0	0.0	0.0	0.0	0.0	0.0	0.0	0.0	0.0	0.0	0.0	0.0	0.0	0.0	0.0	0.0	0.0015	0.0	0.0	0.0	0.0	0.0	0.0	0.0	0.0	
Barge rousse	0.0	0.0	0.0	0.0	0.0	0.0	0.0	0.0	0.0	0.0	0.0	0.0	0.0	0.0	0.0	0.0	0.0	0.0	0.0	0.0	0.0	0.0	0.0	0.0	0.0	0.0	0.0	0.0	0.0	0.0	0.0	0.0	0.0	0.0	0.0	0.0	0.0	0.0	0.0	0.0015	0.0	0.0	0.0	0.0	0.0	0.0	0.0	0.0	
Bécasse des bois	0.0	0.0	0.0	0.0	0.0	0.0	0.0	0.0	0.0	0.0	0.0	0.0	0.0	0.0	0.0	0.0	0.0	0.0	0.0	0.0	0.0	0.0	0.0	0.0	0.0	0.0	0.0	0.0	0.0	0.0	0.0	0.0	0.0	0.0	0.0	0.0	0.0	0.0	0.0	0.0	0.0	0.0	0.0	0.0015	0.0	0.0	0.0	0.0178571	
Bécassine des marais	0.0377358	0.0	0.0	0.0	0.0294118	0.0	0.025641	0.0	0.0	0.0	0.0	0.0	0.0166667	0.0	0.0	0.0	0.0	0.0	0.0	0.0	0.0	0.0	0.0	0.0	0.0	0.0	0.0	0.0	0.0	0.0	0.010101	0.0070423	0.0138889	0.0	0.0	0.0185185	0.0	0.0	0.0175439	0.0140845	0.0	0.0	0.0416667	0.0333333	0.0	0.0	0.04	0.0357143	
Chevalier guignette	0.0	0.0	0.04	0.0	0.0	0.0294118	0.0	0.0192308	0.025641	0.0212766	0.0227273	0.0229885	0.0833333	0.0098039	0.0757576	0.0582524	0.0454545	0.0172414	0.0	0.0015	0.0	0.0	0.0	0.0	0.0547945	0.0015	0.019802	0.0294118	0.0833333	0.0441176	0.0909091	0.0492958	0.0416667	0.0	0.0322581	0.0	0.0	0.0	0.0175439	0.0015	0.0	0.0344828	0.0	0.0333333	0.0	0.0	0.0	0.0178571	
Chevalier culblanc	0.0	0.0	0.0	0.0	0.0	0.0	0.025641	0.0192308	0.025641	0.0	0.0227273	0.0229885	0.0833333	0.0196078	0.0	0.0	0.0	0.0	0.0	0.0	0.0	0.0	0.0015	0.0015	0.0136986	0.0117647	0.0015	0.0352941	0.0119048	0.0441176	0.030303	0.0070423	0.0138889	0.0	0.0	0.0185185	0.0222222	0.0	0.0526316	0.028169	0.0	0.0	0.0	0.0333333	0.0	0.0	0.0	0.0357143	
Chevalier stagnatile	0.0	0.0	0.0	0.0	0.0	0.0	0.0	0.0	0.0	0.0	0.0	0.0	0.0166667	0.0	0.0	0.0	0.0	0.0	0.0	0.0	0.0	0.0	0.0	0.0	0.0	0.0	0.0	0.0	0.0	0.0	0.0	0.0	0.0	0.0	0.0	0.0	0.0	0.0	0.0	0.0	0.0	0.0	0.0	0.0	0.0	0.0	0.0	0.0	
Chevalier sylvain	0.0	0.0	0.0	0.0	0.0	0.0	0.0	0.0	0.0	0.0	0.0	0.0	0.05	0.0	0.0015	0.0097087	0.0113636	0.0	0.0	0.0015	0.0	0.0	0.0	0.0	0.0	0.0117647	0.0	0.0117647	0.0	0.0	0.030303	0.0	0.0	0.0	0.0	0.0	0.0	0.0	0.0	0.0	0.0	0.0	0.0	0.0	0.0	0.0	0.0	0.0	
Chevalier gambette	0.0	0.0	0.0	0.0	0.0	0.0	0.0	0.0	0.0	0.0	0.0	0.0	0.0	0.0	0.0	0.0015	0.0	0.0	0.0	0.0015	0.0	0.0	0.0	0.0	0.0	0.0	0.0	0.0	0.0	0.0	0.0	0.0	0.0	0.0	0.0	0.0	0.0	0.0	0.0	0.0	0.0	0.0	0.0	0.0	0.0	0.0	0.0	0.0	
Chevalier arlequin	0.0	0.0	0.0	0.0	0.0	0.0	0.0	0.0	0.0	0.0	0.0227273	0.0	0.0	0.0	0.0	0.0	0.0	0.0	0.0	0.0	0.0	0.0	0.0	0.0	0.0	0.0	0.0	0.0	0.0	0.0	0.0	0.0	0.0	0.0	0.0	0.0	0.0	0.0	0.0	0.0	0.0	0.0	0.0	0.0	0.0	0.0	0.0	0.0	
Chevalier aboyeur	0.0	0.0	0.0	0.0	0.0	0.0	0.0	0.0	0.0	0.0	0.0	0.0	0.0166667	0.0	0.0	0.0097087	0.0015	0.0	0.0	0.0	0.0	0.0	0.0	0.0	0.0	0.0	0.0	0.0	0.0	0.0	0.010101	0.0140845	0.0138889	0.0	0.0	0.0	0.0	0.0	0.0	0.0	0.0	0.0	0.0	0.0	0.0	0.0	0.0	0.0	
Tournepierre à collier	0.0	0.0	0.0	0.0	0.0	0.0	0.0	0.0	0.0	0.0	0.0	0.0	0.0	0.0	0.0	0.0	0.0	0.0	0.0	0.0	0.0	0.0	0.0	0.0	0.0	0.0	0.0	0.0	0.0	0.0	0.0	0.0070423	0.0	0.0	0.0	0.0	0.0	0.0	0.0	0.0	0.0	0.0	0.0	0.0	0.0	0.0	0.0	0.0	
Combattant varié	0.0	0.0	0.0	0.0	0.0	0.0	0.0	0.0	0.0	0.0	0.0	0.0	0.0	0.0	0.0	0.0	0.0113636	0.0	0.0	0.0	0.0	0.0	0.0	0.0	0.0	0.0	0.0	0.0	0.0	0.0	0.0	0.0070423	0.0138889	0.0	0.0	0.0	0.0	0.0	0.0	0.0	0.0	0.0	0.0	0.0	0.0	0.0	0.0	0.0	
Bécasseau cocorli	0.0	0.0	0.0	0.0	0.0	0.0	0.0	0.0	0.0	0.0	0.0	0.0	0.0	0.0	0.0	0.0	0.0113636	0.0	0.0	0.0	0.0	0.0	0.0	0.0	0.0	0.0	0.0	0.0	0.0	0.0	0.0	0.0	0.0	0.0	0.0	0.0	0.0	0.0	0.0	0.0	0.0	0.0	0.0	0.0	0.0	0.0	0.0	0.0	
Bécasseau de Temminck	0.0	0.0	0.0	0.0	0.0	0.0	0.0	0.0	0.0	0.0	0.0	0.0	0.0	0.0	0.0	0.0	0.0113636	0.0	0.0	0.0	0.0	0.0	0.0	0.0	0.0	0.0	0.0	0.0	0.0	0.0	0.0	0.0	0.0	0.0	0.0	0.0	0.0	0.0	0.0	0.0	0.0	0.0	0.0	0.0	0.0	0.0	0.0	0.0	
Bécasseau sanderling	0.0188679	0.0	0.0	0.0	0.0	0.0	0.0	0.0	0.0	0.0	0.0	0.0	0.0	0.0	0.0	0.0	0.0	0.0	0.0	0.0	0.0	0.0	0.0	0.0	0.0	0.0	0.0	0.0	0.0	0.0	0.0	0.0	0.0	0.0	0.0	0.0	0.0	0.0	0.0	0.0	0.0	0.0	0.0	0.0	0.0	0.0	0.0	0.0	
Bécasseau variable	0.0	0.0	0.0	0.0	0.0	0.0	0.0	0.0	0.0	0.0	0.0	0.0	0.0	0.0	0.0	0.0	0.0015	0.0	0.0	0.0	0.0	0.0	0.0	0.0	0.0	0.0	0.0	0.0	0.0	0.0	0.0	0.0070423	0.0	0.0	0.0	0.0	0.0	0.0	0.0175439	0.0	0.0	0.0	0.0	0.0	0.0	0.0	0.0	0.0	
Bécasseau minute	0.0	0.0	0.0	0.0	0.0	0.0	0.0	0.0	0.0	0.0	0.0	0.0	0.0	0.0	0.0	0.0	0.0113636	0.0	0.0	0.0	0.0	0.0	0.0	0.0	0.0	0.0	0.0	0.0	0.0	0.0	0.0	0.0	0.0	0.0	0.0	0.0	0.0	0.0	0.0	0.0	0.0	0.0	0.0	0.0	0.0	0.0	0.0	0.0	
Calidris sp. (petit bécasseau sp.)	0.0	0.0	0.0	0.0	0.0	0.0	0.0	0.0	0.0	0.0	0.0	0.0	0.0	0.0	0.0	0.0	0.0	0.0	0.0	0.0	0.0	0.0	0.0	0.0	0.0	0.0	0.0	0.0	0.0	0.0	0.0	0.0	0.0	0.0	0.0	0.0185185	0.0	0.0	0.0	0.0	0.0	0.0	0.0	0.0	0.0	0.0	0.0	0.0	
limicole sp.	0.0	0.0	0.0	0.0	0.0	0.0	0.0	0.0	0.0	0.0	0.0	0.0	0.0	0.0	0.0	0.0	0.0	0.0	0.0	0.0	0.0	0.0	0.0	0.0	0.0	0.0	0.0	0.0058824	0.0	0.0	0.0	0.0	0.0	0.0	0.0	0.0	0.0	0.0	0.0	0.0	0.0	0.0	0.0	0.0	0.0	0.0	0.0	0.0	
Mouette pygmée	0.0188679	0.0	0.0	0.0196078	0.0	0.0	0.0	0.0	0.0	0.0	0.0	0.0	0.0	0.0	0.0	0.0	0.0015	0.0	0.0	0.0	0.0	0.0	0.0	0.0	0.0	0.0	0.0	0.0	0.0	0.0	0.0	0.0070423	0.0	0.0	0.0	0.0	0.0	0.0	0.0	0.0	0.0	0.0	0.0	0.0333333	0.0	0.0	0.0	0.0015	
Goéland railleur	0.0188679	0.0	0.0	0.0	0.0	0.0	0.0	0.0	0.0	0.0	0.0	0.0	0.0	0.0	0.0	0.0	0.0	0.0	0.0	0.0	0.0	0.0	0.0	0.0	0.0	0.0	0.0	0.0	0.0	0.0	0.0	0.0	0.0	0.0	0.0	0.0	0.0	0.0	0.0	0.0	0.0	0.0	0.0	0.0	0.0	0.0	0.0	0.0015	
Mouette rieuse	0.0377358	0.0555556	0.0015	0.0588235	0.0882353	0.1176471	0.0	0.0192308	0.0769231	0.0	0.0681818	0.0	0.0	0.0	0.0	0.0	0.0227273	0.0	0.0	0.0015	0.0	0.0	0.0015	0.0074074	0.0684932	0.0235294	0.009901	0.0411765	0.0952381	0.0294118	0.030303	0.056338	0.0277778	0.0344828	0.0322581	0.0185185	0.0444444	0.0208333	0.0526316	0.0015	0.0714286	0.0015	0.0416667	0.0	0.15	0.0434783	0.16	0.0178571	
Goéland d'Audouin	0.0	0.0	0.0	0.0	0.0	0.0	0.0	0.0	0.0	0.0	0.0	0.0	0.0	0.0	0.0	0.0	0.0	0.0	0.0	0.0	0.0	0.0	0.0	0.0	0.0	0.0	0.009901	0.0	0.0	0.0	0.0	0.0	0.0	0.0	0.0	0.0	0.0	0.0	0.0	0.0	0.0	0.0	0.0	0.0	0.0	0.0	0.0	0.0	
Mouette mélanocéphale	0.0188679	0.0	0.0	0.0196078	0.0294118	0.0588235	0.0	0.0192308	0.0	0.0	0.0	0.0	0.0	0.0	0.0	0.0	0.0	0.0	0.0	0.0015	0.0	0.0	0.0	0.0015	0.0273973	0.0117647	0.029703	0.0058824	0.047619	0.0147059	0.0	0.0070423	0.0	0.0	0.0	0.0	0.0222222	0.0	0.0175439	0.0	0.0	0.0	0.0	0.0	0.0	0.0	0.08	0.0	
Goéland cendré	0.0	0.0	0.0	0.0392157	0.0	0.0	0.0	0.0192308	0.0	0.0	0.0	0.0	0.0	0.0	0.0	0.0	0.0	0.0	0.0	0.0	0.0	0.0	0.0	0.0	0.0	0.0	0.0	0.0	0.0	0.0	0.0	0.0	0.0	0.0	0.0	0.0	0.0015	0.0	0.0	0.0	0.0	0.0344828	0.0	0.0	0.0	0.0	0.0	0.0	
Goéland pontique	0.0188679	0.0	0.0	0.0588235	0.0588235	0.0	0.0	0.0192308	0.025641	0.0	0.0	0.0	0.0	0.0	0.0	0.0	0.0	0.0	0.0	0.0	0.0	0.0	0.0	0.0	0.0	0.0	0.0	0.0	0.0	0.0	0.0	0.0	0.0	0.0	0.0	0.0	0.0	0.0	0.0	0.0	0.0	0.0	0.0	0.0	0.0	0.0	0.08	0.0	
Goéland leucophée	0.1509434	0.1944444	0.12	0.1568627	0.1764706	0.2352941	0.0769231	0.25	0.3589744	0.2340426	0.3636364	0.2643678	0.1666667	0.0490196	0.1515152	0.0970874	0.0795455	0.0689655	0.1351351	0.0701754	0.0769231	0.0684932	0.0465116	0.0296296	0.0547945	0.0941176	0.0792079	0.0529412	0.0595238	0.0147059	0.020202	0.084507	0.0555556	0.1034483	0.0967742	0.037037	0.0444444	0.0416667	0.1052632	0.0422535	0.0952381	0.0015	0.0416667	0.0666667	0.3	0.2173913	0.32	0.1785714	
Goéland brun	0.0188679	0.0277778	0.0	0.0588235	0.0	0.0294118	0.0	0.0384615	0.025641	0.0	0.0	0.0114943	0.0	0.0	0.0	0.0	0.0	0.0	0.0135135	0.0	0.0	0.0	0.0	0.0	0.0	0.0	0.0	0.0	0.0	0.0	0.0015	0.0	0.0	0.0	0.0	0.0185185	0.0015	0.0	0.0	0.0140845	0.0	0.0	0.0	0.0	0.0	0.0	0.04	0.0	
goéland ou mouette sp.	0.0	0.0	0.0	0.0	0.0	0.0	0.0	0.0	0.0	0.0	0.0227273	0.0	0.0	0.0	0.0	0.0	0.0	0.0	0.0	0.0087719	0.0	0.0	0.0	0.0	0.0	0.0	0.0	0.0058824	0.0	0.0	0.0	0.0070423	0.0	0.0	0.0	0.0	0.0	0.0	0.0	0.0	0.0238095	0.0	0.0	0.0	0.0	0.0	0.0	0.0	
Sterne caspienne	0.0	0.0	0.0	0.0	0.0	0.0	0.0	0.0	0.0	0.0	0.0	0.0	0.0	0.0	0.0	0.0	0.0	0.0	0.0	0.0	0.0	0.0	0.0	0.0	0.0	0.0	0.0	0.0	0.0	0.0	0.0	0.0070423	0.0	0.0	0.0	0.0	0.0	0.0	0.0	0.0	0.0	0.0	0.0	0.0	0.0	0.0	0.0	0.0	
Guifette moustac	0.0	0.0	0.0	0.0	0.0	0.0	0.0	0.0	0.0	0.0	0.0	0.0	0.0	0.0	0.0	0.0	0.0	0.0	0.0	0.0015	0.0	0.0	0.0	0.0	0.0	0.0	0.0	0.0	0.0	0.0	0.0	0.0	0.0	0.0	0.0	0.0	0.0	0.0	0.0	0.0	0.0	0.0	0.0	0.0	0.0	0.0	0.0	0.0	
Guifette noire	0.0	0.0	0.0	0.0	0.0	0.0	0.0	0.0	0.0	0.0	0.0	0.0	0.0	0.0	0.0	0.0097087	0.0	0.0	0.0	0.0	0.0	0.0	0.0	0.0	0.0	0.0	0.0	0.0	0.0	0.0	0.0	0.0	0.0	0.0	0.0	0.0	0.0	0.0	0.0	0.0	0.0	0.0	0.0	0.0	0.0	0.0	0.0	0.0	
Guifette leucoptère	0.0	0.0	0.0	0.0	0.0	0.0	0.0	0.0	0.0	0.0	0.0	0.0	0.0	0.0	0.0	0.0	0.0	0.0	0.0	0.0	0.0	0.0	0.0	0.0	0.0	0.0	0.0	0.0	0.0	0.0	0.0	0.0	0.0015	0.0	0.0	0.0	0.0	0.0	0.0	0.0	0.0	0.0	0.0	0.0	0.0	0.0	0.0	0.0	
Sterne pierregarin	0.0	0.0	0.0	0.0	0.0	0.0	0.0	0.0	0.0	0.0	0.0	0.0	0.0	0.0	0.0	0.0	0.0	0.0	0.0	0.0	0.0	0.0	0.0	0.0	0.0	0.0	0.0	0.0	0.0	0.0	0.0	0.0070423	0.0	0.0	0.0	0.0	0.0	0.0	0.0	0.0	0.0	0.0	0.0	0.0	0.0	0.0	0.0	0.0	
Sterne caugek	0.0188679	0.0	0.0	0.0196078	0.0294118	0.0588235	0.0	0.0192308	0.0769231	0.0	0.0	0.0114943	0.0	0.0	0.0	0.0	0.0	0.0	0.0	0.0015	0.0	0.0	0.0	0.0	0.0	0.0	0.0	0.0	0.0	0.0147059	0.0015	0.0211268	0.0	0.0	0.0	0.0	0.0	0.0	0.0175439	0.0	0.0015	0.0	0.0	0.0	0.05	0.0	0.0	0.0178571	
Flamant rose	0.0	0.0	0.0	0.0	0.0	0.0	0.0	0.0	0.0	0.0	0.0	0.0	0.0	0.0	0.0	0.0	0.0	0.0	0.0	0.0	0.0	0.0	0.0	0.0	0.0	0.0	0.0	0.0	0.0	0.0	0.0015	0.0	0.0	0.0	0.0	0.0	0.0	0.0	0.0	0.0015	0.0	0.0	0.0	0.0	0.0	0.0	0.0	0.0	
Grèbe castagneux	0.1320755	0.1111111	0.24	0.0980392	0.0882353	0.0882353	0.0512821	0.1346154	0.0769231	0.0851064	0.1136364	0.1034483	0.0666667	0.0784314	0.0454545	0.0291262	0.0227273	0.0517241	0.027027	0.0	0.0384615	0.0136986	0.0232558	0.0074074	0.0136986	0.0588235	0.0	0.0294118	0.0595238	0.0294118	0.0909091	0.0492958	0.0416667	0.0	0.0	0.0185185	0.0444444	0.0625	0.0350877	0.0985915	0.0238095	0.2068966	0.0833333	0.1	0.05	0.1304348	0.12	0.1428571	
Grèbe huppé	0.0377358	0.0833333	0.12	0.1176471	0.0588235	0.0	0.025641	0.0	0.0512821	0.0212766	0.0909091	0.091954	0.0833333	0.0294118	0.0757576	0.038835	0.0568182	0.0517241	0.0405405	0.0175439	0.025641	0.0547945	0.0232558	0.0518519	0.0015	0.0588235	0.019802	0.0764706	0.0357143	0.0735294	0.1414141	0.0633803	0.0694444	0.0015	0.0322581	0.0555556	0.0222222	0.0625	0.0526316	0.0704225	0.0714286	0.0689655	0.1666667	0.1	0.15	0.0	0.12	0.1428571	
Grèbe à cou noir	0.0188679	0.0277778	0.04	0.0392157	0.0294118	0.0588235	0.0	0.0576923	0.025641	0.0	0.0227273	0.045977	0.0	0.0	0.0	0.0	0.0	0.0	0.0135135	0.0	0.0	0.0	0.0	0.0	0.0	0.0	0.0	0.0015	0.0	0.0	0.0	0.0015	0.0	0.0	0.0	0.0	0.0	0.0	0.0	0.0	0.0	0.0	0.0416667	0.0	0.0	0.0	0.04	0.0357143	
Océanite tempête	0.0	0.0	0.0	0.0	0.0	0.0	0.0	0.0	0.0	0.0	0.0	0.0	0.0	0.0	0.0	0.0	0.0	0.0	0.0	0.0087719	0.0	0.0	0.0	0.0	0.0	0.0	0.0	0.0	0.0	0.0	0.0	0.0	0.0	0.0	0.0	0.0	0.0	0.0	0.0	0.0	0.0	0.0	0.0	0.0	0.0	0.0	0.0	0.0	
Puffin de Scopoli	0.0	0.0	0.0	0.0	0.0	0.0	0.0	0.0	0.0	0.0	0.0	0.0114943	0.0	0.0	0.0	0.0	0.0	0.0	0.0	0.0	0.0	0.0	0.0	0.0	0.0	0.0	0.0	0.0	0.0	0.0147059	0.0	0.0	0.0	0.0	0.0	0.0	0.0	0.0	0.0	0.0	0.0	0.0	0.0	0.0	0.0	0.0	0.0	0.0	
Puffin yelkouan	0.0	0.0	0.0	0.0196078	0.0	0.0	0.0	0.0	0.0	0.0	0.0	0.0	0.0	0.0	0.0	0.0	0.0	0.0	0.0	0.0	0.0	0.0	0.0	0.0	0.0	0.0	0.0	0.0	0.0	0.0	0.0	0.0	0.0	0.0	0.0	0.0	0.0	0.0	0.0	0.0	0.0	0.0	0.0	0.0	0.0	0.0	0.0	0.0	
Cigogne noire	0.0	0.0	0.0	0.0	0.0	0.0	0.0	0.0	0.0	0.0	0.0	0.0	0.0166667	0.0098039	0.0	0.0	0.0015	0.0	0.0	0.0	0.0128205	0.0136986	0.0	0.0	0.0136986	0.0	0.0	0.0	0.0	0.0	0.0	0.0140845	0.0138889	0.0	0.0	0.0	0.0	0.0	0.0	0.0	0.0	0.0	0.0	0.0	0.0	0.0	0.0	0.0	
Cigogne blanche	0.0	0.0	0.0	0.0	0.0	0.0	0.0	0.0	0.0	0.0	0.0	0.0114943	0.0166667	0.0098039	0.0151515	0.0	0.0	0.0086207	0.0	0.0	0.0	0.0	0.0	0.0	0.0	0.0	0.0	0.0058824	0.0	0.0	0.010101	0.0140845	0.0138889	0.0	0.0	0.0	0.0222222	0.0	0.0	0.0	0.0	0.0	0.0	0.0	0.0	0.0	0.0	0.0	
Fou de Bassan	0.0	0.0	0.0	0.0392157	0.0	0.0	0.0	0.0	0.0	0.0	0.0	0.0	0.0	0.0	0.0	0.0	0.0	0.0	0.0	0.0	0.0	0.0	0.0	0.0	0.0	0.0	0.0	0.0	0.0	0.0	0.0	0.0	0.0	0.0	0.0	0.0	0.0	0.0	0.0	0.0	0.0	0.0	0.0	0.0	0.0	0.0	0.0	0.0	
Cormoran pygmée	0.0754717	0.0277778	0.0	0.0392157	0.0	0.0	0.0	0.0	0.0	0.0	0.0909091	0.0229885	0.0	0.0098039	0.0	0.0	0.0	0.0	0.0	0.0	0.0	0.0	0.0015	0.0015	0.0136986	0.0117647	0.0	0.0176471	0.0238095	0.0	0.0015	0.0015	0.0	0.0	0.0015	0.0	0.0222222	0.0	0.0175439	0.0	0.0	0.0	0.0	0.0	0.0	0.0	0.04	0.0178571	
Grand Cormoran	0.3207547	0.3611111	0.32	0.2352941	0.1764706	0.2058824	0.1025641	0.2115385	0.3076923	0.106383	0.2727273	0.2413793	0.1	0.0490196	0.030303	0.0097087	0.0113636	0.0	0.0	0.0087719	0.025641	0.0	0.0015	0.0074074	0.0410959	0.0705882	0.019802	0.0294118	0.0119048	0.0147059	0.0505051	0.0422535	0.0555556	0.0344828	0.0322581	0.0925926	0.1555556	0.0416667	0.2105263	0.1549296	0.2619048	0.2413793	0.25	0.2	0.35	0.2173913	0.48	0.25	
Cormoran huppé	0.0	0.0	0.0	0.0392157	0.0	0.0	0.0	0.0	0.0	0.0	0.0	0.0	0.0	0.0	0.0	0.0	0.0	0.0	0.0	0.0	0.0	0.0	0.0	0.0	0.0	0.0	0.0	0.0	0.0	0.0	0.0	0.0	0.0	0.0	0.0	0.0	0.0	0.0	0.0175439	0.0	0.0	0.0	0.0	0.0	0.0	0.0	0.04	0.0	
Ibis falcinelle	0.0	0.0	0.0	0.0	0.0	0.0	0.0	0.0	0.0	0.0	0.0	0.0	0.0166667	0.0	0.0	0.0	0.0	0.0	0.0	0.0	0.0	0.0	0.0	0.0	0.0136986	0.0	0.0	0.0	0.0	0.0	0.0	0.0	0.0	0.0	0.0	0.0	0.0	0.0	0.0	0.0	0.0	0.0	0.0	0.0	0.0	0.0	0.0	0.0	
Ibis sacré	0.0	0.0277778	0.0	0.0196078	0.0	0.0	0.0	0.0015	0.0	0.0	0.0	0.0114943	0.0	0.0	0.0015	0.0	0.0	0.0	0.0	0.0	0.0	0.0	0.0015	0.0	0.0	0.0015	0.0	0.0117647	0.0	0.0147059	0.0	0.0	0.0	0.0	0.0	0.0	0.0	0.0	0.0	0.0140845	0.0	0.0	0.0	0.0	0.0	0.0	0.0	0.0	
Spatule blanche	0.0	0.0	0.0	0.0	0.0	0.0	0.025641	0.0384615	0.0	0.0	0.0	0.0	0.0	0.0	0.0	0.0	0.0	0.0	0.0	0.0	0.0	0.0	0.0	0.0	0.0	0.0	0.0	0.0	0.0	0.0	0.0	0.0	0.0	0.0	0.0	0.0	0.0	0.0	0.0175439	0.0	0.0	0.0	0.0	0.0	0.0	0.0	0.0	0.0	
Blongios nain	0.0	0.0	0.0	0.0	0.0	0.0	0.0	0.0	0.0	0.0	0.0	0.0	0.0	0.0098039	0.0	0.0	0.0	0.0	0.0	0.0	0.0	0.0	0.0	0.0	0.0	0.0	0.0	0.0	0.0	0.0	0.0	0.0070423	0.0	0.0	0.0	0.0	0.0	0.0	0.0	0.0	0.0	0.0	0.0	0.0	0.0	0.0	0.0	0.0	
Bihoreau gris	0.0	0.0	0.0	0.0	0.0	0.0	0.0	0.0	0.0	0.0	0.0454545	0.0114943	0.0	0.0196078	0.0	0.0291262	0.0015	0.0086207	0.0	0.0015	0.0128205	0.0	0.0232558	0.0074074	0.0	0.0117647	0.009901	0.0	0.0238095	0.0	0.010101	0.0140845	0.0	0.0	0.0	0.0	0.0	0.0	0.0	0.0	0.0	0.0	0.0	0.0	0.0	0.0	0.0	0.0	
Aigrette garzette	0.0188679	0.0	0.0	0.0588235	0.0	0.0294118	0.025641	0.0	0.0512821	0.0212766	0.0681818	0.0344828	0.05	0.0294118	0.030303	0.0485437	0.0454545	0.0086207	0.0135135	0.0438596	0.0128205	0.0547945	0.0015	0.0015	0.0684932	0.0823529	0.009901	0.0705882	0.0595238	0.0882353	0.1111111	0.0352113	0.0416667	0.0	0.0645161	0.037037	0.0888889	0.0	0.0526316	0.0140845	0.0714286	0.0689655	0.0416667	0.0	0.1	0.0	0.04	0.0015	
Crabier chevelu	0.0	0.0	0.0	0.0	0.0	0.0	0.0	0.0	0.0	0.0	0.0	0.0	0.0	0.0	0.0	0.0291262	0.0113636	0.0	0.0135135	0.0015	0.0	0.0	0.0	0.0	0.0	0.0	0.0	0.0117647	0.0	0.0147059	0.0	0.0	0.0	0.0	0.0	0.0	0.0	0.0	0.0	0.0	0.0	0.0	0.0	0.0	0.0	0.0	0.0	0.0	
Héron garde-boeufs	0.1132075	0.1111111	0.08	0.0784314	0.1176471	0.0	0.025641	0.0576923	0.0512821	0.0	0.0909091	0.0229885	0.05	0.0098039	0.030303	0.0097087	0.0227273	0.0172414	0.027027	0.0087719	0.0384615	0.0958904	0.0465116	0.037037	0.0136986	0.0470588	0.029703	0.0529412	0.0238095	0.0294118	0.030303	0.0422535	0.0	0.0	0.0	0.0185185	0.0	0.0015	0.0526316	0.0422535	0.1190476	0.0344828	0.0015	0.1	0.15	0.1304348	0.04	0.0535714	
Grande Aigrette	0.0566038	0.0555556	0.0	0.0392157	0.0588235	0.0	0.025641	0.0	0.0	0.0	0.0	0.0	0.0166667	0.0	0.0	0.0	0.0	0.0	0.0	0.0	0.0015	0.0	0.0	0.0015	0.0	0.0	0.009901	0.0058824	0.0119048	0.0147059	0.010101	0.0140845	0.0138889	0.0	0.0	0.0185185	0.0444444	0.0	0.0877193	0.0422535	0.0	0.0344828	0.0416667	0.0333333	0.05	0.0434783	0.04	0.0357143	
Héron cendré	0.2264151	0.1666667	0.16	0.1960784	0.1176471	0.0294118	0.0769231	0.1923077	0.1025641	0.0851064	0.3636364	0.1494253	0.1833333	0.1176471	0.1515152	0.1067961	0.0454545	0.1034483	0.0540541	0.0701754	0.0769231	0.0684932	0.0232558	0.0814815	0.1369863	0.1882353	0.0693069	0.1411765	0.1785714	0.1323529	0.1919192	0.1197183	0.0972222	0.0689655	0.1290323	0.1111111	0.1333333	0.1041667	0.122807	0.1408451	0.1666667	0.2758621	0.375	0.2333333	0.15	0.1304348	0.2	0.2142857	
Héron pourpré	0.0	0.0	0.0	0.0	0.0	0.0	0.0	0.0	0.0	0.0	0.0	0.0	0.0	0.0	0.0	0.0291262	0.0	0.0	0.0	0.0	0.0	0.0	0.0	0.0	0.0	0.0	0.0	0.0058824	0.0	0.0147059	0.0	0.0070423	0.0	0.0	0.0	0.0	0.0	0.0	0.0	0.0	0.0	0.0	0.0	0.0	0.0	0.0	0.0	0.0	
Balbuzard pêcheur	0.0	0.0	0.0	0.0	0.0	0.0	0.0	0.0	0.0	0.0	0.0	0.0229885	0.0166667	0.0	0.0	0.0	0.0	0.0	0.0	0.0	0.0	0.0	0.0	0.0	0.0	0.0	0.0	0.0	0.0	0.0	0.0	0.0	0.0	0.0344828	0.0015	0.0185185	0.0	0.0	0.0	0.0	0.0	0.0	0.0	0.0	0.0	0.0	0.0	0.0	
Percnoptère d'Égypte	0.0	0.0	0.0	0.0	0.0	0.0	0.0	0.0	0.0	0.0	0.0	0.0	0.0	0.0	0.0	0.0	0.0	0.0015	0.0	0.0	0.0	0.0	0.0	0.0	0.0	0.0	0.0	0.0	0.0	0.0	0.0	0.0	0.0	0.0	0.0	0.0	0.0	0.0	0.0	0.0	0.0	0.0	0.0	0.0	0.0	0.0	0.0	0.0	
Bondrée apivore	0.0	0.0	0.0	0.0	0.0	0.0	0.0	0.0	0.0	0.0	0.0	0.0	0.0	0.0	0.0	0.0	0.0113636	0.0344828	0.0675676	0.0350877	0.0512821	0.0273973	0.0	0.0148148	0.0547945	0.0235294	0.039604	0.0294118	0.0238095	0.0441176	0.010101	0.0774648	0.0277778	0.0344828	0.0645161	0.0015	0.0	0.0208333	0.0175439	0.0	0.0	0.0	0.0	0.0	0.0	0.0	0.0	0.0	
Vautour fauve	0.0377358	0.0277778	0.0	0.0588235	0.0015	0.0	0.0512821	0.0576923	0.0015	0.0638298	0.0015	0.0	0.0333333	0.0392157	0.030303	0.0097087	0.0113636	0.0431034	0.0405405	0.0701754	0.0384615	0.0410959	0.0697674	0.0296296	0.0821918	0.0588235	0.049505	0.0823529	0.0833333	0.1029412	0.0606061	0.0633803	0.2083333	0.1724138	0.2580645	0.0740741	0.0444444	0.0625	0.0015	0.0422535	0.0	0.0689655	0.0	0.0015	0.0	0.0	0.0	0.0178571	
Circaète Jean-le-Blanc	0.0	0.0	0.0	0.0	0.0	0.0	0.0	0.0	0.025641	0.0	0.0454545	0.0229885	0.05	0.0015	0.0	0.0015	0.0340909	0.0258621	0.027027	0.0087719	0.025641	0.0684932	0.0465116	0.0222222	0.0410959	0.0352941	0.019802	0.0235294	0.0015	0.0147059	0.020202	0.0352113	0.0277778	0.0015	0.0645161	0.0185185	0.0	0.0	0.0	0.0	0.0	0.0	0.0	0.0	0.0	0.0	0.0	0.0	
Aigle botté	0.0	0.0	0.0	0.0	0.0	0.0	0.0	0.0	0.0	0.0	0.0	0.0	0.0	0.0	0.0	0.0	0.0	0.0	0.0	0.0	0.0	0.0	0.0	0.0	0.0	0.0	0.0	0.0058824	0.0	0.0	0.0	0.0	0.0	0.0	0.0	0.0	0.0	0.0	0.0	0.0	0.0	0.0	0.0	0.0	0.0	0.0	0.0	0.0	
Aigle royal	0.0015	0.0833333	0.04	0.0588235	0.0294118	0.0588235	0.1282051	0.0576923	0.025641	0.0425532	0.0015	0.045977	0.05	0.0490196	0.0151515	0.0291262	0.0454545	0.0258621	0.0135135	0.0614035	0.025641	0.0	0.0232558	0.0148148	0.0273973	0.0235294	0.019802	0.0529412	0.0595238	0.0441176	0.030303	0.0352113	0.0555556	0.0689655	0.0645161	0.0555556	0.0222222	0.0625	0.0526316	0.028169	0.0015	0.0344828	0.0	0.0333333	0.0	0.0434783	0.0	0.0178571	
Épervier d'Europe	0.1509434	0.1111111	0.2	0.1372549	0.0588235	0.0882353	0.1025641	0.0384615	0.0769231	0.106383	0.0909091	0.045977	0.0666667	0.0294118	0.0606061	0.0485437	0.0227273	0.0344828	0.0675676	0.0438596	0.0128205	0.0273973	0.0232558	0.0222222	0.0273973	0.0470588	0.0015	0.0176471	0.047619	0.0441176	0.0505051	0.056338	0.0694444	0.0689655	0.0322581	0.1296296	0.0666667	0.0416667	0.0526316	0.1126761	0.047619	0.2068966	0.0015	0.2333333	0.15	0.0869565	0.12	0.1071429	
Autour des palombes	0.0188679	0.0015	0.04	0.0392157	0.0	0.0	0.0512821	0.0192308	0.0	0.0212766	0.0	0.0229885	0.0015	0.0098039	0.0	0.0	0.0113636	0.0086207	0.0015	0.0015	0.0	0.0	0.0	0.0015	0.0136986	0.0117647	0.009901	0.0058824	0.0	0.0015	0.010101	0.0070423	0.0277778	0.0	0.0	0.0185185	0.0222222	0.0	0.0175439	0.0140845	0.0	0.0	0.0	0.0333333	0.0	0.0	0.0	0.0015	
Aerospiza, Tachyspiza, Accipiter ou Astur sp.	0.0	0.0	0.0	0.0	0.0	0.0	0.0	0.0	0.0	0.0	0.0	0.0	0.0	0.0098039	0.0	0.0	0.0	0.0	0.0	0.0	0.0	0.0	0.0	0.0	0.0	0.0	0.0	0.0	0.0	0.0147059	0.0	0.0	0.0	0.0	0.0	0.0	0.0	0.0	0.0	0.0	0.0	0.0	0.0	0.0	0.0	0.0	0.0	0.0	
Busard des roseaux	0.0	0.0	0.0	0.0	0.0294118	0.0	0.025641	0.0	0.025641	0.0212766	0.0681818	0.1264368	0.15	0.0196078	0.0015	0.0679612	0.0113636	0.0086207	0.0405405	0.0015	0.0	0.0	0.0	0.0	0.0136986	0.0	0.0	0.0	0.0	0.0147059	0.010101	0.028169	0.0416667	0.0689655	0.0322581	0.0555556	0.0	0.0208333	0.0	0.0140845	0.0	0.0	0.0	0.0	0.0	0.0	0.04	0.0	
Busard Saint-Martin	0.0188679	0.0015	0.0	0.0392157	0.0294118	0.0294118	0.0769231	0.0	0.0	0.0	0.0	0.0015	0.0	0.0	0.0	0.0	0.0	0.0	0.0	0.0	0.0	0.0	0.0	0.0	0.0	0.0	0.0	0.0	0.0	0.0	0.010101	0.0	0.0	0.0	0.0	0.0	0.0	0.0208333	0.0	0.0	0.0	0.0	0.0	0.0	0.0	0.0	0.0	0.0178571	
Busard cendré	0.0	0.0	0.0	0.0	0.0	0.0	0.0	0.0	0.0	0.0	0.0	0.0	0.0	0.0196078	0.0015	0.038835	0.0113636	0.0	0.027027	0.0087719	0.0	0.0136986	0.0	0.0015	0.0	0.0	0.0	0.0117647	0.0119048	0.0294118	0.030303	0.028169	0.0277778	0.0344828	0.0015	0.0	0.0	0.0	0.0	0.0	0.0	0.0	0.0	0.0	0.0	0.0	0.0	0.0	
Milan royal	0.0377358	0.0	0.0	0.0	0.0882353	0.0015	0.0512821	0.1153846	0.0769231	0.0638298	0.1818182	0.091954	0.0666667	0.0588235	0.0757576	0.0097087	0.0454545	0.0689655	0.0405405	0.0350877	0.0769231	0.0273973	0.0465116	0.0296296	0.0136986	0.0470588	0.019802	0.0588235	0.0357143	0.1176471	0.0808081	0.084507	0.0138889	0.0344828	0.0015	0.037037	0.0444444	0.0015	0.0526316	0.0140845	0.0238095	0.0689655	0.125	0.0333333	0.0015	0.0	0.0015	0.0178571	
Milan noir	0.0	0.0	0.0	0.0	0.0	0.0	0.0	0.0	0.0	0.0	0.0227273	0.045977	0.0166667	0.0588235	0.1060606	0.0291262	0.0227273	0.0172414	0.027027	0.0087719	0.025641	0.0684932	0.0232558	0.0296296	0.0273973	0.0352941	0.009901	0.0529412	0.0833333	0.0294118	0.040404	0.0140845	0.0	0.0	0.0	0.0	0.0	0.0	0.0175439	0.0	0.0	0.0	0.0	0.0	0.0	0.0	0.0	0.0	
Buse variable	0.3584906	0.3888889	0.36	0.254902	0.4705882	0.3529412	0.3846154	0.3653846	0.4358974	0.4468085	0.4772727	0.3563218	0.3833333	0.4215686	0.4393939	0.3398058	0.2727273	0.3017241	0.3243243	0.1842105	0.2692308	0.2328767	0.1395349	0.2666667	0.2739726	0.2941176	0.2574257	0.2882353	0.1904762	0.3676471	0.3434343	0.3732394	0.2222222	0.3448276	0.3870968	0.2962963	0.4	0.2916667	0.1929825	0.3239437	0.3095238	0.4137931	0.2916667	0.3666667	0.35	0.3478261	0.16	0.2678571	
rapace sp.	0.0015	0.0	0.0	0.0	0.0	0.0	0.0	0.0	0.0	0.0	0.0	0.0	0.0	0.0	0.0151515	0.0	0.0113636	0.0	0.0	0.0	0.0	0.0	0.0	0.0	0.0136986	0.0	0.0	0.0	0.0	0.0	0.0	0.0070423	0.0	0.0	0.0	0.0	0.0	0.0	0.0	0.0	0.0	0.0	0.0	0.0	0.0	0.0	0.0	0.0	
Effraie des clochers	0.0	0.0	0.0	0.0	0.0	0.0	0.0512821	0.0	0.0	0.0	0.0	0.0	0.0	0.0	0.0	0.0	0.0	0.0	0.0	0.0	0.0	0.0	0.0	0.0015	0.0	0.0	0.0	0.0	0.0	0.0015	0.0	0.0070423	0.0	0.0	0.0	0.0	0.0	0.0	0.0175439	0.0	0.0	0.0	0.0	0.0	0.0	0.0	0.0	0.0	
Petit-duc scops	0.0	0.0	0.0	0.0	0.0	0.0	0.0	0.0	0.0	0.0	0.0	0.0114943	0.0	0.0588235	0.0151515	0.0097087	0.0340909	0.0172414	0.0135135	0.0015	0.0128205	0.0136986	0.0015	0.0444444	0.0	0.0470588	0.019802	0.0176471	0.0238095	0.0294118	0.010101	0.0211268	0.0	0.0015	0.0	0.0	0.0	0.0	0.0015	0.0	0.0	0.0	0.0	0.0	0.0	0.0	0.0	0.0	
Chevêche d'Athéna	0.0188679	0.0277778	0.0	0.0	0.0294118	0.0294118	0.025641	0.0192308	0.0	0.0425532	0.0	0.0114943	0.0	0.0294118	0.0015	0.0	0.0454545	0.0086207	0.0015	0.0087719	0.0128205	0.0136986	0.0	0.0296296	0.0015	0.0705882	0.029703	0.0235294	0.0	0.0294118	0.020202	0.0211268	0.0277778	0.0344828	0.0645161	0.0185185	0.0222222	0.0208333	0.0175439	0.0	0.0015	0.0	0.0	0.0	0.0015	0.0	0.0	0.0	
Chouette hulotte	0.0	0.0277778	0.0015	0.0196078	0.0	0.0	0.025641	0.0	0.025641	0.0638298	0.0	0.0229885	0.0333333	0.0686275	0.0151515	0.0097087	0.0454545	0.0258621	0.0810811	0.0438596	0.025641	0.0136986	0.0	0.037037	0.0	0.0235294	0.0015	0.0015	0.0119048	0.0147059	0.010101	0.0352113	0.0138889	0.0	0.0015	0.0185185	0.0015	0.0208333	0.0175439	0.0140845	0.0015	0.0344828	0.0	0.0333333	0.0	0.0	0.0	0.0015	
Hibou moyen-duc	0.0	0.0	0.0	0.0	0.0	0.0	0.0	0.0	0.0	0.0425532	0.0	0.0	0.0	0.0098039	0.0	0.0	0.0015	0.0	0.0	0.0	0.0	0.0015	0.0	0.0074074	0.0	0.0015	0.0015	0.0235294	0.0	0.0147059	0.0015	0.0140845	0.0138889	0.0	0.0	0.0	0.0	0.0	0.0	0.0	0.0	0.0	0.0	0.0	0.0	0.0	0.0	0.0	
Huppe fasciée	0.0	0.0	0.0	0.0	0.0	0.0	0.0	0.0	0.0	0.0	0.0227273	0.0114943	0.05	0.1176471	0.1515152	0.1262136	0.2045455	0.137931	0.1486486	0.1666667	0.1153846	0.0958904	0.0930233	0.1259259	0.1506849	0.0705882	0.0594059	0.0764706	0.1071429	0.1176471	0.1010101	0.1338028	0.0277778	0.0344828	0.0015	0.0	0.0015	0.0	0.0	0.0	0.0	0.0	0.0	0.0	0.0	0.0	0.0	0.0	
Guêpier d'Europe	0.0	0.0	0.0	0.0	0.0	0.0	0.0	0.0	0.0	0.0	0.0	0.0	0.0	0.0	0.0151515	0.1650485	0.1363636	0.1465517	0.0945946	0.0438596	0.0512821	0.1232877	0.0232558	0.0518519	0.1232877	0.1411765	0.049505	0.0588235	0.1071429	0.0735294	0.1212121	0.1549296	0.1527778	0.0344828	0.0	0.0	0.0	0.0	0.0	0.0	0.0	0.0	0.0	0.0	0.0	0.0	0.0	0.0	
Martin-pêcheur d'Europe	0.0188679	0.0	0.08	0.0196078	0.0294118	0.0	0.0	0.0192308	0.025641	0.0212766	0.0227273	0.0	0.0	0.0	0.0	0.0	0.0	0.0	0.0	0.0087719	0.0128205	0.0	0.0	0.0	0.0136986	0.0	0.009901	0.0176471	0.0238095	0.0147059	0.020202	0.028169	0.0138889	0.0344828	0.0322581	0.0740741	0.0444444	0.0416667	0.0701754	0.0140845	0.047619	0.0344828	0.0416667	0.0	0.05	0.0434783	0.04	0.0535714	
Rollier d'Europe	0.0	0.0	0.0	0.0	0.0	0.0	0.0	0.0	0.0	0.0	0.0	0.0	0.0	0.0	0.0	0.0	0.0	0.0172414	0.0	0.0015	0.0	0.0	0.0	0.0	0.0	0.0	0.0	0.0	0.0015	0.0	0.020202	0.0211268	0.0	0.0	0.0	0.0	0.0	0.0	0.0	0.0	0.0	0.0	0.0	0.0	0.0	0.0	0.0	0.0	
Torcol fourmilier	0.0	0.0	0.0	0.0	0.0	0.0	0.0	0.0	0.0	0.0	0.0	0.0344828	0.0333333	0.1078431	0.0454545	0.1165049	0.0909091	0.0689655	0.0015	0.0350877	0.0512821	0.0273973	0.0232558	0.0222222	0.0547945	0.0235294	0.019802	0.0058824	0.0	0.0294118	0.0	0.0422535	0.0	0.0344828	0.0	0.0	0.0	0.0	0.0	0.0	0.0	0.0	0.0	0.0	0.0	0.0	0.0	0.0	
Pic mar	0.0	0.0	0.0	0.0	0.0	0.0	0.0	0.0	0.0	0.0015	0.0	0.0	0.0	0.0098039	0.0	0.0097087	0.0	0.0	0.0	0.0	0.0	0.0	0.0	0.0074074	0.0	0.0	0.0	0.0	0.0	0.0	0.0	0.0	0.0	0.0	0.0	0.0	0.0	0.0	0.0	0.0	0.0	0.0	0.0	0.0	0.0015	0.0	0.0	0.0	
Pic à dos blanc	0.0015	0.0015	0.0	0.0	0.0	0.0	0.0	0.0	0.025641	0.0638298	0.0	0.0	0.0	0.0196078	0.0	0.0097087	0.0227273	0.0015	0.0135135	0.0087719	0.0128205	0.0	0.0232558	0.0222222	0.0273973	0.0	0.039604	0.0015	0.0	0.0147059	0.020202	0.0070423	0.0277778	0.0344828	0.0	0.0740741	0.0222222	0.0208333	0.0175439	0.0015	0.0238095	0.0	0.0015	0.0015	0.0015	0.0	0.0	0.0	
Pic épeiche	0.2641509	0.2222222	0.12	0.1764706	0.2941176	0.1764706	0.2307692	0.1538462	0.2051282	0.2340426	0.1590909	0.1609195	0.1	0.1568627	0.1363636	0.1262136	0.0568182	0.0689655	0.0540541	0.0964912	0.1025641	0.1506849	0.1860465	0.1333333	0.2191781	0.0705882	0.049505	0.1058824	0.0952381	0.0735294	0.1111111	0.1056338	0.125	0.0344828	0.1290323	0.1666667	0.1555556	0.1666667	0.2631579	0.1126761	0.0952381	0.2413793	0.2083333	0.1333333	0.05	0.2608696	0.24	0.0892857	
Pic épeichette	0.0015	0.0555556	0.0	0.0196078	0.0	0.0	0.0512821	0.0384615	0.025641	0.0425532	0.0	0.0229885	0.0	0.0098039	0.0606061	0.0097087	0.0227273	0.0086207	0.0	0.0175439	0.0	0.0136986	0.0232558	0.0444444	0.0684932	0.0117647	0.049505	0.0352941	0.0357143	0.0588235	0.040404	0.0211268	0.0277778	0.0	0.0	0.1296296	0.0	0.0208333	0.0	0.0015	0.0238095	0.0344828	0.0	0.0	0.0015	0.0	0.04	0.0178571	
Pic vert	0.0754717	0.2222222	0.08	0.0784314	0.1764706	0.0882353	0.1794872	0.3461538	0.2051282	0.3404255	0.2727273	0.2758621	0.2666667	0.2156863	0.2424242	0.223301	0.1136364	0.1034483	0.1081081	0.0789474	0.0897436	0.0684932	0.1162791	0.1037037	0.2191781	0.1647059	0.1386139	0.3235294	0.1666667	0.1764706	0.2525253	0.2253521	0.1805556	0.137931	0.2580645	0.2037037	0.2444444	0.25	0.3157895	0.2816901	0.3095238	0.2068966	0.125	0.1	0.05	0.3043478	0.2	0.125	
Pic noir	0.0	0.0	0.0	0.0	0.0	0.0	0.0	0.0	0.0	0.0	0.0	0.0	0.0	0.0	0.0	0.0	0.0	0.0	0.0	0.0	0.0	0.0	0.0	0.0	0.0	0.0	0.0	0.0	0.0	0.0	0.0	0.0070423	0.0	0.0	0.0	0.0	0.0	0.0	0.0	0.0	0.0	0.0	0.0	0.0	0.0	0.0	0.0	0.0	
pic sp.	0.0	0.0	0.0	0.0	0.0	0.0	0.0	0.0	0.0	0.0	0.0	0.0	0.0	0.0098039	0.0151515	0.0	0.0	0.0172414	0.0135135	0.0	0.0	0.0136986	0.0	0.0	0.0	0.0	0.0	0.0	0.0	0.0	0.0	0.0	0.0	0.0	0.0	0.0	0.0	0.0	0.0	0.0	0.0	0.0	0.0	0.0333333	0.0	0.0	0.0	0.0	
Faucon crécerellette	0.0	0.0	0.0	0.0	0.0	0.0	0.0	0.0	0.0	0.0	0.0	0.0	0.0	0.0	0.0151515	0.0097087	0.0	0.0	0.0	0.0	0.0	0.0	0.0	0.0	0.0136986	0.0117647	0.0	0.0235294	0.0	0.0	0.010101	0.0070423	0.0555556	0.0	0.0645161	0.0	0.0	0.0	0.0	0.0	0.0	0.0	0.0	0.0	0.0	0.0	0.0	0.0	
Faucon crécerelle	0.1320755	0.0555556	0.08	0.0784314	0.0294118	0.0882353	0.1025641	0.0576923	0.1282051	0.0425532	0.1818182	0.1609195	0.2	0.1470588	0.1060606	0.1553398	0.1363636	0.1810345	0.1216216	0.122807	0.2435897	0.1232877	0.0930233	0.1037037	0.260274	0.2588235	0.1980198	0.2882353	0.2738095	0.3823529	0.2323232	0.3873239	0.4166667	0.4482759	0.3870968	0.0925926	0.1777778	0.2291667	0.1052632	0.0985915	0.0952381	0.137931	0.0416667	0.1333333	0.1	0.1304348	0.0	0.0714286	
Faucon crécerellette ou F. crécerelle	0.0	0.0	0.0	0.0	0.0	0.0	0.0	0.0	0.0	0.0	0.0	0.0	0.0	0.0	0.0	0.0	0.0	0.0	0.0	0.0087719	0.0	0.0	0.0	0.0	0.0	0.0	0.009901	0.0	0.0	0.0	0.010101	0.0	0.0	0.0	0.0	0.0185185	0.0	0.0	0.0	0.0	0.0	0.0	0.0	0.0	0.0	0.0	0.0	0.0	
Faucon kobez	0.0	0.0	0.0	0.0	0.0	0.0	0.0	0.0	0.0	0.0	0.0	0.0	0.0	0.0	0.0	0.0194175	0.0227273	0.0172414	0.0135135	0.0	0.0	0.0	0.0	0.0	0.0	0.0	0.0	0.0	0.0	0.0	0.0	0.0	0.0	0.0	0.0	0.0	0.0	0.0	0.0	0.0	0.0	0.0	0.0	0.0	0.0	0.0	0.0	0.0	
Faucon d'Éléonore	0.0	0.0	0.0	0.0	0.0	0.0	0.0	0.0	0.0	0.0	0.0	0.0	0.0	0.0	0.0	0.0	0.0	0.0	0.0	0.0	0.0	0.0	0.0	0.0	0.0	0.0	0.0	0.0	0.0	0.0	0.0015	0.0	0.0138889	0.0	0.0	0.0185185	0.0	0.0	0.0	0.0	0.0	0.0	0.0	0.0	0.0	0.0	0.0	0.0	
Faucon émerillon	0.0	0.0	0.0	0.0196078	0.0	0.0	0.0	0.0	0.0	0.0	0.0	0.0	0.0166667	0.0	0.0151515	0.0097087	0.0	0.0	0.0	0.0	0.0	0.0	0.0	0.0	0.0	0.0	0.0	0.0	0.0	0.0	0.0	0.0	0.0	0.0	0.0	0.0	0.0	0.0	0.0	0.0	0.0	0.0	0.0	0.0	0.0	0.0	0.0	0.0	
Faucon hobereau	0.0	0.0	0.0	0.0	0.0	0.0	0.0	0.0	0.0	0.0	0.0	0.0	0.0	0.0	0.0	0.0291262	0.0113636	0.0	0.0	0.0087719	0.0	0.0	0.0	0.0148148	0.0547945	0.0588235	0.009901	0.0058824	0.0238095	0.0147059	0.040404	0.0352113	0.0138889	0.0	0.0645161	0.0	0.0	0.0	0.0	0.0	0.0	0.0	0.0	0.0	0.0	0.0	0.0	0.0	
Faucon lanier	0.0015	0.0	0.0	0.0	0.0	0.0	0.0	0.0	0.0	0.0	0.0	0.0	0.0	0.0	0.0	0.0	0.0	0.0	0.0	0.0	0.0	0.0136986	0.0	0.0	0.0	0.0	0.009901	0.0015	0.0238095	0.0	0.0	0.0	0.0138889	0.0	0.0	0.0	0.0	0.0	0.0	0.0	0.0	0.0	0.0	0.0	0.0	0.0	0.0	0.0	
Faucon pèlerin	0.0377358	0.0	0.04	0.0980392	0.0588235	0.0294118	0.0512821	0.0384615	0.0	0.0212766	0.0015	0.0344828	0.0166667	0.0196078	0.0454545	0.0097087	0.0	0.0172414	0.027027	0.0526316	0.025641	0.0547945	0.0015	0.037037	0.0273973	0.0352941	0.009901	0.0294118	0.047619	0.0735294	0.0505051	0.0704225	0.0	0.1034483	0.0967742	0.0925926	0.0	0.0208333	0.0175439	0.0422535	0.0238095	0.0689655	0.0	0.0333333	0.05	0.0869565	0.04	0.0178571	
Falco sp.	0.0	0.0	0.0	0.0	0.0	0.0	0.0	0.0	0.0	0.0	0.0	0.0	0.0	0.0	0.0	0.0	0.0	0.0	0.0	0.0087719	0.0	0.0	0.0	0.0	0.0015	0.0	0.009901	0.0015	0.0	0.0147059	0.0	0.0070423	0.0	0.0	0.0322581	0.0	0.0	0.0	0.0	0.0	0.0	0.0	0.0	0.0	0.0	0.0	0.0	0.0	
Perruche à collier	0.0	0.0	0.0	0.0	0.0	0.0	0.0	0.0	0.0	0.0	0.0	0.0	0.0	0.0	0.0	0.0	0.0	0.0	0.0	0.0	0.0	0.0	0.0	0.0	0.0	0.0	0.0	0.0	0.0	0.0	0.0	0.0070423	0.0	0.0	0.0	0.0185185	0.0	0.0208333	0.0	0.0	0.0	0.0	0.0	0.0	0.0	0.0	0.04	0.0	
Perruche ondulée	0.0	0.0	0.0	0.0	0.0	0.0	0.0	0.0	0.0	0.0	0.0	0.0	0.0	0.0	0.0	0.0	0.0	0.0	0.0	0.0	0.0	0.0	0.0	0.0	0.0	0.0	0.0	0.0	0.0	0.0	0.0	0.0070423	0.0	0.0	0.0	0.0	0.0	0.0	0.0	0.0	0.0	0.0	0.0	0.0	0.0	0.0	0.0	0.0	
Loriot d'Europe	0.0	0.0	0.0	0.0	0.0	0.0	0.0	0.0	0.0	0.0	0.0	0.0	0.0	0.0098039	0.0454545	0.0582524	0.0795455	0.0775862	0.0810811	0.0789474	0.1153846	0.109589	0.0697674	0.0518519	0.1369863	0.1176471	0.019802	0.0705882	0.0833333	0.0294118	0.040404	0.0352113	0.0	0.0	0.0	0.0	0.0	0.0	0.0	0.0	0.0	0.0	0.0	0.0	0.0	0.0	0.0	0.0	
Pie-grièche écorcheur	0.0	0.0	0.0	0.0	0.0	0.0	0.0	0.0	0.0	0.0	0.0	0.0	0.0	0.0	0.0151515	0.0	0.0454545	0.112069	0.0945946	0.1578947	0.1282051	0.1506849	0.1395349	0.2074074	0.2876712	0.0941176	0.1188119	0.1588235	0.1190476	0.2058824	0.2626263	0.2183099	0.1388889	0.1034483	0.0322581	0.0	0.0	0.0	0.0015	0.0	0.0	0.0	0.0	0.0	0.0	0.0	0.0	0.0	
Pie-grièche grise	0.0	0.0	0.0	0.0	0.0	0.0	0.0	0.0	0.0	0.0	0.0	0.0	0.0	0.0	0.0	0.0	0.0	0.0	0.0	0.0	0.0	0.0	0.0	0.0	0.0	0.0	0.0	0.0	0.0	0.0	0.0	0.0	0.0	0.0	0.0	0.0	0.0	0.0	0.0175439	0.0	0.0	0.0	0.0	0.0015	0.0	0.0	0.0	0.0178571	
Pie-grièche à poitrine rose	0.0	0.0	0.0	0.0	0.0	0.0	0.0	0.0	0.0	0.0	0.0	0.0	0.0	0.0	0.0	0.0	0.0	0.0086207	0.0	0.0	0.0015	0.0	0.0	0.0	0.0	0.0	0.0	0.0	0.0015	0.0015	0.010101	0.0	0.0	0.0	0.0	0.0	0.0	0.0	0.0	0.0	0.0	0.0	0.0	0.0	0.0	0.0	0.0	0.0	
Pie-grièche à tête rousse	0.0	0.0	0.0	0.0	0.0	0.0	0.0	0.0	0.0	0.0	0.0	0.0	0.0	0.0	0.0	0.0097087	0.0	0.0172414	0.0015	0.0015	0.0128205	0.0	0.0	0.0074074	0.0015	0.0	0.0015	0.0	0.0	0.0	0.010101	0.0140845	0.0	0.0	0.0	0.0	0.0	0.0	0.0	0.0	0.0	0.0	0.0	0.0	0.0	0.0	0.0	0.0	
Laniidés sp.	0.0	0.0	0.0	0.0	0.0	0.0	0.0	0.0	0.0	0.0	0.0	0.0	0.0	0.0	0.0	0.0	0.0	0.0086207	0.0	0.0	0.0	0.0	0.0	0.0	0.0	0.0	0.0	0.0058824	0.0	0.0	0.0	0.0	0.0	0.0	0.0	0.0	0.0	0.0	0.0	0.0	0.0	0.0	0.0	0.0	0.0	0.0	0.0	0.0	
Geai des chênes	0.509434	0.4166667	0.48	0.3921569	0.5294118	0.3823529	0.4102564	0.4615385	0.4871795	0.4893617	0.5227273	0.4482759	0.4833333	0.4705882	0.5454545	0.3203883	0.2386364	0.3103448	0.3378378	0.254386	0.3333333	0.3150685	0.2325581	0.3037037	0.3150685	0.3058824	0.1881188	0.3058824	0.2619048	0.3088235	0.2222222	0.2746479	0.2361111	0.3448276	0.516129	0.4259259	0.5111111	0.375	0.5614035	0.5211268	0.4761905	0.5862069	0.4166667	0.7	0.55	0.4347826	0.48	0.4464286	
Pie bavarde	0.5660377	0.5	0.72	0.5686275	0.7647059	0.7352941	0.5384615	0.6153846	0.6153846	0.5744681	0.75	0.6091954	0.55	0.3823529	0.3939394	0.3300971	0.3068182	0.4051724	0.2972973	0.2807018	0.2179487	0.2739726	0.1395349	0.2444444	0.5068493	0.4235294	0.2376238	0.2941176	0.2261905	0.2205882	0.2121212	0.2746479	0.2777778	0.4482759	0.483871	0.4444444	0.4	0.4166667	0.5087719	0.4647887	0.5952381	0.5517241	0.4166667	0.7	0.85	0.7826087	0.6	0.4642857	
Crave à bec rouge	0.0	0.0277778	0.0	0.0392157	0.0015	0.0	0.0	0.0015	0.0512821	0.0015	0.0015	0.0015	0.0166667	0.0490196	0.0015	0.0291262	0.0454545	0.0603448	0.0810811	0.0701754	0.1153846	0.0684932	0.1395349	0.1259259	0.0547945	0.1411765	0.0693069	0.0764706	0.1190476	0.1176471	0.0606061	0.056338	0.1666667	0.1034483	0.2258065	0.037037	0.0666667	0.1875	0.0350877	0.084507	0.0238095	0.0689655	0.0416667	0.0333333	0.0	0.0434783	0.0	0.0357143	
Chocard à bec jaune	0.0	0.0	0.0	0.0	0.0	0.0	0.0	0.0	0.0	0.0	0.0	0.0114943	0.0	0.0	0.0015	0.0097087	0.0113636	0.0086207	0.0135135	0.0175439	0.025641	0.0136986	0.0465116	0.037037	0.0547945	0.0470588	0.029703	0.0235294	0.0119048	0.0735294	0.010101	0.0352113	0.0277778	0.0	0.0645161	0.0185185	0.0222222	0.0416667	0.0350877	0.0140845	0.0015	0.0015	0.0416667	0.0	0.0	0.0	0.0	0.0	
Choucas des tours	0.3584906	0.4444444	0.44	0.2941176	0.5294118	0.4117647	0.3333333	0.5	0.4871795	0.4680851	0.7272727	0.5172414	0.4333333	0.2745098	0.4242424	0.223301	0.2159091	0.2068966	0.2567568	0.2105263	0.2051282	0.3287671	0.2093023	0.1481481	0.2465753	0.3411765	0.1287129	0.1352941	0.0714286	0.1176471	0.1717172	0.2183099	0.2222222	0.4137931	0.3225806	0.3703704	0.4222222	0.3541667	0.3333333	0.4084507	0.5238095	0.4482759	0.25	0.3666667	0.75	0.4347826	0.6	0.2678571	
Corneille mantelée	0.5849057	0.6111111	0.68	0.6078431	0.6176471	0.5294118	0.5384615	0.7307692	0.6410256	0.5106383	0.6818182	0.6781609	0.7	0.6176471	0.6363636	0.6116505	0.5454545	0.612069	0.5	0.5701754	0.4615385	0.4931507	0.3255814	0.4444444	0.4931507	0.4941176	0.3663366	0.4058824	0.4285714	0.4117647	0.4545455	0.3802817	0.4583333	0.5172414	0.5483871	0.4444444	0.4888889	0.4583333	0.6666667	0.5492958	0.5	0.4827586	0.4166667	0.7333333	0.5	0.7391304	0.6	0.5	
Hybride Corneille noire x C. mantelée	0.0	0.0	0.0	0.0	0.0	0.0	0.0	0.0	0.0	0.0	0.0	0.0	0.0	0.0	0.0	0.0	0.0	0.0015	0.0	0.0	0.0	0.0	0.0	0.0	0.0	0.0	0.0	0.0058824	0.0	0.0	0.0	0.0	0.0	0.0	0.0	0.0	0.0	0.0	0.0	0.0	0.0	0.0	0.0	0.0	0.0	0.0	0.0	0.0	
corneille sp.	0.0	0.0	0.0	0.0	0.0	0.0	0.0	0.0	0.0	0.0	0.0	0.0	0.0	0.0	0.0	0.0	0.0	0.0	0.0	0.0	0.0	0.0	0.0	0.0	0.0136986	0.0	0.0	0.0	0.0	0.0	0.0	0.0	0.0138889	0.0	0.0	0.0	0.0	0.0	0.0	0.0	0.0	0.0	0.0	0.0	0.0	0.0	0.0	0.0	
Grand Corbeau	0.0377358	0.1388889	0.04	0.1176471	0.1176471	0.0588235	0.1282051	0.1153846	0.0769231	0.0638298	0.0227273	0.0344828	0.0833333	0.0882353	0.030303	0.0582524	0.0454545	0.0344828	0.1081081	0.0614035	0.025641	0.109589	0.1162791	0.0518519	0.0684932	0.0588235	0.039604	0.0352941	0.1071429	0.0588235	0.1010101	0.056338	0.0694444	0.1034483	0.0967742	0.1111111	0.0444444	0.0833333	0.0526316	0.084507	0.047619	0.0689655	0.125	0.1333333	0.0015	0.173913	0.0	0.1071429	
Mésange noire	0.0377358	0.0277778	0.0	0.0588235	0.0015	0.1764706	0.1025641	0.0576923	0.0512821	0.106383	0.0227273	0.0574713	0.0833333	0.1764706	0.1666667	0.1067961	0.1590909	0.1293103	0.1891892	0.1929825	0.1025641	0.109589	0.1395349	0.1777778	0.1917808	0.0941176	0.0891089	0.1529412	0.047619	0.1764706	0.1414141	0.1126761	0.1111111	0.1034483	0.0645161	0.1296296	0.0888889	0.1875	0.122807	0.1549296	0.0714286	0.1034483	0.1666667	0.0666667	0.0	0.0869565	0.0	0.1607143	
Mésange nonnette	0.0377358	0.0277778	0.04	0.0196078	0.0294118	0.0	0.025641	0.0576923	0.1025641	0.1489362	0.0015	0.045977	0.0	0.1176471	0.2424242	0.1067961	0.1477273	0.1034483	0.0675676	0.1052632	0.0512821	0.109589	0.0465116	0.0740741	0.0821918	0.0470588	0.0891089	0.1294118	0.0952381	0.1323529	0.2020202	0.0774648	0.1805556	0.1034483	0.0645161	0.2037037	0.1555556	0.0625	0.1754386	0.0704225	0.047619	0.1034483	0.0833333	0.1666667	0.0015	0.0	0.0	0.1071429	
Mésange bleue	0.5660377	0.6944444	0.76	0.6470588	0.8235294	0.5882353	0.6153846	0.7692308	0.6923077	0.5957447	0.75	0.6551724	0.6333333	0.6960784	0.7272727	0.5533981	0.4659091	0.4051724	0.4324324	0.3245614	0.2564103	0.260274	0.255814	0.2444444	0.3150685	0.2823529	0.1980198	0.3411765	0.1785714	0.2647059	0.3434343	0.2535211	0.375	0.4137931	0.483871	0.5740741	0.5111111	0.4791667	0.4912281	0.5211268	0.5238095	0.6206897	0.375	0.4666667	0.6	0.7826087	0.8	0.6071429	
Mésange charbonnière	0.509434	0.5833333	0.64	0.6078431	0.8529412	0.6764706	0.7179487	0.7884615	0.6923077	0.6382979	0.7954545	0.7126437	0.7666667	0.7058824	0.7878788	0.6213592	0.5227273	0.5344828	0.527027	0.5	0.3076923	0.3835616	0.2093023	0.2222222	0.2876712	0.2352941	0.1386139	0.2705882	0.2738095	0.2647059	0.3333333	0.3309859	0.3472222	0.3793103	0.3870968	0.5740741	0.4444444	0.4166667	0.5087719	0.4788732	0.547619	0.4482759	0.4166667	0.5333333	0.45	0.5652174	0.6	0.5535714	
paridé sp.	0.0	0.0	0.0	0.0	0.0	0.0	0.0	0.0	0.0	0.0	0.0	0.0	0.0	0.0	0.0	0.0	0.0	0.0	0.0	0.0	0.0	0.0	0.0	0.0	0.0	0.0	0.0	0.0058824	0.0	0.0	0.0	0.0	0.0	0.0	0.0	0.0	0.0	0.0	0.0	0.0	0.0	0.0	0.0	0.0333333	0.0	0.0	0.0	0.0	
Rémiz penduline	0.0	0.0	0.0	0.0	0.0	0.0	0.0	0.0192308	0.0	0.0	0.0	0.0	0.0	0.0	0.0	0.0	0.0	0.0	0.0	0.0	0.0	0.0	0.0	0.0	0.0	0.0	0.0	0.0	0.0	0.0	0.0	0.0	0.0	0.0	0.0	0.0	0.0	0.0	0.0	0.0	0.0	0.0	0.0	0.0	0.0	0.0	0.0	0.0	
Alouette lulu	0.0	0.0	0.0	0.0	0.0882353	0.1176471	0.0	0.0769231	0.025641	0.0	0.0227273	0.0229885	0.1166667	0.1176471	0.0757576	0.0582524	0.1477273	0.0948276	0.0405405	0.0877193	0.1410256	0.0273973	0.0465116	0.0814815	0.0410959	0.0117647	0.029703	0.0176471	0.0119048	0.0	0.010101	0.0140845	0.0416667	0.0	0.0	0.0185185	0.0222222	0.0416667	0.0	0.0140845	0.0238095	0.0	0.0015	0.0	0.0	0.0	0.0	0.0	
Alouette des champs	0.0566038	0.0	0.0	0.0	0.0	0.0	0.0	0.0	0.0	0.0212766	0.0	0.0	0.0666667	0.0980392	0.0909091	0.0873786	0.125	0.1206897	0.1081081	0.1666667	0.1666667	0.1506849	0.1627907	0.2296296	0.1917808	0.0823529	0.0594059	0.0647059	0.0714286	0.1323529	0.040404	0.0704225	0.0833333	0.0344828	0.0967742	0.0015	0.0444444	0.1666667	0.0526316	0.0	0.0015	0.0015	0.0	0.0333333	0.0	0.0	0.0	0.0178571	
Cochevis huppé	0.0377358	0.0	0.0	0.0	0.0294118	0.0294118	0.025641	0.0	0.0	0.0	0.0	0.0114943	0.0333333	0.0	0.0	0.0194175	0.0	0.0258621	0.027027	0.0087719	0.025641	0.0	0.0015	0.0	0.0136986	0.0235294	0.0	0.0176471	0.0119048	0.0	0.0	0.0070423	0.0	0.0	0.0	0.0	0.0222222	0.0015	0.0	0.0	0.0	0.0	0.0	0.0333333	0.0	0.0	0.0	0.0	
Alouette calandrelle	0.0	0.0	0.0	0.0	0.0	0.0	0.0	0.0	0.0	0.0	0.0	0.0	0.0	0.0	0.0	0.0	0.0	0.0	0.0	0.0	0.0128205	0.0	0.0	0.0015	0.0	0.0	0.0	0.0	0.0	0.0	0.0	0.0	0.0	0.0	0.0	0.0	0.0	0.0	0.0	0.0	0.0	0.0	0.0	0.0	0.0	0.0	0.0	0.0	
Alouette calandre	0.0188679	0.0	0.0	0.0	0.0	0.0	0.0	0.0	0.0	0.0	0.0	0.0	0.0	0.0	0.0	0.0	0.0	0.0	0.0	0.0	0.0	0.0	0.0	0.0	0.0	0.0	0.0	0.0	0.0	0.0	0.010101	0.0	0.0	0.0	0.0	0.0	0.0	0.0	0.0	0.0	0.0	0.0	0.0	0.0	0.0	0.0	0.0	0.0	
alaudidé sp.	0.0	0.0	0.0	0.0	0.0	0.0	0.0	0.0	0.0	0.0	0.0	0.0	0.0	0.0	0.0	0.0	0.0	0.0	0.0	0.0	0.0	0.0	0.0	0.0	0.0	0.0	0.0	0.0	0.0	0.0015	0.0	0.0	0.0	0.0	0.0	0.0015	0.0	0.0	0.0	0.0	0.0	0.0	0.0	0.0	0.0	0.0	0.0	0.0	
Cisticole des joncs	0.0188679	0.0	0.0	0.0	0.0	0.0	0.0512821	0.0576923	0.0512821	0.0425532	0.1363636	0.1034483	0.1166667	0.0980392	0.1818182	0.1553398	0.0681818	0.0862069	0.0540541	0.0350877	0.1282051	0.1232877	0.0232558	0.0444444	0.1506849	0.1529412	0.009901	0.0470588	0.047619	0.0294118	0.0505051	0.0492958	0.0015	0.0	0.0	0.0	0.0	0.0	0.0175439	0.0015	0.0	0.0344828	0.0	0.0666667	0.05	0.0	0.04	0.0178571	
Hypolaïs polyglotte	0.0	0.0	0.0	0.0	0.0	0.0	0.0	0.0	0.0	0.0	0.0	0.0	0.0	0.0	0.0	0.0015	0.0113636	0.0172414	0.0135135	0.0015	0.0384615	0.0	0.0	0.0015	0.0136986	0.0	0.0	0.0	0.0	0.0	0.0	0.0	0.0	0.0	0.0	0.0	0.0	0.0	0.0	0.0	0.0	0.0	0.0	0.0	0.0	0.0	0.0	0.0	
Hypolaïs ictérine	0.0	0.0	0.0	0.0	0.0	0.0	0.0	0.0	0.0	0.0	0.0	0.0	0.0	0.0	0.0	0.0	0.0	0.0	0.0	0.0	0.0	0.0	0.0	0.0	0.0	0.0	0.0	0.0	0.0	0.0294118	0.0	0.0	0.0	0.0	0.0	0.0	0.0	0.0	0.0	0.0	0.0	0.0	0.0	0.0	0.0	0.0	0.0	0.0	
Lusciniole à moustaches	0.0	0.0	0.0	0.0	0.0	0.0	0.0	0.0	0.025641	0.0	0.0	0.0	0.0	0.0	0.0	0.0	0.0	0.0	0.0	0.0	0.0	0.0	0.0	0.0	0.0	0.0	0.0	0.0	0.0	0.0	0.0	0.0	0.0	0.0	0.0	0.0	0.0	0.0	0.0	0.0	0.0	0.0344828	0.0	0.0	0.0	0.0434783	0.0	0.0	
Phragmite des joncs	0.0	0.0	0.0	0.0	0.0	0.0	0.0	0.0	0.0	0.0	0.0	0.0	0.0	0.0	0.0	0.0097087	0.0113636	0.0	0.0	0.0	0.0	0.0	0.0	0.0	0.0	0.0	0.0	0.0	0.0	0.0	0.0	0.0070423	0.0	0.0	0.0	0.0	0.0	0.0	0.0175439	0.0	0.0	0.0	0.0	0.0	0.0	0.0	0.0	0.0	
Rousserolle effarvatte	0.0	0.0	0.0	0.0	0.0	0.0	0.0	0.0	0.0	0.0	0.0	0.0	0.0	0.0	0.0	0.0	0.0227273	0.0258621	0.0135135	0.0015	0.025641	0.0136986	0.0015	0.0074074	0.0136986	0.0470588	0.0	0.0176471	0.0119048	0.0	0.0	0.0070423	0.0	0.0	0.0	0.0	0.0	0.0	0.0175439	0.0	0.0	0.0	0.0	0.0	0.0	0.0	0.0	0.0	
Rousserolle turdoïde	0.0	0.0	0.0	0.0	0.0	0.0	0.0	0.0	0.0	0.0	0.0	0.0	0.0	0.0	0.0	0.0	0.0113636	0.0086207	0.0	0.0015	0.0128205	0.0	0.0	0.0	0.0136986	0.0	0.0	0.0	0.0	0.0	0.0	0.0070423	0.0	0.0	0.0	0.0	0.0	0.0	0.0	0.0	0.0	0.0	0.0	0.0	0.0	0.0	0.0	0.0	
Hirondelle de rivage	0.0	0.0	0.0	0.0	0.0	0.0	0.0	0.0	0.0	0.0	0.0	0.0	0.0	0.0098039	0.0151515	0.0	0.0	0.0086207	0.0135135	0.0	0.0128205	0.0	0.0	0.0	0.0	0.0	0.009901	0.0	0.0	0.0	0.0	0.0140845	0.0138889	0.0	0.0	0.0	0.0	0.0	0.0	0.0	0.0	0.0	0.0	0.0	0.0	0.0	0.0	0.0	
Hirondelle de rochers	0.0	0.0015	0.0	0.0	0.0	0.0015	0.025641	0.0192308	0.025641	0.106383	0.0227273	0.0344828	0.0166667	0.0392157	0.0606061	0.0194175	0.0113636	0.0517241	0.027027	0.0175439	0.0015	0.0273973	0.0930233	0.037037	0.0136986	0.0352941	0.0594059	0.0411765	0.047619	0.0441176	0.0707071	0.0704225	0.0972222	0.0344828	0.0645161	0.0740741	0.0444444	0.0416667	0.0350877	0.0	0.0	0.0	0.0	0.0	0.0	0.0	0.0	0.0	
Hirondelle rustique	0.0	0.0	0.0	0.0	0.0	0.0	0.0	0.0	0.0	0.0638298	0.2045455	0.2068966	0.3833333	0.3333333	0.2424242	0.3300971	0.2613636	0.3362069	0.2027027	0.1929825	0.1923077	0.2739726	0.1162791	0.2666667	0.3972603	0.3882353	0.2376238	0.4058824	0.3928571	0.4264706	0.5656566	0.3732394	0.25	0.1724138	0.1290323	0.0555556	0.1111111	0.0625	0.0350877	0.0	0.0	0.0	0.0	0.0	0.0	0.0	0.0	0.0	
Hirondelle de fenêtre	0.0	0.0	0.0	0.0	0.0	0.0	0.0	0.0384615	0.1538462	0.106383	0.3181818	0.3103448	0.35	0.254902	0.2121212	0.2524272	0.2727273	0.2672414	0.2972973	0.377193	0.2692308	0.369863	0.3488372	0.362963	0.5616438	0.5411765	0.4851485	0.4764706	0.4761905	0.3676471	0.4949495	0.4507042	0.3611111	0.4827586	0.3870968	0.1296296	0.1777778	0.0208333	0.0	0.0	0.0	0.0	0.0	0.0	0.0	0.0	0.0	0.0	
Hirondelle rousseline	0.0	0.0	0.0	0.0	0.0	0.0	0.0	0.0	0.0	0.0	0.0	0.0	0.0	0.0	0.0	0.0	0.0	0.0	0.0135135	0.0	0.0	0.0	0.0	0.0	0.0	0.0	0.0	0.0	0.0	0.0	0.0015	0.0070423	0.0	0.0	0.0	0.0	0.0	0.0	0.0	0.0	0.0	0.0	0.0	0.0	0.0	0.0	0.0	0.0	
hirondelle sp.	0.0	0.0	0.0	0.0	0.0	0.0	0.0	0.0	0.0	0.0	0.0	0.0	0.0	0.0	0.0	0.0	0.0	0.0	0.0	0.0	0.0	0.0	0.0	0.0	0.0	0.0	0.0	0.0	0.0	0.0	0.0015	0.0	0.0	0.0	0.0	0.0	0.0	0.0	0.0	0.0	0.0	0.0	0.0	0.0	0.0	0.0	0.0	0.0	
Pouillot siffleur	0.0	0.0	0.0	0.0	0.0	0.0	0.0	0.0	0.0	0.0	0.0	0.0	0.0	0.0098039	0.0606061	0.0582524	0.1363636	0.0862069	0.0810811	0.0789474	0.0512821	0.0684932	0.0697674	0.0592593	0.0136986	0.0470588	0.029703	0.0294118	0.0119048	0.0441176	0.040404	0.0	0.0694444	0.0	0.0	0.0	0.0222222	0.0	0.0	0.0	0.0	0.0	0.0	0.0	0.0	0.0	0.0	0.0	
Pouillot de Bonelli	0.0	0.0	0.0	0.0	0.0	0.0	0.0	0.0	0.0	0.0	0.0	0.0	0.0	0.0392157	0.0151515	0.1165049	0.1477273	0.0862069	0.1621622	0.1578947	0.0769231	0.1369863	0.1395349	0.1333333	0.1232877	0.0235294	0.0693069	0.0294118	0.0238095	0.0	0.010101	0.0140845	0.0277778	0.0	0.0	0.0	0.0	0.0	0.0175439	0.0	0.0	0.0	0.0	0.0	0.0	0.0	0.0	0.0	
Pouillot fitis	0.0	0.0	0.0	0.0	0.0	0.0	0.0	0.0	0.0	0.0	0.0	0.0229885	0.0166667	0.0196078	0.0	0.0	0.0113636	0.0	0.0015	0.0	0.0	0.0	0.0	0.0	0.0	0.0	0.0	0.0	0.0	0.0	0.0	0.0070423	0.0138889	0.0	0.0	0.0	0.0	0.0	0.0	0.0	0.0	0.0	0.0	0.0	0.0	0.0	0.0	0.0	
Pouillot véloce	0.3962264	0.3055556	0.44	0.3333333	0.5882353	0.4705882	0.3076923	0.3269231	0.3333333	0.1914894	0.3636364	0.3793103	0.3	0.3235294	0.3333333	0.3495146	0.3636364	0.2672414	0.3243243	0.3596491	0.2692308	0.260274	0.3488372	0.3259259	0.3561644	0.1411765	0.1089109	0.2058824	0.1666667	0.2352941	0.2121212	0.1478873	0.2083333	0.1034483	0.0967742	0.2407407	0.2222222	0.0833333	0.2280702	0.3521127	0.3571429	0.4482759	0.25	0.3333333	0.45	0.3043478	0.4	0.2142857	
pouillot sp.	0.0	0.0	0.0	0.0	0.0	0.0	0.0	0.0	0.0	0.0	0.0	0.0	0.0	0.0	0.0	0.0	0.0	0.0086207	0.0	0.0087719	0.0	0.0	0.0	0.0	0.0	0.0	0.0	0.0	0.0119048	0.0	0.0	0.0	0.0	0.0	0.0	0.0	0.0	0.0	0.0175439	0.0	0.0	0.0	0.0	0.0	0.0	0.0	0.0	0.0	
Bouscarle de Cetti	0.1698113	0.1388889	0.16	0.1176471	0.1764706	0.2058824	0.1794872	0.3076923	0.4102564	0.3191489	0.3863636	0.3563218	0.1833333	0.1666667	0.2121212	0.1650485	0.1022727	0.1034483	0.2027027	0.0614035	0.1410256	0.109589	0.0465116	0.0148148	0.0410959	0.0823529	0.009901	0.0235294	0.0238095	0.0147059	0.030303	0.0704225	0.0416667	0.0344828	0.0967742	0.0925926	0.1333333	0.125	0.1052632	0.1971831	0.1666667	0.3448276	0.2083333	0.1333333	0.1	0.2608696	0.08	0.0714286	
Orite à longue queue	0.245283	0.25	0.2	0.4117647	0.2058824	0.2352941	0.2307692	0.2692308	0.2051282	0.212766	0.25	0.2528736	0.2	0.3137255	0.2575758	0.2135922	0.125	0.1465517	0.1891892	0.1578947	0.1153846	0.1232877	0.0465116	0.0814815	0.0821918	0.1058824	0.0990099	0.1	0.0595238	0.0588235	0.1616162	0.2112676	0.1111111	0.0344828	0.1290323	0.1666667	0.2444444	0.2083333	0.2280702	0.2253521	0.1904762	0.3448276	0.375	0.2333333	0.2	0.173913	0.16	0.2857143	
Fauvette à tête noire	0.245283	0.1944444	0.4	0.4313725	0.5588235	0.5	0.4102564	0.6730769	0.5641026	0.6382979	0.6818182	0.7011494	0.5833333	0.6470588	0.6666667	0.5825243	0.4545455	0.5689655	0.527027	0.5263158	0.525641	0.5205479	0.5348837	0.5185185	0.5479452	0.5882353	0.3663366	0.3882353	0.297619	0.2352941	0.2121212	0.0985915	0.1944444	0.137931	0.2258065	0.2777778	0.1777778	0.2291667	0.2280702	0.3098592	0.3571429	0.5172414	0.1666667	0.2666667	0.6	0.3913043	0.44	0.2142857	
Fauvette des jardins	0.0	0.0	0.0	0.0	0.0	0.0	0.0	0.0	0.0	0.0	0.0	0.0	0.0	0.0	0.0	0.0	0.0	0.0172414	0.0135135	0.0526316	0.0128205	0.0	0.0	0.0074074	0.0136986	0.0	0.0	0.0	0.0	0.0	0.0	0.0140845	0.0138889	0.0	0.0322581	0.0	0.0	0.0	0.0	0.0	0.0	0.0	0.0	0.0	0.0	0.0	0.0	0.0	
Fauvette babillarde	0.0	0.0	0.0	0.0	0.0	0.0	0.0	0.0	0.0	0.0	0.0	0.0	0.0	0.0	0.0	0.0	0.0	0.0	0.0	0.0	0.0	0.0	0.0	0.0074074	0.0273973	0.0	0.0	0.0	0.0	0.0	0.0	0.0070423	0.0	0.0	0.0	0.0	0.0	0.0	0.0	0.0	0.0	0.0	0.0	0.0	0.0	0.0	0.0	0.0	
Fauvette mélanocéphale	0.2641509	0.1944444	0.24	0.1764706	0.4117647	0.4411765	0.2820513	0.4423077	0.4102564	0.3617021	0.3409091	0.1954023	0.2166667	0.1078431	0.1818182	0.0970874	0.1022727	0.1465517	0.2162162	0.1140351	0.0897436	0.1232877	0.1627907	0.0814815	0.1780822	0.2470588	0.0594059	0.0764706	0.0119048	0.0441176	0.0606061	0.0915493	0.0694444	0.2068966	0.1935484	0.2777778	0.2666667	0.2291667	0.2105263	0.2957746	0.2857143	0.4137931	0.125	0.3333333	0.6	0.4347826	0.4	0.1071429	
Fauvette des Balkans	0.0	0.0	0.0	0.0	0.0	0.0	0.0	0.0	0.0	0.0	0.0227273	0.1034483	0.0333333	0.1176471	0.2575758	0.1650485	0.0909091	0.1034483	0.1756757	0.0614035	0.0897436	0.1232877	0.0465116	0.0592593	0.0136986	0.0235294	0.009901	0.0117647	0.0	0.0	0.010101	0.0070423	0.0416667	0.0	0.0	0.0185185	0.0	0.0	0.0	0.0	0.0	0.0	0.0	0.0	0.0	0.0	0.0	0.0	
Fauvette grisette	0.0	0.0	0.0	0.0	0.0	0.0	0.0	0.0	0.0	0.0	0.0	0.0	0.0	0.0784314	0.1212121	0.0582524	0.0795455	0.0862069	0.0405405	0.0438596	0.1153846	0.0821918	0.0	0.1037037	0.1780822	0.0352941	0.0015	0.0235294	0.0238095	0.0015	0.030303	0.056338	0.0416667	0.0	0.0	0.0	0.0	0.0	0.0	0.0	0.0	0.0	0.0	0.0	0.0	0.0	0.0	0.0	
Fauvette à lunettes	0.0188679	0.0	0.0	0.0	0.0	0.0	0.0	0.0	0.0	0.0	0.0	0.0	0.0	0.0	0.0	0.0	0.0113636	0.0	0.0135135	0.0175439	0.0128205	0.0	0.0	0.0	0.0136986	0.0	0.0	0.0117647	0.0	0.0	0.0	0.0	0.0	0.0	0.0	0.0	0.0	0.0	0.0	0.0	0.0	0.0	0.0	0.0	0.0	0.0	0.0	0.0	
Léiothrix jaune	0.0	0.0	0.0	0.0	0.0	0.0	0.0	0.0	0.0	0.0	0.0	0.0	0.0	0.0	0.0	0.0	0.0	0.0	0.0	0.0	0.0	0.0	0.0	0.0	0.0	0.0	0.0	0.0015	0.0	0.0	0.0	0.0070423	0.0	0.0	0.0	0.0	0.0	0.0	0.0015	0.0	0.0	0.0	0.0	0.0	0.0	0.0	0.0	0.0	
Roitelet huppé	0.0566038	0.0555556	0.0	0.0392157	0.0588235	0.0882353	0.025641	0.0384615	0.0512821	0.0638298	0.0	0.0	0.0166667	0.0294118	0.0	0.0	0.0	0.0	0.0	0.0	0.0	0.0136986	0.0	0.0074074	0.0	0.0	0.0	0.0015	0.0	0.0	0.030303	0.0070423	0.0	0.0	0.0645161	0.037037	0.0	0.0625	0.0175439	0.0422535	0.0238095	0.0344828	0.0833333	0.1	0.0015	0.0869565	0.04	0.0357143	
Roitelet à triple bandeau	0.0566038	0.0833333	0.08	0.0588235	0.0588235	0.0	0.0	0.0769231	0.0769231	0.1914894	0.1136364	0.0574713	0.0666667	0.0882353	0.1515152	0.1262136	0.0909091	0.137931	0.0810811	0.1315789	0.0897436	0.1917808	0.1395349	0.1259259	0.109589	0.0705882	0.009901	0.0235294	0.0357143	0.0735294	0.0707071	0.0211268	0.0694444	0.0	0.0967742	0.0925926	0.0222222	0.0625	0.1403509	0.0140845	0.0714286	0.1034483	0.0416667	0.1	0.1	0.0434783	0.08	0.0357143	
Tichodrome échelette	0.0	0.0277778	0.0	0.0196078	0.0015	0.0	0.0	0.0	0.0	0.0	0.0015	0.0015	0.0	0.0	0.0	0.0	0.0	0.0	0.0	0.0	0.0	0.0	0.0232558	0.0	0.0	0.0117647	0.0015	0.0176471	0.0015	0.0294118	0.010101	0.0070423	0.0	0.0	0.0	0.0185185	0.0015	0.0416667	0.0175439	0.0	0.0015	0.0344828	0.0	0.0	0.0	0.0	0.0	0.0	
Sittelle torchepot	0.1698113	0.1666667	0.2	0.2745098	0.2647059	0.2058824	0.2820513	0.2115385	0.1282051	0.2978723	0.0909091	0.2068966	0.2166667	0.2745098	0.2727273	0.1553398	0.1136364	0.1293103	0.1486486	0.1052632	0.0897436	0.1369863	0.1627907	0.162963	0.2191781	0.1058824	0.1881188	0.1647059	0.1547619	0.1911765	0.2323232	0.1338028	0.2083333	0.137931	0.1290323	0.2037037	0.1777778	0.1666667	0.1578947	0.1549296	0.1428571	0.2068966	0.1666667	0.2	0.0015	0.173913	0.12	0.1607143	
Grimpereau des bois	0.0015	0.0015	0.0	0.0	0.0	0.0	0.0	0.0	0.0	0.0212766	0.0015	0.0	0.0	0.0196078	0.0151515	0.038835	0.0	0.0086207	0.0	0.0263158	0.0015	0.0410959	0.0	0.0148148	0.0	0.0015	0.019802	0.0058824	0.0	0.0	0.030303	0.0211268	0.0138889	0.0	0.0	0.0	0.0	0.0	0.0175439	0.0015	0.0238095	0.0015	0.0	0.0	0.0015	0.0	0.0	0.0	
Grimpereau des jardins	0.0754717	0.0833333	0.08	0.1176471	0.2352941	0.1470588	0.0769231	0.1346154	0.1025641	0.2765957	0.1590909	0.183908	0.05	0.1568627	0.2121212	0.1650485	0.1136364	0.137931	0.1486486	0.1140351	0.1025641	0.1917808	0.1395349	0.1037037	0.1780822	0.1294118	0.0990099	0.1176471	0.1428571	0.1617647	0.1212121	0.1338028	0.0833333	0.1034483	0.0967742	0.2037037	0.0444444	0.1666667	0.1754386	0.0704225	0.0714286	0.1724138	0.0	0.1333333	0.0	0.1304348	0.12	0.0178571	
Grimpereau des bois ou G. des jardins	0.0	0.0	0.0	0.0196078	0.0	0.0	0.0	0.0384615	0.0	0.0	0.0	0.0	0.0	0.0	0.0015	0.0097087	0.0	0.0	0.0	0.0	0.0	0.0	0.0	0.0074074	0.0	0.0	0.0	0.0058824	0.0119048	0.0	0.0	0.0140845	0.0138889	0.0	0.0	0.0185185	0.0	0.0	0.0	0.0	0.0	0.0	0.0	0.0	0.0	0.0	0.0	0.0178571	
Troglodyte mignon	0.0754717	0.1111111	0.2	0.1568627	0.2058824	0.1470588	0.2051282	0.2307692	0.2564103	0.3191489	0.2954545	0.2758621	0.25	0.3333333	0.3636364	0.2718447	0.2840909	0.25	0.2162162	0.2807018	0.2307692	0.3013699	0.1860465	0.2222222	0.2328767	0.0588235	0.1287129	0.1529412	0.0952381	0.0882353	0.1313131	0.084507	0.125	0.0344828	0.0967742	0.1481481	0.0888889	0.1041667	0.1578947	0.0704225	0.0238095	0.1034483	0.125	0.2333333	0.35	0.1304348	0.12	0.1428571	
Cincle plongeur	0.0015	0.0015	0.0	0.0	0.0294118	0.0	0.025641	0.0	0.0	0.0015	0.0	0.0114943	0.0166667	0.0	0.0	0.0097087	0.0	0.0258621	0.0135135	0.0015	0.0015	0.0136986	0.0	0.0	0.0136986	0.0015	0.009901	0.0176471	0.0238095	0.0	0.0	0.028169	0.0	0.0	0.0645161	0.0015	0.0222222	0.0208333	0.0350877	0.0015	0.0	0.0	0.0	0.0333333	0.0015	0.0434783	0.0	0.0178571	
Étourneau sansonnet	0.5283019	0.4166667	0.56	0.4117647	0.5294118	0.6176471	0.5897436	0.4423077	0.5897436	0.4893617	0.5681818	0.4597701	0.5	0.3039216	0.4242424	0.3203883	0.3863636	0.2586207	0.2972973	0.2017544	0.1410256	0.2739726	0.1162791	0.1259259	0.2739726	0.2235294	0.0891089	0.0882353	0.0714286	0.1617647	0.1414141	0.1408451	0.1944444	0.3793103	0.3870968	0.3518519	0.3777778	0.375	0.3157895	0.3521127	0.4285714	0.5517241	0.1666667	0.4666667	0.8	0.6086957	0.64	0.2857143	
Étourneau sansonnet ou É. unicolore	0.0	0.0	0.0	0.0	0.0	0.0	0.0	0.0	0.0	0.0	0.0	0.0	0.0	0.0	0.0	0.0	0.0113636	0.0	0.0135135	0.0	0.0	0.0	0.0	0.0	0.0	0.0	0.0	0.0	0.0	0.0	0.0	0.0	0.0	0.0	0.0	0.0	0.0	0.0	0.0	0.0	0.0	0.0	0.0	0.0	0.0	0.0	0.0	0.0	
Grive draine	0.0377358	0.1111111	0.08	0.1176471	0.0588235	0.1176471	0.1538462	0.1346154	0.025641	0.1276596	0.0015	0.0229885	0.0833333	0.1176471	0.1818182	0.1262136	0.125	0.0775862	0.0810811	0.1052632	0.0512821	0.1232877	0.0930233	0.0666667	0.0410959	0.0235294	0.019802	0.0647059	0.0714286	0.0588235	0.0606061	0.028169	0.0694444	0.0689655	0.0645161	0.1296296	0.0222222	0.0833333	0.1578947	0.084507	0.0238095	0.0689655	0.0416667	0.1666667	0.0015	0.173913	0.0	0.0892857	
Grive musicienne	0.0754717	0.0833333	0.04	0.0196078	0.0294118	0.0294118	0.025641	0.0769231	0.0512821	0.1914894	0.0681818	0.0574713	0.1333333	0.0686275	0.1818182	0.1456311	0.1363636	0.0948276	0.0540541	0.0964912	0.0769231	0.0958904	0.0465116	0.0888889	0.0547945	0.0117647	0.029703	0.0235294	0.0238095	0.0147059	0.010101	0.0070423	0.0	0.0	0.0	0.037037	0.0444444	0.0833333	0.0175439	0.056338	0.047619	0.0689655	0.0	0.1	0.0	0.0015	0.08	0.0892857	
Grive mauvis	0.0188679	0.0277778	0.0	0.0	0.0	0.0	0.0	0.0015	0.0	0.0	0.0	0.0	0.0	0.0	0.0	0.0	0.0	0.0	0.0	0.0	0.0	0.0	0.0	0.0	0.0	0.0	0.0	0.0	0.0	0.0	0.0	0.0	0.0	0.0	0.0	0.0	0.0	0.0	0.0	0.0015	0.0	0.0689655	0.0	0.0333333	0.0	0.0434783	0.0	0.0357143	
Merle noir	0.4528302	0.5833333	0.4	0.5098039	0.5	0.6470588	0.4358974	0.6538462	0.5897436	0.5531915	0.5909091	0.6206897	0.6333333	0.6372549	0.7424242	0.5631068	0.6136364	0.6724138	0.6621622	0.5614035	0.6025641	0.5479452	0.5813953	0.4666667	0.4520548	0.3411765	0.2079208	0.2705882	0.1904762	0.2058824	0.2525253	0.1690141	0.1666667	0.2758621	0.4193548	0.3888889	0.2666667	0.2916667	0.3859649	0.3943662	0.4761905	0.5862069	0.4166667	0.5333333	0.55	0.3913043	0.52	0.4107143	
Grive litorne	0.0377358	0.0	0.04	0.0196078	0.0	0.0	0.025641	0.0192308	0.025641	0.0	0.0	0.0	0.0	0.0	0.0151515	0.0	0.0	0.0	0.0	0.0	0.0	0.0	0.0	0.0	0.0	0.0	0.0	0.0	0.0	0.0	0.0015	0.0	0.0	0.0	0.0	0.0	0.0	0.0208333	0.0	0.0	0.0015	0.0689655	0.0	0.0015	0.0	0.0434783	0.0	0.0178571	
Merle à plastron	0.0	0.0	0.0	0.0	0.0	0.0	0.0512821	0.0	0.0	0.0	0.0	0.0	0.0	0.0	0.0	0.0	0.0	0.0	0.0	0.0	0.0	0.0	0.0	0.0	0.0	0.0	0.0	0.0015	0.0119048	0.0	0.0	0.0015	0.0138889	0.0	0.0	0.0	0.0	0.0	0.0	0.0015	0.0	0.0344828	0.0	0.0	0.0	0.0434783	0.0	0.0178571	
Gobemouche gris	0.0	0.0	0.0	0.0	0.0	0.0	0.0	0.0	0.0	0.0	0.0	0.0	0.0	0.0	0.0	0.0015	0.0015	0.0344828	0.0810811	0.0087719	0.0128205	0.0273973	0.0	0.0222222	0.0821918	0.0117647	0.029703	0.0235294	0.0952381	0.0588235	0.0707071	0.0422535	0.0138889	0.0	0.0322581	0.037037	0.0	0.0	0.0350877	0.0140845	0.0	0.0	0.0	0.0	0.0	0.0	0.0	0.0	
Rougegorge familier	0.5849057	0.6944444	0.84	0.627451	0.8529412	0.7352941	0.6153846	0.7884615	0.6923077	0.6170213	0.5	0.5862069	0.4666667	0.4509804	0.469697	0.2912621	0.3295455	0.2844828	0.3243243	0.3245614	0.2435897	0.3287671	0.3023256	0.2666667	0.2328767	0.1529412	0.1485149	0.1588235	0.1190476	0.1764706	0.1818182	0.084507	0.2083333	0.1034483	0.1612903	0.3148148	0.3333333	0.5208333	0.5614035	0.5915493	0.7142857	0.7241379	0.4166667	0.6	0.85	0.6956522	0.68	0.5535714	
Rossignol philomèle	0.0	0.0	0.0	0.0	0.0	0.0	0.0	0.0	0.0	0.0	0.0	0.0229885	0.0166667	0.127451	0.2272727	0.2912621	0.25	0.1724138	0.1621622	0.1842105	0.2435897	0.2054795	0.0697674	0.0814815	0.0821918	0.0235294	0.009901	0.0176471	0.0238095	0.0147059	0.010101	0.0422535	0.0	0.0	0.0	0.0	0.0	0.0	0.0	0.0	0.0	0.0	0.0	0.0	0.0	0.0	0.0	0.0	
Gobemouche noir	0.0	0.0	0.0	0.0	0.0	0.0	0.0	0.0	0.0	0.0	0.0	0.0	0.0	0.0	0.0757576	0.0	0.0	0.0015	0.0135135	0.0	0.0	0.0	0.0	0.0	0.0	0.0	0.0	0.0	0.0	0.0147059	0.0	0.0070423	0.0	0.0	0.0	0.0	0.0	0.0	0.0	0.0	0.0	0.0	0.0	0.0	0.0	0.0	0.0	0.0	
Gobemouche à collier	0.0	0.0	0.0	0.0	0.0	0.0	0.0	0.0	0.0	0.0	0.0	0.0	0.0	0.0	0.0	0.0485437	0.0340909	0.0344828	0.0405405	0.0263158	0.0128205	0.0136986	0.0	0.037037	0.0136986	0.0	0.009901	0.0294118	0.0	0.0441176	0.020202	0.0	0.0	0.0	0.0	0.0	0.0	0.0	0.0	0.0	0.0	0.0	0.0	0.0	0.0	0.0	0.0	0.0	
Ficedula sp.	0.0	0.0	0.0	0.0	0.0	0.0	0.0	0.0	0.0	0.0	0.0	0.0	0.0	0.0	0.0	0.0	0.0	0.0	0.0	0.0087719	0.0	0.0	0.0	0.0	0.0	0.0	0.0	0.0	0.0	0.0	0.0	0.0	0.0	0.0	0.0	0.0	0.0	0.0	0.0	0.0	0.0	0.0	0.0	0.0	0.0	0.0	0.0	0.0	
Rougequeue à front blanc	0.0	0.0	0.0	0.0	0.0	0.0	0.0	0.0	0.0	0.0	0.0227273	0.1264368	0.2333333	0.3529412	0.4545455	0.368932	0.2727273	0.2672414	0.3513514	0.3508772	0.2820513	0.2739726	0.3255814	0.237037	0.3013699	0.2588235	0.1386139	0.1529412	0.1190476	0.1470588	0.2323232	0.1126761	0.1527778	0.0344828	0.0322581	0.0	0.0	0.0	0.0175439	0.0	0.0	0.0	0.0	0.0	0.0	0.0	0.0	0.0	
Rougequeue noir	0.5283019	0.3333333	0.52	0.372549	0.6470588	0.5	0.4102564	0.4230769	0.5128205	0.3191489	0.3409091	0.183908	0.1666667	0.1176471	0.0454545	0.1067961	0.0568182	0.0862069	0.0675676	0.1052632	0.1410256	0.1232877	0.1627907	0.2148148	0.2191781	0.1764706	0.1386139	0.1176471	0.1190476	0.0882353	0.0707071	0.0704225	0.2361111	0.1724138	0.2258065	0.1296296	0.0888889	0.1875	0.1929825	0.4647887	0.6190476	0.5172414	0.3333333	0.5333333	0.5	0.6086957	0.48	0.4642857	
Monticole de roche	0.0	0.0	0.0	0.0	0.0	0.0	0.0	0.0	0.0	0.0	0.0	0.0	0.0	0.0196078	0.0	0.0097087	0.0340909	0.0172414	0.0135135	0.0175439	0.0641026	0.0547945	0.0015	0.0518519	0.0410959	0.0235294	0.039604	0.0294118	0.0119048	0.0588235	0.010101	0.0492958	0.0694444	0.0	0.0	0.0	0.0	0.0	0.0	0.0140845	0.0	0.0	0.0	0.0	0.0	0.0	0.0	0.0	
Monticole bleu	0.0377358	0.1111111	0.12	0.0588235	0.0882353	0.1176471	0.025641	0.0192308	0.1025641	0.1276596	0.0909091	0.0	0.05	0.0196078	0.0015	0.0097087	0.0113636	0.0172414	0.0	0.0175439	0.0015	0.0	0.0	0.0222222	0.0821918	0.0117647	0.0	0.0	0.0	0.0	0.0	0.0070423	0.0	0.0	0.0	0.0	0.0	0.0	0.0350877	0.028169	0.0238095	0.0344828	0.0	0.0	0.05	0.0434783	0.04	0.0357143	
Tarier des prés	0.0	0.0	0.0	0.0	0.0	0.0	0.0	0.0	0.0	0.0	0.0	0.0	0.0	0.0	0.0	0.0194175	0.0340909	0.0258621	0.0810811	0.0350877	0.0384615	0.0136986	0.0	0.0222222	0.0136986	0.0117647	0.009901	0.0235294	0.0119048	0.0147059	0.020202	0.0352113	0.1111111	0.1034483	0.0645161	0.0185185	0.0	0.0208333	0.0175439	0.0140845	0.0	0.0	0.0	0.0	0.0	0.0	0.0	0.0	
Tarier pâtre	0.1509434	0.0555556	0.08	0.0588235	0.1470588	0.0588235	0.025641	0.0384615	0.025641	0.0212766	0.0454545	0.045977	0.0833333	0.1078431	0.0454545	0.1067961	0.0795455	0.1293103	0.0810811	0.0701754	0.1153846	0.0273973	0.0232558	0.1259259	0.1506849	0.0588235	0.039604	0.0941176	0.0952381	0.0588235	0.0808081	0.0704225	0.0694444	0.0344828	0.0322581	0.0185185	0.0444444	0.0625	0.0350877	0.084507	0.0238095	0.1034483	0.125	0.1333333	0.05	0.0869565	0.0	0.0714286	
Traquet motteux	0.0	0.0	0.0	0.0	0.0	0.0	0.0	0.0	0.0	0.0	0.0	0.0114943	0.0166667	0.1078431	0.0454545	0.0776699	0.1704545	0.1206897	0.0945946	0.1929825	0.1666667	0.1232877	0.2093023	0.2518519	0.260274	0.1764706	0.1188119	0.2117647	0.1666667	0.2647059	0.1414141	0.2394366	0.2777778	0.2068966	0.1612903	0.0185185	0.0	0.0208333	0.0	0.0	0.0	0.0	0.0	0.0	0.0	0.0	0.0	0.0	
Traquet noir et blanc	0.0	0.0	0.0	0.0	0.0	0.0	0.0	0.0	0.0	0.0	0.0	0.0	0.0	0.0	0.0	0.0	0.0	0.0	0.0	0.0	0.0	0.0	0.0	0.0074074	0.0	0.0	0.0	0.0	0.0	0.0	0.0	0.0	0.0	0.0	0.0	0.0	0.0	0.0	0.0	0.0	0.0	0.0	0.0	0.0	0.0	0.0	0.0	0.0	
Oenanthe sp.	0.0	0.0	0.0	0.0	0.0	0.0	0.0	0.0	0.0	0.0	0.0	0.0	0.0	0.0	0.0	0.0	0.0	0.0	0.0	0.0087719	0.0	0.0	0.0	0.0	0.0	0.0	0.0	0.0	0.0	0.0	0.0	0.0	0.0	0.0	0.0	0.0	0.0	0.0	0.0	0.0	0.0	0.0	0.0	0.0	0.0	0.0	0.0	0.0	
Accenteur alpin	0.0188679	0.0277778	0.0	0.0	0.0	0.0	0.0	0.0	0.0	0.0	0.0015	0.0	0.0	0.0098039	0.0	0.0	0.0	0.0172414	0.0	0.0	0.0128205	0.0136986	0.0465116	0.0148148	0.0136986	0.0470588	0.019802	0.0294118	0.0119048	0.0294118	0.0015	0.0211268	0.0277778	0.0015	0.0	0.0	0.0015	0.0	0.0	0.0015	0.0015	0.0	0.0	0.0015	0.0	0.0434783	0.0015	0.0178571	
Accenteur mouchet	0.3018868	0.1388889	0.16	0.1176471	0.0882353	0.1764706	0.0512821	0.0769231	0.0512821	0.0212766	0.0681818	0.0114943	0.0015	0.0098039	0.0	0.0097087	0.0113636	0.0	0.0	0.0	0.0128205	0.0	0.0232558	0.0444444	0.0410959	0.0117647	0.0	0.0058824	0.0119048	0.0147059	0.0	0.0015	0.0	0.0	0.0	0.0	0.0	0.0	0.0175439	0.028169	0.047619	0.1724138	0.0416667	0.1666667	0.0	0.2173913	0.16	0.0892857	
Moineau cisalpin	0.2075472	0.25	0.2	0.1764706	0.2941176	0.4705882	0.2307692	0.3461538	0.2820513	0.212766	0.25	0.3448276	0.3	0.254902	0.3333333	0.3203883	0.375	0.2672414	0.2027027	0.2719298	0.2307692	0.3424658	0.1395349	0.2740741	0.4520548	0.3529412	0.1881188	0.3	0.2380952	0.25	0.3232323	0.2323944	0.1666667	0.2068966	0.2903226	0.2222222	0.2666667	0.2083333	0.2631579	0.1830986	0.2857143	0.4137931	0.0416667	0.3333333	0.25	0.0869565	0.16	0.2142857	
Hybride Moineau cisalpin x M. espagnol	0.0	0.0	0.0	0.0	0.0	0.0294118	0.0	0.0	0.0	0.0	0.0	0.0	0.0	0.0	0.0	0.0	0.0	0.0	0.0	0.0	0.0	0.0	0.0	0.0	0.0	0.0	0.0	0.0	0.0	0.0	0.0	0.0	0.0	0.0	0.0	0.0	0.0	0.0	0.0	0.0	0.0	0.0	0.0	0.0	0.0	0.0	0.0	0.0	
Moineau friquet	0.1132075	0.0555556	0.08	0.0980392	0.0882353	0.0294118	0.025641	0.0576923	0.025641	0.0212766	0.0681818	0.0689655	0.1	0.0882353	0.0606061	0.0194175	0.0227273	0.0431034	0.0405405	0.0087719	0.0384615	0.0410959	0.0015	0.0592593	0.109589	0.0117647	0.009901	0.0235294	0.047619	0.0441176	0.030303	0.0211268	0.0555556	0.0344828	0.0	0.0	0.0888889	0.0833333	0.0526316	0.1267606	0.0952381	0.0344828	0.0416667	0.0666667	0.1	0.173913	0.04	0.0714286	
Moineau soulcie	0.0	0.0015	0.0	0.0	0.0	0.0294118	0.025641	0.0	0.0	0.0	0.0	0.0	0.0	0.0098039	0.0	0.0291262	0.0227273	0.0258621	0.027027	0.0350877	0.0384615	0.0547945	0.0465116	0.0740741	0.0684932	0.0352941	0.009901	0.0294118	0.0595238	0.0735294	0.020202	0.0352113	0.0416667	0.0	0.0015	0.0	0.0	0.0015	0.0350877	0.0140845	0.0	0.0015	0.0	0.0	0.0	0.0	0.0	0.0	
Niverolle alpine	0.0	0.0	0.0	0.0	0.0	0.0	0.0	0.0015	0.0	0.0	0.0	0.0114943	0.0166667	0.0098039	0.0	0.0	0.0113636	0.0258621	0.0540541	0.0087719	0.0897436	0.0684932	0.0697674	0.0740741	0.0410959	0.0823529	0.0693069	0.0352941	0.0357143	0.0588235	0.0015	0.0140845	0.0694444	0.0	0.0	0.0	0.0222222	0.0625	0.0	0.0140845	0.0238095	0.0	0.0416667	0.0	0.0	0.0	0.0	0.0	
Bergeronnette des ruisseaux	0.1132075	0.1388889	0.16	0.0784314	0.0882353	0.0882353	0.0769231	0.0576923	0.0769231	0.1276596	0.0454545	0.0229885	0.0166667	0.0098039	0.030303	0.0291262	0.0227273	0.0862069	0.0405405	0.0350877	0.025641	0.0410959	0.0232558	0.0740741	0.1643836	0.0470588	0.0594059	0.0588235	0.047619	0.0735294	0.0505051	0.0422535	0.0694444	0.0344828	0.0322581	0.0925926	0.0666667	0.1041667	0.1403509	0.1549296	0.0714286	0.2758621	0.2083333	0.2333333	0.1	0.173913	0.04	0.1428571	
Bergeronnette printanière	0.0	0.0	0.0	0.0	0.0	0.0	0.0	0.0	0.0	0.0	0.0227273	0.0114943	0.0333333	0.0196078	0.0151515	0.0194175	0.0227273	0.0	0.027027	0.0438596	0.0128205	0.0	0.0232558	0.0444444	0.1232877	0.0235294	0.009901	0.0117647	0.0119048	0.0294118	0.0707071	0.0422535	0.0277778	0.0	0.0645161	0.0	0.0	0.0	0.0	0.0	0.0	0.0	0.0	0.0	0.0	0.0	0.0	0.0	
Bergeronnette grise	0.2830189	0.1666667	0.32	0.2156863	0.2647059	0.4117647	0.3076923	0.5	0.4358974	0.2765957	0.3863636	0.3218391	0.2833333	0.2745098	0.2121212	0.2718447	0.125	0.2586207	0.1756757	0.2017544	0.1538462	0.1780822	0.0930233	0.2518519	0.2876712	0.2823529	0.2277228	0.2235294	0.1904762	0.25	0.3030303	0.2042254	0.2222222	0.1724138	0.2258065	0.2407407	0.1333333	0.2916667	0.3157895	0.2394366	0.3095238	0.3448276	0.1666667	0.3	0.35	0.173913	0.24	0.2142857	
bergeronette sp.	0.0	0.0	0.0	0.0	0.0	0.0	0.0	0.0	0.0	0.0	0.0	0.0	0.0	0.0	0.0	0.0	0.0	0.0	0.0	0.0	0.0	0.0	0.0	0.0148148	0.0	0.0	0.0	0.0	0.0	0.0	0.0	0.0	0.0	0.0	0.0	0.0	0.0	0.0	0.0	0.0	0.0	0.0	0.0	0.0	0.0	0.0	0.0	0.0	
Pipit rousseline	0.0	0.0	0.0	0.0	0.0	0.0	0.0	0.0	0.0	0.0	0.0	0.0	0.0	0.0	0.0	0.0194175	0.0568182	0.0344828	0.0405405	0.0701754	0.0512821	0.0410959	0.0930233	0.1333333	0.0684932	0.0823529	0.039604	0.0705882	0.0238095	0.0015	0.020202	0.056338	0.1111111	0.0689655	0.0645161	0.0185185	0.0	0.0	0.0	0.0	0.0	0.0	0.0	0.0	0.0	0.0	0.0	0.0	
Pipit farlouse	0.0943396	0.0555556	0.08	0.0392157	0.0588235	0.0588235	0.025641	0.0	0.025641	0.0212766	0.0454545	0.0229885	0.05	0.0196078	0.0151515	0.0	0.0	0.0	0.0	0.0	0.0	0.0	0.0	0.0	0.0	0.0	0.0	0.0	0.0	0.0	0.0	0.0	0.0	0.0	0.0645161	0.0	0.0	0.0208333	0.0015	0.028169	0.047619	0.0689655	0.0833333	0.1	0.1	0.0434783	0.0	0.0892857	
Pipit des arbres	0.0	0.0	0.0	0.0	0.0	0.0	0.0	0.0	0.0	0.0	0.0	0.0114943	0.0	0.0784314	0.030303	0.1067961	0.1136364	0.0689655	0.0405405	0.0614035	0.1282051	0.0547945	0.1162791	0.1407407	0.0684932	0.0352941	0.009901	0.0411765	0.0833333	0.1029412	0.1313131	0.1338028	0.125	0.0015	0.0322581	0.0185185	0.0	0.0	0.0	0.0	0.0	0.0015	0.0	0.0	0.0	0.0	0.0	0.0	
Pipit spioncelle	0.0	0.0277778	0.0	0.0	0.0	0.0294118	0.0	0.0192308	0.025641	0.0	0.0	0.0	0.0333333	0.0196078	0.0151515	0.0194175	0.0454545	0.0517241	0.0015	0.0526316	0.0641026	0.0273973	0.1162791	0.0888889	0.0410959	0.1294118	0.039604	0.0647059	0.0357143	0.0588235	0.0606061	0.056338	0.125	0.0689655	0.0967742	0.037037	0.0444444	0.125	0.0	0.028169	0.0238095	0.0015	0.0833333	0.0333333	0.0	0.0	0.04	0.0	
Anthus sp.	0.0	0.0	0.0	0.0	0.0	0.0	0.0	0.0	0.0	0.0	0.0	0.0	0.0	0.0	0.0	0.0	0.0	0.0172414	0.0	0.0	0.0	0.0	0.0	0.0	0.0	0.0	0.0	0.0	0.0	0.0	0.0	0.0	0.0	0.0	0.0	0.0	0.0	0.0	0.0	0.0	0.0	0.0	0.0	0.0	0.0	0.0	0.0	0.0	
Pinson des arbres	0.5849057	0.6944444	0.68	0.6470588	0.6470588	0.6764706	0.4871795	0.5961538	0.5897436	0.4893617	0.3181818	0.3218391	0.2333333	0.4019608	0.4090909	0.407767	0.4318182	0.4137931	0.3513514	0.377193	0.3205128	0.3287671	0.3255814	0.3481481	0.3287671	0.1411765	0.1188119	0.1941176	0.1428571	0.1176471	0.1919192	0.1549296	0.1666667	0.137931	0.1290323	0.1296296	0.1333333	0.3541667	0.4736842	0.4225352	0.5	0.5172414	0.5833333	0.6333333	0.6	0.826087	0.44	0.6071429	
Pinson du Nord	0.0	0.0	0.0	0.0	0.0588235	0.0294118	0.0	0.0015	0.0	0.0	0.0	0.0	0.0166667	0.0	0.0	0.0	0.0	0.0	0.0	0.0	0.0	0.0	0.0	0.0	0.0	0.0	0.0	0.0	0.0	0.0	0.0	0.0	0.0	0.0	0.0	0.0	0.0	0.0	0.0	0.0015	0.0	0.0344828	0.0	0.0	0.0	0.0	0.0	0.0	
Grosbec casse-noyaux	0.0377358	0.0555556	0.04	0.0588235	0.1176471	0.0588235	0.025641	0.0384615	0.0512821	0.0212766	0.0227273	0.0344828	0.0	0.0098039	0.0151515	0.0015	0.0	0.0015	0.0	0.0	0.0	0.0136986	0.0	0.0	0.0410959	0.0	0.009901	0.0015	0.0	0.0147059	0.010101	0.0	0.0	0.0	0.0	0.0185185	0.0	0.0208333	0.0175439	0.0	0.0	0.0689655	0.0416667	0.0333333	0.0	0.0434783	0.04	0.0357143	
Bouvreuil pivoine	0.0	0.0	0.0015	0.0196078	0.0	0.0	0.0	0.0384615	0.0512821	0.0015	0.0	0.0	0.0166667	0.0196078	0.0606061	0.0097087	0.0340909	0.0015	0.0135135	0.0350877	0.025641	0.0410959	0.1162791	0.0592593	0.0273973	0.0235294	0.0693069	0.0411765	0.0357143	0.0294118	0.040404	0.0352113	0.0555556	0.0	0.0	0.037037	0.0222222	0.0	0.0	0.0140845	0.0	0.0344828	0.0	0.0	0.0	0.0	0.0	0.0	
Verdier d'Europe	0.0754717	0.1111111	0.04	0.0588235	0.0882353	0.1176471	0.0769231	0.1153846	0.1025641	0.1489362	0.25	0.1264368	0.25	0.2647059	0.1969697	0.2427184	0.2159091	0.1637931	0.2297297	0.2719298	0.1410256	0.260274	0.2093023	0.1925926	0.3424658	0.1764706	0.1584158	0.1176471	0.0714286	0.1029412	0.1313131	0.0352113	0.0138889	0.0344828	0.0645161	0.1111111	0.0666667	0.0625	0.0175439	0.0704225	0.0238095	0.0689655	0.0416667	0.0666667	0.0	0.0434783	0.08	0.125	
Linotte mélodieuse	0.1509434	0.0555556	0.04	0.0784314	0.0882353	0.1764706	0.025641	0.0384615	0.1025641	0.0212766	0.1136364	0.1149425	0.1	0.2058824	0.1363636	0.1067961	0.0909091	0.137931	0.1081081	0.1403509	0.1538462	0.1506849	0.1162791	0.162963	0.2054795	0.1176471	0.1485149	0.2117647	0.1428571	0.1764706	0.1414141	0.1056338	0.1666667	0.0344828	0.0645161	0.0555556	0.0015	0.1458333	0.0701754	0.084507	0.0238095	0.137931	0.0	0.0666667	0.0	0.0869565	0.04	0.0535714	
Sizerin flammé	0.0	0.0	0.0	0.0	0.0	0.0	0.0	0.0	0.0	0.0	0.0	0.0	0.0	0.0	0.0	0.0	0.0	0.0	0.0	0.0	0.0	0.0	0.0	0.0074074	0.0136986	0.0	0.0	0.0	0.0	0.0	0.0	0.0	0.0	0.0	0.0	0.0	0.0	0.0	0.0	0.0	0.0	0.0	0.0	0.0	0.0	0.0	0.0	0.0	
Bec-croisé des sapins	0.0	0.0	0.0	0.0	0.0	0.0	0.025641	0.0	0.0	0.0	0.0	0.0	0.0	0.0	0.0	0.0	0.0	0.0	0.0	0.0	0.0	0.0	0.0232558	0.0074074	0.0	0.0	0.009901	0.0	0.0238095	0.0147059	0.010101	0.0140845	0.0138889	0.0	0.0	0.0185185	0.0	0.0208333	0.0	0.0	0.0	0.0344828	0.0416667	0.0	0.0	0.0	0.0	0.0178571	
Chardonneret élégant	0.2830189	0.25	0.36	0.2156863	0.1764706	0.1470588	0.2820513	0.2692308	0.3589744	0.2765957	0.2272727	0.2758621	0.2333333	0.3823529	0.3939394	0.3592233	0.25	0.362069	0.2297297	0.2982456	0.2179487	0.2739726	0.2325581	0.4	0.4931507	0.4235294	0.2574257	0.4235294	0.3452381	0.3088235	0.3636364	0.1830986	0.2361111	0.137931	0.1612903	0.1666667	0.1333333	0.2291667	0.1403509	0.2394366	0.1904762	0.3448276	0.0416667	0.4	0.3	0.3478261	0.28	0.1428571	
Serin cini	0.2075472	0.0833333	0.16	0.1764706	0.3235294	0.3529412	0.1794872	0.4423077	0.5384615	0.4468085	0.7045455	0.5402299	0.4833333	0.5098039	0.469697	0.4660194	0.3295455	0.362069	0.3513514	0.3596491	0.4102564	0.4520548	0.255814	0.3333333	0.4794521	0.4352941	0.2574257	0.1882353	0.1547619	0.1323529	0.1010101	0.0915493	0.0833333	0.0689655	0.0322581	0.0740741	0.0222222	0.1041667	0.0877193	0.056338	0.0714286	0.1034483	0.0416667	0.0666667	0.05	0.1304348	0.08	0.0892857	
Tarin des aulnes	0.0377358	0.0555556	0.04	0.0015	0.0	0.0	0.0	0.0192308	0.0512821	0.0	0.0	0.0	0.0	0.0392157	0.0151515	0.0097087	0.0	0.0086207	0.0	0.0	0.0	0.0	0.0	0.0148148	0.0	0.0	0.0015	0.0117647	0.0	0.0147059	0.020202	0.0015	0.0	0.0344828	0.0	0.0015	0.0015	0.0625	0.0526316	0.056338	0.047619	0.1034483	0.0416667	0.0333333	0.0	0.0434783	0.08	0.0357143	
fringillidé sp.	0.0	0.0	0.0	0.0	0.0	0.0	0.0	0.0	0.0	0.0	0.0	0.0	0.0	0.0	0.0	0.0	0.0	0.0	0.0	0.0	0.0	0.0	0.0	0.0	0.0	0.0	0.0	0.0	0.0	0.0	0.0	0.0070423	0.0	0.0	0.0	0.0	0.0	0.0	0.0	0.0	0.0	0.0	0.0	0.0	0.0	0.0	0.0	0.0	
Bruant mélanocéphale	0.0	0.0	0.0	0.0	0.0	0.0	0.0	0.0	0.0	0.0	0.0	0.0	0.0	0.0	0.0	0.0	0.0	0.0	0.0	0.0	0.0	0.0	0.0	0.0	0.0	0.0	0.0	0.0058824	0.0	0.0	0.0	0.0	0.0	0.0	0.0	0.0	0.0	0.0	0.0	0.0	0.0	0.0	0.0	0.0	0.0	0.0	0.0	0.0	
Bruant proyer	0.1509434	0.0277778	0.0	0.0588235	0.0294118	0.1176471	0.0512821	0.0384615	0.0512821	0.0212766	0.0454545	0.137931	0.05	0.1372549	0.1818182	0.1262136	0.125	0.1637931	0.1351351	0.1666667	0.2179487	0.1232877	0.0697674	0.1481481	0.1643836	0.0823529	0.019802	0.0705882	0.0357143	0.0147059	0.030303	0.0352113	0.0	0.0	0.0	0.0	0.0	0.0208333	0.0	0.028169	0.0	0.0689655	0.0	0.0666667	0.0	0.0869565	0.04	0.0	
Bruant fou	0.0188679	0.0	0.0015	0.0196078	0.0294118	0.0294118	0.0	0.0192308	0.025641	0.0212766	0.0	0.0114943	0.0166667	0.0784314	0.0151515	0.038835	0.0340909	0.0086207	0.0405405	0.0526316	0.1025641	0.0410959	0.0465116	0.0666667	0.0273973	0.0015	0.009901	0.0117647	0.047619	0.0294118	0.020202	0.0070423	0.0972222	0.0689655	0.0	0.0555556	0.0	0.0208333	0.0175439	0.0422535	0.0	0.0344828	0.0416667	0.0	0.0	0.0869565	0.0	0.0178571	
Bruant zizi	0.1320755	0.0833333	0.08	0.0784314	0.2352941	0.2352941	0.0512821	0.2115385	0.1282051	0.1702128	0.1818182	0.2298851	0.1833333	0.245098	0.2878788	0.223301	0.1818182	0.1896552	0.1756757	0.0964912	0.2307692	0.1643836	0.1162791	0.1925926	0.1643836	0.1529412	0.1089109	0.1529412	0.1071429	0.0588235	0.0909091	0.0633803	0.0416667	0.0	0.0322581	0.0740741	0.0888889	0.0625	0.1052632	0.1267606	0.0714286	0.1724138	0.0015	0.1333333	0.0015	0.0869565	0.0015	0.0714286	
Bruant jaune	0.0188679	0.0	0.0	0.0	0.0015	0.0294118	0.0	0.0192308	0.0	0.0	0.0	0.0114943	0.0	0.0196078	0.0151515	0.0291262	0.0454545	0.0344828	0.0135135	0.0614035	0.0384615	0.0684932	0.0465116	0.1185185	0.1917808	0.0705882	0.049505	0.0647059	0.047619	0.0294118	0.040404	0.028169	0.1111111	0.0	0.0	0.0185185	0.0	0.0	0.0	0.0140845	0.0238095	0.0015	0.0	0.0333333	0.0	0.0434783	0.0	0.0	
Bruant ortolan	0.0	0.0	0.0	0.0	0.0	0.0	0.0	0.0	0.0	0.0	0.0	0.0	0.0	0.0	0.0	0.0	0.0	0.0	0.0135135	0.0175439	0.025641	0.0	0.0	0.0074074	0.0	0.0	0.0	0.0	0.0	0.0	0.0	0.0	0.0	0.0	0.0	0.0	0.0	0.0	0.0	0.0	0.0	0.0	0.0	0.0	0.0	0.0	0.0	0.0	
Bruant des roseaux	0.0	0.0	0.0	0.0196078	0.0294118	0.0	0.025641	0.0192308	0.025641	0.0	0.0227273	0.0	0.0	0.0	0.0	0.0	0.0	0.0	0.0	0.0	0.0	0.0	0.0	0.0074074	0.0	0.0	0.0	0.0	0.0	0.0	0.0	0.0	0.0	0.0	0.0	0.0	0.0	0.0	0.0	0.0	0.0	0.0	0.0	0.0	0.0	0.0434783	0.0	0.0	
Emberiza sp.	0.0	0.0	0.0	0.0	0.0	0.0	0.0	0.0	0.0	0.0	0.0	0.0	0.0	0.0	0.0	0.0	0.0	0.0	0.0	0.0	0.0	0.0	0.0	0.0	0.0	0.0	0.0	0.0	0.0	0.0	0.0	0.0	0.0	0.0	0.0	0.0	0.0	0.0	0.0	0.0	0.0	0.0015	0.0	0.0	0.0	0.0	0.0	0.0	
passereau sp.	0.0	0.0	0.0	0.0	0.0	0.0	0.0	0.0	0.0	0.0	0.0	0.0	0.0	0.0	0.0	0.0	0.0	0.0	0.0	0.0	0.0128205	0.0	0.0	0.0	0.0	0.0	0.0015	0.0015	0.0	0.0147059	0.0	0.0	0.0015	0.0	0.0	0.0	0.0	0.0	0.0	0.0	0.0	0.0015	0.0	0.0333333	0.0	0.0	0.0	0.0	

