









Frequency of observations in the selected location(s).:
Number of taxa: 	249

	Jan				Feb				Mar				Apr				May				Jun				Jul				Aug				Sep				Oct				Nov				Dec				
Sample Size:	8.0	4.0	5.0	5.0	5.0	8.0	3.0	7.0	4.0	2.0	14.0	10.0	10.0	8.0	28.0	28.0	4.0	14.0	20.0	20.0	21.0	24.0	14.0	14.0	7.0	9.0	16.0	32.0	13.0	12.0	29.0	21.0	5.0	3.0	10.0	10.0	30.0	1.0	13.0	3.0	8.0	4.0	1.0	5.0	3.0	32.0	8.0	26.0	

Oie cendrée	0.0	0.0	0.0	0.0	0.2	0.0	0.0	0.0	0.0	0.0	0.0	0.0	0.0	0.0	0.0	0.0	0.0	0.0	0.05	0.0	0.0	0.0	0.0	0.0	0.0	0.0	0.0	0.0	0.0	0.0	0.0	0.0	0.0	0.0	0.0	0.0	0.0	0.0	0.0	0.0	0.0	0.0	0.0	0.0	0.0	0.0	0.0	0.0384615	
Oie cygnoïde	0.0	0.0	0.0	0.0	0.0	0.0	0.0	0.0	0.0	0.0	0.0	0.0	0.0	0.0	0.0	0.0	0.0	0.0	0.0	0.0	0.0	0.0	0.0	0.0	0.0	0.0	0.0	0.0	0.0	0.0	0.0344828	0.0	0.0	0.0	0.0	0.0	0.0	0.0	0.0	0.0	0.0	0.0	0.0	0.0	0.0	0.0	0.0	0.0	
Oie rieuse	0.0	0.0	0.0	0.0	0.0	0.0	0.0	0.0	0.0	0.0	0.0	0.0	0.0	0.0	0.0	0.0	0.0	0.0	0.0	0.0	0.0	0.0	0.0	0.0	0.0	0.0	0.0	0.0	0.0	0.0	0.0	0.0	0.0	0.0	0.0	0.0	0.0	0.0	0.0	0.0	0.0	0.0	0.0	0.0	0.0	0.0	0.0	0.0384615	
Anser sp. (forme domestique)	0.0	0.0	0.0	0.0	0.0	0.0	0.0	0.0	0.0	0.0	0.0	0.0	0.0	0.0	0.0	0.0	0.0	0.0	0.0	0.0	0.0	0.0	0.0	0.0	0.0	0.0	0.0	0.0	0.0	0.0833333	0.0	0.0	0.0	0.0	0.0	0.0	0.0	0.0	0.0	0.0	0.0	0.0	0.0	0.0	0.0	0.0	0.0	0.0	
Tadorne de Belon	0.0	0.0	0.0	0.0	0.0	0.125	0.0	0.0	0.0	0.0	0.0714286	0.0	0.0	0.0	0.0	0.0	0.0	0.0	0.0	0.0	0.0	0.0	0.0	0.0	0.0	0.0	0.0	0.0	0.0	0.0	0.0	0.0	0.0	0.0	0.0	0.0	0.0	0.0	0.0	0.0	0.0	0.0	0.0	0.0	0.0	0.0	0.0	0.0	
Canard musqué	0.0	0.0	0.0	0.0	0.0	0.0	0.0	0.0	0.0	0.0	0.0	0.0	0.0	0.0	0.0	0.0	0.0	0.0	0.0	0.0	0.0	0.0	0.0	0.0	0.0	0.0	0.0	0.0	0.0	0.0833333	0.0	0.0	0.0	0.0	0.0	0.0	0.0	0.0	0.0	0.0	0.0	0.0	0.0	0.0	0.0	0.0	0.0	0.0	
Sarcelle d'été	0.0	0.0	0.0	0.0	0.0	0.0	0.0	0.0	0.0	0.0	0.1428571	0.0	0.3	0.125	0.0	0.0	0.0	0.0	0.0	0.0	0.0	0.0	0.0	0.0	0.0	0.0	0.0	0.0	0.0	0.0	0.0	0.047619	0.0	0.0	0.0	0.0	0.0	0.0	0.0	0.0	0.0	0.0	0.0	0.0	0.0	0.0	0.0	0.0	
Canard souchet	0.0	0.0	0.0	0.0	0.2	0.0	0.0	0.0	0.0	0.0	0.0	0.0	0.1	0.125	0.0	0.0	0.0	0.0	0.0	0.0	0.0	0.0	0.0	0.0	0.0	0.0	0.0	0.0	0.0	0.0	0.0	0.0	0.0	0.0	0.0	0.0	0.0	0.0	0.0	0.0	0.125	0.0	0.0	0.0	0.0	0.0	0.0	0.0384615	
Canard chipeau	0.0	0.0	0.2	0.0	0.0	0.125	0.0	0.1428571	0.0	0.0	0.0714286	0.0	0.1	0.0	0.0	0.0	0.0	0.0	0.0	0.0	0.0	0.0	0.0	0.0	0.0	0.0	0.0	0.0	0.0	0.0	0.0	0.0	0.0	0.0	0.0	0.0	0.0	0.0	0.0	0.0	0.125	0.0	0.0	0.0	0.0	0.0	0.0	0.2692308	
Canard siffleur	0.0	0.0	0.2	0.0	0.2	0.0	0.0	0.0	0.0	0.0	0.0	0.0	0.2	0.0	0.0	0.0	0.0	0.0	0.0	0.0	0.0	0.0	0.0	0.0	0.0	0.0	0.0	0.0	0.0	0.0	0.0	0.0	0.0	0.0	0.0	0.0	0.0333333	0.0	0.0	0.0	0.0	0.0	0.0	0.0	0.0	0.0	0.0	0.1538462	
Canard colvert	0.5	0.25	0.2	0.0015	0.6	0.0	0.3333333	0.1428571	0.0	0.5	0.3571429	0.0	0.5	0.375	0.1428571	0.1785714	0.5	0.2142857	0.05	0.0	0.047619	0.0833333	0.0714286	0.0	0.1428571	0.0	0.0625	0.0625	0.2307692	0.0	0.1034483	0.1428571	0.0	0.0015	0.0	0.2	0.2	0.0	0.1538462	0.6666667	0.25	0.0	1.0	0.0	0.3333333	0.03125	0.0	0.4615385	
Canard pilet	0.0	0.0	0.0	0.0	0.2	0.0	0.0	0.0	0.0	0.0	0.0	0.0	0.0	0.0	0.0	0.0	0.0	0.0	0.0	0.0	0.0	0.0	0.0	0.0	0.0	0.0	0.0	0.0	0.0	0.0	0.0	0.0	0.0	0.0	0.0	0.0	0.0	0.0	0.0	0.0	0.0	0.0	0.0	0.0	0.0	0.0	0.0	0.1153846	
Sarcelle d'hiver	0.25	0.25	0.2	0.2	0.4	0.125	0.3333333	0.1428571	0.0	0.0	0.1428571	0.0	0.1	0.0	0.0	0.0	0.0	0.0	0.0	0.0	0.0	0.0416667	0.0	0.0	0.0	0.0	0.0	0.0	0.0	0.0	0.0344828	0.0	0.0	0.0	0.0	0.1	0.0333333	0.0	0.0015	0.0	0.25	0.0	0.0	0.0	0.6666667	0.03125	0.0	0.3846154	
Fuligule milouin	0.0	0.0	0.0	0.0	0.2	0.0	0.0	0.1428571	0.0	0.0	0.1428571	0.0	0.1	0.0	0.0	0.0	0.0	0.0	0.0	0.0	0.0	0.0416667	0.0	0.0	0.0	0.0	0.0	0.0015	0.0	0.0	0.0344828	0.047619	0.0	0.0	0.0	0.1	0.0	0.0	0.0	0.0	0.125	0.0	0.0	0.0	0.0	0.0	0.0	0.2307692	
Fuligule nyroca	0.0	0.0	0.0	0.0	0.0	0.0	0.0	0.0	0.0	0.0	0.0	0.0	0.2	0.0	0.0	0.0	0.0	0.0	0.0	0.0	0.0	0.0	0.0	0.0	0.0	0.0	0.0	0.0	0.0	0.0	0.0	0.0	0.0	0.0	0.0	0.0	0.0	0.0	0.0	0.0	0.125	0.0	0.0	0.0	0.0	0.0	0.0	0.1538462	
Fuligule morillon	0.0	0.0	0.0	0.0	0.0015	0.0	0.0	0.0	0.0	0.0	0.0	0.0	0.0	0.0	0.0	0.0	0.0	0.0	0.0	0.0	0.0	0.0	0.0	0.0	0.0	0.0	0.0	0.0	0.0	0.0	0.0	0.0	0.0	0.0	0.0	0.0	0.0	0.0	0.0769231	0.0	0.0	0.0	0.0	0.0	0.3333333	0.0	0.0	0.1538462	
Macreuse brune	0.0	0.0	0.0	0.0	0.2	0.0	0.0	0.0	0.0	0.0	0.0	0.0	0.0	0.0	0.0	0.0	0.0	0.0	0.0	0.0	0.0	0.0	0.0	0.0	0.0	0.0	0.0	0.0	0.0	0.0	0.0	0.0	0.0	0.0	0.0	0.0	0.0	0.0	0.0	0.0	0.0	0.0	0.0	0.0	0.0	0.0	0.0	0.0	
Perdrix grise	0.0	0.0	0.0	0.0	0.0	0.0	0.0	0.0	0.0	0.0	0.0	0.0	0.0	0.0015	0.0	0.0	0.0	0.0	0.0	0.0	0.0	0.0	0.0	0.0	0.0	0.0	0.0	0.0	0.0	0.0	0.0	0.0	0.0	0.0	0.0	0.0	0.0	0.0	0.0	0.0	0.0	0.0	0.0	0.0	0.0	0.0	0.0	0.0	
Faisan de Colchide	0.125	0.25	0.0	0.0	0.0	0.0	0.3333333	0.0	0.0	0.0	0.0	0.0	0.2	0.375	0.0357143	0.0357143	0.25	0.0714286	0.05	0.0	0.0015	0.0	0.0015	0.0	0.0	0.0	0.0	0.0	0.1538462	0.0	0.0	0.047619	0.0	0.3333333	0.0	0.0	0.0	0.0	0.0	0.0	0.0	0.0	0.0	0.0	0.3333333	0.0	0.0	0.0	
Caille des blés	0.0	0.0	0.0	0.0	0.0	0.0	0.0	0.0	0.0	0.0	0.0	0.0	0.0	0.0	0.0714286	0.0	0.0	0.1428571	0.05	0.0	0.0015	0.0416667	0.1428571	0.0	0.1428571	0.0015	0.0625	0.0	0.0	0.0	0.0	0.0	0.0	0.0	0.1	0.0	0.0	0.0	0.0	0.0	0.0	0.0	0.0	0.0	0.0	0.0	0.0	0.0	
Pigeon biset	0.125	0.5	0.2	0.2	0.6	0.375	0.3333333	0.1428571	0.25	1.0	0.1428571	0.2	0.2	0.25	0.3214286	0.2857143	0.25	0.4285714	0.35	0.45	0.3809524	0.125	0.1428571	0.1428571	0.2857143	0.2222222	0.1875	0.0625	0.3076923	0.0833333	0.0344828	0.047619	0.0	0.0	0.1	0.3	0.1666667	0.0	0.0769231	0.0015	0.125	0.25	0.0	0.2	0.6666667	0.53125	0.375	0.0769231	
Pigeon ramier	0.25	0.75	0.4	0.6	0.8	0.875	0.6666667	0.1428571	0.5	0.5	0.4285714	0.5	0.2	0.875	0.4642857	0.3928571	1.0	0.7142857	0.4	0.3	0.3333333	0.5833333	0.5714286	0.7142857	0.4285714	0.4444444	0.125	0.375	0.6923077	0.4166667	0.5862069	0.2857143	0.2	0.3333333	0.2	0.3	0.3	0.0	0.3076923	0.0015	0.25	0.25	1.0	0.0015	0.3333333	0.625	0.25	0.4615385	
Tourterelle des bois	0.0	0.0	0.0	0.0	0.0	0.0	0.0	0.0	0.0	0.0	0.0	0.0	0.0	0.125	0.1785714	0.0714286	1.0	0.1428571	0.1	0.2	0.047619	0.0833333	0.2142857	0.2142857	0.0	0.2222222	0.0625	0.0015	0.1538462	0.0	0.0	0.047619	0.0	0.0	0.1	0.1	0.0	0.0	0.0	0.0	0.0	0.0	0.0	0.0	0.0	0.0	0.0	0.0	
Tourterelle turque	0.25	0.5	0.2	0.2	0.4	0.125	0.3333333	0.0	0.25	1.0	0.0714286	0.4	0.1	0.125	0.3571429	0.25	0.25	0.2142857	0.2	0.2	0.2380952	0.1666667	0.0714286	0.2142857	0.0	0.2222222	0.0625	0.21875	0.1538462	0.0833333	0.0689655	0.2380952	0.0	0.3333333	0.2	0.6	0.1	0.0	0.3076923	0.0015	0.0	0.25	0.0	0.0	0.6666667	0.125	0.375	0.0384615	
Coucou gris	0.0	0.0	0.0	0.0	0.0	0.0	0.0	0.0	0.0	0.0	0.0	0.0	0.0	0.125	0.2142857	0.1071429	0.0	0.2142857	0.1	0.2	0.0952381	0.0833333	0.0	0.0	0.0	0.0	0.0	0.0	0.0	0.0	0.0	0.0	0.0	0.0	0.0	0.0	0.0	0.0	0.0	0.0	0.0	0.0	0.0	0.0	0.0	0.0	0.0	0.0	
Engoulevent d'Europe	0.0	0.0	0.0	0.0	0.0	0.0	0.0	0.0	0.0	0.0	0.0	0.0	0.0	0.0	0.0	0.0	0.0	0.0	0.0	0.05	0.047619	0.0	0.0	0.0	0.0	0.0	0.0	0.0	0.0	0.0	0.0	0.0	0.0015	0.0	0.0	0.0	0.0	0.0	0.0	0.0	0.0	0.0	0.0	0.0	0.0	0.0	0.0	0.0	
Martinet noir	0.0	0.0	0.0	0.0	0.0	0.0	0.0	0.0	0.0	0.0	0.0	0.1	0.1	0.25	0.3928571	0.3214286	0.5	0.3571429	0.1	0.45	0.2857143	0.5	0.5	0.2142857	0.4285714	0.0	0.0	0.03125	0.0	0.1666667	0.1034483	0.0952381	0.0	0.0	0.0	0.0	0.0	0.0	0.0	0.0	0.0	0.0	0.0	0.0	0.0	0.0	0.0	0.0	
Martinet pâle	0.0	0.0	0.0	0.0	0.0	0.0	0.0	0.0	0.0	0.0	0.0	0.0	0.0	0.0	0.0	0.0	0.0	0.0	0.0	0.0	0.0	0.0	0.0	0.0	0.0	0.0	0.0	0.03125	0.0015	0.0	0.0015	0.0015	0.0	0.0	0.0	0.0	0.0333333	1.0	0.0	0.0	0.0	0.0	0.0	0.0	0.0	0.0	0.0	0.0	
Apus ou Tachymarptis sp.	0.0	0.0	0.0	0.0	0.0	0.0	0.0	0.0	0.0	0.0	0.0	0.0	0.0	0.0	0.0	0.0	0.0	0.0	0.0	0.0	0.0	0.0	0.0	0.0	0.0	0.0	0.0	0.0	0.0	0.0	0.0	0.0	0.0015	0.0	0.0	0.0	0.0	0.0	0.0	0.0	0.0	0.0	0.0	0.0	0.0	0.0	0.0	0.0	
Râle d'eau	0.125	0.0	0.0	0.0	0.0015	0.125	0.3333333	0.0	0.0	0.0	0.0	0.1	0.2	0.125	0.0	0.0	0.0	0.0	0.0	0.0	0.0	0.0	0.0	0.0	0.0	0.0	0.0	0.0	0.0	0.0	0.0	0.0	0.0	0.0	0.0	0.0	0.0	0.0	0.0	0.0	0.0	0.0	0.0	0.0	0.6666667	0.0	0.0	0.0	
Gallinule poule-d'eau	0.125	0.25	0.4	0.0	0.0015	0.0	0.3333333	0.1428571	0.5	1.0	0.2857143	0.0	0.3	0.125	0.0	0.0357143	0.0	0.0	0.05	0.0	0.0	0.0833333	0.0	0.0	0.1428571	0.0	0.0	0.03125	0.0769231	0.0833333	0.0689655	0.0952381	0.0	0.3333333	0.0	0.2	0.0666667	0.0	0.0	0.3333333	0.125	0.0	0.0	0.0	0.3333333	0.0	0.0	0.2307692	
Foulque macroule	0.125	0.25	0.2	0.0	0.0015	0.0	0.0	0.1428571	0.0	0.0	0.1428571	0.0	0.1	0.0	0.0	0.0	0.0	0.0	0.1	0.0	0.0	0.0416667	0.0714286	0.0	0.0	0.0	0.0	0.03125	0.0015	0.0	0.0689655	0.0	0.0	0.0015	0.0	0.0015	0.0	0.0	0.0	0.0	0.125	0.0	0.0	0.0	0.3333333	0.0	0.0	0.2307692	
Marouette poussin	0.0	0.0	0.0	0.0	0.0	0.0	0.0	0.0	0.0	0.0	0.0	0.0	0.0	0.0	0.0	0.0	0.0	0.0	0.0	0.0	0.0	0.0	0.0	0.0	0.0	0.0	0.0	0.0	0.0	0.0	0.0	0.0	0.0	0.3333333	0.0	0.0	0.0	0.0	0.0	0.0	0.0	0.0	0.0	0.0	0.0	0.0	0.0	0.0	
Grue cendrée	0.0	0.0	0.0	0.0	0.0	0.0	0.0	0.1428571	0.0	0.0	0.0	0.0	0.1	0.0	0.0	0.0	0.0	0.0	0.0	0.0	0.0	0.0	0.0	0.0	0.0	0.0	0.0	0.0	0.0	0.0	0.0	0.0	0.0	0.0	0.0	0.0	0.0	0.0	0.0	0.0015	0.0	0.0	0.0	0.0	0.0	0.0	0.0	0.0	
Échasse blanche	0.0	0.0	0.0	0.0	0.0	0.0	0.0	0.0	0.0	0.0	0.0	0.0	0.4	0.125	0.0357143	0.0357143	0.0	0.0714286	0.05	0.0	0.047619	0.0	0.0	0.0	0.0	0.0	0.0	0.0	0.0	0.0	0.0	0.0	0.0	0.0	0.0	0.0	0.0	0.0	0.0	0.0	0.0	0.0	0.0	0.0	0.0	0.0	0.0	0.0	
Huîtrier pie	0.0	0.0	0.0	0.0	0.0	0.0	0.0	0.0	0.0	0.0	0.0	0.0	0.0	0.0	0.0	0.0	0.0	0.0	0.0	0.0	0.0	0.0	0.0	0.0	0.0	0.0	0.0	0.0	0.0	0.0833333	0.0	0.0	0.0	0.0	0.0	0.0	0.0	0.0	0.0	0.0	0.0	0.0	0.0	0.0	0.0	0.0	0.0	0.0	
Pluvier argenté	0.0	0.0	0.0	0.0	0.0	0.0	0.0	0.0	0.0	0.0	0.0	0.0	0.0	0.0	0.0	0.0	0.0	0.0	0.0	0.0	0.0	0.0	0.0	0.0	0.0	0.0	0.0	0.0	0.0	0.0	0.0	0.0	0.0	0.0015	0.0	0.0	0.0333333	0.0	0.0	0.0	0.0	0.0	0.0	0.0	0.0	0.0	0.0	0.0	
Pluvier doré	0.0	0.0	0.2	0.2	0.0	0.0	0.0	0.0	0.0	0.0	0.0	0.0	0.0	0.0	0.0	0.0	0.0	0.0	0.0	0.0	0.0	0.0	0.0	0.0	0.0	0.0	0.0	0.0	0.0	0.0	0.0	0.0	0.0	0.0	0.0	0.0	0.0	0.0	0.0	0.0	0.0	0.0	0.0	0.0	0.0	0.0	0.0015	0.0384615	
Grand Gravelot	0.0	0.0	0.0	0.0	0.0	0.0	0.0	0.0	0.0	0.0	0.0	0.0	0.0	0.0	0.0	0.0	0.0	0.0	0.0	0.0	0.0	0.0	0.0	0.0	0.0	0.0	0.0	0.0	0.0	0.0	0.0	0.0	0.0	0.0	0.1	0.1	0.0333333	0.0	0.0769231	0.0	0.0	0.0015	0.0	0.0	0.0	0.0	0.0	0.0	
Petit Gravelot	0.0	0.0	0.0	0.0	0.0	0.0	0.0	0.0	0.0	0.0	0.0	0.0	0.0	0.0015	0.0357143	0.1071429	0.0	0.0714286	0.1	0.0	0.047619	0.0	0.0	0.0	0.0	0.0	0.0	0.0	0.0	0.0833333	0.0	0.0	0.0	0.0	0.0	0.0	0.0	0.0	0.0	0.0	0.0	0.0	0.0	0.0	0.0	0.0	0.0	0.0	
Vanneau huppé	0.0	0.0	0.4	0.2	0.2	0.125	0.3333333	0.0	0.0	0.0	0.0	0.0	0.0	0.0	0.0	0.0	0.0	0.0	0.0	0.0	0.0	0.0	0.0	0.0	0.0	0.0	0.0	0.0	0.0	0.0	0.0	0.0	0.0	0.0	0.0	0.0	0.0	0.0	0.0	0.0	0.0	0.0	0.0	0.0	0.3333333	0.03125	0.0	0.1538462	
Gravelot à collier interrompu	0.25	0.0	0.0	0.0	0.0	0.0	0.0	0.0	0.0	0.0	0.0	0.0	0.1	0.0	0.0357143	0.1428571	0.0	0.0714286	0.2	0.0	0.047619	0.0	0.0	0.0	0.0	0.0	0.0	0.0	0.0015	0.0	0.0	0.0	0.0	0.0	0.0	0.1	0.0	0.0	0.0	0.0	0.125	0.0	0.0	0.0	0.0	0.0	0.0	0.0	
Courlis corlieu	0.0	0.0	0.0	0.0	0.0	0.0	0.0	0.0	0.0	0.0	0.0	0.0	0.0	0.0	0.0	0.0	0.0	0.0	0.0	0.0	0.0	0.0	0.0	0.0	0.0	0.0	0.0	0.0	0.0	0.0	0.0	0.0	0.0	0.0015	0.0	0.0	0.0	0.0	0.0	0.0	0.0	0.0	0.0	0.0	0.0	0.0	0.0	0.0	
Courlis cendré	0.0	0.0	0.0	0.2	0.0	0.0	0.0	0.0	0.0	0.0	0.0	0.0	0.1	0.0	0.0	0.0	0.0	0.0	0.0	0.0	0.0	0.0	0.0	0.0	0.0	0.0	0.0	0.0	0.0	0.0	0.0	0.0	0.0	0.0	0.0	0.0	0.0	0.0	0.0769231	0.0	0.0	0.0	0.0	0.0	0.0	0.03125	0.0	0.0	
Bécassine sourde	0.125	0.0	0.0	0.0	0.0	0.0	0.0	0.0	0.0	0.0	0.0	0.0	0.0	0.0	0.0	0.0	0.0	0.0	0.0	0.0	0.0	0.0	0.0	0.0	0.0	0.0	0.0	0.0	0.0	0.0	0.0	0.0	0.0	0.0	0.0	0.0	0.0	0.0	0.0	0.0	0.0	0.0	0.0	0.0	0.0	0.0	0.0	0.0	
Bécasse des bois	0.0	0.0	0.0	0.0	0.0	0.0	0.0	0.0	0.0	0.0	0.0	0.0	0.0	0.0	0.0	0.0	0.0	0.0	0.0	0.0	0.0	0.0	0.0	0.0	0.0	0.0	0.0	0.0	0.0	0.0	0.0	0.0	0.0	0.0	0.0	0.0	0.0	0.0	0.0	0.0	0.0	0.0	0.0	0.0	0.0	0.0	0.0	0.0384615	
Bécassine des marais	0.25	0.25	0.2	0.2	0.2	0.0	0.0	0.0	0.0	0.0	0.0	0.0	0.1	0.0	0.0	0.0	0.0	0.0	0.0	0.0	0.0	0.0	0.0	0.0	0.0	0.0	0.0	0.0	0.0	0.0	0.0	0.0	0.0	0.0	0.0	0.0015	0.0333333	0.0	0.0	0.6666667	0.0	0.0	0.0	0.0	0.6666667	0.03125	0.0	0.1538462	
Chevalier guignette	0.0	0.0	0.0	0.0	0.0	0.0	0.0	0.0	0.0	0.5	0.0714286	0.0	0.0	0.25	0.1071429	0.1785714	0.25	0.0	0.0	0.0	0.0	0.0	0.0	0.0015	0.0	0.0	0.0625	0.0625	0.2307692	0.1666667	0.0	0.1904762	0.0	0.3333333	0.0	0.1	0.0666667	0.0	0.1538462	0.0	0.0	0.0	0.0	0.0	0.3333333	0.0	0.0	0.0	
Chevalier culblanc	0.0	0.0	0.2	0.0	0.2	0.0	0.0	0.0	0.0	0.0	0.0	0.0	0.2	0.0	0.0015	0.0	0.0	0.0	0.0	0.0	0.0	0.0	0.0	0.0015	0.0	0.0	0.0	0.0625	0.0769231	0.0	0.0689655	0.047619	0.0	0.3333333	0.0	0.1	0.0	0.0	0.1538462	0.0	0.0	0.0	0.0	0.0	0.0	0.0	0.0	0.0384615	
Chevalier stagnatile	0.0	0.0	0.0	0.0	0.0	0.0	0.0	0.0	0.0	0.0	0.0	0.0	0.0	0.125	0.0	0.0	0.0	0.0	0.0	0.0	0.0	0.0	0.0	0.0	0.0	0.0	0.0	0.0	0.0	0.0	0.0	0.0	0.0	0.0	0.0	0.0	0.0	0.0	0.0	0.0	0.0	0.0	0.0	0.0	0.0	0.0	0.0	0.0	
Chevalier sylvain	0.0	0.0	0.0	0.0	0.0	0.0	0.0	0.0	0.0	0.0	0.0	0.0	0.1	0.375	0.0	0.0	0.0	0.0	0.0	0.0	0.0	0.0	0.0	0.0	0.0	0.0	0.0625	0.03125	0.0769231	0.0	0.0	0.0	0.0	0.0	0.0	0.0	0.0	0.0	0.0	0.0	0.0	0.0	0.0	0.0	0.0	0.0	0.0	0.0	
Chevalier gambette	0.0	0.0	0.0	0.0	0.0	0.0	0.0	0.0	0.0	0.0	0.0	0.0	0.1	0.125	0.0	0.0357143	0.0	0.0	0.0	0.0	0.0	0.0	0.0	0.0	0.0	0.0	0.0	0.0	0.0	0.0	0.0	0.0	0.0	0.3333333	0.0	0.0	0.0	0.0	0.0015	0.0	0.0	0.0	0.0	0.0	0.0	0.0	0.0	0.0	
Chevalier arlequin	0.0	0.0	0.0	0.0	0.0	0.0	0.0	0.0	0.0	0.0	0.0	0.0	0.0	0.125	0.0	0.0	0.0	0.0	0.0	0.0	0.0	0.0	0.0	0.0	0.0	0.0	0.0	0.0	0.0	0.0	0.0	0.0	0.0	0.0	0.0	0.0	0.0	0.0	0.0	0.0	0.0	0.0	0.0	0.0	0.0	0.0	0.0	0.0	
Chevalier aboyeur	0.0	0.0	0.0	0.0	0.0	0.0	0.0	0.0	0.0	0.0	0.0	0.0	0.0	0.125	0.0	0.1428571	0.0	0.0714286	0.0	0.0	0.0	0.0	0.0	0.0	0.0	0.0	0.0	0.0	0.0	0.0	0.0	0.0	0.0	0.3333333	0.0	0.0	0.0333333	0.0	0.0	0.0	0.0	0.0	0.0	0.0	0.0	0.0	0.0	0.0	
Tournepierre à collier	0.0	0.0	0.0	0.0	0.0	0.0	0.0	0.0	0.0	0.0	0.0	0.0	0.0	0.0	0.0	0.0	0.0	0.0	0.0	0.0	0.0	0.0	0.0	0.0	0.0	0.0	0.0	0.0	0.0	0.0	0.0	0.047619	0.0	0.0015	0.1	0.0	0.0333333	0.0	0.0	0.0	0.0	0.0	0.0	0.0	0.0	0.0	0.0	0.0	
Combattant varié	0.0	0.0	0.0	0.0	0.0	0.0	0.0	0.0	0.0	0.0	0.0714286	0.0	0.1	0.125	0.0	0.0	0.0	0.0714286	0.0	0.0	0.0	0.0	0.0	0.0	0.0	0.0	0.0	0.0	0.0	0.0	0.0	0.0	0.0	0.0	0.0	0.0	0.0	0.0	0.0	0.0	0.0	0.0	0.0	0.0	0.0	0.0	0.0	0.0	
Bécasseau cocorli	0.0	0.0	0.0	0.0	0.0	0.0	0.0	0.0	0.0	0.0	0.0	0.0	0.0	0.0	0.0	0.0	0.0	0.0	0.0	0.0	0.0	0.0	0.0	0.0	0.0	0.0	0.0	0.0	0.0	0.0	0.0	0.0	0.0	0.0	0.1	0.0	0.0	0.0	0.0	0.0	0.0	0.0	0.0	0.0	0.0	0.0	0.0	0.0	
Bécasseau sanderling	0.125	0.0	0.0	0.0	0.2	0.0	0.0	0.0	0.0	0.0	0.0	0.0	0.0	0.0	0.0	0.0	0.0	0.0	0.0	0.0	0.0	0.0	0.0	0.0	0.0	0.0	0.0	0.0	0.0	0.0	0.0	0.0	0.0	0.0	0.1	0.0	0.0	0.0	0.0	0.0	0.125	0.0	0.0	0.0	0.0	0.0	0.0	0.0	
Bécasseau variable	0.0	0.0	0.0	0.0	0.0	0.0	0.0	0.0	0.0	0.0	0.0	0.0	0.0	0.0	0.0	0.0	0.0	0.0	0.0	0.0	0.0	0.0	0.0	0.0	0.0	0.0	0.0	0.0	0.0	0.0	0.0	0.0	0.0	0.0015	0.1	0.1	0.0	0.0	0.0	0.0	0.0	0.0015	0.0	0.0	0.0	0.0	0.0	0.0	
Bécasseau minute	0.0	0.0	0.0	0.0	0.0	0.0	0.0	0.0	0.0	0.0	0.0	0.0	0.0	0.0	0.0	0.0	0.0	0.0	0.0	0.0	0.0	0.0	0.0	0.0	0.0	0.0	0.0	0.0	0.0	0.1666667	0.0	0.0	0.0	0.0	0.0	0.1	0.0	0.0	0.0	0.0	0.0	0.0	0.0	0.0	0.0	0.0	0.0	0.0	
Glaréole à collier	0.0	0.0	0.0	0.0	0.0	0.0	0.0	0.0	0.0	0.0	0.0	0.0	0.0	0.0	0.0357143	0.0	0.0	0.0	0.0	0.0	0.0	0.0	0.0	0.0	0.0	0.0	0.0	0.0	0.0	0.0	0.0	0.0	0.0	0.0	0.0	0.0	0.0	0.0	0.0	0.0	0.0	0.0	0.0	0.0	0.0	0.0	0.0	0.0	
Labbe pomarin	0.0	0.0	0.0	0.0	0.0	0.0	0.0	0.0	0.0	0.0	0.0	0.0	0.0	0.0	0.0	0.0	0.0	0.0	0.0	0.0	0.0	0.0	0.0	0.0	0.0	0.0	0.0	0.0	0.0	0.0	0.0	0.0	0.0	0.0	0.0	0.0	0.0	0.0	0.0769231	0.0	0.0	0.0	0.0	0.0	0.0	0.0	0.0	0.0	
Mouette pygmée	0.0	0.0	0.0	0.0	0.2	0.0	0.0	0.0	0.0	0.0	0.0	0.0	0.0	0.0015	0.0	0.1785714	0.0	0.0	0.0	0.0	0.0	0.0	0.0	0.0	0.0	0.0	0.0	0.0	0.0	0.0	0.0	0.0	0.0	0.0	0.0	0.0	0.0	0.0	0.0	0.0	0.0	0.0	0.0	0.0	0.0	0.0	0.0	0.0	
Goéland railleur	0.125	0.0	0.0	0.0	0.0	0.0	0.0	0.0	0.0	0.0	0.0	0.0	0.0	0.0015	0.0	0.1428571	0.0	0.0	0.0	0.0	0.0	0.0	0.0	0.0	0.0	0.0	0.0	0.0	0.0	0.0	0.0	0.0	0.0	0.0	0.0	0.0	0.0	0.0	0.0	0.0	0.0	0.0	0.0	0.0	0.0	0.0	0.0	0.0	
Mouette rieuse	0.75	0.5	0.2	0.2	0.2	0.0	0.0	0.0	0.0	0.5	0.0714286	0.0	0.0	0.125	0.0	0.1071429	0.0	0.0	0.0	0.0	0.0	0.0	0.0	0.0	0.0	0.0	0.125	0.0	0.2307692	0.0	0.0	0.1904762	0.2	0.0015	0.1	0.1	0.2666667	0.0	0.1538462	0.0	0.25	0.0	1.0	0.2	0.6666667	0.03125	0.0	0.0	
Mouette mélanocéphale	0.125	0.0	0.2	0.0	0.4	0.0	0.0	0.0	0.0	0.5	0.0	0.0	0.1	0.125	0.0	0.0	0.0	0.0	0.0	0.0	0.0	0.0	0.0	0.0	0.0	0.0	0.0	0.0	0.0769231	0.0015	0.0	0.0952381	0.0	0.0015	0.0	0.1	0.1	0.0	0.1538462	0.0	0.0	0.0	0.0	0.0	0.0	0.0	0.0	0.0	
Goéland cendré	0.0	0.0	0.0	0.0	0.2	0.0	0.0	0.0	0.0	0.0	0.0	0.0	0.0	0.0	0.0	0.0	0.0	0.0	0.0	0.0	0.0	0.0	0.0	0.0	0.0	0.0	0.0	0.0	0.0	0.0	0.0	0.0	0.0	0.0	0.0	0.0	0.0	0.0	0.0769231	0.0	0.0	0.0	0.0	0.0	0.0	0.0	0.0	0.0	
Goéland pontique	0.375	0.0	0.0	0.0	0.2	0.0	0.0	0.0	0.0	0.5	0.0	0.0	0.0	0.0	0.0	0.0357143	0.0	0.0	0.0	0.0	0.0	0.0	0.0	0.0	0.0	0.0	0.0	0.0	0.0	0.0	0.0	0.0	0.0	0.0	0.0	0.0	0.0	0.0	0.0	0.0	0.0	0.0	0.0	0.0	0.6666667	0.03125	0.0	0.0	
Goéland leucophée	0.625	0.5	0.8	0.2	0.6	0.25	0.0	0.0	0.25	1.0	0.0714286	0.3	0.3	0.25	0.0714286	0.1785714	0.25	0.2857143	0.25	0.15	0.2857143	0.0416667	0.0714286	0.0	0.0	0.0	0.125	0.0	0.2307692	0.0833333	0.0344828	0.1428571	0.0	0.0015	0.1	0.1	0.3	0.0	0.3076923	0.0	0.125	0.0	1.0	0.4	0.6666667	0.0625	0.125	0.0384615	
Goéland brun	0.125	0.0	0.0	0.0015	0.0	0.0	0.0	0.0	0.0	0.0	0.0	0.0	0.0	0.0	0.0	0.0	0.0	0.0	0.0	0.0	0.0	0.0	0.0	0.0	0.0	0.0	0.0	0.0	0.0	0.0	0.0	0.0	0.0	0.0	0.0	0.0	0.0666667	0.0	0.0769231	0.0	0.0	0.0	0.0	0.0	0.6666667	0.0	0.0	0.0	
goéland ou mouette sp.	0.0	0.0	0.0	0.0	0.0	0.0	0.0	0.0	0.0	0.0	0.0	0.0	0.0	0.0	0.0	0.0	0.0	0.0	0.0	0.0	0.0	0.0	0.0	0.0	0.0	0.0	0.0	0.0	0.0769231	0.0	0.0	0.0	0.0	0.0	0.0	0.0	0.0	0.0	0.0015	0.0	0.0	0.0	0.0	0.0	0.0	0.0	0.0	0.0	
Sterne caspienne	0.0	0.0	0.0	0.0	0.0	0.0	0.0	0.0	0.0	0.0	0.0	0.0	0.0	0.0	0.0	0.0	0.0	0.0	0.1	0.0	0.0	0.0	0.0	0.0	0.0	0.0	0.0	0.0	0.0	0.0	0.0	0.0	0.0	0.0	0.0	0.0	0.0	0.0	0.0	0.0	0.0	0.0	0.0	0.0	0.0	0.0	0.0	0.0	
Guifette moustac	0.0	0.0	0.0	0.0	0.0	0.0	0.0	0.0	0.0	0.0	0.0	0.0	0.0	0.0	0.0	0.0	0.0	0.0	0.0	0.0	0.0	0.0	0.0	0.0	0.0	0.0	0.0	0.0	0.0015	0.0	0.0	0.0	0.0	0.0	0.0	0.0	0.0	0.0	0.0	0.0	0.0	0.0	0.0	0.0	0.0	0.0	0.0	0.0	
Guifette noire	0.0	0.0	0.0	0.0	0.0	0.0	0.0	0.0	0.0	0.0	0.0	0.0	0.0	0.0	0.0	0.0357143	0.0	0.0	0.0	0.0	0.0	0.0	0.0	0.0	0.0	0.0	0.0	0.0	0.0	0.0	0.0	0.0	0.0	0.0	0.0	0.0	0.0	0.0	0.0	0.0	0.0	0.0	0.0	0.0	0.0	0.0	0.0	0.0	
Sterne pierregarin	0.0	0.0	0.0	0.0	0.0	0.0	0.0	0.0	0.0	0.0	0.0	0.0	0.0	0.0	0.0	0.0	0.0	0.0	0.0	0.0	0.0	0.0	0.0	0.0	0.0	0.0	0.0	0.0	0.0769231	0.0	0.0	0.0	0.0	0.0	0.0	0.0	0.0	0.0	0.0	0.0	0.0	0.0	0.0	0.0	0.0	0.0	0.0	0.0	
Sterne caugek	0.25	0.0	0.2	0.0	0.2	0.125	0.0	0.0	0.0	0.5	0.0714286	0.0	0.1	0.0	0.0	0.0	0.0	0.0	0.0	0.0	0.0	0.0	0.0	0.0	0.0	0.0	0.0	0.0	0.0769231	0.0	0.0	0.0	0.0	0.0015	0.0	0.0	0.0333333	0.0	0.0769231	0.0	0.125	0.0	0.0	0.0	0.3333333	0.0	0.0	0.0	
Flamant rose	0.0	0.0	0.0	0.0	0.0	0.0	0.0	0.0	0.0015	0.0	0.0	0.0	0.0	0.0	0.0	0.0	0.0	0.0	0.0	0.0	0.0	0.0	0.0	0.0	0.0	0.0	0.0	0.0	0.0	0.0	0.0	0.0	0.0	0.0	0.0	0.0	0.0	0.0	0.0	0.0	0.0	0.0	0.0	0.0	0.0	0.0	0.0	0.0	
Grèbe castagneux	0.25	0.25	0.4	0.2	0.2	0.0	0.3333333	0.1428571	0.0	0.0	0.1428571	0.0	0.2	0.0	0.0	0.0	0.0	0.0	0.0	0.0	0.0015	0.0833333	0.0	0.0	0.0	0.0	0.0	0.03125	0.0769231	0.0	0.0689655	0.0	0.0	0.0	0.0	0.1	0.0	0.0	0.0769231	0.0	0.125	0.0	0.0	0.0	0.3333333	0.03125	0.0	0.2307692	
Grèbe huppé	0.25	0.0	0.2	0.0015	0.2	0.0	0.0	0.0	0.0	0.0	0.0	0.0	0.1	0.0	0.0714286	0.0714286	0.25	0.0	0.0	0.05	0.047619	0.0	0.0714286	0.0	0.0	0.0	0.0	0.0	0.0769231	0.0	0.0	0.0	0.0	0.0	0.0	0.0	0.0333333	0.0	0.0	0.0	0.125	0.0	0.0	0.0	0.0	0.0	0.0	0.1153846	
Grèbe à cou noir	0.125	0.0	0.0	0.2	0.4	0.0	0.0	0.0	0.0	0.0	0.0	0.0	0.0	0.0	0.0	0.0	0.0	0.0	0.0	0.0	0.0	0.0	0.0	0.0	0.0	0.0	0.0	0.0	0.0	0.0	0.0	0.0	0.0	0.0	0.0	0.0	0.0	0.0	0.0	0.0	0.0	0.0	0.0	0.0	0.0	0.0	0.0	0.0	
Plongeon arctique	0.125	0.0	0.0	0.0015	0.0	0.0	0.0	0.0	0.0	0.0	0.0	0.0	0.0	0.0	0.0	0.0	0.0	0.0	0.0	0.0	0.0	0.0	0.0	0.0	0.0	0.0	0.0	0.0	0.0	0.0	0.0	0.0	0.0	0.0	0.0	0.0	0.0	0.0	0.0	0.0	0.0	0.0	0.0	0.0	0.0	0.0	0.0	0.0	
Puffin de Scopoli	0.0	0.0	0.0	0.0	0.0	0.0	0.0	0.0	0.0	0.0	0.0	0.0	0.3	0.0	0.0	0.0357143	0.0	0.0	0.05	0.1	0.0	0.0	0.0	0.0	0.0	0.0	0.0	0.0	0.0	0.0	0.0	0.0	0.0	0.0	0.0	0.0	0.0	0.0	0.0	0.0	0.0	0.0	0.0	0.0	0.0	0.0	0.0	0.0	
Puffin yelkouan	0.0	0.0	0.0	0.0	0.4	0.0	0.0	0.0	0.0	0.0	0.0714286	0.0	0.0	0.0	0.0	0.0	0.0	0.0	0.0	0.0	0.0	0.0	0.0	0.0	0.0	0.0	0.0	0.0	0.0	0.0	0.0	0.0	0.0	0.0	0.0	0.0	0.0	0.0	0.0	0.0	0.0	0.0	0.0	0.0	0.0	0.0	0.0	0.0	
Cigogne noire	0.0	0.0	0.0	0.0	0.0	0.0	0.0	0.0	0.0	0.0	0.0	0.0	0.0	0.125	0.0	0.0	0.0	0.0	0.0	0.05	0.0	0.0	0.0	0.0	0.0	0.0	0.0	0.0	0.0769231	0.0833333	0.0	0.0	0.0	0.0	0.0	0.0015	0.0	0.0	0.0	0.0	0.0	0.0	0.0	0.0	0.0	0.0	0.0	0.0	
Cigogne blanche	0.125	0.0	0.0	0.0	0.0	0.0	0.0	0.0	0.0	0.0	0.0	0.0	0.0	0.0	0.0	0.0	0.0	0.0	0.0	0.0	0.0	0.0	0.0	0.0	0.0	0.0	0.0	0.0	0.0	0.0	0.0	0.0	0.0	0.0	0.0	0.0	0.0	0.0	0.0	0.0	0.0	0.0	0.0	0.0	0.0	0.0	0.0	0.0	
Cormoran pygmée	0.25	0.25	0.0	0.0015	0.4	0.0	0.3333333	0.0	0.0	0.5	0.0	0.0	0.1	0.125	0.0357143	0.0357143	0.0	0.0	0.0	0.0	0.0	0.0	0.0714286	0.0	0.0	0.0	0.0625	0.0	0.0769231	0.0	0.0	0.0	0.0	0.3333333	0.0	0.1	0.0	0.0	0.0	0.0015	0.0	0.0015	0.0	0.0	0.6666667	0.0	0.0	0.0	
Grand Cormoran	0.625	0.5	0.6	0.0015	0.6	0.25	0.0	0.0	0.0	0.0	0.1428571	0.0	0.3	0.0	0.0714286	0.0714286	0.25	0.0	0.05	0.05	0.0	0.0416667	0.0714286	0.0714286	0.0	0.0	0.0625	0.0	0.0769231	0.0	0.0	0.0952381	0.0	0.0015	0.0	0.0	0.1333333	0.0	0.3846154	0.3333333	0.125	0.0	1.0	0.2	0.3333333	0.125	0.25	0.1153846	
Cormoran huppé	0.125	0.0	0.0	0.0	0.0	0.0	0.0	0.0	0.0	0.0	0.0	0.0	0.0	0.0	0.0	0.0	0.0	0.0	0.0	0.0	0.0	0.0	0.0	0.0	0.0	0.0	0.0	0.0	0.0	0.0	0.0	0.0	0.0	0.0	0.0	0.0	0.0666667	0.0	0.0	0.0	0.0	0.0	0.0	0.0	0.0	0.0	0.0	0.0	
Ibis falcinelle	0.0	0.0	0.0	0.0	0.0	0.0	0.0	0.0	0.0	0.0	0.0	0.0	0.0	0.0	0.0	0.0357143	0.0	0.0	0.0	0.0	0.0015	0.0	0.0	0.0	0.0	0.0	0.0	0.0	0.0	0.0	0.0	0.0	0.0	0.0	0.0	0.0	0.0	0.0	0.0	0.0	0.0	0.25	0.0	0.0	0.0	0.0	0.0	0.0	
Ibis sacré	0.125	0.0	0.0	0.0	0.0	0.0	0.0	0.0	0.0	0.0	0.0	0.0	0.0	0.125	0.0357143	0.0714286	0.0	0.0	0.0	0.0	0.0	0.0	0.0	0.0	0.0	0.0	0.0	0.0	0.0	0.0	0.0	0.0	0.0	0.0	0.0	0.0	0.0	0.0	0.0769231	0.0	0.0	0.0	0.0	0.0	0.3333333	0.0	0.0	0.0	
Spatule blanche	0.0	0.0	0.0	0.0	0.0	0.0	0.0	0.0	0.0015	0.0	0.0714286	0.0	0.0	0.0	0.0	0.0	0.0	0.0	0.0	0.0	0.0	0.0	0.0	0.0	0.0	0.0	0.0	0.0	0.0	0.0	0.0	0.0	0.0	0.0	0.0	0.0	0.0	0.0	0.0	0.0015	0.0	0.0	0.0	0.0	0.0	0.0	0.0	0.0	
Butor étoilé	0.0	0.0	0.0	0.0015	0.0	0.0	0.0	0.0	0.0	0.0	0.0	0.0	0.0	0.0	0.0	0.0	0.0	0.0	0.0	0.0	0.0	0.0	0.0	0.0	0.0	0.0	0.0	0.0	0.0	0.0	0.0	0.0	0.0	0.0	0.0	0.0	0.0	0.0	0.0	0.0	0.0	0.0	0.0	0.0	0.0	0.0	0.0	0.0	
Blongios nain	0.0	0.0	0.0	0.0	0.0	0.0	0.0	0.0	0.0	0.0	0.0	0.0	0.0	0.0	0.0357143	0.0	0.0	0.0	0.05	0.0	0.047619	0.0	0.0	0.0	0.0	0.0	0.0	0.0	0.0	0.0833333	0.0	0.0	0.0	0.0	0.0	0.0	0.0	0.0	0.0	0.0	0.0	0.0	0.0	0.0	0.0	0.0	0.0	0.0	
Bihoreau gris	0.0	0.0	0.0	0.0	0.0	0.0	0.0	0.0	0.0	0.0	0.0	0.0	0.0	0.0	0.0	0.0	0.25	0.0	0.0	0.0	0.0	0.0	0.0714286	0.0	0.0	0.0	0.0	0.0	0.0	0.0833333	0.0	0.0	0.0	0.0	0.0	0.0	0.0	0.0	0.0	0.0	0.0	0.0	0.0	0.0	0.0	0.0	0.0	0.0	
Aigrette garzette	0.375	0.25	0.2	0.0015	0.2	0.125	0.3333333	0.0	0.0015	0.5	0.0714286	0.0	0.2	0.25	0.0714286	0.1785714	0.25	0.0714286	0.05	0.0	0.047619	0.0	0.0714286	0.0	0.0	0.0	0.0625	0.0	0.2307692	0.0	0.0	0.2380952	0.0	0.0015	0.1	0.3	0.2	0.0	0.3076923	0.0	0.0	0.0015	1.0	0.0	0.6666667	0.0	0.0	0.0	
Crabier chevelu	0.0	0.0	0.0	0.0	0.0	0.0	0.0	0.0	0.0	0.0	0.0	0.0	0.0	0.0	0.0	0.0	0.0	0.0	0.05	0.0	0.047619	0.0	0.0	0.0	0.0	0.0	0.0	0.0	0.0769231	0.0	0.0	0.0	0.0	0.0	0.0	0.0	0.0	0.0	0.0	0.0	0.0	0.0	0.0	0.0	0.0	0.0	0.0	0.0	
Héron garde-boeufs	0.0	0.25	0.6	0.4	0.2	0.125	0.0	0.0	0.0	0.0	0.0	0.1	0.0015	0.25	0.0	0.0	0.25	0.0	0.0	0.05	0.0	0.0	0.0714286	0.0	0.0	0.0	0.0625	0.0	0.1538462	0.0833333	0.0344828	0.0	0.0	0.0	0.0	0.1	0.0333333	0.0	0.0769231	0.0	0.0	0.25	0.0	0.2	0.3333333	0.03125	0.0	0.1153846	
Grande Aigrette	0.0	0.0	0.4	0.0	0.0	0.0	0.3333333	0.0	0.0	0.0	0.0	0.0	0.3	0.375	0.0357143	0.1071429	0.25	0.0	0.0	0.0	0.0	0.0	0.0714286	0.0	0.0	0.0	0.0	0.0	0.1538462	0.0	0.0	0.0	0.0	0.0	0.0	0.0015	0.0333333	0.0	0.0	0.3333333	0.0	0.0015	0.0	0.0	0.3333333	0.0625	0.125	0.1153846	
Héron cendré	0.5	0.75	0.6	0.0015	0.4	0.125	0.3333333	0.1428571	0.0	1.0	0.2142857	0.0	0.5	0.25	0.1428571	0.1428571	0.75	0.0714286	0.1	0.0	0.047619	0.0416667	0.1428571	0.0714286	0.1428571	0.0	0.0625	0.03125	0.3076923	0.0833333	0.0344828	0.1904762	0.2	0.0	0.0	0.1	0.2	0.0	0.2307692	0.3333333	0.0	0.0015	1.0	0.0015	0.6666667	0.0015	0.0	0.1153846	
Héron pourpré	0.0	0.0	0.0	0.0	0.0	0.0	0.0	0.0	0.0	0.0	0.0	0.0	0.0	0.125	0.0	0.0	0.0	0.0	0.0	0.0	0.0015	0.0	0.0	0.0015	0.1428571	0.0	0.0	0.0	0.0	0.0	0.0	0.047619	0.0	0.0015	0.0	0.0	0.0	0.0	0.0	0.0	0.0	0.0	0.0	0.0	0.0	0.0	0.0	0.0	
Balbuzard pêcheur	0.0	0.0	0.0	0.0	0.0	0.0	0.0	0.0	0.0	0.0	0.0	0.0	0.0	0.125	0.0357143	0.0	0.0	0.0	0.0	0.0	0.0	0.0	0.0	0.0	0.0	0.0	0.0	0.0	0.0	0.0	0.0	0.0	0.0	0.0	0.0	0.0	0.0	0.0	0.0	0.0	0.0	0.0	0.0	0.0	0.0	0.0	0.0	0.0	
Percnoptère d'Égypte	0.0	0.0	0.0	0.0	0.0	0.0	0.0	0.0	0.0	0.0	0.0	0.0	0.0	0.0	0.0	0.0	0.0	0.0	0.0	0.0	0.0	0.0015	0.0	0.0	0.0	0.0	0.0	0.0	0.0	0.0	0.0	0.0	0.0	0.0	0.0	0.0	0.0	0.0	0.0	0.0	0.0	0.0	0.0	0.0	0.0	0.0	0.0	0.0	
Bondrée apivore	0.0	0.0	0.0	0.0	0.0	0.0	0.0	0.0	0.0	0.0	0.0	0.0	0.0	0.0	0.0	0.0	0.0	0.0714286	0.0	0.05	0.0	0.0	0.0	0.0714286	0.0	0.0	0.0	0.03125	0.0	0.0833333	0.1724138	0.0	0.0	0.0	0.1	0.0	0.0333333	0.0	0.0	0.0	0.0	0.0	0.0	0.0	0.0	0.0	0.0	0.0	
Vautour fauve	0.0	0.0	0.0	0.0	0.0	0.0	0.0	0.0	0.0	0.0	0.0	0.0	0.0	0.0	0.0	0.0	0.0	0.0	0.0	0.0	0.0	0.0	0.0	0.0	0.0	0.0	0.0625	0.03125	0.0	0.0	0.0	0.0	0.0	0.0	0.0	0.0	0.0	0.0	0.0	0.0	0.0	0.0	0.0	0.0	0.0	0.0	0.0	0.0	
Circaète Jean-le-Blanc	0.0	0.0	0.0	0.0	0.0	0.0	0.0	0.0	0.0	0.0	0.0	0.0	0.0	0.125	0.0	0.0357143	0.0	0.0	0.05	0.0	0.047619	0.0416667	0.0714286	0.0	0.0	0.0	0.0	0.03125	0.0769231	0.0	0.0	0.047619	0.4	0.0	0.1	0.0	0.0	0.0	0.0	0.0	0.0	0.0	0.0	0.0	0.0	0.0	0.0	0.0	
Aigle botté	0.0	0.0	0.0	0.0	0.0	0.0	0.0	0.0	0.0	0.0	0.0	0.0	0.0	0.0	0.0	0.0	0.0	0.0	0.0	0.0	0.0	0.0416667	0.0	0.0714286	0.0	0.0	0.0	0.0	0.0	0.0	0.0	0.0	0.0	0.0	0.0	0.0	0.0	0.0	0.0	0.0	0.0	0.0	0.0	0.0	0.0	0.0	0.0	0.0	
Aigle royal	0.0	0.0	0.0	0.0	0.0	0.0	0.0	0.0	0.0	0.0	0.0	0.0	0.0	0.0	0.0	0.0357143	0.0	0.0	0.0015	0.0	0.0	0.0	0.0	0.0	0.0	0.0	0.0	0.03125	0.0	0.0	0.0	0.0	0.0	0.0	0.0	0.0	0.0	0.0	0.0	0.0	0.0	0.0	0.0	0.0	0.0	0.0	0.0	0.0384615	
Épervier d'Europe	0.0	0.0	0.0	0.0	0.0	0.0	0.0	0.0	0.0	0.0	0.0	0.0	0.0	0.125	0.0714286	0.0	0.0	0.0714286	0.0	0.0	0.0	0.0	0.0714286	0.0015	0.1428571	0.0	0.0	0.0	0.0	0.0	0.0689655	0.0	0.0	0.0	0.0	0.0015	0.0666667	0.0	0.0	0.3333333	0.0	0.0	0.0	0.0	0.0	0.0	0.0	0.0384615	
Autour des palombes	0.0	0.0	0.0	0.0	0.2	0.0	0.0	0.0	0.0	0.0	0.0	0.0	0.0	0.0	0.0	0.0	0.0	0.0	0.0	0.0	0.0	0.0	0.0	0.0	0.0	0.0	0.0	0.0	0.0	0.0	0.0344828	0.0	0.0	0.0	0.0	0.0	0.0333333	0.0	0.0	0.3333333	0.0	0.0	0.0	0.0	0.0	0.0	0.0	0.0	
Aerospiza, Tachyspiza, Accipiter ou Astur sp.	0.0	0.0	0.0	0.0	0.0	0.0	0.0	0.0	0.0	0.0	0.0	0.0	0.0	0.0	0.0	0.0	0.0	0.0	0.0	0.0	0.0	0.0	0.0	0.0714286	0.0	0.0	0.0	0.0	0.0	0.0	0.0344828	0.0	0.0	0.0	0.0	0.0	0.0	0.0	0.0	0.0	0.0	0.0	0.0	0.0	0.0	0.0	0.0	0.0	
Busard des roseaux	0.0	0.5	0.0	0.0015	0.0	0.0	0.3333333	0.0	0.0015	0.0	0.0714286	0.0	0.2	0.25	0.0	0.1071429	0.0	0.0714286	0.05	0.0	0.0	0.0	0.0714286	0.0	0.0	0.0	0.0	0.0	0.0	0.0	0.0	0.0	0.0	0.0	0.0	0.0	0.0333333	0.0	0.0769231	0.0	0.0	0.0	1.0	0.0	0.0	0.0015	0.0	0.0	
Busard Saint-Martin	0.0	0.0	0.0	0.0	0.0	0.0	0.0	0.0	0.0	0.0	0.0	0.1	0.0	0.0	0.0	0.0	0.0	0.0	0.0	0.0	0.0	0.0	0.0	0.0	0.0	0.0	0.0	0.0	0.0	0.0	0.0	0.0	0.0	0.0	0.0	0.0	0.0015	0.0	0.0	0.0	0.0	0.0	0.0	0.0	0.0	0.0	0.0	0.0	
Busard pâle	0.0	0.0	0.0	0.0	0.0	0.0	0.0	0.0	0.0	0.0	0.0	0.0	0.0	0.0	0.0	0.0	0.0	0.0	0.0	0.0	0.0	0.0	0.0	0.0	0.0	0.0	0.0	0.0	0.0	0.0	0.0	0.0	0.0	0.0	0.1	0.0	0.0	0.0	0.0	0.0	0.0	0.0	0.0	0.0	0.0	0.0	0.0	0.0	
Busard cendré	0.0	0.0	0.0	0.0	0.0	0.0	0.0	0.0	0.0	0.0	0.0	0.0	0.0	0.0	0.0	0.0357143	0.0	0.0	0.0	0.05	0.0	0.0	0.0	0.0	0.0	0.0	0.0	0.0	0.0	0.0	0.0	0.0	0.2	0.0	0.0	0.0	0.0	0.0	0.0	0.0	0.0	0.0	0.0	0.0	0.0	0.0	0.0	0.0	
Milan royal	0.0	0.0	0.2	0.4	0.2	0.25	0.3333333	0.2857143	0.5	0.5	0.2142857	0.1	0.2	0.125	0.0714286	0.1785714	0.0	0.0714286	0.1	0.05	0.0952381	0.1666667	0.5	0.4285714	0.4285714	0.2222222	0.0625	0.28125	0.0769231	0.1666667	0.2413793	0.1904762	0.0015	0.0	0.3	0.0015	0.1666667	0.0	0.0	1.0	0.0015	0.25	0.0015	0.2	0.0015	0.0	0.25	0.1153846	
Milan noir	0.0	0.0	0.0	0.0	0.0	0.0	0.0	0.0	0.0	0.0015	0.0714286	0.1	0.2	0.5	0.2857143	0.1428571	0.5	0.2142857	0.1	0.15	0.1904762	0.1666667	0.2142857	0.2142857	0.1428571	0.2222222	0.0625	0.09375	0.2307692	0.1666667	0.0344828	0.047619	0.0	0.0	0.0	0.0	0.0	0.0	0.0	0.0	0.0	0.0	0.0	0.0	0.0	0.0	0.0	0.0	
Buse variable	0.25	0.25	0.6	0.4	0.2	0.25	0.6666667	0.4285714	0.0015	0.0015	0.5714286	0.3	0.4	0.375	0.2857143	0.2857143	0.5	0.3571429	0.1	0.15	0.1428571	0.2916667	0.5714286	0.4285714	0.4285714	0.1111111	0.125	0.1875	0.2307692	0.25	0.3103448	0.0952381	0.2	0.0	0.5	0.0015	0.2	0.0	0.0	0.6666667	0.125	0.25	0.0	0.0015	0.3333333	0.09375	0.75	0.3461538	
Buse féroce	0.0	0.0	0.0	0.0	0.0	0.0	0.0	0.0	0.0	0.0	0.0	0.0	0.0	0.0	0.0	0.0357143	0.0	0.0	0.0	0.0	0.0	0.0	0.0	0.0	0.0	0.0	0.0	0.0	0.0	0.0	0.0	0.0	0.0	0.0	0.0	0.0	0.0	0.0	0.0	0.0	0.0	0.0	0.0	0.0	0.0	0.0	0.0	0.0	
Effraie des clochers	0.0	0.0	0.0	0.0	0.0	0.0	0.0	0.0	0.0	0.0	0.0	0.0	0.0	0.0	0.0357143	0.0	0.0	0.0	0.0	0.0	0.047619	0.0	0.0	0.0	0.0	0.0	0.0015	0.0015	0.0	0.0	0.0	0.047619	0.0	0.0	0.1	0.0	0.0	0.0	0.0	0.0	0.0	0.0	0.0	0.0	0.0	0.0	0.0	0.0	
Petit-duc scops	0.0	0.0	0.0	0.0	0.0	0.0	0.0	0.1428571	0.0	0.0	0.0	0.1	0.0	0.0	0.1428571	0.0357143	0.0	0.0	0.0	0.0	0.047619	0.0416667	0.0714286	0.0	0.0	0.0015	0.0625	0.03125	0.0769231	0.0	0.0344828	0.0	0.0015	0.0	0.0	0.0	0.0333333	0.0	0.0	0.0	0.0	0.0	0.0	0.0	0.0	0.0	0.0	0.0	
Chevêche d'Athéna	0.0	0.25	0.0	0.0	0.0	0.0	0.0	0.0	0.0	0.0	0.0	0.1	0.0	0.0	0.0357143	0.0714286	0.0	0.0714286	0.05	0.05	0.0	0.0833333	0.0015	0.0	0.0	0.0	0.0015	0.03125	0.0769231	0.0015	0.0	0.047619	0.0	0.0	0.1	0.0	0.0666667	0.0	0.0	0.0	0.0	0.0	0.0	0.0	0.0	0.0	0.0	0.0	
Chouette hulotte	0.0	0.0	0.0	0.0	0.0	0.125	0.0	0.0	0.0	0.0	0.0714286	0.0	0.0	0.0	0.0357143	0.0357143	0.0	0.0	0.0	0.0	0.047619	0.0	0.0	0.0	0.0	0.0	0.0	0.0	0.0769231	0.0015	0.0	0.0	0.0	0.0	0.0	0.0	0.0	0.0	0.0	0.0	0.0015	0.0	0.0	0.0	0.0	0.0	0.0	0.0769231	
Hibou moyen-duc	0.0	0.0	0.0	0.0	0.0	0.0	0.0	0.0	0.0	0.0	0.0	0.0	0.0	0.0	0.0	0.0	0.0	0.0	0.0015	0.0	0.0	0.0	0.0	0.0	0.0	0.0	0.0	0.0	0.0	0.0	0.0	0.0	0.0	0.0	0.0	0.0	0.0	0.0	0.0	0.0	0.0	0.0	0.0	0.0	0.0	0.0	0.0	0.0	
Huppe fasciée	0.0	0.0	0.0	0.0	0.0	0.0	0.0	0.0	0.0	0.0	0.0	0.1	0.1	0.5	0.0357143	0.0357143	0.0	0.0714286	0.0	0.1	0.047619	0.0	0.1428571	0.0714286	0.1428571	0.0015	0.0	0.0	0.1538462	0.0833333	0.1034483	0.0	0.0	0.0	0.0	0.0015	0.0	0.0	0.0	0.0	0.0	0.0	0.0	0.0	0.0	0.0	0.0	0.0	
Guêpier d'Europe	0.0	0.0	0.0	0.0	0.0	0.0	0.0	0.0	0.0	0.0	0.0	0.0	0.0	0.0	0.1428571	0.1071429	0.25	0.0714286	0.05	0.05	0.047619	0.0	0.0	0.0714286	0.0	0.2222222	0.0625	0.0625	0.0769231	0.0	0.137931	0.047619	0.2	0.0	0.0	0.0	0.0	0.0	0.0	0.0	0.0	0.0	0.0	0.0	0.0	0.0	0.0	0.0	
Martin-pêcheur d'Europe	0.5	0.25	0.0	0.0015	0.4	0.0	0.3333333	0.0	0.0015	0.0	0.0	0.0	0.0	0.125	0.0357143	0.0	0.0	0.0	0.0	0.0	0.0	0.0	0.0714286	0.0	0.0	0.0	0.0	0.0	0.1538462	0.0833333	0.0015	0.2380952	0.0	0.3333333	0.0	0.0015	0.1333333	0.0	0.1538462	0.0	0.0	0.0	1.0	0.0	0.6666667	0.0	0.0	0.0	
Rollier d'Europe	0.0	0.0	0.0	0.0	0.0	0.0	0.0	0.0	0.0	0.0	0.0	0.0	0.0	0.0	0.0	0.0357143	0.0	0.1428571	0.05	0.05	0.0	0.0	0.0714286	0.0714286	0.0	0.0	0.0	0.03125	0.0769231	0.0	0.0	0.0	0.0	0.0	0.0	0.0	0.0	0.0	0.0	0.0	0.0	0.0	0.0	0.0	0.0	0.0	0.0	0.0	
Torcol fourmilier	0.0	0.0	0.0	0.0	0.0	0.0	0.0	0.0	0.0	0.0	0.0	0.1	0.1	0.125	0.1071429	0.0714286	0.5	0.0	0.0	0.0	0.0	0.0416667	0.0714286	0.0714286	0.1428571	0.0	0.0	0.0	0.0	0.0833333	0.0344828	0.0	0.0	0.0	0.0	0.0	0.0	0.0	0.0	0.0	0.0	0.0	0.0	0.0	0.0	0.0	0.0	0.0	
Pic à dos blanc	0.0	0.0	0.0	0.0	0.0	0.0	0.0	0.0	0.0	0.0	0.0	0.0	0.0	0.0	0.0	0.0	0.0	0.0	0.0	0.0	0.0	0.0416667	0.0	0.0	0.0	0.0	0.0	0.0	0.0	0.0	0.0	0.0	0.0	0.0	0.0	0.0	0.0	0.0	0.0	0.0	0.0	0.0	0.0	0.0	0.0	0.0	0.0	0.0384615	
Pic épeiche	0.0	0.0	0.2	0.2	0.2	0.125	0.0	0.4285714	0.0	0.0	0.0	0.0	0.1	0.375	0.1428571	0.0714286	0.5	0.2142857	0.05	0.15	0.047619	0.1666667	0.0	0.0714286	0.1428571	0.0	0.0	0.0625	0.2307692	0.1666667	0.2413793	0.0952381	0.2	0.0	0.0	0.0	0.0666667	0.0	0.0	0.0	0.125	0.25	0.0	0.2	0.0	0.15625	0.125	0.3076923	
Pic épeichette	0.0	0.0	0.0	0.0	0.0	0.125	0.0	0.0	0.0	0.0	0.0714286	0.0	0.1	0.375	0.0714286	0.0357143	0.0	0.1428571	0.0	0.0	0.047619	0.0	0.0714286	0.0714286	0.0	0.0	0.0	0.03125	0.0	0.0	0.0689655	0.0	0.2	0.0	0.0	0.0	0.0333333	0.0	0.0	0.0	0.0	0.0	0.0	0.0	0.0	0.03125	0.25	0.0384615	
Pic vert	0.0	0.25	0.2	0.0	0.4	0.5	0.6666667	0.5714286	0.5	0.5	0.2142857	0.1	0.2	0.5	0.1428571	0.0714286	0.75	0.2142857	0.1	0.25	0.0952381	0.125	0.2857143	0.1428571	0.7142857	0.1111111	0.0	0.28125	0.4615385	0.5	0.3448276	0.2380952	0.0015	0.0	0.1	0.1	0.2	0.0	0.1538462	0.3333333	0.25	0.5	0.0	0.2	0.0	0.15625	0.5	0.5769231	
Faucon crécerellette	0.0	0.0	0.0	0.0	0.0	0.0	0.0	0.0	0.0	0.0	0.0	0.0	0.0	0.0	0.0	0.0	0.0	0.0	0.05	0.0015	0.0	0.0	0.0	0.0015	0.0	0.0	0.0	0.03125	0.0769231	0.0	0.0	0.0	0.2	0.0	0.0	0.0	0.0015	0.0	0.0	0.0	0.0	0.0	0.0	0.0	0.0	0.0	0.0	0.0	
Faucon crécerelle	0.125	0.0	0.2	0.2	0.0	0.25	0.0	0.0	0.5	0.0	0.2142857	0.2	0.2	0.25	0.1428571	0.1785714	0.25	0.0714286	0.15	0.05	0.0	0.0	0.0714286	0.1428571	0.2857143	0.1111111	0.125	0.15625	0.0769231	0.1666667	0.0689655	0.0952381	0.2	0.0	0.2	0.1	0.0666667	0.0	0.0	0.0015	0.0	0.0	1.0	0.0015	0.0	0.03125	0.25	0.0384615	
Faucon crécerellette ou F. crécerelle	0.0	0.0	0.0	0.0	0.0	0.0	0.0	0.0	0.0	0.0	0.0	0.0	0.0	0.0	0.0015	0.0	0.0	0.0	0.0	0.0	0.0	0.0	0.0	0.0	0.0	0.0	0.0	0.0	0.0	0.0	0.0	0.0	0.0	0.0	0.0	0.0	0.0	0.0	0.0	0.0	0.0	0.0	0.0	0.0	0.0	0.0	0.0	0.0	
Faucon kobez	0.0	0.0	0.0	0.0	0.0	0.0	0.0	0.0	0.0	0.0	0.0	0.0	0.0	0.0	0.0	0.0	0.0	0.0	0.05	0.0	0.047619	0.0	0.0	0.0	0.0	0.0	0.0	0.0	0.0	0.0	0.0	0.0	0.0	0.0	0.0	0.0	0.0	0.0	0.0	0.0	0.0	0.0	0.0	0.0	0.0	0.0	0.0	0.0	
Faucon émerillon	0.0	0.0	0.2	0.0	0.0	0.0	0.0	0.0	0.0	0.0	0.0	0.0	0.0	0.0	0.0	0.0	0.0	0.0	0.0	0.0	0.0	0.0	0.0	0.0	0.0	0.0	0.0	0.0	0.0	0.0	0.0	0.0	0.0	0.0	0.0	0.0	0.0	0.0	0.0	0.0	0.0	0.0	0.0	0.0	0.0	0.0	0.0	0.0	
Faucon hobereau	0.0	0.0	0.0	0.0	0.0	0.0	0.0	0.0	0.0	0.0	0.0	0.0	0.0	0.0	0.0714286	0.0357143	0.25	0.0	0.0	0.0	0.0	0.0	0.0	0.0714286	0.0	0.0	0.0	0.0	0.0	0.0	0.0015	0.0	0.0	0.0	0.0	0.0	0.0	0.0	0.0	0.0	0.0	0.0	0.0	0.0	0.0	0.0	0.0	0.0	
Faucon pèlerin	0.0	0.0	0.2	0.0	0.0	0.0	0.0	0.0	0.0	0.0	0.0	0.0	0.0	0.0015	0.0357143	0.0	0.0	0.0	0.0	0.0	0.0	0.0	0.0015	0.0	0.0	0.1111111	0.0	0.0	0.0	0.0	0.0344828	0.0015	0.0	0.0	0.0	0.1	0.0666667	0.0	0.0	0.0	0.0	0.0	0.0	0.0	0.0	0.0	0.0	0.0	
Falco sp.	0.0	0.0	0.0	0.0	0.0	0.0	0.0	0.0	0.0	0.0	0.0	0.0	0.0	0.0	0.0	0.0	0.0015	0.0	0.0	0.0	0.0	0.0	0.0	0.0	0.0	0.0	0.0	0.0	0.0	0.0	0.0344828	0.0	0.0	0.0	0.0	0.0	0.0	0.0	0.0	0.0	0.0	0.0	0.0	0.0	0.0	0.0	0.0	0.0	
Perriche veuve	0.0	0.0	0.0	0.0	0.0	0.0	0.0	0.0	0.0	0.0	0.0	0.1	0.0	0.0	0.0	0.0	0.0	0.0	0.0	0.0	0.0	0.0	0.0	0.0	0.0	0.0	0.0	0.0	0.0	0.0	0.0	0.0	0.0	0.0	0.0	0.0	0.0	0.0	0.0	0.0	0.0	0.0	0.0	0.0	0.0	0.0	0.0	0.0	
Loriot d'Europe	0.0	0.0	0.0	0.0	0.0	0.0	0.0	0.0	0.0	0.0	0.0	0.0	0.0	0.0	0.0357143	0.0	1.0	0.2142857	0.05	0.3	0.3333333	0.1666667	0.0714286	0.1428571	0.0	0.0015	0.0625	0.125	0.3076923	0.25	0.0689655	0.047619	0.0	0.0	0.0	0.0	0.0	0.0	0.0	0.0	0.0	0.0	0.0	0.0	0.0	0.0	0.0	0.0	
Pie-grièche écorcheur	0.0	0.0	0.0	0.0	0.0	0.0	0.0	0.0	0.0	0.0	0.0	0.0	0.0	0.0	0.0	0.0357143	0.0	0.2857143	0.0	0.05	0.0015	0.0416667	0.1428571	0.0714286	0.2857143	0.1111111	0.0625	0.15625	0.2307692	0.0	0.1724138	0.0952381	0.2	0.0	0.0	0.0	0.0	0.0	0.0	0.0	0.0	0.0	0.0	0.0	0.0	0.0	0.0	0.0	
Pie-grièche à poitrine rose	0.0	0.0	0.0	0.0	0.0	0.0	0.0	0.0	0.0	0.0	0.0	0.0	0.0	0.0	0.0	0.0	0.0	0.0	0.0	0.0	0.0	0.0	0.0	0.0015	0.0	0.0	0.0	0.0	0.0	0.0	0.0	0.0	0.0	0.0	0.0	0.0	0.0	0.0	0.0	0.0	0.0	0.0	0.0	0.0	0.0	0.0	0.0	0.0	
Pie-grièche à tête rousse	0.0	0.0	0.0	0.0	0.0	0.0	0.0	0.0	0.0	0.0	0.0	0.0	0.0	0.0	0.0	0.0	0.25	0.0	0.05	0.0	0.0	0.0	0.0	0.0	0.0	0.1111111	0.0	0.03125	0.0	0.0	0.0	0.0	0.0	0.0	0.0	0.0	0.0	0.0	0.0	0.0	0.0	0.0	0.0	0.0	0.0	0.0	0.0	0.0	
Geai des chênes	0.0	0.25	0.4	0.2	0.4	0.5	0.6666667	0.4285714	0.25	0.5	0.2857143	0.2	0.1	0.375	0.2857143	0.1071429	0.5	0.2857143	0.2	0.25	0.1428571	0.2916667	0.5714286	0.6428571	0.1428571	0.2222222	0.125	0.21875	0.3846154	0.3333333	0.3103448	0.2380952	0.6	0.0	0.2	0.6	0.3666667	0.0	0.3076923	0.6666667	0.625	0.75	0.0	0.6	0.3333333	0.5625	0.5	0.6538462	
Pie bavarde	0.5	0.75	0.8	0.8	0.6	0.5	1.0	0.4285714	0.5	1.0	0.6428571	0.3	0.5	0.875	0.3214286	0.2857143	0.5	0.6428571	0.25	0.2	0.0952381	0.2083333	0.3571429	0.4285714	0.4285714	0.2222222	0.0625	0.09375	0.3846154	0.3333333	0.2068966	0.2857143	0.4	0.6666667	0.5	0.5	0.2333333	0.0	0.6153846	1.0	0.25	0.25	0.0	0.6	1.0	0.75	0.875	0.2692308	
Crave à bec rouge	0.0	0.0	0.0	0.0	0.0	0.0	0.0	0.0	0.0015	0.0	0.0	0.0	0.0	0.0015	0.0	0.0	0.0015	0.0	0.0	0.0	0.0	0.0	0.0015	0.0	0.0	0.1111111	0.0625	0.03125	0.0	0.0	0.0	0.0	0.0015	0.0	0.0	0.0	0.0	0.0	0.0	0.0	0.125	0.0	0.0	0.0	0.0	0.0	0.0	0.0	
Chocard à bec jaune	0.0	0.0	0.0	0.0	0.0	0.0	0.0	0.0	0.0	0.0	0.0	0.0	0.0	0.0	0.0	0.0	0.0	0.0	0.0	0.0	0.0	0.0	0.0	0.0	0.0	0.0	0.0625	0.0	0.0	0.0	0.0	0.0	0.0	0.0	0.0	0.0	0.0	0.0	0.0	0.0	0.0	0.0	0.0	0.0	0.0	0.0	0.0	0.0	
Choucas des tours	0.125	0.25	0.2	0.0	0.6	0.125	0.0	0.2857143	0.0	0.0	0.1428571	0.4	0.5	0.375	0.3571429	0.1071429	0.25	0.2142857	0.0	0.35	0.1904762	0.0416667	0.3571429	0.0714286	0.0	0.0015	0.125	0.03125	0.0769231	0.0833333	0.1034483	0.1904762	0.0	0.0	0.0	0.1	0.1333333	0.0	0.3846154	0.6666667	0.125	0.0	0.0	0.2	0.3333333	0.375	0.25	0.0384615	
Corneille mantelée	0.125	0.25	1.0	0.4	0.4	0.5	0.6666667	0.7142857	0.5	0.5	0.5714286	0.6	0.4	0.5	0.2857143	0.3571429	1.0	0.3571429	0.25	0.15	0.1428571	0.4583333	0.5714286	0.5714286	0.5714286	0.2222222	0.25	0.3125	0.5384615	0.25	0.2758621	0.1904762	0.4	0.0	0.3	0.3	0.2333333	0.0	0.2307692	0.3333333	0.25	0.25	0.0	0.2	0.3333333	0.4375	0.5	0.6923077	
Grand Corbeau	0.0	0.0	0.2	0.0	0.0	0.0	0.3333333	0.1428571	0.0	0.0	0.0714286	0.0	0.0	0.0015	0.0	0.1071429	0.0015	0.1428571	0.0	0.0	0.0	0.0	0.0	0.0	0.1428571	0.2222222	0.125	0.0625	0.0769231	0.0	0.0	0.0	0.0	0.0	0.0	0.0	0.0333333	0.0	0.0769231	0.0	0.125	0.0	0.0	0.0	0.0015	0.0	0.0	0.1153846	
Mésange noire	0.0	0.0	0.0	0.0	0.0	0.0	0.0	0.0	0.0	0.0	0.0	0.0	0.0	0.0	0.0	0.0357143	0.0	0.0	0.0	0.0	0.0952381	0.0	0.0	0.0	0.1428571	0.2222222	0.0015	0.09375	0.0	0.0833333	0.0	0.0	0.0	0.0	0.0	0.0	0.1	0.0	0.0	0.0	0.125	0.0	0.0	0.0	0.3333333	0.3125	0.0	0.0	
Mésange nonnette	0.0	0.0	0.0	0.0	0.2	0.0	0.3333333	0.0	0.0	0.0	0.0	0.0	0.0	0.0	0.0	0.0	0.0	0.0714286	0.0	0.05	0.0	0.0833333	0.1428571	0.0	0.1428571	0.0	0.0015	0.0625	0.0	0.0833333	0.0689655	0.0	0.0	0.0	0.0	0.0	0.0	0.0	0.0	0.0	0.125	0.0	0.0	0.0	0.0	0.0	0.125	0.0	
Mésange bleue	0.0	0.25	0.4	0.4	0.2	0.5	0.6666667	0.5714286	0.5	0.5	0.3571429	0.4	0.4	0.5	0.5	0.3571429	0.75	0.3571429	0.05	0.15	0.1428571	0.3333333	0.4285714	0.5714286	0.0	0.0015	0.0625	0.21875	0.3076923	0.3333333	0.3793103	0.2380952	0.2	0.0	0.1	0.2	0.1666667	0.0	0.0769231	0.0	0.625	0.5	0.0	0.0	0.3333333	0.65625	0.875	0.5769231	
Mésange charbonnière	0.0	0.25	0.6	0.4	0.6	0.625	1.0	0.5714286	0.5	0.5	0.5	0.5	0.5	0.375	0.5714286	0.5	0.75	0.4285714	0.15	0.2	0.2857143	0.3333333	0.6428571	0.5	0.2857143	0.1111111	0.0	0.25	0.3846154	0.3333333	0.3793103	0.2380952	0.0015	0.0	0.3	0.3	0.2333333	0.0	0.3076923	0.6666667	0.5	0.25	0.0	0.2	0.3333333	0.5625	0.875	0.5	
Rémiz penduline	0.0	0.0	0.0	0.0	0.0	0.0	0.0	0.0	0.0	0.0	0.0	0.0	0.1	0.0	0.0	0.0	0.0	0.0	0.05	0.0	0.0	0.0	0.0	0.0	0.0	0.0	0.0	0.0	0.0769231	0.0	0.0	0.0	0.0	0.0	0.0	0.0	0.0	0.0	0.0	0.0	0.0	0.0	1.0	0.0	0.0	0.0	0.0	0.0	
Alouette lulu	0.0	0.0	0.2	0.0	0.0	0.0	0.0	0.0	0.0015	0.0	0.0	0.0	0.0	0.0	0.0714286	0.0357143	0.0	0.0	0.0	0.0	0.0	0.0416667	0.0015	0.0714286	0.0	0.0	0.0	0.0	0.0	0.0	0.0	0.0	0.0	0.0	0.0	0.0	0.0666667	0.0	0.0	0.0	0.0	0.0	0.0	0.2	0.3333333	0.0	0.0	0.0	
Alouette des champs	0.0	0.0	0.2	0.4	0.2	0.0	0.0	0.1428571	0.0	0.0	0.0	0.1	0.1	0.0	0.0357143	0.0357143	0.0	0.0	0.05	0.0	0.0015	0.0416667	0.2142857	0.0714286	0.2857143	0.3333333	0.0625	0.03125	0.0	0.0	0.0	0.0	0.0015	0.0	0.1	0.0	0.0	0.0	0.0769231	0.0	0.0	0.0	0.0	0.0	0.0	0.03125	0.0	0.0	
Cochevis huppé	0.125	0.25	0.2	0.2	0.4	0.0	0.3333333	0.0	0.0015	0.0	0.2142857	0.3	0.1	0.125	0.0714286	0.1071429	0.0	0.0714286	0.1	0.05	0.0952381	0.0	0.0714286	0.0714286	0.0	0.3333333	0.0625	0.03125	0.0	0.0	0.0344828	0.047619	0.0	0.0	0.0	0.2	0.0333333	0.0015	0.3076923	0.0	0.0	0.0	0.0	0.0	0.0	0.03125	0.0	0.0	
Alouette calandrelle	0.0	0.0	0.0	0.0	0.0	0.0	0.0	0.0	0.0	0.0	0.0	0.0	0.0	0.0	0.0	0.0	0.0	0.0	0.0	0.0	0.0	0.0	0.0	0.0	0.1428571	0.0	0.0	0.0	0.0	0.0	0.0	0.0	0.0	0.0	0.0	0.0	0.0	0.0	0.0	0.0	0.0	0.0	0.0	0.0	0.0	0.0	0.0	0.0	
Cisticole des joncs	0.125	0.25	0.2	0.2	0.2	0.125	0.0	0.0	0.0015	0.5	0.2142857	0.3	0.3	0.5	0.25	0.25	0.75	0.2142857	0.2	0.15	0.2857143	0.0833333	0.0714286	0.0714286	0.0	0.3333333	0.125	0.0015	0.2307692	0.0833333	0.0344828	0.1904762	0.0	0.3333333	0.1	0.3	0.0666667	0.0	0.0015	0.0	0.125	0.0	0.0	0.2	0.0	0.0	0.125	0.0015	
Hypolaïs polyglotte	0.0	0.0	0.0	0.0	0.0	0.0	0.0	0.0	0.0	0.0	0.0	0.0	0.0	0.0	0.0	0.0	0.0	0.0714286	0.0	0.05	0.0	0.0	0.0	0.0	0.0	0.0	0.0	0.0	0.0	0.0	0.0	0.0	0.0	0.0	0.0	0.0	0.0	0.0	0.0	0.0	0.0	0.0	0.0	0.0	0.0	0.0	0.0	0.0	
Lusciniole à moustaches	0.0	0.0	0.0	0.0	0.0015	0.0	0.0	0.0	0.0	0.0	0.0	0.0	0.0	0.0	0.0	0.0	0.0	0.0	0.0	0.0	0.0	0.0	0.0	0.0	0.0	0.0	0.0	0.0	0.0	0.0	0.0	0.0	0.0	0.0	0.0	0.0	0.0	0.0	0.0	0.0	0.0	0.0	0.0	0.0	0.0	0.0	0.0	0.0	
Phragmite des joncs	0.0	0.0	0.0	0.0	0.0	0.0	0.0	0.0	0.0	0.0	0.0714286	0.0	0.1	0.0	0.0	0.0	0.0	0.0	0.0	0.0	0.0	0.0	0.0	0.0	0.0	0.0	0.0	0.0	0.0	0.0	0.0	0.0	0.0	0.0	0.0	0.0	0.0	0.0	0.0	0.0	0.0	0.0	0.0	0.0	0.0	0.0	0.0	0.0	
Rousserolle effarvatte	0.0	0.0	0.0	0.0	0.0	0.0	0.0	0.0	0.0	0.0	0.0	0.0	0.0	0.0	0.0357143	0.0	0.0	0.0714286	0.1	0.0	0.047619	0.0	0.0	0.0	0.0	0.0	0.0	0.0	0.0	0.0	0.0	0.0	0.0	0.0	0.0	0.0	0.0	0.0	0.0	0.0	0.0	0.0	0.0	0.0	0.0	0.0	0.0	0.0	
Rousserolle turdoïde	0.0	0.0	0.0	0.0	0.0	0.0	0.0	0.0	0.0	0.0	0.0	0.0	0.0	0.0	0.0	0.0	0.25	0.0	0.05	0.0	0.0	0.0	0.0	0.0	0.0	0.0	0.0	0.0	0.0	0.0	0.0	0.047619	0.0	0.0	0.0	0.0	0.0	0.0	0.0	0.0	0.0	0.0	0.0	0.0	0.0	0.0	0.0	0.0	
Hirondelle de rivage	0.0	0.0	0.0	0.0	0.0	0.0	0.0	0.0	0.0	0.0	0.0	0.0	0.0	0.0	0.0	0.0	0.25	0.0	0.0	0.0	0.0	0.0416667	0.0	0.0	0.0	0.0	0.0	0.0	0.0	0.0	0.0344828	0.0015	0.0	0.0	0.1	0.0	0.0	0.0	0.0	0.0	0.0	0.0	0.0	0.0	0.0	0.0	0.0	0.0	
Hirondelle de rochers	0.0	0.0	0.0	0.0	0.0	0.0	0.0	0.0	0.0	0.0	0.0714286	0.0	0.0	0.0	0.0	0.0	0.0	0.0	0.0	0.0	0.0	0.125	0.2142857	0.0	0.1428571	0.0	0.0625	0.03125	0.1538462	0.1666667	0.0689655	0.0952381	0.0015	0.0	0.1	0.0	0.0333333	0.0	0.0	0.0015	0.0	0.0	0.0	0.0	0.0	0.0	0.0	0.0	
Hirondelle rustique	0.0	0.0	0.0	0.0	0.0	0.0	0.0	0.0	0.0015	0.0	0.1428571	0.1	0.6	0.625	0.3571429	0.3928571	0.75	0.3571429	0.2	0.1	0.0952381	0.4583333	0.5714286	0.5714286	0.2857143	0.3333333	0.1875	0.5625	0.7692308	0.5833333	0.6551724	0.5714286	0.0015	0.0	0.2	0.0	0.0666667	0.0	0.0	0.0	0.0	0.0	0.0	0.0	0.0	0.0	0.0	0.0	
Hirondelle de fenêtre	0.0	0.0	0.0	0.0	0.0	0.0	0.3333333	0.0	0.0	0.0	0.1428571	0.1	0.1	0.125	0.1428571	0.1428571	0.5	0.2857143	0.1	0.15	0.2380952	0.3333333	0.4285714	0.1428571	0.4285714	0.2222222	0.1875	0.3125	0.3846154	0.4166667	0.4137931	0.2857143	0.4	0.0	0.1	0.0	0.1	0.0	0.0	0.0	0.0	0.0	0.0	0.0	0.0	0.0	0.0	0.0	
Hirondelle rousseline	0.0	0.0	0.0	0.0	0.0	0.0	0.0	0.0	0.0	0.0	0.0	0.0	0.0	0.0	0.0	0.0	0.0	0.0	0.0	0.0	0.0	0.0	0.0	0.0	0.0	0.0	0.0	0.0	0.0	0.0015	0.0	0.0	0.0	0.0	0.0	0.0	0.0	0.0	0.0	0.0	0.0	0.0	0.0	0.0	0.0	0.0	0.0	0.0	
hirondelle sp.	0.0	0.0	0.0	0.0	0.0	0.0	0.0	0.0	0.0	0.0	0.0	0.0	0.0	0.0	0.0	0.0	0.0	0.0	0.0	0.0	0.0	0.0	0.0	0.0	0.0	0.0	0.0	0.0	0.0	0.0	0.0	0.0	0.0	0.0	0.0	0.0	0.0015	0.0	0.0	0.0	0.0	0.0	0.0	0.0	0.0	0.0	0.0	0.0	
Pouillot siffleur	0.0	0.0	0.0	0.0	0.0	0.0	0.0	0.0	0.0	0.0	0.0	0.0	0.0	0.0	0.0357143	0.0	0.25	0.0714286	0.0	0.05	0.0	0.0416667	0.0714286	0.0	0.0	0.0	0.0	0.03125	0.0	0.0	0.0	0.047619	0.0	0.0	0.0	0.0	0.0	0.0	0.0	0.0	0.0	0.0	0.0	0.0	0.0	0.0	0.0	0.0	
Pouillot de Bonelli	0.0	0.0	0.0	0.0	0.0	0.0	0.0	0.0	0.0	0.0	0.0	0.0	0.0	0.0	0.0	0.0	0.0	0.0714286	0.0	0.1	0.0015	0.0	0.0	0.0	0.0	0.0	0.0	0.0	0.0	0.0	0.0	0.0	0.0	0.0	0.0	0.0	0.0	0.0	0.0	0.0	0.0	0.0	0.0	0.0	0.0	0.0	0.0	0.0	
Pouillot fitis	0.0	0.0	0.0	0.0	0.0	0.0	0.0	0.0	0.0	0.0	0.0	0.1	0.0	0.0	0.0	0.0	0.0	0.0	0.0	0.0	0.0	0.0	0.0	0.0	0.0	0.0	0.0	0.0	0.0	0.0	0.0	0.0	0.0	0.0	0.0	0.0	0.0333333	0.0	0.0	0.0	0.0	0.0	0.0	0.0	0.0	0.0	0.0	0.0	
Pouillot véloce	0.25	0.25	0.4	0.4	0.4	0.125	0.3333333	0.2857143	0.25	0.0	0.2857143	0.4	0.3	0.375	0.1428571	0.1428571	0.25	0.0	0.1	0.2	0.2857143	0.375	0.3571429	0.5	0.1428571	0.2222222	0.0625	0.15625	0.0769231	0.0833333	0.1034483	0.0952381	0.0	0.0	0.0	0.0015	0.2	0.0	0.1538462	0.6666667	0.375	0.0	1.0	0.6	0.3333333	0.40625	0.375	0.3461538	
Bouscarle de Cetti	0.375	0.25	0.2	0.4	0.2	0.375	0.0	0.0	0.5	0.0	0.3571429	0.5	0.6	0.625	0.5	0.1785714	0.5	0.5	0.1	0.2	0.2857143	0.0416667	0.0	0.0714286	0.0	0.0	0.0	0.0	0.1538462	0.1666667	0.0344828	0.0952381	0.0	0.0	0.2	0.5	0.0666667	0.0	0.0769231	0.0	0.125	0.0	1.0	0.6	0.6666667	0.09375	0.25	0.0	
Orite à longue queue	0.0	0.25	0.0	0.2	0.2	0.375	0.6666667	0.2857143	0.0	0.0	0.1428571	0.1	0.1	0.375	0.2142857	0.0357143	0.25	0.1428571	0.1	0.1	0.0952381	0.0416667	0.0714286	0.2857143	0.0	0.0	0.0015	0.125	0.2307692	0.0833333	0.1724138	0.1904762	0.0	0.0	0.0	0.1	0.1666667	0.0	0.1538462	0.3333333	0.375	0.25	0.0	0.0	0.3333333	0.28125	0.25	0.4230769	
Fauvette à tête noire	0.125	0.0	0.2	0.6	0.2	0.5	0.0015	0.4285714	0.5	0.5	0.5714286	0.3	0.5	0.625	0.5714286	0.4285714	0.75	0.6428571	0.3	0.4	0.5238095	0.7083333	0.8571429	0.7857143	0.5714286	0.6666667	0.0015	0.53125	0.4615385	0.4166667	0.3103448	0.1904762	0.2	0.0	0.1	0.0	0.0666667	0.0	0.0	0.3333333	0.375	0.25	0.0	0.4	0.0	0.4375	0.25	0.5	
Fauvette des jardins	0.0	0.0	0.0	0.0	0.0	0.0	0.0	0.0	0.0	0.0	0.0	0.0	0.0	0.0	0.0357143	0.0	0.0	0.0	0.0	0.0	0.0	0.0	0.0	0.0	0.0	0.0	0.0	0.0	0.0	0.0	0.0	0.0	0.0	0.0	0.0	0.0	0.0	0.0	0.0	0.0	0.0	0.0	0.0	0.0	0.0	0.0	0.0	0.0	
Fauvette mélanocéphale	0.125	0.25	0.2	0.2	0.2	0.375	0.0015	0.0	0.0	0.0	0.0714286	0.4	0.2	0.5	0.1785714	0.1428571	0.75	0.1428571	0.1	0.1	0.1428571	0.0015	0.0	0.1428571	0.0	0.0	0.0	0.0	0.0769231	0.0	0.0344828	0.0952381	0.0	0.0	0.0015	0.2	0.0666667	0.0	0.1538462	0.0	0.0	0.0	1.0	0.0	0.6666667	0.15625	0.5	0.2692308	
Fauvette des Balkans	0.0	0.0	0.0	0.0	0.0	0.0	0.0	0.0	0.0	0.0	0.0	0.0	0.0	0.0	0.1428571	0.1071429	0.0	0.0	0.0	0.05	0.0	0.125	0.0	0.0	0.0	0.0	0.0	0.03125	0.2307692	0.0833333	0.1034483	0.047619	0.0	0.0	0.0	0.0	0.0	0.0	0.0	0.0	0.0	0.0	0.0	0.0	0.0	0.0	0.0	0.0	
Fauvette passerinette ou F. des Balkans	0.0	0.0	0.0	0.0	0.0	0.0	0.0	0.0	0.0	0.0	0.0	0.0	0.0	0.375	0.0357143	0.0	0.5	0.0714286	0.0	0.05	0.0	0.0	0.0	0.0	0.0	0.0	0.0	0.0	0.0	0.0	0.0	0.0	0.0	0.0	0.0	0.0	0.0	0.0	0.0	0.0	0.0	0.0	0.0	0.0	0.0	0.0	0.0	0.0	
Fauvette grisette	0.0	0.0	0.0	0.0	0.0	0.0	0.0	0.0	0.0	0.0	0.0	0.0	0.0	0.125	0.0714286	0.1071429	0.0015	0.0714286	0.1	0.05	0.0952381	0.1666667	0.2142857	0.1428571	0.1428571	0.1111111	0.0	0.0	0.0	0.0	0.0	0.0	0.0	0.0	0.0	0.0	0.0	0.0	0.0	0.0	0.0	0.0	0.0	0.0	0.0	0.0	0.0	0.0	
Fauvette pitchou	0.0	0.0	0.0	0.0	0.0	0.0	0.0	0.0	0.0	0.0	0.0	0.0	0.0	0.0	0.0	0.0	0.0	0.0	0.0	0.0	0.0	0.0	0.0015	0.0	0.0	0.0	0.0	0.0	0.0	0.0	0.0	0.0	0.0	0.0	0.0	0.0	0.0	0.0	0.0	0.0	0.0	0.0	0.0	0.0	0.0	0.0	0.0	0.0	
Sylvia ou Curruca sp.	0.0	0.0	0.0	0.0	0.0	0.0	0.0	0.0	0.0	0.0	0.0	0.0	0.0	0.0	0.0	0.0	0.0	0.0	0.0	0.0	0.0	0.0	0.0	0.0	0.0	0.0	0.0	0.0	0.0769231	0.0	0.0	0.0	0.0	0.0	0.0	0.0	0.0	0.0	0.0	0.0	0.0	0.0	0.0	0.0	0.0	0.0	0.0	0.0	
Roitelet huppé	0.0	0.0	0.0	0.0	0.0	0.0	0.0	0.1428571	0.0	0.0	0.0	0.0	0.0	0.0	0.0	0.0	0.0	0.0	0.0	0.0	0.0	0.0	0.0714286	0.0714286	0.0	0.0	0.0	0.03125	0.0	0.0	0.0	0.0	0.0	0.0	0.0	0.0	0.0	0.0	0.0	0.3333333	0.0	0.0	0.0	0.0	0.0015	0.28125	0.125	0.0769231	
Roitelet à triple bandeau	0.0	0.25	0.0	0.0	0.0	0.0	0.3333333	0.0	0.0	0.0	0.0	0.1	0.1	0.25	0.1071429	0.0357143	0.25	0.0	0.05	0.15	0.047619	0.0833333	0.0714286	0.2142857	0.0	0.0	0.0625	0.0	0.0	0.0833333	0.0344828	0.0	0.0	0.0	0.0	0.0015	0.1666667	0.0	0.0	0.3333333	0.125	0.0	0.0	0.0	0.0	0.21875	0.125	0.0384615	
Tichodrome échelette	0.0	0.0	0.0	0.0	0.0	0.0	0.0	0.0	0.0	0.0	0.0	0.0	0.0	0.0	0.0	0.0	0.0	0.0	0.0	0.0	0.0	0.0	0.0	0.0	0.0	0.0	0.0	0.0	0.0	0.0	0.0	0.0	0.0	0.0	0.0	0.0	0.0	0.0	0.0769231	0.0	0.0	0.0	0.0	0.0	0.0	0.0	0.0	0.0	
Sittelle torchepot	0.0	0.0	0.4	0.2	0.2	0.0	0.6666667	0.4285714	0.0	0.0	0.0714286	0.0	0.2	0.0	0.0714286	0.0357143	0.0	0.1428571	0.0	0.15	0.0	0.125	0.2142857	0.2142857	0.1428571	0.2222222	0.0	0.09375	0.0	0.0	0.137931	0.047619	0.2	0.0	0.0	0.0	0.1	0.0	0.0769231	0.3333333	0.375	0.25	0.0	0.0	0.0015	0.15625	0.375	0.3846154	
Grimpereau des bois	0.0	0.0	0.0	0.0	0.0	0.0	0.0	0.0	0.0	0.0	0.0	0.0	0.0	0.0	0.0	0.0	0.0	0.0	0.0	0.0	0.0	0.0416667	0.0	0.0	0.0	0.0	0.0	0.0	0.0	0.0	0.0344828	0.0	0.0	0.0	0.0	0.0	0.0	0.0	0.0	0.0	0.0	0.0	0.0	0.0	0.0	0.0	0.0	0.0	
Grimpereau des jardins	0.0	0.0	0.0	0.0	0.0	0.125	0.3333333	0.2857143	0.0	0.0	0.2142857	0.1	0.2	0.5	0.2142857	0.1428571	0.5	0.2142857	0.15	0.15	0.0952381	0.125	0.2142857	0.0714286	0.1428571	0.1111111	0.0625	0.1875	0.2307692	0.0833333	0.3448276	0.1428571	0.0	0.0	0.0	0.0015	0.0666667	0.0	0.0769231	0.3333333	0.25	0.5	0.0	0.0	0.0	0.09375	0.5	0.3461538	
Grimpereau des bois ou G. des jardins	0.0	0.0	0.0	0.0	0.2	0.0	0.0	0.0	0.0	0.0	0.0	0.0	0.0	0.0	0.0	0.0	0.0	0.0	0.0	0.0	0.0	0.0	0.1428571	0.0	0.0	0.0	0.0	0.0	0.0	0.0	0.0	0.0	0.0	0.0	0.0	0.0	0.0	0.0	0.0	0.0	0.0	0.0	0.0	0.0	0.0	0.0	0.0	0.0384615	
Troglodyte mignon	0.0	0.25	0.0	0.0	0.2	0.25	0.0	0.4285714	0.0	0.0	0.2142857	0.4	0.3	0.5	0.25	0.1071429	0.25	0.1428571	0.0	0.2	0.0952381	0.4583333	0.6428571	0.2142857	0.2857143	0.0	0.0	0.09375	0.2307692	0.0	0.0689655	0.047619	0.0	0.0	0.1	0.0	0.0666667	0.0	0.0769231	0.6666667	0.25	0.0	0.0	0.2	0.0015	0.375	0.125	0.3076923	
Cincle plongeur	0.0	0.0	0.0	0.0	0.0	0.0	0.0	0.0	0.0	0.0	0.0	0.0	0.0	0.0015	0.0	0.0	0.0	0.0	0.0	0.0	0.0	0.0416667	0.0	0.0	0.0	0.0	0.0	0.0	0.0	0.0	0.0344828	0.0	0.0	0.0	0.0	0.0	0.0	0.0	0.0	0.0	0.125	0.0	0.0	0.0	0.0	0.0	0.0	0.0384615	
Étourneau sansonnet	0.5	0.5	0.2	0.4	0.8	0.25	0.6666667	0.4285714	0.5	0.5	0.1428571	0.1	0.3	0.0	0.0714286	0.0714286	0.25	0.2142857	0.05	0.05	0.047619	0.1666667	0.2142857	0.2857143	0.1428571	0.1111111	0.0625	0.0625	0.2307692	0.1666667	0.0344828	0.1428571	0.2	0.6666667	0.1	0.6	0.1333333	0.0	0.1538462	0.3333333	0.0	0.0	0.0	0.2	0.6666667	0.34375	0.375	0.1923077	
Grive draine	0.0	0.25	0.4	0.0	0.4	0.0	0.0	0.1428571	0.0015	0.0	0.0015	0.1	0.0	0.0	0.0	0.0015	0.0	0.0	0.0	0.05	0.047619	0.0833333	0.3571429	0.0714286	0.1428571	0.1111111	0.0625	0.15625	0.0	0.0	0.0344828	0.0	0.0	0.0	0.0	0.0	0.0	0.0	0.0	0.6666667	0.0	0.0	0.0	0.0015	0.0	0.0	0.0	0.2307692	
Grive musicienne	0.0	0.0	0.2	0.2	0.4	0.375	0.0	0.1428571	0.0	0.0	0.0714286	0.1	0.3	0.0015	0.0	0.0	0.0	0.1428571	0.0	0.05	0.0952381	0.0416667	0.0714286	0.0714286	0.0	0.1111111	0.0	0.0	0.0769231	0.0	0.0344828	0.0	0.0	0.0	0.0	0.0	0.0	0.0	0.0769231	0.6666667	0.0	0.0	0.0	0.0	0.0	0.125	0.125	0.5	
Grive mauvis	0.0	0.0	0.2	0.0	0.2	0.0	0.0	0.0	0.0	0.0	0.0	0.0	0.0	0.0	0.0	0.0	0.0	0.0	0.0	0.0	0.0	0.0	0.0	0.0	0.0	0.0	0.0	0.0	0.0	0.0	0.0	0.0	0.0	0.0	0.0	0.0	0.0	0.0	0.0	0.3333333	0.0	0.25	0.0	0.0	0.0	0.03125	0.0	0.1538462	
Merle noir	0.125	0.0015	0.8	0.2	0.4	0.625	0.6666667	0.5714286	0.5	0.5	0.4285714	0.5	0.6	0.5	0.5	0.3928571	0.5	0.5	0.35	0.3	0.4761905	0.7916667	0.7857143	0.7142857	0.1428571	0.4444444	0.125	0.3125	0.1538462	0.25	0.137931	0.0952381	0.0	0.6666667	0.0	0.0015	0.2333333	0.0	0.0769231	1.0	0.625	0.5	0.0	0.0	0.3333333	0.625	0.75	0.8076923	
Grive litorne	0.0	0.0	0.2	0.0	0.2	0.0	0.0	0.0	0.0	0.0	0.0	0.0	0.0	0.0	0.0	0.0	0.0	0.0	0.0	0.0	0.0	0.0	0.0	0.0	0.0	0.0	0.0	0.0	0.0	0.0	0.0	0.0	0.0	0.0	0.0	0.0	0.0	0.0	0.0	0.3333333	0.0	0.0	0.0	0.0	0.0	0.0	0.0	0.1153846	
Gobemouche gris	0.0	0.0	0.0	0.0	0.0	0.0	0.0	0.0	0.0	0.0	0.0	0.0	0.0	0.0	0.0	0.0	0.0	0.0	0.0	0.05	0.0	0.0	0.0	0.0	0.0	0.0	0.0	0.0	0.0	0.0	0.0344828	0.047619	0.0	0.0	0.0	0.0	0.0	0.0	0.0769231	0.0	0.0	0.0	0.0	0.0	0.0	0.0	0.0	0.0	
Rougegorge familier	0.125	1.0	1.0	0.6	0.8	0.875	0.6666667	0.7142857	0.75	0.5	0.2142857	0.5	0.3	0.375	0.25	0.1428571	0.0	0.2142857	0.05	0.25	0.2857143	0.3333333	0.5	0.3571429	0.2857143	0.3333333	0.0	0.21875	0.1538462	0.1666667	0.2068966	0.1428571	0.0	0.3333333	0.0	0.2	0.2333333	0.0	0.5384615	1.0	0.75	0.75	1.0	0.8	0.6666667	0.8125	1.0	0.8461538	
Rossignol philomèle	0.0	0.0	0.0	0.0	0.0	0.0	0.0	0.0	0.0	0.0	0.0714286	0.0	0.0	0.5	0.4642857	0.1785714	0.75	0.2857143	0.05	0.15	0.1904762	0.25	0.3571429	0.3571429	0.1428571	0.0	0.0	0.09375	0.1538462	0.0	0.137931	0.0	0.0	0.0	0.0	0.1	0.0	0.0	0.0	0.0	0.0	0.0	0.0	0.0	0.0	0.0	0.0	0.0	
Gobemouche noir	0.0	0.0	0.0	0.0	0.0	0.0	0.0	0.0	0.0	0.0	0.0	0.0	0.0	0.0	0.0	0.0	0.0	0.0	0.0	0.0	0.0	0.0	0.0	0.0	0.0	0.0	0.0	0.0	0.0	0.0	0.0344828	0.0	0.0	0.0	0.0	0.0	0.0	0.0	0.0	0.0	0.0	0.0	0.0	0.0	0.0	0.0	0.0	0.0	
Gobemouche à collier	0.0	0.0	0.0	0.0	0.0	0.0	0.0	0.0	0.0	0.0	0.0	0.0	0.0	0.0	0.0357143	0.0	0.0	0.0714286	0.05	0.0	0.0	0.0416667	0.0	0.0	0.0	0.0	0.0	0.0	0.0	0.0	0.0	0.0	0.0	0.0	0.0	0.0	0.0	0.0	0.0	0.0	0.0	0.0	0.0	0.0	0.0	0.0	0.0	0.0	
Ficedula sp.	0.0	0.0	0.0	0.0	0.0	0.0	0.0	0.0	0.0	0.0	0.0	0.0	0.0	0.0	0.0357143	0.0	0.0	0.0	0.0	0.0	0.0	0.0	0.0	0.0	0.0	0.0	0.0	0.0	0.0	0.0	0.0	0.0	0.0	0.0	0.0	0.0	0.0	0.0	0.0	0.0	0.0	0.0	0.0	0.0	0.0	0.0	0.0	0.0	
Rougequeue à front blanc	0.0	0.0	0.0	0.0	0.0	0.0	0.0	0.0	0.0	0.0	0.0	0.0	0.2	0.25	0.25	0.25	0.0	0.1428571	0.15	0.3	0.2380952	0.5	0.5714286	0.5	0.1428571	0.0	0.0625	0.15625	0.0769231	0.0833333	0.0	0.1428571	0.0	0.0	0.0	0.0	0.0333333	0.0	0.0769231	0.0	0.0	0.0	0.0	0.0	0.0	0.0	0.0	0.0	
Rougequeue noir	0.125	0.5	0.6	0.4	0.6	0.25	1.0	0.1428571	0.5	0.0	0.2142857	0.1	0.2	0.0015	0.0	0.0	0.0	0.1428571	0.05	0.0	0.0	0.0833333	0.0714286	0.0	0.1428571	0.1111111	0.0015	0.03125	0.0769231	0.0	0.0344828	0.0	0.0	0.0	0.0	0.0	0.0	0.0	0.0	0.3333333	0.5	0.25	1.0	0.6	1.0	0.5	0.5	0.5384615	
Monticole de roche	0.0	0.0	0.0	0.0	0.0	0.0	0.0	0.0	0.0	0.0	0.0	0.0	0.0	0.0	0.0015	0.0	0.0	0.0	0.0	0.0	0.0	0.0	0.0	0.0	0.0	0.0	0.0	0.03125	0.0	0.0	0.0	0.0	0.0	0.0	0.0	0.0	0.0	0.0	0.0	0.0	0.0	0.0	0.0	0.0	0.0	0.0	0.0	0.0	
Monticole bleu	0.0	0.0	0.0	0.0	0.0	0.0	0.0	0.0	0.0	0.0	0.0	0.0	0.0	0.0	0.0	0.0	0.0	0.0	0.0	0.0	0.0	0.0	0.0714286	0.0	0.0	0.0	0.0	0.0	0.0	0.0	0.0	0.0	0.0	0.0	0.0	0.0	0.0	0.0	0.0	0.0	0.0	0.0	0.0	0.0	0.0	0.0	0.0015	0.0	
Tarier des prés	0.0	0.0	0.0	0.0	0.0	0.0	0.0	0.0	0.0	0.0	0.0	0.0	0.0	0.125	0.1428571	0.0357143	0.25	0.0	0.0	0.0	0.0	0.0	0.0	0.0	0.0	0.0	0.0	0.0	0.0	0.0	0.0	0.0	0.0015	0.0	0.0	0.0015	0.0333333	0.0	0.0	0.0	0.0	0.0	0.0	0.0	0.0	0.0	0.0	0.0	
Tarier pâtre	0.125	0.25	0.2	0.2	0.2	0.125	0.0	0.0	0.25	0.0	0.0714286	0.0	0.4	0.0015	0.0714286	0.0357143	0.0	0.2857143	0.1	0.05	0.047619	0.125	0.2142857	0.1428571	0.1428571	0.0	0.0	0.09375	0.0	0.0	0.0344828	0.0	0.0015	0.0	0.0	0.0015	0.0015	0.0	0.0	0.3333333	0.0	0.0015	1.0	0.2	0.3333333	0.03125	0.0	0.0384615	
Tarier pâtre ou T. de Sibérie	0.0	0.0	0.0	0.0	0.0	0.125	0.0	0.0	0.0	0.0	0.0	0.0	0.0	0.0	0.0	0.0	0.0	0.0	0.0	0.0	0.0	0.0	0.0	0.0	0.0	0.0	0.0	0.0	0.0	0.0	0.0	0.0	0.0	0.0	0.0	0.0	0.0	0.0	0.0	0.0	0.0	0.0	0.0	0.0	0.0	0.0	0.0	0.0	
Traquet motteux	0.0	0.0	0.0	0.0	0.0	0.0	0.0	0.0	0.0	0.0	0.0	0.0	0.3	0.0015	0.0	0.0015	0.0	0.0	0.1	0.0	0.0	0.0833333	0.1428571	0.0	0.2857143	0.1111111	0.125	0.03125	0.0	0.0	0.0	0.0	0.0015	0.0	0.1	0.0	0.0333333	0.0	0.0	0.0	0.0	0.0	0.0	0.0	0.0	0.0	0.0	0.0	
Traquet noir et blanc	0.0	0.0	0.0	0.0	0.0	0.0	0.0	0.0	0.0	0.0	0.0	0.0	0.1	0.0	0.0	0.0	0.0	0.0	0.0	0.0	0.0	0.0	0.0	0.0	0.0	0.0	0.0	0.0	0.0	0.0	0.0	0.0	0.0	0.0	0.0	0.0	0.0	0.0	0.0	0.0	0.0	0.0	0.0	0.0	0.0	0.0	0.0	0.0	
Traquet oreillard ou T. noir et blanc	0.0	0.0	0.0	0.0	0.0	0.0	0.0	0.0	0.0	0.0	0.0	0.0	0.0	0.0015	0.0	0.0	0.0	0.0	0.0	0.0	0.0	0.0	0.0	0.0	0.0	0.0	0.0	0.0	0.0	0.0	0.0	0.0	0.0	0.0	0.0	0.0	0.0	0.0	0.0	0.0	0.0	0.0	0.0	0.0	0.0	0.0	0.0	0.0	
Accenteur alpin	0.0	0.0	0.0	0.0	0.0	0.0	0.0	0.0	0.0	0.0	0.0	0.0	0.0	0.0	0.0	0.0	0.0	0.0	0.0	0.0	0.0	0.0	0.0	0.0	0.0	0.0	0.0	0.0	0.0	0.0	0.0	0.0	0.0	0.0	0.0	0.0	0.0	0.0	0.0	0.0	0.125	0.0	0.0	0.0	0.0	0.0	0.0	0.0	
Accenteur mouchet	0.25	0.0	0.6	0.6	0.4	0.125	0.0	0.0	0.0	0.0	0.0	0.0	0.0	0.0	0.0	0.0	0.0	0.0	0.0	0.0	0.0	0.0	0.0	0.0	0.0	0.0	0.0	0.0	0.0	0.0	0.0	0.0	0.0	0.0	0.0	0.0	0.0	0.0	0.0	0.0015	0.0	0.5	0.0	0.0	0.3333333	0.28125	0.375	0.2307692	
Moineau cisalpin	0.375	0.5	0.2	0.4	0.6	0.125	0.3333333	0.4285714	1.0	0.5	0.4285714	0.5	0.4	0.25	0.25	0.4642857	0.0015	0.3571429	0.4	0.45	0.1904762	0.4583333	0.6428571	0.5	0.4285714	0.4444444	0.125	0.40625	0.6153846	0.4166667	0.3448276	0.3333333	0.2	0.3333333	0.1	0.1	0.2333333	0.0015	0.3846154	0.3333333	0.25	0.0	1.0	0.2	0.6666667	0.5	0.5	0.2692308	
Moineau espagnol	0.0	0.0	0.0	0.0	0.0	0.0	0.0	0.0	0.0	0.0	0.0	0.0	0.0	0.0	0.0	0.0	0.0	0.0	0.05	0.0	0.0	0.0	0.0	0.0714286	0.0	0.0	0.0	0.03125	0.0769231	0.0	0.0	0.0	0.0	0.0	0.0	0.0	0.0	0.0	0.0	0.0	0.0	0.0	0.0	0.0	0.0	0.0	0.0	0.0	
Moineau cisalpin ou M. espagnol	0.0	0.0	0.0	0.0	0.0	0.0	0.0	0.0	0.0	0.0	0.0	0.0	0.0	0.0	0.0	0.0714286	0.0	0.0714286	0.0	0.0	0.0	0.0	0.0714286	0.0	0.0	0.0	0.0	0.0	0.0	0.0	0.0	0.0	0.0	0.0	0.0	0.0	0.0	0.0	0.0	0.0	0.0	0.0	0.0	0.0	0.3333333	0.0	0.0	0.0	
Moineau friquet	0.0	0.0	0.2	0.0	0.0	0.0	0.0	0.0	0.0	0.0	0.0714286	0.0	0.1	0.25	0.0714286	0.1071429	0.25	0.1428571	0.1	0.05	0.0	0.0	0.0	0.2142857	0.0	0.0	0.0	0.0625	0.2307692	0.0	0.0344828	0.0952381	0.2	0.3333333	0.1	0.2	0.0666667	0.0	0.0769231	0.0015	0.125	0.0	0.0	0.0	0.0	0.09375	0.125	0.0384615	
Moineau soulcie	0.0	0.0	0.0	0.0	0.0	0.0	0.0	0.0	0.0	0.0	0.0	0.0	0.0	0.0	0.0015	0.0	0.25	0.0	0.0	0.0	0.047619	0.0416667	0.0	0.0	0.0	0.0	0.0	0.03125	0.0	0.0	0.0	0.0	0.0	0.0	0.0	0.0	0.0	0.0	0.0	0.0	0.0	0.0	0.0	0.0	0.0	0.0	0.0	0.0	
Niverolle alpine	0.0	0.0	0.0	0.0	0.0	0.0	0.0	0.0	0.0	0.0	0.0	0.0	0.0	0.0	0.0	0.0	0.0	0.0	0.0	0.0	0.0	0.0	0.0	0.0	0.0	0.0	0.0625	0.0	0.0	0.0	0.0	0.0	0.0	0.0	0.0	0.0	0.0	0.0	0.0	0.0	0.0	0.0	0.0	0.0	0.0	0.0	0.0	0.0	
Bergeronnette des ruisseaux	0.5	0.0	0.6	0.0	0.2	0.0	0.6666667	0.0	0.0	0.5	0.1428571	0.0	0.3	0.25	0.0357143	0.0	0.25	0.0714286	0.0	0.0	0.047619	0.1666667	0.2142857	0.2142857	0.0	0.0	0.0	0.125	0.1538462	0.3333333	0.137931	0.0952381	0.0	0.0	0.0	0.1	0.1	0.0	0.3076923	0.3333333	0.25	0.25	0.0	0.2	0.6666667	0.1875	0.25	0.3076923	
Bergeronnette printanière	0.0	0.0	0.0	0.0	0.0	0.0	0.0	0.0	0.0	0.0	0.0	0.0	0.2	0.375	0.0	0.0357143	0.0	0.0	0.0	0.0	0.0	0.0	0.0	0.0	0.0	0.0	0.0	0.0	0.1538462	0.0	0.0	0.0	0.0	0.0	0.0	0.0	0.0	0.0	0.0	0.0	0.0	0.0	0.0	0.0	0.0	0.0	0.0	0.0	
Bergeronnette grise	0.625	0.25	0.4	0.0	0.8	0.25	1.0	0.2857143	0.25	0.0	0.2857143	0.0	0.4	0.25	0.1071429	0.1428571	0.0	0.1428571	0.3	0.15	0.2380952	0.2916667	0.2857143	0.3571429	0.0	0.0	0.1875	0.25	0.1538462	0.1666667	0.2068966	0.047619	0.0	0.6666667	0.0	0.1	0.1333333	0.0	0.3846154	0.6666667	0.25	0.5	1.0	0.4	0.3333333	0.1875	0.375	0.5384615	
Pipit rousseline	0.0	0.0	0.0	0.0	0.0	0.0	0.0	0.0	0.0	0.0	0.0	0.0	0.0	0.0	0.0	0.0	0.0	0.0	0.0	0.0	0.0	0.0	0.0714286	0.0	0.2857143	0.1111111	0.0625	0.0	0.0	0.0	0.0	0.0	0.0	0.0	0.2	0.0	0.0	0.0	0.0	0.0	0.0	0.0	0.0	0.0	0.0	0.0	0.0	0.0	
Pipit farlouse	0.25	0.0	0.4	0.0	1.0	0.0	0.3333333	0.0	0.0	0.0	0.0714286	0.0	0.1	0.125	0.0	0.0	0.0	0.0	0.0	0.0	0.0	0.0	0.0	0.0	0.0	0.0	0.0	0.0	0.0	0.0	0.0	0.0	0.0	0.0	0.1	0.0	0.0	0.0	0.0769231	0.6666667	0.0	0.0	0.0	0.2	0.3333333	0.15625	0.125	0.1923077	
Pipit des arbres	0.0	0.0	0.0	0.0	0.0	0.0	0.0	0.0	0.0	0.0	0.0	0.0	0.0	0.125	0.0714286	0.0	0.0	0.1428571	0.05	0.0	0.047619	0.0833333	0.0	0.0	0.1428571	0.2222222	0.0	0.03125	0.0	0.0	0.0	0.0	0.0015	0.0	0.1	0.0	0.0	0.0	0.0	0.0	0.0	0.0	0.0	0.0	0.0	0.0	0.0	0.0	
Pipit à gorge rousse	0.0	0.0	0.0	0.0	0.0	0.0	0.0	0.0	0.0	0.0	0.0	0.0	0.0	0.0	0.0	0.0	0.0	0.0	0.0	0.0	0.0	0.0	0.0	0.0	0.0	0.0	0.0	0.0	0.0	0.0	0.0	0.0	0.0	0.0	0.0	0.0	0.0	0.0	0.0769231	0.0	0.0	0.0	0.0	0.0	0.0	0.0	0.0	0.0	
Pipit spioncelle	0.0015	0.0	0.2	0.0	0.2	0.0	0.0	0.0	0.0	0.0	0.0015	0.0	0.1	0.125	0.0	0.0	0.0	0.0	0.0	0.0	0.0	0.0416667	0.0714286	0.0	0.1428571	0.1111111	0.0625	0.03125	0.0	0.0	0.0	0.0	0.0	0.0	0.0	0.0	0.0	0.0	0.0	0.3333333	0.125	0.0	0.0	0.0	0.0	0.0	0.0	0.1538462	
Pinson des arbres	0.375	0.25	0.6	0.6	0.8	0.375	0.3333333	0.4285714	0.75	0.0015	0.1428571	0.3	0.2	0.0015	0.1785714	0.2142857	0.0	0.3571429	0.25	0.2	0.3809524	0.25	0.5714286	0.5	0.2857143	0.1111111	0.0625	0.15625	0.3076923	0.0	0.3448276	0.047619	0.2	0.0	0.0	0.0015	0.1333333	0.0	0.1538462	0.6666667	0.375	0.5	0.0	0.6	0.3333333	0.625	0.875	0.8461538	
Pinson du Nord	0.0	0.0	0.0	0.0	0.2	0.0	0.0	0.0	0.0	0.0	0.0	0.0	0.0	0.0	0.0	0.0	0.0	0.0	0.0	0.0	0.0	0.0	0.0	0.0	0.0	0.0	0.0	0.0	0.0	0.0	0.0	0.0	0.0	0.0	0.0	0.0	0.0	0.0	0.0	0.3333333	0.0	0.0	0.0	0.0	0.0	0.0	0.0	0.0769231	
Grosbec casse-noyaux	0.0	0.25	0.2	0.0	0.2	0.25	0.0	0.0	0.0	0.0	0.0	0.0	0.0	0.0	0.0	0.0	0.0	0.0	0.0	0.0	0.0	0.0	0.0	0.0	0.0	0.0	0.0	0.0	0.0	0.0	0.0344828	0.0	0.0	0.0	0.0	0.0	0.0333333	0.0	0.0769231	0.3333333	0.0	0.0015	0.0	0.0	0.0	0.03125	0.0	0.3076923	
Bouvreuil pivoine	0.0	0.0	0.0	0.0	0.0	0.0	0.0	0.0	0.0	0.0015	0.0	0.0	0.0	0.0	0.0	0.0	0.0	0.0714286	0.0	0.0	0.0	0.0	0.0	0.0	0.0	0.1111111	0.0625	0.03125	0.0	0.0	0.0	0.0	0.0	0.0	0.0	0.0	0.0	0.0	0.0	0.0	0.0	0.0	0.0	0.0	0.0	0.0	0.0	0.0	
Verdier d'Europe	0.125	0.0	0.2	0.0	0.0	0.0	0.3333333	0.0	0.0	0.0	0.0	0.1	0.4	0.5	0.1071429	0.2142857	0.25	0.2142857	0.05	0.1	0.1428571	0.2083333	0.1428571	0.2142857	0.0	0.1111111	0.0	0.09375	0.0769231	0.0833333	0.0	0.0	0.0	0.0	0.0	0.1	0.0333333	0.0	0.2307692	0.3333333	0.125	0.0	0.0	0.2	0.0015	0.09375	0.0	0.1153846	
Linotte mélodieuse	0.0	0.0	0.2	0.0	0.0	0.0	0.0	0.0	0.0	0.0	0.0714286	0.0	0.0	0.125	0.0357143	0.0357143	0.0	0.0714286	0.1	0.0	0.0015	0.0416667	0.1428571	0.0714286	0.2857143	0.0	0.0625	0.03125	0.0769231	0.0	0.0689655	0.0	0.0015	0.0	0.1	0.0	0.0666667	0.0	0.0	0.3333333	0.0	0.0	0.0	0.0	0.0	0.125	0.0	0.0769231	
Chardonneret élégant	0.25	0.25	0.6	0.0	0.4	0.25	0.0015	0.4285714	0.5	0.5	0.5	0.4	0.4	0.5	0.3928571	0.4285714	0.25	0.3571429	0.3	0.25	0.3809524	0.5416667	0.6428571	0.4285714	0.4285714	0.4444444	0.3125	0.375	0.3846154	0.0833333	0.1724138	0.0952381	0.2	0.0	0.0015	0.1	0.2	0.0	0.0769231	0.6666667	0.25	0.25	1.0	0.2	0.0	0.21875	0.0	0.2692308	
Serin cini	0.25	0.0	0.2	0.2	0.0	0.125	0.0	0.2857143	0.5	0.0	0.4285714	0.3	0.4	0.25	0.25	0.3571429	0.0	0.3571429	0.2	0.3	0.2380952	0.375	0.5714286	0.7857143	0.2857143	0.3333333	0.0625	0.125	0.0769231	0.0833333	0.0	0.047619	0.0	0.0	0.0	0.0015	0.1666667	0.0	0.1538462	0.0	0.0	0.0	0.0	0.0	0.0	0.0	0.125	0.0384615	
Tarin des aulnes	0.0	0.0	0.2	0.2	0.2	0.125	0.0	0.2857143	0.25	0.0	0.0714286	0.1	0.1	0.0	0.0	0.0	0.0	0.0	0.0	0.0	0.0	0.0	0.0	0.0	0.0	0.0	0.0	0.0	0.0	0.0	0.0	0.0	0.0	0.0	0.0	0.0	0.0333333	0.0	0.0769231	0.0015	0.25	0.0	0.0	0.2	0.0015	0.28125	0.0	0.1538462	
Bruant proyer	0.25	0.0	0.2	0.0	0.0	0.0	0.0	0.1428571	0.0	0.0	0.3571429	0.2	0.4	0.5	0.3214286	0.3571429	0.5	0.1428571	0.15	0.1	0.1428571	0.0833333	0.2857143	0.2857143	0.1428571	0.0	0.0	0.0	0.0769231	0.0	0.1034483	0.0	0.0	0.0	0.0	0.0015	0.0	0.0	0.0769231	0.0	0.0	0.0	0.0	0.0	0.3333333	0.0	0.0	0.0384615	
Bruant fou	0.0	0.0	0.0	0.0	0.2	0.0	0.0	0.0	0.0	0.0	0.0714286	0.0	0.0	0.0015	0.0	0.0	0.0015	0.0	0.0	0.0	0.0	0.0	0.0	0.0	0.0	0.0	0.0	0.0	0.0	0.0	0.0	0.0	0.0	0.0	0.0	0.0	0.0	0.0	0.0	0.0	0.0	0.0	0.0	0.0	0.0	0.0	0.0	0.0384615	
Bruant zizi	0.0	0.0	0.4	0.0	0.0	0.125	0.0	0.2857143	0.0	0.0	0.2142857	0.1	0.5	0.375	0.5	0.1785714	0.25	0.2142857	0.2	0.15	0.047619	0.4583333	0.5	0.3571429	0.4285714	0.1111111	0.0015	0.15625	0.4615385	0.0833333	0.137931	0.047619	0.0015	0.0	0.0	0.0	0.0333333	0.0	0.0769231	0.0	0.25	0.0	0.0	0.0	0.0	0.0625	0.375	0.1153846	
Bruant jaune	0.0	0.0	0.0	0.0	0.0	0.0	0.0	0.0	0.0	0.0	0.0	0.0	0.0	0.0015	0.0	0.0	0.0	0.0	0.0	0.0	0.0	0.0	0.0714286	0.0	0.1428571	0.0	0.0	0.0	0.0	0.0	0.0	0.0	0.0	0.0	0.0	0.0	0.0	0.0	0.0	0.0	0.0	0.0	0.0	0.0	0.0	0.0	0.0	0.0	
Bruant des roseaux	0.125	0.0	0.2	0.0	0.2	0.0	0.3333333	0.0	0.0	0.0	0.0	0.0	0.0	0.0	0.0	0.0	0.0	0.0	0.0	0.0	0.0	0.0	0.0	0.0	0.0	0.0	0.0	0.0	0.0	0.0	0.0	0.0	0.0	0.0	0.0	0.0	0.0	0.0	0.0769231	0.0	0.0	0.0	1.0	0.0	0.0	0.0	0.0	0.0	
passereau sp.	0.0	0.0	0.0	0.0	0.0	0.0	0.0	0.0	0.0	0.0	0.0	0.0	0.0	0.0	0.0	0.0	0.0	0.0	0.0	0.0	0.0	0.0	0.0	0.0	0.0	0.0	0.0	0.0	0.0	0.0	0.0	0.047619	0.0	0.0	0.0	0.0	0.0	0.0	0.0	0.0	0.0	0.0	0.0	0.0	0.0	0.0	0.0	0.0	

