









Frequency of observations in the selected location(s).:
Number of taxa: 	294

	Jan				Feb				Mar				Apr				May				Jun				Jul				Aug				Sep				Oct				Nov				Dec				
Sample Size:	165.0	123.0	221.0	204.0	171.0	169.0	232.0	183.0	158.0	239.0	200.0	377.0	379.0	321.0	395.0	416.0	402.0	530.0	402.0	584.0	452.0	576.0	547.0	695.0	376.0	300.0	311.0	421.0	246.0	200.0	182.0	406.0	179.0	148.0	265.0	342.0	202.0	213.0	178.0	209.0	148.0	134.0	234.0	201.0	149.0	137.0	163.0	90.0	

Oie cendrée	0.0060606	0.0	0.0	0.0	0.0	0.0	0.0	0.0	0.0	0.0	0.005	0.0	0.0	0.0	0.0	0.0	0.0	0.0	0.0	0.0	0.0	0.0	0.0	0.0	0.0	0.0	0.0	0.0	0.0	0.0	0.0	0.0	0.0	0.0	0.0	0.0	0.0	0.0	0.0015	0.0	0.0	0.0	0.0	0.0	0.0	0.0	0.0	0.0	
Bernache nonnette	0.0060606	0.0	0.0	0.0	0.0	0.0	0.0	0.0	0.0	0.0	0.0	0.0	0.0	0.0	0.0	0.0	0.0	0.0	0.0	0.0	0.0	0.0	0.0	0.0	0.0	0.0	0.0	0.0	0.0	0.0	0.0	0.0	0.0	0.0	0.0	0.002924	0.0015	0.0	0.0	0.0	0.0	0.0	0.0	0.0	0.0	0.0	0.0	0.0	
Cygne tuberculé	0.0	0.0	0.0	0.0	0.0	0.0	0.0	0.0	0.0015	0.0	0.0	0.0	0.0	0.0	0.0	0.0	0.0	0.0	0.0	0.0	0.0	0.0	0.0	0.0	0.0	0.0	0.0032154	0.0	0.0	0.0	0.0	0.0	0.0	0.0	0.0	0.0	0.0	0.0	0.0	0.0	0.0	0.0	0.0	0.0	0.0	0.0	0.0	0.0	
Ouette d'Égypte	0.0	0.0	0.0	0.0	0.0	0.0	0.0	0.0054645	0.0	0.0	0.0	0.0	0.0026385	0.0	0.0	0.0	0.0	0.0	0.0	0.0	0.0022124	0.0	0.0	0.0	0.0	0.0	0.0	0.0023753	0.0	0.0	0.0	0.0024631	0.0055866	0.0	0.0015	0.002924	0.0015	0.0	0.005618	0.0	0.0067568	0.0074627	0.0	0.0049751	0.0	0.0072993	0.0	0.0222222	
Canard musqué	0.0181818	0.0	0.0	0.0	0.005848	0.0059172	0.0	0.0054645	0.0	0.0041841	0.0	0.005305	0.0026385	0.0031153	0.0025316	0.0	0.0024876	0.0	0.0	0.0	0.0022124	0.0034722	0.0015	0.0014388	0.0	0.0033333	0.0032154	0.0015	0.0	0.0	0.0	0.0024631	0.0	0.0	0.0037736	0.002924	0.0	0.0093897	0.011236	0.0	0.0135135	0.0015	0.0	0.0199005	0.0	0.0072993	0.0	0.0333333	
Canard carolin	0.0	0.0	0.0	0.0	0.0	0.0	0.0	0.0	0.0	0.0	0.0	0.0	0.0	0.0	0.0	0.0	0.0015	0.0	0.0	0.0017123	0.0	0.0017361	0.0	0.0	0.0	0.0	0.0	0.0023753	0.0	0.0	0.0	0.0	0.0	0.0015	0.0	0.0	0.0	0.0	0.0	0.0	0.0067568	0.0	0.0	0.0	0.0	0.0	0.0	0.0	
Canard mandarin	0.0181818	0.0	0.0	0.004902	0.0	0.0059172	0.0	0.010929	0.0	0.0041841	0.0	0.0	0.0	0.0	0.0	0.0	0.0	0.0037736	0.0	0.0034247	0.0	0.0017361	0.0015	0.0	0.0026596	0.0	0.0	0.0	0.0081301	0.0	0.0054945	0.0	0.0055866	0.0015	0.0037736	0.0	0.0	0.0046948	0.0	0.0047847	0.0067568	0.0015	0.0	0.0049751	0.0	0.0015	0.0015	0.0	
Sarcelle d'été	0.0	0.0	0.0	0.0	0.0	0.0	0.0	0.0	0.0	0.0	0.0	0.0	0.0026385	0.0	0.0	0.0	0.0	0.0	0.0	0.0	0.0	0.0	0.0	0.0	0.0	0.0	0.0	0.0	0.0	0.0	0.0	0.0	0.0	0.0	0.0	0.0	0.0	0.0	0.0	0.0	0.0	0.0	0.0	0.0	0.0	0.0	0.0	0.0	
Canard souchet	0.0060606	0.0	0.0	0.0	0.0	0.0	0.0	0.0	0.0	0.0041841	0.005	0.0	0.0	0.0	0.0	0.0	0.0	0.0	0.0	0.0	0.0	0.0	0.0	0.0	0.0	0.0	0.0	0.0	0.0	0.0	0.0	0.0015	0.0167598	0.0202703	0.0075472	0.005848	0.0346535	0.0093897	0.0	0.0047847	0.0	0.0074627	0.0	0.0099502	0.0067114	0.0015	0.006135	0.0	
Canard chipeau	0.0	0.0	0.0	0.0	0.0	0.0	0.0043103	0.0	0.0	0.0	0.0	0.0	0.0	0.0	0.0	0.0	0.0	0.0	0.0	0.0	0.0	0.0	0.0	0.0	0.0	0.0	0.0	0.0	0.0	0.0	0.0	0.0	0.0	0.0	0.0	0.0	0.0	0.0	0.0	0.0	0.0	0.0	0.0	0.0149254	0.0	0.0	0.0	0.0	
Canard siffleur	0.0	0.0	0.0045249	0.0	0.0015	0.0	0.0	0.0	0.0	0.0	0.0	0.0	0.0	0.0031153	0.0	0.0	0.0	0.0	0.0	0.0	0.0	0.0	0.0	0.0014388	0.0	0.0	0.0	0.0	0.0	0.0	0.0	0.0	0.0	0.0	0.0	0.0	0.029703	0.0046948	0.0	0.0	0.0	0.0	0.0	0.0099502	0.0067114	0.0	0.0	0.0	
Canard colvert	0.0787879	0.0650407	0.1131222	0.1127451	0.0935673	0.0650888	0.0431034	0.1038251	0.1455696	0.1046025	0.065	0.0822281	0.0765172	0.1214953	0.0607595	0.0913462	0.0547264	0.0358491	0.0671642	0.0582192	0.0309735	0.0607639	0.0548446	0.0345324	0.0425532	0.04	0.0514469	0.0926366	0.1300813	0.13	0.0989011	0.0788177	0.1564246	0.1824324	0.1320755	0.1052632	0.1089109	0.1314554	0.1573034	0.062201	0.1216216	0.1044776	0.0726496	0.119403	0.0738255	0.0948905	0.0490798	0.1111111	
Hybride Canard musqué x C. colvert	0.0	0.0	0.0361991	0.004902	0.0	0.0	0.0	0.0	0.0	0.0	0.0	0.0	0.0	0.0	0.0	0.0	0.0	0.0	0.0	0.0	0.0	0.0	0.0	0.0	0.0	0.0	0.0	0.0	0.0	0.0	0.0	0.0	0.0	0.0	0.0015	0.002924	0.0015	0.0	0.0015	0.0	0.0	0.0	0.0	0.0099502	0.0	0.0	0.0	0.0	
Canard pilet	0.0	0.0	0.0	0.0	0.0	0.0	0.0	0.0	0.0	0.0	0.0	0.0026525	0.0	0.0	0.0	0.0	0.0	0.0	0.0	0.0	0.0	0.0	0.0	0.0	0.0	0.0	0.0	0.0	0.0	0.0	0.0	0.0	0.0	0.0067568	0.0037736	0.002924	0.0	0.0046948	0.005618	0.0	0.0	0.0149254	0.0	0.0	0.0	0.0	0.0	0.0	
Sarcelle d'hiver	0.0060606	0.0	0.0180995	0.004902	0.0116959	0.0	0.0086207	0.0054645	0.0189873	0.0015	0.0	0.0	0.0026385	0.0031153	0.0025316	0.0048077	0.0049751	0.0	0.0	0.0	0.0	0.0	0.0	0.0	0.0026596	0.0	0.0	0.0	0.004065	0.0	0.0	0.0172414	0.0391061	0.0405405	0.0226415	0.0292398	0.019802	0.0234742	0.0224719	0.0191388	0.027027	0.0223881	0.0128205	0.0248756	0.0201342	0.0145985	0.0122699	0.0111111	
anatidé sp. (canard barboteur sp.)	0.0	0.0	0.0	0.0	0.0	0.0	0.0043103	0.0	0.0063291	0.0	0.0	0.0	0.0	0.0031153	0.0015	0.0	0.0	0.0	0.0	0.0	0.0	0.0	0.0	0.0	0.0	0.0	0.0	0.0	0.0	0.0	0.0	0.0	0.0	0.0	0.0	0.0	0.0049505	0.0	0.0	0.0	0.0	0.0	0.0042735	0.0	0.0	0.0	0.0	0.0	
Fuligule milouin	0.0	0.0	0.0	0.0	0.0	0.0	0.0	0.0	0.0	0.0	0.0	0.0	0.0	0.0	0.0	0.0	0.0	0.0	0.0024876	0.0034247	0.0	0.0	0.0	0.0	0.0	0.0	0.0	0.0	0.0	0.0	0.0	0.0	0.0	0.0	0.0	0.0	0.0	0.0	0.0	0.0	0.0	0.0	0.0	0.0	0.0	0.0	0.0	0.0	
Fuligule morillon	0.0	0.0	0.0045249	0.0	0.0	0.0	0.0	0.0	0.0	0.0	0.0	0.0	0.0	0.0	0.0	0.0	0.0	0.0	0.0	0.0	0.0	0.0	0.0	0.0	0.0	0.0	0.0	0.0	0.0	0.0	0.0	0.0	0.0	0.0	0.0	0.0	0.0	0.0	0.0	0.0	0.0	0.0223881	0.0	0.0049751	0.0	0.0	0.0	0.0	
anatidé sp. (canard sp.)	0.0	0.0	0.0	0.0	0.0	0.0	0.0	0.0	0.0	0.0	0.0	0.0	0.0	0.0	0.0	0.0	0.0	0.0	0.0	0.0	0.0	0.0	0.0	0.0	0.0	0.0	0.0	0.0	0.0	0.0	0.0	0.0	0.0	0.0	0.0037736	0.0	0.0	0.0	0.0	0.0	0.0	0.0015	0.0	0.0	0.0	0.0	0.0	0.0	
sauvagine sp.	0.0	0.0	0.0	0.0	0.0	0.0	0.0	0.0	0.0	0.0	0.0	0.0	0.0	0.0	0.0	0.0	0.0	0.0018868	0.0	0.0017123	0.0	0.0	0.0018282	0.0	0.0026596	0.0	0.0	0.0	0.0	0.0	0.0	0.0	0.0	0.0	0.0	0.0	0.0	0.0	0.0	0.0	0.0	0.0	0.0	0.0	0.0	0.0	0.0	0.0111111	
Paon bleu	0.0	0.0	0.0	0.0	0.0	0.0	0.0	0.0	0.0	0.0	0.0	0.0	0.0	0.0	0.0	0.0	0.0	0.0018868	0.0	0.0	0.0	0.0	0.0	0.0	0.0	0.0	0.0	0.0	0.0	0.0	0.0	0.0	0.0	0.0	0.0	0.0	0.0	0.0	0.0	0.0	0.0	0.0	0.0042735	0.0	0.0	0.0	0.0	0.0	
Caille des blés	0.0	0.0	0.0	0.0	0.0	0.0	0.0	0.0054645	0.0063291	0.0	0.0	0.0	0.0	0.0186916	0.0075949	0.0192308	0.0149254	0.0207547	0.0323383	0.0308219	0.0752212	0.1597222	0.1773309	0.1266187	0.0771277	0.0666667	0.0482315	0.0356295	0.0203252	0.015	0.0274725	0.0049261	0.0111732	0.027027	0.0113208	0.0	0.0049505	0.0046948	0.0	0.0015	0.0067568	0.0074627	0.0	0.0	0.0	0.0	0.0	0.0	
Perdrix rouge	0.0015	0.0081301	0.0180995	0.0147059	0.0233918	0.0177515	0.012931	0.0382514	0.0253165	0.0334728	0.035	0.0265252	0.0237467	0.0280374	0.0227848	0.0360577	0.0522388	0.0471698	0.0671642	0.0428082	0.0619469	0.0798611	0.0457038	0.0431655	0.0398936	0.0233333	0.0546624	0.04038	0.0569106	0.03	0.0274725	0.0394089	0.0391061	0.027027	0.0377358	0.0321637	0.029703	0.0422535	0.0015	0.0239234	0.0135135	0.0298507	0.017094	0.0149254	0.0268456	0.0072993	0.0122699	0.0333333	
Pigeon biset	0.1333333	0.1707317	0.1402715	0.1372549	0.2397661	0.1242604	0.0862069	0.1147541	0.2151899	0.1422594	0.11	0.1564987	0.1319261	0.1121495	0.0658228	0.1057692	0.0945274	0.0584906	0.0621891	0.0650685	0.0862832	0.0572917	0.0438757	0.0402878	0.0478723	0.03	0.0482315	0.0617577	0.0853659	0.085	0.0769231	0.0344828	0.1117318	0.0810811	0.0754717	0.0877193	0.1138614	0.0938967	0.1404494	0.15311	0.1824324	0.1268657	0.0811966	0.0895522	0.0469799	0.0948905	0.0736196	0.1	
Pigeon colombin	0.0060606	0.0081301	0.0	0.0	0.0	0.0	0.0	0.0	0.0	0.0	0.0	0.0026525	0.0	0.0	0.0050633	0.0	0.0	0.0018868	0.0049751	0.0017123	0.0088496	0.015625	0.0018282	0.0057554	0.0053191	0.01	0.0064309	0.0047506	0.0121951	0.0	0.010989	0.0098522	0.0	0.0067568	0.0113208	0.0116959	0.0015	0.0046948	0.005618	0.0095694	0.0	0.0	0.0	0.0	0.0	0.0	0.0	0.0	
Pigeon ramier	0.0848485	0.1463415	0.1085973	0.1813725	0.1520468	0.0887574	0.1293103	0.1311475	0.1772152	0.1715481	0.21	0.198939	0.176781	0.2087227	0.1898734	0.2115385	0.199005	0.154717	0.1791045	0.2054795	0.2699115	0.2239583	0.1864717	0.228777	0.2021277	0.21	0.2250804	0.2826603	0.3130081	0.3	0.2692308	0.2118227	0.2402235	0.2364865	0.1962264	0.1812865	0.1188119	0.1549296	0.1797753	0.1578947	0.1216216	0.1716418	0.1068376	0.1343284	0.1073826	0.1240876	0.0736196	0.1333333	
Columba sp.	0.0	0.0	0.0	0.0	0.0	0.0059172	0.0	0.0	0.0	0.0041841	0.0	0.0	0.0	0.0	0.0025316	0.0	0.0	0.0018868	0.0	0.0017123	0.0	0.0	0.0	0.0	0.0	0.0	0.0	0.0	0.004065	0.0	0.0	0.0	0.0	0.0	0.0	0.002924	0.0	0.0046948	0.0	0.0	0.0	0.0	0.0	0.0	0.0	0.0072993	0.006135	0.0	
Tourterelle des bois	0.0	0.0	0.0	0.0	0.0	0.0	0.0	0.0	0.0	0.0	0.0	0.0	0.0026385	0.0015	0.0253165	0.09375	0.1467662	0.1113208	0.1119403	0.1489726	0.2079646	0.1770833	0.1480804	0.1755396	0.1462766	0.1333333	0.1543408	0.1543943	0.1869919	0.155	0.1153846	0.0788177	0.0949721	0.0337838	0.0339623	0.0	0.009901	0.0	0.0	0.0	0.0	0.0	0.0	0.0	0.0	0.0	0.0	0.0	
Tourterelle turque	0.1515152	0.1869919	0.1312217	0.1372549	0.2105263	0.1420118	0.1465517	0.147541	0.1835443	0.1715481	0.145	0.1962865	0.237467	0.1713396	0.1392405	0.2043269	0.1567164	0.1113208	0.0945274	0.1215753	0.1681416	0.1493056	0.1279707	0.0992806	0.1037234	0.1133333	0.14791	0.1567696	0.203252	0.165	0.1373626	0.1182266	0.1564246	0.1216216	0.1358491	0.0906433	0.1534653	0.1220657	0.1179775	0.1435407	0.1418919	0.119403	0.0982906	0.1094527	0.0939597	0.0875912	0.0368098	0.1333333	
columbidé sp.	0.0	0.0	0.0	0.0	0.0	0.0	0.0	0.0	0.0	0.0	0.0	0.0	0.0	0.0	0.0	0.0	0.0	0.0018868	0.0	0.0	0.0	0.0	0.0	0.0	0.0	0.0	0.0	0.0	0.0	0.0	0.0	0.0	0.0	0.0	0.0	0.0	0.0	0.0	0.0	0.0	0.0	0.0	0.0	0.0	0.0	0.0	0.0	0.0	
Grande Outarde	0.0	0.0	0.0	0.0	0.0	0.0	0.0	0.0	0.0	0.0	0.0	0.0	0.0	0.0	0.0	0.0	0.0	0.0	0.0	0.0	0.0	0.0	0.0018282	0.0015	0.0	0.0	0.0	0.0	0.0	0.0	0.0	0.0	0.0	0.0	0.0	0.0	0.0	0.0	0.0	0.0	0.0	0.0	0.0	0.0	0.0	0.0	0.0	0.0	
Coucou geai	0.0	0.0	0.0	0.0	0.0	0.0	0.0	0.0	0.0	0.0	0.0	0.0	0.0	0.0	0.0	0.0048077	0.0	0.0	0.0	0.0	0.0	0.0017361	0.0073126	0.0115108	0.0053191	0.0	0.0	0.0023753	0.0	0.0	0.0	0.0	0.0	0.0	0.0	0.0	0.0	0.0	0.0	0.0	0.0	0.0	0.0	0.0	0.0	0.0	0.0	0.0	
Coucou gris	0.0	0.0	0.0	0.0	0.0	0.0	0.0	0.0	0.0	0.0	0.035	0.1220159	0.2453826	0.3956386	0.3417722	0.3149038	0.4303483	0.3245283	0.3333333	0.369863	0.3606195	0.2951389	0.2212066	0.1064748	0.0531915	0.07	0.0321543	0.0213777	0.0325203	0.005	0.0054945	0.0024631	0.0055866	0.0	0.0	0.0	0.0	0.0	0.0	0.0	0.0	0.0	0.0	0.0	0.0	0.0	0.0	0.0	
Engoulevent à collier roux	0.0	0.0	0.0	0.0	0.0	0.0	0.0	0.0	0.0	0.0	0.0	0.0	0.0	0.0	0.0	0.0	0.0	0.0	0.0	0.0	0.0	0.0	0.0	0.0	0.0	0.0	0.0	0.0	0.0	0.0	0.0	0.0049261	0.0	0.0	0.0	0.0	0.0	0.0	0.0	0.0	0.0	0.0	0.0	0.0	0.0	0.0	0.0	0.0	
Engoulevent d'Europe	0.0	0.0	0.0	0.0015	0.0	0.0	0.0	0.0	0.0	0.0	0.0	0.0026525	0.0	0.0	0.0	0.0	0.0015	0.0018868	0.0422886	0.0342466	0.0154867	0.0590278	0.1206581	0.0618705	0.0265957	0.0166667	0.0160772	0.0213777	0.0203252	0.025	0.0054945	0.0147783	0.0055866	0.0202703	0.0113208	0.0087719	0.0049505	0.0046948	0.005618	0.0015	0.0	0.0	0.0	0.0	0.0	0.0	0.0	0.0	
Martinet à ventre blanc	0.0	0.0	0.0	0.0	0.0	0.0	0.0	0.0	0.0	0.0	0.015	0.005305	0.0105541	0.0031153	0.0101266	0.0096154	0.0024876	0.0018868	0.0	0.0034247	0.0015	0.0017361	0.0091408	0.0057554	0.0053191	0.0066667	0.0015	0.0047506	0.0015	0.0015	0.010989	0.0024631	0.0	0.0015	0.0037736	0.0	0.009901	0.0	0.0	0.0	0.0	0.0	0.0	0.0	0.0	0.0	0.0	0.0	
Martinet noir	0.0	0.0	0.0	0.0	0.0	0.0	0.0	0.0	0.0	0.0	0.005	0.0026525	0.0158311	0.0249221	0.0632911	0.1346154	0.159204	0.1660377	0.1666667	0.255137	0.3097345	0.3194444	0.2559415	0.2215827	0.2047872	0.3	0.3697749	0.3230404	0.195122	0.115	0.0824176	0.0591133	0.027933	0.0067568	0.0075472	0.0	0.009901	0.0	0.0	0.0	0.0	0.0	0.0	0.0	0.0	0.0	0.0	0.0	
Martinet pâle	0.0	0.0	0.0	0.0	0.0	0.0	0.0	0.0	0.0	0.0	0.04	0.0450928	0.1002639	0.0841121	0.1012658	0.0697115	0.0920398	0.0735849	0.0995025	0.0924658	0.0929204	0.0920139	0.0658135	0.0330935	0.0824468	0.17	0.1350482	0.1615202	0.203252	0.16	0.1483516	0.1206897	0.1284916	0.0540541	0.0792453	0.0555556	0.0594059	0.0657277	0.0505618	0.0382775	0.0135135	0.0015	0.0	0.0	0.0	0.0	0.0	0.0	
Martinet noir ou M. pâle	0.0	0.0	0.0	0.0	0.0	0.0	0.0	0.0	0.0	0.0	0.0	0.0079576	0.0158311	0.0186916	0.0379747	0.0480769	0.0721393	0.0358491	0.0422886	0.0702055	0.0730088	0.0694444	0.0493601	0.047482	0.0505319	0.0866667	0.1157556	0.1045131	0.0813008	0.06	0.0549451	0.044335	0.0558659	0.0472973	0.0301887	0.0233918	0.0049505	0.0093897	0.011236	0.0047847	0.0015	0.0	0.0	0.0	0.0	0.0	0.0	0.0	
Apus ou Tachymarptis sp.	0.0	0.0	0.0	0.0	0.0	0.0	0.0	0.0	0.0	0.0	0.0	0.0	0.0015	0.0	0.0	0.0	0.0024876	0.0	0.0	0.0	0.0	0.0017361	0.0	0.0	0.0	0.0	0.0032154	0.0	0.0	0.0	0.0	0.0	0.0	0.0	0.0	0.0	0.0	0.0	0.0	0.0	0.0	0.0	0.0	0.0	0.0	0.0	0.0	0.0	
Râle d'eau	0.0060606	0.0	0.0	0.0	0.0	0.0	0.0	0.0	0.0063291	0.0	0.0	0.0	0.0	0.0031153	0.0	0.0	0.0	0.0	0.0	0.0017123	0.0	0.0	0.0	0.0014388	0.0	0.0	0.0032154	0.0	0.0243902	0.0	0.0054945	0.0073892	0.0223464	0.0067568	0.0188679	0.005848	0.0	0.0093897	0.0	0.0047847	0.0	0.0	0.0042735	0.0015	0.0067114	0.0	0.0	0.0	
Marouette ponctuée	0.0	0.0	0.0	0.0	0.0	0.0	0.0	0.0	0.0	0.0	0.005	0.0	0.0079156	0.0	0.0	0.0	0.0	0.0	0.0	0.0	0.0	0.0	0.0	0.0	0.0	0.0	0.0	0.0	0.0	0.0	0.0	0.0	0.0	0.0	0.0	0.0	0.0	0.0	0.0	0.0	0.0	0.0	0.0	0.0	0.0	0.0	0.0	0.0	
Gallinule poule-d'eau	0.0363636	0.0243902	0.0045249	0.0196078	0.0233918	0.0118343	0.012931	0.0218579	0.0126582	0.0083682	0.015	0.0079576	0.005277	0.0155763	0.0025316	0.0024038	0.0074627	0.0037736	0.0024876	0.0068493	0.0044248	0.0069444	0.0073126	0.0028777	0.0026596	0.0033333	0.0128617	0.0332542	0.0325203	0.025	0.0274725	0.0123153	0.0391061	0.0202703	0.0188679	0.0146199	0.019802	0.028169	0.0280899	0.0334928	0.0135135	0.0373134	0.0213675	0.0099502	0.0201342	0.0145985	0.006135	0.0222222	
Foulque macroule	0.0	0.0	0.0	0.0	0.0	0.0	0.0	0.0	0.0	0.0	0.0	0.0026525	0.0	0.0	0.0	0.0	0.0	0.0	0.0	0.0	0.0	0.0017361	0.0	0.0	0.0015	0.0	0.0	0.0	0.004065	0.0	0.0054945	0.0	0.0055866	0.0	0.0	0.0	0.0049505	0.0093897	0.0	0.0	0.0	0.0074627	0.0	0.0049751	0.0	0.0	0.0	0.0	
Échasse blanche	0.0	0.0	0.0	0.0	0.0	0.0	0.0	0.0	0.0	0.0	0.0	0.0	0.0	0.0	0.0	0.0	0.0	0.0	0.0	0.0	0.0	0.0	0.0018282	0.0	0.0	0.0	0.0	0.0	0.0	0.0	0.0	0.0015	0.0	0.0	0.0	0.0	0.0	0.0	0.0	0.0	0.0	0.0	0.0	0.0	0.0	0.0	0.0	0.0	
Avocette élégante	0.0	0.0	0.0	0.0	0.0	0.0	0.0	0.0	0.0	0.0	0.0	0.0	0.0	0.0	0.0	0.0	0.0	0.0	0.0	0.0	0.0	0.0	0.0	0.0	0.0	0.0	0.0	0.0	0.0	0.0	0.0	0.0024631	0.0	0.0	0.0	0.0	0.0	0.0	0.0	0.0	0.0	0.0	0.0	0.0	0.0	0.0	0.0	0.0	
Pluvier argenté	0.0	0.0	0.0	0.0	0.0	0.0	0.0	0.0	0.0	0.0	0.0	0.0	0.0	0.0	0.0	0.0	0.0074627	0.0	0.0	0.0	0.0	0.0	0.0	0.0	0.0	0.0	0.0	0.0	0.0	0.0	0.0	0.0	0.0	0.0	0.0	0.0	0.0	0.0	0.0	0.0	0.0	0.0	0.0	0.0	0.0	0.0	0.0	0.0	
Pluvier doré	0.0	0.0	0.0045249	0.004902	0.0	0.0	0.0043103	0.0	0.0	0.0	0.0	0.0	0.0	0.0	0.0	0.0	0.0	0.0	0.0	0.0	0.0	0.0	0.0	0.0	0.0	0.0	0.0	0.0	0.0	0.0	0.0	0.0	0.0	0.0067568	0.0	0.0	0.0	0.0	0.011236	0.0	0.0135135	0.0	0.0	0.0049751	0.0	0.0	0.0	0.0	
Guignard d’Eurasie	0.0	0.0	0.0	0.0	0.0	0.0	0.0	0.0	0.0	0.0	0.0	0.0	0.0	0.0	0.0	0.0	0.0	0.0	0.0	0.0	0.0	0.0	0.0	0.0	0.0	0.0	0.0	0.0	0.0	0.0	0.0	0.0	0.0	0.0	0.0	0.0	0.0015	0.0	0.0	0.0	0.0	0.0	0.0	0.0	0.0	0.0	0.0	0.0	
Grand Gravelot	0.0	0.0	0.0	0.0	0.0	0.0	0.0	0.0	0.0	0.0	0.0	0.0	0.0	0.0	0.0	0.0	0.0	0.0	0.0	0.0015	0.0	0.0	0.0	0.0	0.0	0.0	0.0032154	0.0023753	0.004065	0.015	0.021978	0.0197044	0.027933	0.0540541	0.0528302	0.0380117	0.0015	0.0093897	0.0	0.0	0.0	0.0	0.0042735	0.0	0.0	0.0	0.0	0.0	
Petit Gravelot	0.0	0.0	0.0	0.0	0.0	0.0	0.0	0.0	0.0	0.0	0.01	0.0079576	0.0158311	0.0311526	0.0101266	0.0120192	0.0149254	0.0018868	0.0124378	0.0119863	0.0	0.0069444	0.0146252	0.0115108	0.0079787	0.0033333	0.0289389	0.0166271	0.0365854	0.03	0.043956	0.0344828	0.0015	0.0472973	0.0264151	0.0233918	0.009901	0.0	0.0	0.0	0.0	0.0	0.0	0.0	0.0	0.0	0.0	0.0	
Vanneau huppé	0.0060606	0.0243902	0.0045249	0.0098039	0.0233918	0.0177515	0.0043103	0.0054645	0.0	0.0	0.0	0.0	0.0	0.0	0.0	0.0	0.0	0.0	0.0	0.0	0.0	0.0	0.0	0.0	0.0	0.0	0.0	0.0095012	0.0	0.0	0.0	0.0	0.0	0.0067568	0.0037736	0.002924	0.0	0.0093897	0.005618	0.0	0.0067568	0.0074627	0.0042735	0.0149254	0.0134228	0.0145985	0.0	0.0222222	
Courlis corlieu	0.0	0.0	0.0	0.0	0.0	0.0	0.0	0.0	0.0	0.0	0.0	0.0	0.0	0.0031153	0.0	0.0	0.0	0.0	0.0	0.0	0.0	0.0	0.0	0.0	0.0	0.0	0.0	0.0	0.0	0.005	0.0164835	0.0049261	0.0	0.0	0.0	0.0	0.0	0.0	0.0	0.0	0.0	0.0	0.0	0.0	0.0	0.0	0.0	0.0	
Courlis cendré	0.0	0.0	0.0	0.0	0.0	0.0	0.0	0.0	0.0	0.0	0.0	0.0	0.0	0.0	0.0	0.0	0.0	0.0	0.0	0.0	0.0	0.0	0.0	0.0	0.0	0.0	0.0	0.0	0.0	0.0	0.0	0.0	0.0	0.0	0.0	0.002924	0.0	0.0	0.0	0.0	0.0	0.0	0.0042735	0.0	0.0	0.0	0.0	0.0	
Barge à queue noire	0.0	0.0	0.0	0.0	0.0	0.0	0.0	0.0	0.0	0.0	0.0	0.0	0.0	0.0	0.0	0.0	0.0	0.0	0.0	0.0	0.0	0.0	0.0	0.0	0.0	0.0	0.0	0.0095012	0.0	0.0	0.0	0.0024631	0.0	0.0	0.0	0.0	0.0	0.0	0.0	0.0	0.0	0.0	0.0	0.0	0.0	0.0	0.0	0.0	
Bécassine sourde	0.0	0.0	0.0	0.0	0.005848	0.0	0.0	0.0	0.0	0.0	0.0	0.0	0.0	0.0	0.0	0.0	0.0	0.0	0.0	0.0	0.0	0.0	0.0	0.0	0.0	0.0	0.0	0.0	0.0	0.0	0.0	0.0	0.0	0.0	0.0	0.0	0.0	0.0	0.0224719	0.0047847	0.0067568	0.0074627	0.0	0.0	0.0	0.0	0.0	0.0	
Bécasse des bois	0.0	0.0	0.0015	0.0015	0.005848	0.0059172	0.0	0.0	0.0015	0.0	0.0	0.0	0.0	0.0	0.0	0.0	0.0	0.0	0.0	0.0	0.0	0.0	0.0015	0.0	0.0	0.0	0.0	0.0	0.0	0.0	0.0	0.0	0.0	0.0	0.0	0.0	0.0	0.0	0.0	0.0047847	0.0202703	0.0	0.0015	0.0015	0.0067114	0.0145985	0.0122699	0.0111111	
Bécassine des marais	0.0060606	0.0081301	0.0045249	0.0196078	0.0175439	0.0118343	0.0086207	0.0054645	0.0	0.0041841	0.005	0.005305	0.005277	0.0155763	0.0	0.0	0.0	0.0	0.0	0.0	0.0	0.0017361	0.0018282	0.0014388	0.0	0.0	0.0	0.0	0.0	0.0	0.010989	0.0147783	0.0167598	0.0135135	0.0415094	0.0233918	0.049505	0.0422535	0.0561798	0.0239234	0.0472973	0.0223881	0.008547	0.0447761	0.0134228	0.0218978	0.006135	0.0222222	
Chevalier guignette	0.0242424	0.0	0.0361991	0.0098039	0.0116959	0.0059172	0.0	0.010929	0.0	0.0167364	0.005	0.005305	0.0079156	0.0311526	0.0151899	0.0144231	0.0223881	0.0018868	0.0	0.0	0.0	0.0034722	0.0018282	0.0014388	0.0079787	0.0166667	0.0289389	0.0475059	0.0650407	0.085	0.1153846	0.0960591	0.1061453	0.1216216	0.1056604	0.0730994	0.0445545	0.0375587	0.0337079	0.0095694	0.027027	0.0149254	0.008547	0.0149254	0.0134228	0.0145985	0.0	0.0444444	
Chevalier culblanc	0.0181818	0.0162602	0.0180995	0.0147059	0.0175439	0.0059172	0.0043103	0.0054645	0.0015	0.0	0.0	0.0026525	0.005277	0.0093458	0.0	0.0	0.0	0.0	0.0	0.0	0.0	0.0	0.0	0.0	0.0	0.0033333	0.0015	0.0213777	0.0162602	0.025	0.0549451	0.044335	0.0670391	0.0405405	0.0226415	0.0321637	0.0544554	0.0046948	0.0168539	0.0191388	0.0067568	0.0	0.008547	0.0049751	0.0067114	0.0145985	0.0184049	0.0444444	
Chevalier sylvain	0.0	0.0	0.0	0.0	0.0	0.0	0.0	0.0	0.0	0.0	0.0	0.0	0.0	0.0	0.0	0.0	0.0	0.0	0.0	0.0	0.0	0.0	0.0	0.0	0.0	0.0	0.0	0.0023753	0.0	0.005	0.021978	0.0246305	0.0167598	0.0135135	0.0037736	0.0	0.0	0.0	0.0	0.0	0.0	0.0	0.0	0.0	0.0	0.0	0.0	0.0	
Chevalier gambette	0.0	0.0	0.0	0.0	0.0	0.0	0.0	0.0	0.0	0.0	0.0	0.0	0.0079156	0.0031153	0.0050633	0.0	0.0124378	0.0	0.0	0.0	0.0	0.0	0.0	0.0	0.0026596	0.0	0.0064309	0.0047506	0.0	0.01	0.010989	0.0024631	0.0	0.0	0.0037736	0.0	0.0015	0.0093897	0.0	0.0	0.0	0.0	0.0	0.0	0.0	0.0	0.0	0.0	
Chevalier aboyeur	0.0	0.0	0.0	0.0	0.0	0.0	0.0	0.0	0.0	0.0	0.0	0.0	0.0	0.0	0.0	0.0	0.0099502	0.0	0.0	0.0	0.0	0.0	0.0	0.0	0.0	0.0	0.0	0.0	0.0	0.0	0.0	0.0147783	0.0335196	0.0135135	0.0113208	0.0	0.0049505	0.0	0.0	0.0	0.0	0.0	0.0	0.0	0.0	0.0	0.0	0.0	
Tringa sp.	0.0	0.0	0.0	0.0	0.0	0.0	0.0	0.0	0.0	0.0	0.0	0.0	0.0	0.0	0.0	0.0	0.0	0.0	0.0	0.0	0.0	0.0	0.0	0.0	0.0	0.0	0.0	0.0	0.0	0.0	0.0	0.0024631	0.0	0.0	0.0	0.0	0.0	0.0	0.0	0.0	0.0	0.0	0.0	0.0	0.0	0.0	0.0	0.0	
Tournepierre à collier	0.0	0.0	0.0	0.0	0.0	0.0	0.0	0.0	0.0	0.0	0.0	0.0	0.0	0.0	0.0025316	0.0	0.0	0.0	0.0	0.0	0.0	0.0	0.0	0.0	0.0	0.0	0.0	0.0	0.0	0.005	0.0	0.0	0.0	0.0	0.0	0.0	0.0	0.0	0.0	0.0	0.0	0.0	0.0	0.0	0.0	0.0	0.0	0.0	
Bécasseau maubèche	0.0	0.0	0.0	0.0	0.0	0.0	0.0	0.0	0.0	0.0	0.0	0.0	0.0	0.0	0.0	0.0	0.0	0.0	0.0	0.0	0.0	0.0	0.0	0.0	0.0	0.0	0.0	0.0	0.0	0.0	0.0	0.0	0.0	0.0067568	0.0037736	0.002924	0.0	0.0	0.0	0.0	0.0	0.0	0.0	0.0	0.0	0.0	0.0	0.0	
Combattant varié	0.0	0.0	0.0	0.0	0.0	0.0	0.0	0.0	0.0	0.0	0.0	0.0	0.0	0.0	0.0	0.0	0.0	0.0	0.0	0.0	0.0	0.0	0.0	0.0	0.0	0.0	0.0	0.0	0.0	0.0	0.0	0.0123153	0.0167598	0.0067568	0.0037736	0.0	0.0	0.0	0.0	0.0	0.0	0.0	0.0	0.0	0.0	0.0	0.0	0.0	
Bécasseau cocorli	0.0	0.0	0.0	0.0	0.0	0.0	0.0	0.0	0.0	0.0	0.0	0.0	0.0	0.0	0.0	0.0	0.0	0.0	0.0	0.0	0.0	0.0	0.0	0.0	0.0	0.0	0.0	0.0	0.0	0.0	0.0	0.0	0.0	0.0	0.0	0.0	0.0	0.0015	0.0	0.0	0.0	0.0	0.0	0.0	0.0	0.0	0.0	0.0	
Bécasseau de Temminck	0.0	0.0	0.0	0.0	0.0	0.0	0.0	0.0	0.0	0.0	0.0	0.0	0.0	0.0	0.0	0.0	0.0	0.0	0.0	0.0	0.0	0.0	0.0	0.0	0.0	0.0	0.0	0.0	0.0	0.0	0.0	0.0	0.0	0.0	0.0188679	0.0	0.0	0.0	0.0	0.0	0.0	0.0	0.0	0.0	0.0	0.0	0.0	0.0	
Bécasseau rousset	0.0	0.0	0.0	0.0	0.0	0.0	0.0	0.0	0.0	0.0	0.0	0.0	0.0	0.0	0.0	0.0	0.0	0.0	0.0	0.0	0.0	0.0	0.0	0.0	0.0	0.0	0.0	0.0	0.0	0.0	0.0	0.0	0.0	0.0135135	0.0188679	0.0	0.0	0.0	0.0	0.0	0.0	0.0	0.0	0.0	0.0	0.0	0.0	0.0	
Bécasseau sanderling	0.0	0.0	0.0	0.0	0.0	0.0	0.0	0.0	0.0	0.0	0.0	0.0	0.0	0.0	0.0025316	0.0	0.0	0.0	0.0	0.0	0.0	0.0	0.0	0.0	0.0	0.0	0.0	0.0	0.0	0.0	0.0	0.0049261	0.0	0.0067568	0.0	0.0	0.0	0.0	0.0	0.0	0.0	0.0	0.0	0.0	0.0	0.0	0.0	0.0	
Bécasseau variable	0.0	0.0	0.0	0.0	0.0	0.0	0.0	0.0	0.0	0.0	0.0	0.0	0.0	0.0031153	0.0025316	0.0	0.0099502	0.0	0.0024876	0.0	0.0	0.0	0.0	0.0	0.0	0.0	0.0	0.0023753	0.0162602	0.01	0.0384615	0.0049261	0.0111732	0.0405405	0.0150943	0.0233918	0.0	0.0	0.0	0.0	0.0	0.0	0.0	0.0	0.0	0.0	0.0	0.0	
Bécasseau minute	0.0	0.0	0.0	0.0	0.0	0.0	0.0	0.0	0.0	0.0	0.0	0.0	0.0	0.0	0.0	0.0	0.0	0.0	0.0	0.0	0.0	0.0	0.0	0.0	0.0	0.0	0.0	0.0	0.0	0.0	0.0	0.0	0.0	0.0067568	0.0075472	0.0146199	0.0	0.0	0.0	0.0	0.0	0.0	0.0	0.0	0.0	0.0	0.0	0.0	
Glaréole à collier	0.0	0.0	0.0	0.0	0.0	0.0	0.0	0.0	0.0	0.0	0.0	0.0	0.0	0.0	0.0	0.0	0.0	0.0	0.0	0.0034247	0.0	0.0	0.0	0.0	0.0	0.0	0.0	0.0023753	0.0	0.0	0.0	0.0	0.0	0.0	0.0	0.0	0.0	0.0	0.0	0.0	0.0	0.0	0.0	0.0	0.0	0.0	0.0	0.0	
Mouette rieuse	0.0181818	0.0	0.0588235	0.0147059	0.0116959	0.0015	0.0	0.0054645	0.0126582	0.0209205	0.015	0.0015	0.0026385	0.0	0.0015	0.0024038	0.0	0.0018868	0.0	0.0	0.0	0.0017361	0.0036563	0.0028777	0.0132979	0.0033333	0.0160772	0.0166271	0.004065	0.01	0.021978	0.0123153	0.0111732	0.027027	0.0015	0.0146199	0.0148515	0.0140845	0.0337079	0.0047847	0.027027	0.0223881	0.0042735	0.039801	0.0067114	0.0145985	0.006135	0.0444444	
Goéland leucophée	0.0	0.0162602	0.0135747	0.004902	0.0015	0.0	0.0	0.010929	0.0126582	0.0015	0.015	0.0079576	0.0079156	0.0093458	0.0075949	0.0024038	0.0074627	0.0037736	0.0049751	0.0017123	0.0022124	0.0104167	0.0015	0.0014388	0.0079787	0.0033333	0.022508	0.0118765	0.0121951	0.035	0.021978	0.0344828	0.0055866	0.0337838	0.0377358	0.0409357	0.009901	0.0015	0.0224719	0.0143541	0.0	0.0149254	0.0	0.0199005	0.0067114	0.0	0.006135	0.0222222	
Goéland brun	0.0	0.0	0.0	0.0098039	0.0	0.0	0.0	0.0054645	0.0063291	0.0	0.0	0.0	0.0015	0.0	0.0025316	0.0	0.0049751	0.0	0.0	0.0	0.0	0.0	0.0	0.0	0.0026596	0.0	0.0032154	0.0	0.004065	0.0	0.0	0.0147783	0.0055866	0.0	0.0113208	0.002924	0.009901	0.0	0.005618	0.0095694	0.0135135	0.0074627	0.0	0.0	0.0	0.0072993	0.0	0.0333333	
Goéland leucophée ou G. brun	0.0	0.0	0.0	0.0	0.0	0.0	0.0	0.0	0.0063291	0.0	0.0	0.0	0.0	0.0	0.0	0.0024038	0.0	0.0	0.0	0.0	0.0	0.0	0.0	0.0	0.0026596	0.0	0.0	0.0023753	0.0	0.0	0.0	0.0024631	0.0	0.0	0.0037736	0.0	0.0	0.0	0.0	0.0	0.0	0.0	0.0	0.0	0.0	0.0	0.0	0.0	
goéland sp. (Larus sp.)	0.0	0.0	0.0045249	0.0	0.0	0.0	0.0	0.0	0.0	0.0125523	0.0	0.0	0.0	0.0	0.0	0.0015	0.0	0.0	0.0024876	0.0	0.0	0.0	0.0	0.0	0.0	0.0	0.0	0.0023753	0.0	0.0	0.0054945	0.0	0.0	0.0	0.0	0.005848	0.0	0.0	0.0	0.0	0.0	0.0	0.0	0.0	0.0	0.0	0.0	0.0111111	
goéland ou mouette sp.	0.0	0.0	0.0	0.0	0.0	0.0	0.0	0.0	0.0063291	0.0	0.0	0.0	0.0	0.0	0.0	0.0	0.0	0.0	0.0	0.0	0.0	0.0	0.0	0.0	0.0	0.0	0.0	0.0	0.0	0.0	0.0	0.0	0.0	0.0	0.0	0.0	0.0	0.0	0.0	0.0	0.0	0.0	0.0	0.0	0.0	0.0	0.0	0.0	
Sterne hansel	0.0	0.0	0.0	0.0	0.0	0.0	0.0	0.0	0.0	0.0	0.0	0.0	0.0	0.0	0.0	0.0	0.0	0.0	0.0	0.0	0.0	0.0	0.0	0.0	0.0	0.0	0.0	0.0	0.004065	0.0	0.0	0.0	0.0	0.0	0.0	0.0	0.0	0.0	0.0	0.0	0.0	0.0	0.0	0.0	0.0	0.0	0.0	0.0	
Guifette noire	0.0	0.0	0.0	0.0	0.0	0.0	0.0	0.0	0.0	0.0	0.0	0.0	0.0	0.0	0.0	0.0	0.0049751	0.0	0.0074627	0.0	0.0	0.0	0.0	0.0	0.0	0.0	0.0	0.0	0.0	0.0	0.0	0.0024631	0.0055866	0.0	0.0	0.0	0.0	0.0	0.0	0.0	0.0	0.0	0.0	0.0	0.0	0.0	0.0	0.0	
Sterne pierregarin	0.0	0.0	0.0	0.0	0.0	0.0	0.0	0.0	0.0	0.0	0.0	0.0	0.0	0.0	0.0	0.0	0.0	0.0	0.0	0.0	0.0	0.0	0.0015	0.0	0.0	0.0	0.0	0.0	0.0	0.0	0.0	0.0	0.0	0.0	0.0	0.0	0.0	0.0093897	0.0	0.0	0.0	0.0	0.0	0.0	0.0	0.0	0.0	0.0	
Sterne caugek	0.0	0.0	0.0	0.0	0.0	0.0	0.0	0.0	0.0	0.0	0.0	0.0	0.0	0.0	0.0	0.0	0.0	0.0	0.0	0.0	0.0	0.0	0.0	0.0	0.0	0.0	0.0	0.0	0.0	0.0	0.0	0.0	0.0	0.0	0.0	0.0087719	0.0	0.0	0.0	0.0	0.0	0.0	0.0	0.0	0.0	0.0	0.0	0.0	
sterne sp.	0.0	0.0	0.0	0.0	0.0	0.0	0.0	0.0	0.0	0.0	0.0	0.0	0.0	0.0	0.0	0.0	0.0	0.0	0.0	0.0	0.0	0.0	0.0	0.0	0.0	0.0	0.0	0.0	0.0	0.0	0.0	0.0	0.0	0.0	0.0	0.005848	0.0	0.0	0.0	0.0	0.0	0.0	0.0	0.0	0.0	0.0	0.0	0.0	
Grèbe castagneux	0.0363636	0.0243902	0.0316742	0.0294118	0.0350877	0.0059172	0.012931	0.010929	0.0126582	0.0125523	0.01	0.0106101	0.005277	0.0093458	0.0050633	0.0024038	0.0049751	0.0	0.0	0.0068493	0.0088496	0.015625	0.0201097	0.0115108	0.0079787	0.0133333	0.0160772	0.0285036	0.0691057	0.055	0.0604396	0.0566502	0.0558659	0.0743243	0.0603774	0.0438596	0.0594059	0.0657277	0.0449438	0.0478469	0.0202703	0.1119403	0.034188	0.0597015	0.0201342	0.0510949	0.0184049	0.0444444	
Grèbe huppé	0.0424242	0.0894309	0.0452489	0.0882353	0.0526316	0.035503	0.0431034	0.0601093	0.0696203	0.041841	0.025	0.0265252	0.0343008	0.0623053	0.0151899	0.0192308	0.0373134	0.009434	0.0248756	0.0342466	0.0221239	0.03125	0.0274223	0.0273381	0.0239362	0.0066667	0.0385852	0.0475059	0.0650407	0.03	0.043956	0.0492611	0.027933	0.0472973	0.0641509	0.0701754	0.049505	0.0375587	0.0449438	0.0574163	0.0472973	0.0820896	0.042735	0.0646766	0.0738255	0.0729927	0.0552147	0.0555556	
Grèbe à cou noir	0.0	0.0	0.0045249	0.0	0.0	0.0	0.0	0.0	0.0	0.0	0.0	0.0	0.0	0.0	0.0	0.0	0.0	0.0	0.0	0.0	0.0	0.0	0.0	0.0	0.0	0.0	0.0	0.0	0.0	0.0	0.0	0.0	0.0	0.0	0.0	0.0	0.0	0.0	0.0	0.0	0.0	0.0	0.0	0.0	0.0	0.0	0.0	0.0	
Plongeon imbrin	0.0	0.0	0.0	0.0	0.0	0.0	0.0	0.0	0.0	0.0	0.0	0.0026525	0.0	0.0	0.0	0.0	0.0	0.0	0.0	0.0	0.0	0.0	0.0	0.0	0.0	0.0	0.0	0.0	0.0	0.0	0.0	0.0	0.0	0.0	0.0	0.0	0.0	0.0	0.0	0.0	0.0	0.0074627	0.0	0.0	0.0	0.0	0.0	0.0	
Cigogne noire	0.0	0.0	0.0	0.0	0.0	0.0	0.0	0.0	0.0	0.0	0.0	0.0	0.0	0.0	0.0	0.0	0.0	0.0	0.0	0.0	0.0	0.0017361	0.0018282	0.0	0.0015	0.0	0.0	0.0	0.0	0.0	0.0015	0.0015	0.0167598	0.0	0.0	0.0	0.0	0.0	0.0	0.0	0.0	0.0	0.0	0.0	0.0	0.0	0.0015	0.0	
Cigogne blanche	0.0424242	0.0487805	0.0316742	0.0441176	0.0467836	0.0532544	0.0258621	0.0546448	0.0949367	0.0502092	0.07	0.0477454	0.0422164	0.0498442	0.0278481	0.0480769	0.0646766	0.0415094	0.0497512	0.0547945	0.0530973	0.0642361	0.0420475	0.0402878	0.0212766	0.0166667	0.0385852	0.0736342	0.0243902	0.06	0.0659341	0.0320197	0.0015	0.0135135	0.0226415	0.002924	0.0015	0.0015	0.0	0.0143541	0.0015	0.0015	0.0042735	0.0149254	0.0134228	0.0291971	0.0184049	0.0444444	
Grand Cormoran	0.2121212	0.1788618	0.1447964	0.1715686	0.1520468	0.1065089	0.1336207	0.1748634	0.2088608	0.1589958	0.12	0.1220159	0.0870712	0.105919	0.0379747	0.0456731	0.0298507	0.0037736	0.0049751	0.0034247	0.0088496	0.0069444	0.0	0.0014388	0.0132979	0.0033333	0.0096463	0.0118765	0.0121951	0.04	0.043956	0.0615764	0.0446927	0.0743243	0.0528302	0.0789474	0.0693069	0.1126761	0.1629213	0.1100478	0.1486486	0.2238806	0.1324786	0.2039801	0.2080537	0.2116788	0.1226994	0.2111111	
cormoran sp.	0.0	0.0	0.0	0.0	0.0	0.0	0.0	0.0	0.0	0.0	0.0	0.0	0.0	0.0	0.0	0.0	0.0	0.0	0.0	0.0	0.0	0.0	0.0	0.0	0.0	0.0	0.0	0.0	0.0	0.0	0.0	0.0	0.0	0.0	0.0	0.0	0.0	0.0	0.0	0.0	0.0	0.0	0.0	0.0	0.0	0.0	0.0	0.0015	
Ibis falcinelle	0.0	0.0	0.0	0.004902	0.0	0.0059172	0.0015	0.0054645	0.0	0.0	0.0	0.0	0.0	0.0031153	0.0	0.0	0.0	0.0	0.0	0.0	0.0	0.0	0.0	0.0	0.0	0.0	0.0	0.0015	0.0	0.0	0.0	0.0024631	0.0055866	0.0	0.0	0.0	0.0	0.0	0.0015	0.0	0.0	0.0	0.0	0.0	0.0	0.0	0.0	0.0	
Spatule blanche	0.0	0.0	0.0	0.0	0.0	0.0	0.0	0.0	0.0	0.0041841	0.0	0.0	0.0	0.0	0.0	0.0	0.0	0.0	0.0	0.0	0.0	0.0	0.0	0.0	0.0	0.0	0.0	0.0	0.0	0.0	0.0	0.0024631	0.0	0.0067568	0.0150943	0.0175439	0.0	0.0	0.0015	0.0	0.0	0.0	0.0	0.0	0.0	0.0	0.0	0.0	
Blongios nain	0.0	0.0	0.0	0.0	0.0	0.0	0.0	0.0	0.0	0.0	0.0	0.0	0.0	0.0	0.0	0.0	0.0	0.0	0.0	0.0034247	0.0	0.0017361	0.0018282	0.0	0.0	0.0	0.0	0.0	0.0	0.0	0.0	0.0	0.0	0.0	0.0	0.0	0.0	0.0	0.0	0.0	0.0	0.0	0.0	0.0	0.0	0.0	0.0	0.0	
Bihoreau gris	0.0	0.0	0.0	0.0	0.0	0.0	0.0	0.0	0.0	0.0	0.0	0.0	0.0	0.0	0.0	0.0	0.0	0.0	0.0	0.0	0.0	0.0017361	0.0	0.0	0.0	0.0	0.0032154	0.0047506	0.0081301	0.0	0.0	0.0024631	0.0	0.0	0.0	0.0	0.0	0.0	0.0	0.0	0.0	0.0	0.0	0.0	0.0	0.0	0.0	0.0	
Aigrette garzette	0.030303	0.0243902	0.0090498	0.0147059	0.0409357	0.0236686	0.012931	0.010929	0.0379747	0.0083682	0.01	0.0106101	0.0026385	0.0124611	0.0025316	0.0048077	0.0	0.0015	0.0	0.0017123	0.0	0.0	0.0018282	0.0	0.0	0.0	0.0	0.0023753	0.0	0.025	0.0274725	0.0073892	0.0111732	0.0067568	0.0150943	0.0116959	0.0	0.0187793	0.0168539	0.0287081	0.027027	0.0597015	0.0384615	0.0547264	0.0268456	0.0437956	0.0122699	0.0555556	
Héron garde-boeufs	0.0015	0.0081301	0.0045249	0.0098039	0.005848	0.0059172	0.0043103	0.0054645	0.0126582	0.0083682	0.0	0.005305	0.0	0.0	0.0015	0.0024038	0.0024876	0.0	0.0	0.0	0.0	0.0	0.0	0.0	0.0	0.0	0.0015	0.0	0.0	0.0	0.0	0.0	0.0	0.0	0.0075472	0.0087719	0.0049505	0.0187793	0.005618	0.0095694	0.0	0.0298507	0.017094	0.0099502	0.0067114	0.0072993	0.006135	0.0111111	
Grande Aigrette	0.0606061	0.0325203	0.0226244	0.0245098	0.0467836	0.0236686	0.012931	0.0163934	0.0379747	0.0251046	0.01	0.0106101	0.0	0.0093458	0.0	0.0	0.0	0.0	0.0	0.0	0.0	0.0017361	0.0	0.0	0.0	0.0	0.0	0.0	0.0203252	0.0	0.0494505	0.0024631	0.0502793	0.027027	0.0113208	0.0175439	0.0049505	0.0187793	0.0015	0.0287081	0.0067568	0.0298507	0.0384615	0.039801	0.0201342	0.0218978	0.0184049	0.0333333	
Héron cendré	0.1636364	0.1056911	0.1266968	0.122549	0.122807	0.0769231	0.0775862	0.0655738	0.0696203	0.0585774	0.06	0.061008	0.0343008	0.0249221	0.0177215	0.0264423	0.0174129	0.0018868	0.0099502	0.0171233	0.0176991	0.0243056	0.0146252	0.0230216	0.0292553	0.0466667	0.0578778	0.1045131	0.1219512	0.095	0.1373626	0.1699507	0.1955307	0.2364865	0.1773585	0.1666667	0.1485149	0.2159624	0.2303371	0.1626794	0.1824324	0.2313433	0.1581197	0.2487562	0.1543624	0.1386861	0.0797546	0.1666667	
Héron pourpré	0.0	0.0	0.0	0.0	0.0	0.0	0.0	0.0	0.0	0.0	0.0	0.0	0.0	0.0	0.0	0.0	0.0	0.0018868	0.0	0.0	0.0	0.0	0.0	0.0028777	0.0026596	0.0	0.0096463	0.0071259	0.0081301	0.015	0.010989	0.0049261	0.0	0.0067568	0.0	0.0	0.0	0.0	0.0	0.0	0.0	0.0	0.0	0.0	0.0	0.0	0.0	0.0	
aigrette ou héron blanc sp.	0.0	0.0	0.0	0.0	0.0	0.0	0.0	0.0	0.0	0.0041841	0.0	0.0	0.0	0.0	0.0	0.0	0.0	0.0	0.0	0.0	0.0	0.0	0.0	0.0	0.0	0.0	0.0	0.0	0.0	0.0	0.0	0.0	0.0	0.0	0.0	0.0	0.0	0.0	0.0	0.0	0.0	0.0	0.0	0.0	0.0067114	0.0	0.0	0.0111111	
Balbuzard pêcheur	0.0	0.0	0.0	0.0	0.0	0.0	0.0	0.0	0.0	0.0	0.0	0.0	0.0	0.0	0.0025316	0.0	0.0024876	0.0	0.0	0.0017123	0.0	0.0	0.0018282	0.0014388	0.0	0.0	0.0	0.0	0.0	0.0	0.0	0.0015	0.0	0.0015	0.0	0.0	0.0	0.0	0.0	0.0015	0.0	0.0	0.0	0.0	0.0	0.0	0.0	0.0	
Élanion blanc	0.0	0.0162602	0.0	0.0	0.005848	0.0015	0.0	0.0	0.0063291	0.0015	0.0	0.005305	0.0015	0.0	0.0	0.0	0.0015	0.0	0.0015	0.0	0.0022124	0.0017361	0.0036563	0.0015	0.0	0.0	0.0	0.0	0.0	0.0	0.0	0.0049261	0.0	0.0067568	0.0	0.0	0.0049505	0.0	0.0	0.0	0.0	0.0074627	0.0	0.0099502	0.0	0.0072993	0.0	0.0015	
Bondrée apivore	0.0	0.0	0.0	0.0	0.0	0.0	0.0	0.0	0.0	0.0	0.0	0.0	0.0	0.0	0.0050633	0.0048077	0.0223881	0.0415094	0.0547264	0.0633562	0.0862832	0.109375	0.071298	0.0446043	0.0478723	0.0833333	0.1607717	0.1187648	0.1178862	0.145	0.1098901	0.1059113	0.0949721	0.0472973	0.0188679	0.005848	0.0	0.0	0.0	0.0	0.0	0.0	0.0	0.0	0.0	0.0	0.0	0.0	
Vautour moine	0.0	0.0	0.0	0.0	0.0	0.0	0.0	0.0	0.0	0.0	0.0	0.0	0.0	0.0	0.0	0.0	0.0049751	0.0	0.0015	0.0085616	0.0088496	0.0121528	0.0036563	0.0028777	0.0132979	0.0	0.0064309	0.0118765	0.004065	0.0	0.010989	0.0049261	0.0055866	0.0015	0.0	0.0	0.0	0.0	0.0	0.0	0.0	0.0	0.0	0.0	0.0	0.0	0.0	0.0	
Vautour fauve	0.0	0.0	0.0	0.0	0.0	0.0	0.0	0.0	0.0015	0.0041841	0.01	0.0079576	0.005277	0.0062305	0.0151899	0.0144231	0.0223881	0.0056604	0.0174129	0.0513699	0.0353982	0.0520833	0.0201097	0.0273381	0.0505319	0.0333333	0.0257235	0.0522565	0.0487805	0.03	0.0384615	0.046798	0.0335196	0.0337838	0.0264151	0.0087719	0.009901	0.0	0.0	0.0	0.0	0.0	0.0	0.0	0.0067114	0.0	0.0	0.0	
vautour sp.	0.0	0.0	0.0	0.0	0.0	0.0	0.0	0.0	0.0	0.0	0.0	0.0	0.0	0.0	0.0	0.0	0.0	0.0	0.0	0.0	0.0022124	0.0	0.0	0.0	0.0	0.0	0.0	0.0	0.0	0.0	0.0	0.0	0.0	0.0	0.0	0.0	0.0	0.0	0.0	0.0	0.0	0.0	0.0	0.0	0.0	0.0	0.0	0.0	
Circaète Jean-le-Blanc	0.0	0.0	0.0	0.0	0.0	0.0	0.0	0.0	0.0063291	0.0167364	0.075	0.0822281	0.0474934	0.0716511	0.0531646	0.0504808	0.1069652	0.0490566	0.0771144	0.0907534	0.0641593	0.0954861	0.0767824	0.047482	0.0558511	0.0966667	0.096463	0.1068884	0.0772358	0.14	0.0934066	0.1059113	0.0893855	0.0540541	0.1056604	0.0438596	0.0	0.0093897	0.0	0.0	0.0	0.0	0.0	0.0	0.0	0.0	0.0	0.0	
Aigle botté	0.0	0.0	0.0045249	0.0	0.0	0.0	0.0	0.0	0.0	0.0041841	0.0015	0.0318302	0.0659631	0.1152648	0.0962025	0.1225962	0.1243781	0.0773585	0.0995025	0.1044521	0.1504425	0.1267361	0.1261426	0.0618705	0.0585106	0.17	0.1897106	0.1781473	0.1788618	0.145	0.1703297	0.1945813	0.1731844	0.1554054	0.1584906	0.0438596	0.0049505	0.0015	0.0	0.0	0.0	0.0	0.0	0.0049751	0.0015	0.0	0.0	0.0	
Aigle ibérique	0.0	0.0	0.0	0.0	0.0	0.0	0.0	0.0	0.0	0.0	0.0	0.0	0.0	0.0	0.0	0.0	0.0	0.0018868	0.0	0.0	0.0	0.0	0.0	0.0	0.0	0.0	0.0	0.0	0.0	0.0	0.0	0.0	0.0	0.0	0.0	0.0	0.0	0.0	0.0	0.0	0.0	0.0	0.0	0.0	0.0	0.0	0.0	0.0	
Aigle royal	0.0	0.0	0.0	0.0	0.0	0.0	0.0	0.0	0.0	0.0015	0.0	0.0026525	0.0026385	0.0	0.0025316	0.0	0.0024876	0.0	0.0	0.0017123	0.0022124	0.0034722	0.0054845	0.0015	0.0053191	0.0066667	0.0064309	0.0047506	0.004065	0.0	0.010989	0.0049261	0.0	0.0	0.0015	0.002924	0.0	0.0	0.0	0.0	0.0	0.0074627	0.0015	0.0015	0.0	0.0015	0.0	0.0	
Aigle de Bonelli	0.0	0.0	0.0	0.0	0.0	0.0	0.0	0.0054645	0.0	0.0015	0.01	0.005305	0.0	0.0	0.0075949	0.0048077	0.0	0.0018868	0.0015	0.005137	0.0	0.0017361	0.0	0.0014388	0.0026596	0.0	0.0	0.0	0.0	0.0	0.0015	0.0	0.0	0.0135135	0.0075472	0.002924	0.0	0.0	0.0	0.0015	0.0	0.0	0.0	0.0	0.0067114	0.0	0.0	0.0	
Épervier d'Europe	0.0545455	0.0406504	0.0226244	0.0441176	0.0409357	0.0532544	0.0344828	0.0437158	0.0379747	0.0292887	0.04	0.0397878	0.0211082	0.0186916	0.0177215	0.0360577	0.0472637	0.0150943	0.0273632	0.0188356	0.0353982	0.0173611	0.0146252	0.0158273	0.018617	0.0433333	0.0385852	0.0617577	0.0609756	0.06	0.0714286	0.0591133	0.0167598	0.0608108	0.0679245	0.0672515	0.0643564	0.0516432	0.0842697	0.0430622	0.0540541	0.0970149	0.042735	0.0547264	0.0268456	0.0729927	0.0368098	0.0666667	
Autour des palombes	0.0181818	0.0162602	0.0	0.0098039	0.0175439	0.0295858	0.0043103	0.0054645	0.0	0.0167364	0.0015	0.0132626	0.0105541	0.0093458	0.0126582	0.0096154	0.0099502	0.0037736	0.0074627	0.0136986	0.0088496	0.0069444	0.0018282	0.0043165	0.0132979	0.0133333	0.0128617	0.0142518	0.0284553	0.025	0.010989	0.0197044	0.0055866	0.0135135	0.0113208	0.0116959	0.0148515	0.0	0.0224719	0.0191388	0.0472973	0.0149254	0.0042735	0.0149254	0.0067114	0.0072993	0.006135	0.0111111	
Aerospiza, Tachyspiza, Accipiter ou Astur sp.	0.0	0.0	0.0	0.0	0.0	0.0	0.0	0.0	0.0	0.0	0.0	0.0	0.0	0.0	0.0	0.0	0.0024876	0.0	0.0	0.0034247	0.0	0.0	0.0	0.0	0.0	0.0	0.0064309	0.0023753	0.0	0.0	0.0054945	0.0	0.0	0.0067568	0.0	0.0	0.0	0.0	0.005618	0.0047847	0.0	0.0149254	0.008547	0.0	0.0	0.0	0.0	0.0	
Busard des roseaux	0.0	0.0	0.0	0.0	0.005848	0.0	0.0	0.0	0.0	0.0	0.0	0.0026525	0.0	0.0	0.0	0.0	0.0	0.0	0.0024876	0.0	0.0	0.0	0.0	0.0	0.0	0.0015	0.0064309	0.0095012	0.004065	0.005	0.0164835	0.0246305	0.0614525	0.0405405	0.0188679	0.002924	0.0	0.0	0.0	0.0	0.0	0.0	0.0042735	0.0049751	0.0	0.0145985	0.0	0.0	
Busard Saint-Martin	0.0	0.0	0.0	0.0	0.0	0.0059172	0.0043103	0.0	0.0	0.0	0.0	0.0	0.0	0.0015	0.0050633	0.0048077	0.0049751	0.0037736	0.0015	0.0	0.0110619	0.0052083	0.0073126	0.0071942	0.0026596	0.0066667	0.0064309	0.0047506	0.0	0.005	0.0	0.0024631	0.0	0.0	0.0075472	0.0	0.0049505	0.0093897	0.0	0.0047847	0.0015	0.0	0.008547	0.0149254	0.0	0.0015	0.006135	0.0	
Busard pâle	0.0	0.0	0.0	0.0	0.0	0.0	0.0	0.0	0.0	0.0	0.0	0.0	0.0	0.0	0.0	0.0024038	0.0	0.0	0.0	0.0	0.0	0.0	0.0	0.0	0.0	0.0	0.0	0.0	0.0	0.0	0.0	0.0	0.0	0.0	0.0	0.0	0.0	0.0	0.0	0.0	0.0	0.0	0.0	0.0	0.0	0.0	0.0	0.0	
Busard cendré	0.0	0.0	0.0	0.0	0.0	0.0	0.0	0.0	0.0	0.0	0.005	0.0079576	0.0237467	0.0654206	0.0607595	0.0721154	0.0870647	0.0698113	0.0895522	0.0821918	0.1017699	0.1163194	0.1133455	0.0992806	0.0611702	0.11	0.1446945	0.128266	0.1382114	0.125	0.0549451	0.0689655	0.0223464	0.0202703	0.0037736	0.002924	0.0	0.0	0.0	0.0	0.0	0.0	0.0	0.0	0.0	0.0	0.0	0.0	
busard sp.	0.0	0.0	0.0	0.0	0.0	0.0	0.0	0.0	0.0	0.0	0.0	0.0	0.0	0.0	0.0	0.0024038	0.0024876	0.0037736	0.0024876	0.0	0.0	0.0	0.0054845	0.0	0.0	0.0	0.0032154	0.0023753	0.0081301	0.0	0.0	0.0049261	0.0	0.0067568	0.0	0.0	0.0	0.0	0.0	0.0	0.0	0.0	0.0	0.0	0.0	0.0	0.0	0.0	
Milan royal	0.0848485	0.0325203	0.0497738	0.0539216	0.0350877	0.0414201	0.0387931	0.0546448	0.0316456	0.0041841	0.055	0.0212202	0.0105541	0.0031153	0.0050633	0.0024038	0.0	0.0	0.0024876	0.0	0.0	0.0017361	0.0	0.0	0.0015	0.0	0.0	0.0023753	0.0	0.0	0.0	0.0049261	0.0055866	0.0067568	0.0037736	0.005848	0.009901	0.028169	0.0168539	0.0478469	0.0878378	0.0746269	0.0299145	0.0547264	0.0536913	0.0437956	0.0368098	0.0666667	
Milan noir	0.0	0.0	0.0	0.0	0.0	0.0	0.0	0.0054645	0.0126582	0.0502092	0.155	0.1671088	0.1424802	0.1900312	0.1493671	0.1947115	0.1641791	0.0962264	0.1218905	0.1695205	0.1460177	0.1527778	0.1133455	0.1107914	0.1276596	0.1633333	0.1961415	0.175772	0.1585366	0.105	0.0274725	0.0147783	0.0015	0.0015	0.0	0.0	0.0	0.0	0.0	0.0	0.0	0.0	0.0015	0.0	0.0	0.0072993	0.0	0.0	
Milan royal ou M. noir	0.0	0.0	0.0	0.004902	0.0	0.0	0.0	0.0	0.0	0.0041841	0.0	0.0015	0.0	0.0	0.0	0.0024038	0.0	0.0	0.0	0.0	0.0	0.0	0.0018282	0.0015	0.0026596	0.0	0.0	0.0	0.0015	0.0	0.0	0.0	0.0	0.0	0.0	0.0	0.0	0.0	0.0	0.0	0.0	0.0	0.0	0.0	0.0	0.0	0.0	0.0	
Buse variable	0.2787879	0.3170732	0.2081448	0.2941176	0.2923977	0.3076923	0.1939655	0.3169399	0.3037975	0.2761506	0.305	0.331565	0.2137203	0.2554517	0.2177215	0.2307692	0.2512438	0.1264151	0.1840796	0.2517123	0.289823	0.28125	0.2175503	0.1625899	0.2234043	0.2766667	0.3215434	0.3230404	0.2479675	0.34	0.2967033	0.3128079	0.273743	0.3445946	0.3471698	0.2953216	0.2425743	0.258216	0.252809	0.2535885	0.3243243	0.3358209	0.2478632	0.2736318	0.2885906	0.2919708	0.1349693	0.3111111	
rapace sp.	0.0	0.0	0.0	0.0	0.0	0.0	0.0	0.0	0.0	0.0	0.005	0.0026525	0.0026385	0.0	0.0025316	0.0024038	0.0	0.0056604	0.0049751	0.010274	0.0044248	0.0	0.0036563	0.0	0.0079787	0.0033333	0.0	0.0015	0.0121951	0.005	0.0164835	0.0024631	0.0055866	0.0067568	0.0	0.0	0.0	0.0	0.0	0.0	0.0	0.0	0.0	0.0049751	0.0	0.0	0.0	0.0	
aigle ou pygargue sp.	0.0	0.0	0.0	0.0	0.0	0.0	0.0	0.0	0.0	0.0	0.0	0.0	0.0	0.0031153	0.0	0.0	0.0	0.0	0.0	0.0	0.0	0.0	0.0	0.0	0.0	0.0	0.0	0.0	0.0	0.0	0.0	0.0	0.0	0.0	0.0	0.0	0.0	0.0	0.0	0.0	0.0	0.0	0.0	0.0	0.0	0.0	0.0	0.0	
Effraie des clochers	0.0	0.0	0.0	0.004902	0.0	0.0	0.0	0.0	0.0	0.0041841	0.0	0.0026525	0.0026385	0.0031153	0.0050633	0.0015	0.0049751	0.0	0.0049751	0.0	0.0015	0.0017361	0.0036563	0.0015	0.0026596	0.0015	0.0	0.0023753	0.0015	0.005	0.0	0.0	0.0015	0.0015	0.0015	0.0015	0.0015	0.0046948	0.005618	0.0047847	0.0	0.0	0.0	0.0049751	0.0067114	0.0072993	0.0015	0.0	
Petit-duc scops	0.0	0.0	0.0	0.0	0.0	0.0	0.0	0.0	0.0	0.0	0.005	0.0026525	0.0026385	0.0015	0.0075949	0.0	0.0024876	0.0075472	0.0074627	0.0085616	0.0022124	0.0138889	0.0127971	0.0057554	0.0079787	0.0015	0.0064309	0.0015	0.0	0.005	0.0	0.0	0.0	0.0	0.0	0.0	0.0	0.0	0.0	0.0	0.0	0.0	0.0	0.0	0.0	0.0	0.0	0.0	
Grand-duc d'Europe	0.030303	0.0015	0.0	0.0	0.0015	0.0059172	0.0043103	0.0	0.0	0.0	0.0	0.0026525	0.0	0.0	0.0	0.0	0.0	0.0	0.0	0.0017123	0.0	0.0	0.0	0.0	0.0	0.0015	0.0	0.0	0.0	0.0	0.0	0.0	0.0	0.0	0.0037736	0.0015	0.0	0.0015	0.0015	0.0	0.0015	0.0	0.0015	0.0049751	0.0	0.0145985	0.0	0.0111111	
Chevêche d'Athéna	0.030303	0.0243902	0.0090498	0.0343137	0.0233918	0.0414201	0.0172414	0.010929	0.0126582	0.0502092	0.005	0.0212202	0.005277	0.0093458	0.0075949	0.0072115	0.0099502	0.0075472	0.0049751	0.010274	0.0176991	0.0069444	0.0201097	0.0057554	0.0026596	0.0015	0.0096463	0.0095012	0.0284553	0.005	0.010989	0.0024631	0.0015	0.0	0.0150943	0.0116959	0.009901	0.0	0.005618	0.0095694	0.0015	0.0074627	0.017094	0.0149254	0.0134228	0.0072993	0.0	0.0222222	
Chouette hulotte	0.0121212	0.0325203	0.0090498	0.0343137	0.0175439	0.0015	0.012931	0.0218579	0.0253165	0.1631799	0.025	0.0079576	0.0131926	0.0186916	0.0050633	0.0120192	0.0149254	0.009434	0.0273632	0.0188356	0.0066372	0.0225694	0.0786106	0.0129496	0.0212766	0.01	0.022508	0.0142518	0.004065	0.02	0.0015	0.0123153	0.0223464	0.027027	0.0037736	0.0175439	0.029703	0.0140845	0.0224719	0.0143541	0.0015	0.0074627	0.0213675	0.0248756	0.0402685	0.0364964	0.0184049	0.0222222	
Hibou moyen-duc	0.0	0.0	0.0	0.0	0.005848	0.0	0.0	0.0	0.0	0.0167364	0.0015	0.0	0.0	0.0	0.0025316	0.0	0.0	0.0	0.0049751	0.0	0.0	0.0015	0.0109689	0.0043165	0.0026596	0.0	0.0	0.0015	0.0	0.01	0.0	0.0	0.0	0.0	0.0	0.0	0.0	0.0	0.0	0.0	0.0	0.0	0.0	0.0	0.0	0.0	0.0	0.0	
Asio sp.	0.0	0.0	0.0	0.0	0.0	0.0	0.0	0.0	0.0	0.0	0.0	0.0	0.0	0.0	0.0	0.0	0.0	0.0	0.0	0.0017123	0.0	0.0	0.0	0.0	0.0	0.0	0.0	0.0	0.0	0.0	0.0	0.0	0.0	0.0	0.0	0.0	0.0	0.0	0.0	0.0	0.0	0.0	0.0	0.0	0.0	0.0	0.0	0.0	
Huppe fasciée	0.0242424	0.0015	0.0090498	0.0147059	0.0116959	0.0118343	0.012931	0.0273224	0.0189873	0.0292887	0.055	0.1034483	0.0949868	0.1214953	0.1164557	0.1322115	0.1144279	0.0716981	0.0820896	0.1181507	0.130531	0.0885417	0.0840951	0.0920863	0.0851064	0.1066667	0.1382637	0.1140143	0.101626	0.115	0.0659341	0.046798	0.0391061	0.0405405	0.0113208	0.002924	0.0049505	0.0046948	0.0	0.0191388	0.0	0.0074627	0.0213675	0.0099502	0.0201342	0.0218978	0.006135	0.0222222	
Guêpier d'Europe	0.0	0.0	0.0	0.0	0.0	0.0	0.0	0.0	0.0	0.0	0.0	0.0026525	0.0290237	0.05919	0.0911392	0.0865385	0.0870647	0.045283	0.0820896	0.0873288	0.050885	0.0590278	0.0895795	0.0633094	0.0904255	0.0766667	0.1157556	0.0855107	0.0609756	0.09	0.0824176	0.0344828	0.0055866	0.0	0.0075472	0.0	0.0	0.0	0.0	0.0	0.0	0.0	0.0	0.0	0.0	0.0	0.0	0.0	
Martin-pêcheur d'Europe	0.0848485	0.0813008	0.0361991	0.0245098	0.0643275	0.0414201	0.0258621	0.0327869	0.1139241	0.0376569	0.035	0.0265252	0.0105541	0.0186916	0.0202532	0.0168269	0.0074627	0.0037736	0.0199005	0.010274	0.0199115	0.015625	0.0109689	0.0129496	0.0159574	0.0266667	0.0450161	0.0380048	0.097561	0.105	0.0824176	0.0665025	0.122905	0.0608108	0.0792453	0.0526316	0.0594059	0.1032864	0.0786517	0.0813397	0.0743243	0.1343284	0.0811966	0.079602	0.0469799	0.0729927	0.0306748	0.0444444	
Torcol fourmilier	0.0060606	0.0	0.0	0.0	0.0	0.0059172	0.0043103	0.0	0.0	0.0	0.0	0.005305	0.0079156	0.0124611	0.0101266	0.0072115	0.0298507	0.0207547	0.0099502	0.005137	0.0044248	0.0069444	0.0127971	0.0043165	0.0026596	0.0	0.0032154	0.0	0.0	0.0	0.0	0.0049261	0.0055866	0.0135135	0.0075472	0.0116959	0.0	0.0046948	0.005618	0.0	0.0	0.0	0.0	0.0	0.0	0.0	0.0	0.0	
Pic épeiche	0.1151515	0.1138211	0.0904977	0.1127451	0.1520468	0.1242604	0.125	0.1639344	0.1518987	0.125523	0.17	0.1485411	0.1266491	0.1433022	0.1088608	0.0745192	0.079602	0.0471698	0.0671642	0.0633562	0.1061947	0.0850694	0.0621572	0.1151079	0.106383	0.13	0.1382637	0.128266	0.1707317	0.15	0.1648352	0.1206897	0.1396648	0.1216216	0.1924528	0.1637427	0.1435644	0.1502347	0.1685393	0.1674641	0.0810811	0.1641791	0.1495726	0.2039801	0.1677852	0.1970803	0.1042945	0.0777778	
Dendrocopos sp.	0.0	0.0	0.0	0.0	0.0	0.0	0.0	0.0	0.0	0.0	0.0	0.0	0.0	0.0	0.0	0.0	0.0	0.0	0.0	0.0017123	0.0	0.0	0.0	0.0	0.0	0.0	0.0	0.0	0.0	0.0	0.0	0.0	0.0	0.0	0.0	0.0	0.0	0.0	0.0	0.0	0.0	0.0	0.0	0.0	0.0	0.0	0.0	0.0	
Pic épeichette	0.0181818	0.0243902	0.0090498	0.0196078	0.0350877	0.035503	0.0258621	0.0437158	0.056962	0.0251046	0.03	0.0424403	0.0211082	0.046729	0.0075949	0.0216346	0.0074627	0.0056604	0.0074627	0.0034247	0.0110619	0.0104167	0.0073126	0.0100719	0.0106383	0.0033333	0.0096463	0.0142518	0.0325203	0.015	0.021978	0.0221675	0.0	0.027027	0.0113208	0.0321637	0.0247525	0.0140845	0.011236	0.0143541	0.0135135	0.0373134	0.0555556	0.0149254	0.0134228	0.0291971	0.0122699	0.0111111	
Pic de Sharpe	0.1272727	0.1300813	0.2352941	0.2892157	0.2339181	0.2721893	0.125	0.3278689	0.2341772	0.1924686	0.25	0.2917772	0.2427441	0.317757	0.2050633	0.1802885	0.1890547	0.1509434	0.1492537	0.1592466	0.1814159	0.109375	0.0749543	0.1194245	0.162234	0.2233333	0.2315113	0.2707838	0.2113821	0.23	0.2912088	0.179803	0.2402235	0.2567568	0.2603774	0.2280702	0.2178218	0.1737089	0.2022472	0.215311	0.1486486	0.2089552	0.1153846	0.2487562	0.2214765	0.2116788	0.208589	0.1777778	
pic sp.	0.0	0.0	0.0	0.0	0.0	0.0	0.0	0.0	0.0063291	0.0083682	0.0	0.0	0.0	0.0	0.0	0.0048077	0.0	0.0	0.0	0.0	0.0	0.0	0.0	0.0	0.0	0.0	0.0	0.0	0.0	0.0	0.0	0.0	0.0	0.0	0.0037736	0.0	0.0	0.0	0.0	0.0	0.0067568	0.0	0.0	0.0	0.0	0.0	0.0	0.0	
Faucon crécerellette	0.0	0.0	0.0	0.0	0.0	0.0	0.0	0.0	0.0	0.0	0.0	0.0	0.0	0.0	0.0	0.0	0.0	0.0	0.0	0.0	0.0	0.0	0.0	0.0	0.0	0.0	0.0	0.0	0.0	0.005	0.0	0.0098522	0.0111732	0.0	0.0037736	0.0	0.0148515	0.0	0.0	0.0	0.0	0.0	0.0	0.0	0.0	0.0	0.0	0.0	
Faucon crécerelle	0.1030303	0.097561	0.0588235	0.0539216	0.0935673	0.0532544	0.0862069	0.0765027	0.0886076	0.0669456	0.09	0.0928382	0.0474934	0.0747664	0.0658228	0.0552885	0.0522388	0.0301887	0.0522388	0.0359589	0.079646	0.0833333	0.0676417	0.076259	0.087766	0.1233333	0.170418	0.1900238	0.1747967	0.2	0.1208791	0.2093596	0.1787709	0.1621622	0.1735849	0.128655	0.0742574	0.0657277	0.0842697	0.0669856	0.0810811	0.1567164	0.1025641	0.1044776	0.1006711	0.1313869	0.0490798	0.1	
Faucon crécerellette ou F. crécerelle	0.0	0.0	0.0	0.0	0.0	0.0	0.0	0.0	0.0	0.0	0.0	0.0	0.0026385	0.0	0.0	0.0	0.0	0.0	0.0	0.0	0.0	0.0	0.0	0.0	0.0	0.0	0.0	0.0	0.0	0.0	0.0	0.0049261	0.0	0.0	0.0	0.0	0.0	0.0	0.0	0.0	0.0	0.0	0.0	0.0	0.0	0.0	0.0	0.0	
Faucon kobez	0.0	0.0	0.0	0.0	0.0	0.0	0.0	0.0	0.0	0.0	0.0	0.0	0.0	0.0	0.0	0.0	0.0	0.0	0.0	0.0	0.0022124	0.0104167	0.0054845	0.0	0.0	0.0	0.0	0.0	0.0	0.0	0.0	0.0	0.0	0.0	0.0	0.0	0.0	0.0	0.0	0.0	0.0	0.0	0.0	0.0	0.0	0.0	0.0	0.0	
Faucon d'Éléonore	0.0	0.0	0.0	0.0	0.0	0.0	0.0	0.0	0.0	0.0	0.0	0.0	0.0	0.0	0.0	0.0	0.0	0.0	0.0	0.0	0.0	0.0	0.0	0.0	0.0	0.0015	0.0	0.0	0.0	0.0	0.0	0.0	0.0	0.0	0.0	0.0	0.0	0.0	0.0	0.0	0.0	0.0	0.0	0.0	0.0	0.0	0.0	0.0	
Faucon émerillon	0.0060606	0.0162602	0.0	0.0	0.005848	0.0	0.0015	0.0163934	0.0	0.0083682	0.0	0.005305	0.0026385	0.0	0.0	0.0	0.0	0.0	0.0	0.0	0.0	0.0	0.0	0.0	0.0	0.0	0.0	0.0	0.0	0.0	0.0	0.0	0.0	0.0	0.0037736	0.0	0.0	0.0	0.0	0.0015	0.0	0.0223881	0.008547	0.0149254	0.0134228	0.0072993	0.006135	0.0111111	
Faucon hobereau	0.0	0.0	0.0	0.0	0.0	0.0	0.0	0.0	0.0	0.0	0.0	0.0	0.0079156	0.0031153	0.0151899	0.0432692	0.0522388	0.0226415	0.0323383	0.0530822	0.0442478	0.0434028	0.0420475	0.0330935	0.0345745	0.0433333	0.0643087	0.0736342	0.0569106	0.095	0.0769231	0.0960591	0.0893855	0.0608108	0.0754717	0.0584795	0.039604	0.0046948	0.005618	0.0	0.0	0.0	0.0	0.0	0.0	0.0	0.0	0.0	
Faucon pèlerin	0.0727273	0.0325203	0.0316742	0.0392157	0.0526316	0.112426	0.0560345	0.0874317	0.0696203	0.0669456	0.055	0.0636605	0.0474934	0.0436137	0.0379747	0.0336538	0.0373134	0.0188679	0.039801	0.0342466	0.0265487	0.0260417	0.0182815	0.0129496	0.0132979	0.02	0.0418006	0.0308789	0.0365854	0.025	0.032967	0.0369458	0.0446927	0.027027	0.0377358	0.0380117	0.0148515	0.0140845	0.0393258	0.0334928	0.027027	0.0746269	0.0299145	0.0348259	0.0268456	0.0072993	0.0368098	0.0555556	
petit faucon sp.	0.0	0.0	0.0	0.0	0.0	0.0	0.0	0.0	0.0	0.0	0.0	0.0	0.0	0.0	0.0025316	0.0	0.0	0.0	0.0	0.0	0.0	0.0	0.0	0.0	0.0	0.0	0.0	0.0	0.0	0.0	0.0	0.0	0.0	0.0	0.0	0.0	0.0	0.0	0.0	0.0	0.0	0.0	0.0	0.0	0.0	0.0	0.0	0.0	
Falco sp.	0.0	0.0	0.0	0.0	0.0	0.0	0.0	0.0	0.0	0.0	0.0	0.0	0.0	0.0	0.0	0.0	0.0	0.0	0.0049751	0.0	0.0	0.0034722	0.0018282	0.0028777	0.0079787	0.0033333	0.0	0.0	0.004065	0.005	0.0054945	0.0049261	0.0	0.0	0.0037736	0.005848	0.009901	0.0	0.0	0.0	0.0067568	0.0	0.0	0.0	0.0	0.0	0.006135	0.0	
rapace diurne sp.	0.0	0.0	0.0	0.0	0.0	0.0	0.0	0.0	0.0063291	0.0041841	0.0	0.0	0.0	0.0	0.0	0.0048077	0.0024876	0.0037736	0.0	0.0034247	0.0044248	0.0	0.0	0.0	0.0	0.0	0.0	0.0	0.0	0.0	0.0	0.0024631	0.0	0.0	0.0075472	0.0	0.0	0.0	0.0	0.0	0.0	0.0	0.0	0.0	0.0	0.0	0.0	0.0	
Calopsitte élégante	0.0	0.0	0.0	0.0	0.0	0.0	0.0	0.0	0.0	0.0	0.0	0.0	0.0	0.0	0.0	0.0	0.0	0.0015	0.0	0.0	0.0	0.0	0.0	0.0	0.0	0.0	0.0	0.0	0.0	0.0	0.0	0.0	0.0	0.0	0.0	0.0	0.0	0.0	0.0	0.0	0.0	0.0	0.0	0.0	0.0	0.0	0.0	0.0	
Perruche à collier	0.0	0.0	0.0	0.0	0.0	0.0	0.0	0.0	0.0015	0.0	0.0	0.0	0.0	0.0	0.0	0.0	0.0	0.0	0.0	0.0	0.0	0.0	0.0	0.0	0.0	0.0	0.0	0.0	0.0	0.0	0.0	0.0	0.0	0.0	0.0	0.002924	0.0	0.0	0.0	0.0	0.0	0.0	0.0	0.0	0.0	0.0	0.0	0.0	
Perruche ondulée	0.0	0.0	0.0	0.0	0.0	0.0	0.0	0.0	0.0	0.0	0.0	0.0	0.0	0.0	0.0	0.0	0.0	0.0	0.0	0.0	0.0	0.0	0.0	0.0	0.0	0.0	0.0	0.0	0.0	0.0	0.0	0.0	0.0	0.0	0.0	0.0	0.0	0.0	0.0	0.0047847	0.0	0.0	0.0	0.0	0.0	0.0	0.0	0.0	
Inséparable rosegorge	0.0	0.0	0.0	0.0	0.0	0.0	0.0	0.0	0.0	0.0	0.0	0.0	0.0	0.0	0.0	0.0	0.0	0.0	0.0	0.0	0.0	0.0	0.0	0.0	0.0	0.0	0.0	0.0023753	0.0	0.0	0.0	0.0	0.0	0.0	0.0	0.0	0.0	0.0	0.0	0.0	0.0	0.0	0.0	0.0	0.0	0.0	0.0	0.0	
Loriot d'Europe	0.0	0.0	0.0	0.0	0.0	0.0	0.0	0.0	0.0	0.0015	0.0	0.0	0.0026385	0.0062305	0.0075949	0.0721154	0.1442786	0.1339623	0.1442786	0.1386986	0.1858407	0.1666667	0.1261426	0.1611511	0.1276596	0.1166667	0.1350482	0.152019	0.1585366	0.13	0.0604396	0.0344828	0.0335196	0.0067568	0.0015	0.0	0.0	0.0	0.0	0.0	0.0	0.0	0.0	0.0	0.0	0.0	0.0	0.0	
Pie-grièche écorcheur	0.0	0.0	0.0	0.0	0.0	0.0	0.0	0.0	0.0	0.0	0.0	0.0	0.0	0.0	0.0	0.0	0.0024876	0.0113208	0.0273632	0.0650685	0.1371681	0.1770833	0.1297989	0.1280576	0.0531915	0.0666667	0.073955	0.0688836	0.0609756	0.06	0.0659341	0.0344828	0.0	0.0	0.0015	0.0	0.0	0.0	0.0	0.0	0.0	0.0	0.0	0.0	0.0	0.0	0.0	0.0	
Pie-grièche méridionale	0.0727273	0.0406504	0.0452489	0.0539216	0.0526316	0.0532544	0.0301724	0.0273224	0.0379747	0.0167364	0.02	0.0159151	0.0158311	0.0498442	0.035443	0.0216346	0.0298507	0.0339623	0.039801	0.0291096	0.0553097	0.0815972	0.0420475	0.0330935	0.0478723	0.03	0.0450161	0.04038	0.0406504	0.105	0.0494505	0.046798	0.0335196	0.0405405	0.045283	0.0555556	0.0346535	0.0657277	0.0337079	0.0478469	0.027027	0.0970149	0.0299145	0.0597015	0.0939597	0.0948905	0.0184049	0.0666667	
Pie-grièche à tête rousse	0.0	0.0	0.0	0.0	0.0	0.0	0.0	0.0	0.0	0.0015	0.0	0.0	0.0	0.0031153	0.0075949	0.0048077	0.0174129	0.0037736	0.0015	0.005137	0.0066372	0.0069444	0.0146252	0.0086331	0.0159574	0.0033333	0.0096463	0.0332542	0.0284553	0.04	0.0015	0.0221675	0.0223464	0.0067568	0.0037736	0.0	0.0	0.0	0.0	0.0	0.0	0.0	0.0	0.0	0.0	0.0	0.0	0.0	
Laniidés sp.	0.0	0.0	0.0	0.0	0.0	0.0	0.0	0.0	0.0	0.0	0.0	0.0	0.0	0.0	0.0	0.0	0.0	0.0	0.0	0.0	0.0	0.0	0.0	0.0014388	0.0	0.0	0.0	0.0	0.0	0.0	0.0	0.0	0.0	0.0	0.0	0.0	0.0	0.0	0.0	0.0	0.0	0.0	0.0	0.0	0.0	0.0	0.0	0.0	
Geai des chênes	0.3272727	0.2845528	0.2669683	0.3529412	0.2280702	0.2307692	0.1767241	0.2240437	0.1835443	0.1966527	0.235	0.2466844	0.2559367	0.2461059	0.2177215	0.2331731	0.2014925	0.1735849	0.1467662	0.1678082	0.2544248	0.25	0.1882998	0.2028777	0.2074468	0.2933333	0.2958199	0.2731591	0.2845528	0.29	0.2912088	0.2660099	0.2625698	0.2027027	0.3207547	0.374269	0.3910891	0.42723	0.4662921	0.4593301	0.3783784	0.4104478	0.3076923	0.3631841	0.409396	0.3576642	0.2208589	0.1888889	
Pie-bleue ibérique	0.0	0.0	0.0	0.0	0.005848	0.0	0.0	0.0	0.0	0.0	0.0	0.0	0.0026385	0.0031153	0.0	0.0	0.0	0.0	0.0	0.0	0.0	0.0	0.0036563	0.0015	0.0026596	0.0015	0.0	0.0	0.0	0.0	0.0	0.0015	0.0	0.0	0.0	0.0015	0.0	0.0046948	0.0	0.0	0.0	0.0	0.0	0.0	0.0067114	0.0	0.0	0.0	
Pie bavarde	0.2181818	0.1463415	0.1131222	0.1617647	0.1111111	0.1005917	0.125	0.1311475	0.1708861	0.1004184	0.1	0.1034483	0.1055409	0.1308411	0.0886076	0.0961538	0.1044776	0.0698113	0.0646766	0.0650685	0.130531	0.1215278	0.095064	0.0719424	0.0824468	0.0666667	0.0868167	0.1045131	0.1219512	0.14	0.0989011	0.0788177	0.1340782	0.1283784	0.0981132	0.1140351	0.0990099	0.1126761	0.1292135	0.138756	0.1824324	0.2462687	0.0854701	0.1393035	0.1342282	0.1605839	0.0858896	0.2	
Crave à bec rouge	0.0	0.0081301	0.0	0.0	0.0	0.0	0.0	0.010929	0.0	0.0	0.0	0.0015	0.0	0.0	0.0	0.0024038	0.0049751	0.0018868	0.0	0.0085616	0.0066372	0.0034722	0.0036563	0.0014388	0.0053191	0.0	0.0	0.0	0.0	0.005	0.0015	0.0024631	0.0	0.0	0.0	0.0116959	0.0	0.0046948	0.0	0.0	0.0	0.0	0.008547	0.0049751	0.0067114	0.0072993	0.006135	0.0	
Choucas des tours	0.0	0.0	0.0	0.0	0.0015	0.0	0.0	0.0	0.0	0.0	0.0	0.0	0.0	0.0	0.0	0.0	0.0	0.0	0.0	0.0	0.0	0.0	0.0	0.0	0.0	0.0	0.0	0.0	0.0	0.0	0.0	0.0	0.0	0.0	0.0	0.0	0.0	0.0	0.0	0.0	0.0	0.0	0.0	0.0	0.0	0.0	0.0	0.0	
Corneille noire	0.569697	0.5609756	0.5384615	0.5784314	0.5321637	0.5325444	0.487069	0.5027322	0.5	0.3723849	0.615	0.530504	0.4406332	0.4672897	0.3113924	0.3870192	0.358209	0.2698113	0.3059701	0.3784247	0.4336283	0.3784722	0.3071298	0.2733813	0.2393617	0.2833333	0.3954984	0.4275534	0.4471545	0.49	0.4010989	0.4285714	0.4972067	0.5540541	0.554717	0.4532164	0.480198	0.4600939	0.5505618	0.4162679	0.4459459	0.5671642	0.4230769	0.4825871	0.5167785	0.5109489	0.4478528	0.4777778	
corneille sp.	0.0	0.0	0.0	0.0	0.0	0.0	0.0	0.0	0.0	0.0	0.0	0.0	0.0	0.0	0.0025316	0.0024038	0.0024876	0.0	0.0	0.0	0.0	0.0	0.0	0.0	0.0	0.0	0.0	0.0	0.0	0.0	0.0	0.0	0.0	0.0	0.0	0.0	0.0	0.0	0.0	0.0	0.0	0.0	0.0	0.0	0.0	0.0	0.0	0.0	
Grand Corbeau	0.0363636	0.0487805	0.0316742	0.0735294	0.0701754	0.035503	0.0775862	0.0491803	0.0506329	0.0669456	0.09	0.0875332	0.0897098	0.0809969	0.0531646	0.0600962	0.0820896	0.0490566	0.0472637	0.0496575	0.0597345	0.078125	0.0255941	0.0201439	0.0106383	0.03	0.0160772	0.0142518	0.0243902	0.025	0.0274725	0.0295567	0.0391061	0.0472973	0.0566038	0.0555556	0.0742574	0.0375587	0.0449438	0.0430622	0.0608108	0.1044776	0.0641026	0.079602	0.0738255	0.0583942	0.0368098	0.0777778	
corneille ou corbeau sp.	0.0	0.0081301	0.0	0.0	0.0	0.0	0.0	0.0	0.0	0.0	0.0	0.0	0.0	0.0	0.0	0.0024038	0.0024876	0.0037736	0.0024876	0.0017123	0.0	0.0017361	0.0	0.0	0.0	0.0	0.0	0.0023753	0.0	0.0	0.0	0.0	0.0	0.0	0.0	0.0	0.0	0.0	0.0	0.0	0.0	0.0	0.0042735	0.0	0.0	0.0	0.0	0.0	
Mésange noire	0.3272727	0.3414634	0.3348416	0.3578431	0.2573099	0.3491124	0.3017241	0.3442623	0.4050633	0.2677824	0.32	0.3687003	0.3403694	0.3738318	0.3012658	0.2091346	0.2313433	0.2622642	0.238806	0.2157534	0.2964602	0.1666667	0.1096892	0.1726619	0.1968085	0.2966667	0.2186495	0.2874109	0.2073171	0.25	0.3406593	0.2044335	0.2458101	0.2837838	0.2679245	0.2631579	0.2623762	0.2206573	0.2078652	0.215311	0.1959459	0.2686567	0.2222222	0.2636816	0.3489933	0.2846715	0.2944785	0.2888889	
Mésange huppée	0.2666667	0.3658537	0.2986425	0.3235294	0.2163743	0.2130178	0.1939655	0.2349727	0.1962025	0.1631799	0.19	0.2307692	0.1899736	0.1931464	0.1670886	0.1225962	0.1517413	0.0981132	0.1268657	0.1386986	0.1969027	0.1458333	0.1078611	0.1683453	0.2047872	0.3	0.1961415	0.2684086	0.1666667	0.215	0.2912088	0.229064	0.2011173	0.2567568	0.2490566	0.248538	0.1881188	0.1830986	0.2134831	0.2296651	0.1486486	0.2537313	0.2136752	0.3333333	0.3154362	0.2481752	0.3128834	0.2777778	
Mésange bleue	0.3151515	0.2764228	0.3076923	0.372549	0.2982456	0.3786982	0.3189655	0.3497268	0.4493671	0.2887029	0.4	0.3846154	0.298153	0.3333333	0.3164557	0.3149038	0.3034826	0.2018868	0.2014925	0.1832192	0.2455752	0.2065972	0.1553931	0.1597122	0.1515957	0.2	0.1961415	0.1947743	0.2804878	0.375	0.2252747	0.2192118	0.2513966	0.2364865	0.290566	0.3011696	0.3217822	0.2629108	0.1853933	0.2535885	0.2297297	0.380597	0.2478632	0.318408	0.2684564	0.2992701	0.2515337	0.3666667	
Mésange charbonnière	0.4606061	0.4796748	0.4027149	0.495098	0.4561404	0.5384615	0.5043103	0.5409836	0.5886076	0.4225941	0.57	0.5623342	0.4960422	0.5046729	0.4303797	0.4639423	0.3930348	0.3132075	0.2661692	0.3202055	0.3340708	0.2465278	0.1718464	0.1482014	0.1702128	0.2033333	0.2057878	0.2280285	0.3495935	0.33	0.3131868	0.2758621	0.3687151	0.277027	0.354717	0.3450292	0.4653465	0.3849765	0.3146067	0.4210526	0.3581081	0.4552239	0.4316239	0.3681592	0.3959732	0.4014599	0.3067485	0.5777778	
Alouette lulu	0.030303	0.0325203	0.0542986	0.1078431	0.122807	0.183432	0.1982759	0.2349727	0.1329114	0.1966527	0.2	0.2387268	0.2506596	0.2866044	0.2101266	0.1875	0.261194	0.2018868	0.1965174	0.2191781	0.2411504	0.1944444	0.1645338	0.1366906	0.1675532	0.1166667	0.1318328	0.0926366	0.0731707	0.08	0.0769231	0.0714286	0.122905	0.1554054	0.2528302	0.2573099	0.2722772	0.258216	0.258427	0.1483254	0.0945946	0.1119403	0.1410256	0.0646766	0.0536913	0.0656934	0.0306748	0.0333333	
Alouette des champs	0.030303	0.0650407	0.0316742	0.0539216	0.0818713	0.0828402	0.0905172	0.1748634	0.0632911	0.0794979	0.105	0.1432361	0.1503958	0.2024922	0.1063291	0.0913462	0.1567164	0.1641509	0.181592	0.1986301	0.2013274	0.2760417	0.2431444	0.2100719	0.1728723	0.1133333	0.1350482	0.0760095	0.0853659	0.09	0.1098901	0.0788177	0.1117318	0.1351351	0.109434	0.125731	0.0841584	0.1079812	0.1348315	0.138756	0.0945946	0.1492537	0.0769231	0.079602	0.0671141	0.080292	0.0490798	0.0555556	
Cochevis de Thékla	0.0	0.0	0.0045249	0.0	0.0116959	0.0	0.0	0.0	0.0	0.0083682	0.005	0.0079576	0.0105541	0.0062305	0.0050633	0.0024038	0.0124378	0.0018868	0.0015	0.005137	0.0	0.0017361	0.0164534	0.0043165	0.0	0.0066667	0.0	0.0	0.004065	0.01	0.0	0.0024631	0.0111732	0.0067568	0.0075472	0.0087719	0.009901	0.0140845	0.005618	0.0047847	0.0	0.0074627	0.008547	0.0	0.0134228	0.0072993	0.0	0.0	
Cochevis huppé	0.030303	0.0081301	0.0090498	0.0147059	0.0233918	0.0236686	0.0086207	0.010929	0.0063291	0.0083682	0.01	0.0079576	0.0079156	0.0155763	0.0101266	0.0048077	0.0049751	0.0018868	0.0024876	0.0017123	0.0022124	0.0034722	0.0036563	0.0057554	0.0053191	0.0	0.0032154	0.0023753	0.004065	0.005	0.010989	0.0024631	0.0	0.0067568	0.0113208	0.0116959	0.0049505	0.0140845	0.011236	0.0287081	0.0	0.0223881	0.025641	0.0298507	0.0134228	0.0218978	0.006135	0.0222222	
Cochevis de Thékla ou C. huppé	0.0	0.0	0.0	0.0	0.005848	0.0059172	0.0	0.0	0.0	0.0	0.0	0.0	0.0	0.0	0.0	0.0	0.0	0.0	0.0	0.0	0.0	0.0017361	0.0036563	0.0028777	0.0	0.0	0.0	0.0	0.0	0.0	0.0	0.0	0.0	0.0	0.0	0.0	0.0049505	0.0	0.0	0.0	0.0	0.0	0.0	0.0	0.0134228	0.0072993	0.006135	0.0	
Alouette calandrelle	0.0	0.0	0.0	0.0	0.0	0.0	0.0	0.0	0.0	0.0	0.0	0.0	0.0	0.0	0.0	0.0	0.0	0.0	0.0	0.0	0.0	0.0	0.0	0.0	0.0	0.0	0.0	0.0	0.0	0.0	0.0	0.0	0.0	0.0	0.0	0.0	0.0049505	0.0	0.0	0.0	0.0	0.0	0.0	0.0	0.0	0.0	0.0	0.0	
alaudidé sp.	0.0	0.0	0.0	0.0	0.0	0.0	0.0	0.0	0.0	0.0	0.0	0.0	0.0	0.0	0.0	0.0	0.0	0.0	0.0	0.0	0.0	0.0	0.0	0.0	0.0	0.0	0.0	0.0	0.0	0.0	0.0	0.0	0.0	0.0	0.0	0.0	0.0049505	0.0046948	0.0	0.0	0.0067568	0.0	0.0	0.0	0.0	0.0	0.006135	0.0	
Cisticole des joncs	0.0121212	0.0243902	0.0090498	0.0098039	0.0175439	0.0059172	0.0172414	0.0273224	0.0126582	0.0251046	0.03	0.0212202	0.0316623	0.0436137	0.0329114	0.03125	0.0323383	0.0207547	0.0472637	0.0188356	0.0176991	0.0190972	0.0365631	0.0374101	0.0398936	0.03	0.0514469	0.0617577	0.0406504	0.045	0.0274725	0.0369458	0.0446927	0.027027	0.0415094	0.0263158	0.029703	0.028169	0.011236	0.0287081	0.0202703	0.0373134	0.017094	0.0248756	0.0	0.0072993	0.0	0.0222222	
Hypolaïs polyglotte	0.0	0.0	0.0	0.0	0.0	0.0	0.0	0.0	0.0	0.0	0.0	0.0	0.0026385	0.0015	0.0075949	0.0576923	0.1144279	0.0773585	0.1044776	0.1421233	0.1769912	0.1128472	0.0859232	0.1007194	0.0824468	0.0433333	0.0803859	0.0855107	0.0853659	0.095	0.0769231	0.0492611	0.0111732	0.0135135	0.0037736	0.0116959	0.0	0.0	0.0	0.0	0.0	0.0	0.0	0.0	0.0	0.0	0.0	0.0	
Phragmite des joncs	0.0	0.0	0.0	0.0	0.0	0.0	0.0	0.0	0.0	0.0	0.0	0.0	0.0	0.0	0.0	0.0	0.0	0.0	0.0	0.0	0.0	0.0	0.0	0.0	0.0	0.0	0.0032154	0.0023753	0.0	0.0	0.0	0.0024631	0.0	0.0067568	0.0075472	0.002924	0.0	0.0	0.0	0.0	0.0	0.0	0.0	0.0	0.0	0.0	0.0	0.0	
Rousserolle effarvatte	0.0	0.0	0.0	0.0	0.0	0.0	0.0	0.0	0.0	0.0	0.0	0.0	0.0	0.0	0.0	0.0024038	0.0	0.0	0.0	0.0	0.0	0.0	0.0	0.0	0.0	0.0	0.0	0.0071259	0.004065	0.015	0.0164835	0.0270936	0.0111732	0.0202703	0.0113208	0.0087719	0.0	0.0046948	0.0	0.0	0.0	0.0	0.0	0.0	0.0	0.0	0.0	0.0	
Rousserolle turdoïde	0.0	0.0	0.0	0.0	0.0	0.0	0.0	0.0	0.0	0.0	0.0	0.0	0.0	0.0	0.0	0.0	0.0	0.0	0.0024876	0.0017123	0.0022124	0.0017361	0.0	0.0	0.0	0.0	0.0	0.0	0.0	0.0	0.0	0.0	0.0	0.0	0.0	0.0	0.0	0.0	0.0	0.0	0.0	0.0	0.0	0.0	0.0	0.0	0.0	0.0	
Locustelle luscinioïde	0.0	0.0	0.0	0.0	0.0	0.0	0.0	0.0	0.0	0.0	0.0	0.0	0.0	0.0	0.0	0.0	0.0	0.0	0.0	0.0	0.0	0.0	0.0	0.0	0.0	0.0	0.0	0.0071259	0.0	0.0	0.0054945	0.0024631	0.0	0.0	0.0	0.0	0.0	0.0	0.0	0.0	0.0	0.0	0.0	0.0	0.0	0.0	0.0	0.0	
Locustelle tachetée	0.0	0.0	0.0	0.0	0.0	0.0	0.0	0.0	0.0	0.0	0.0	0.0	0.0026385	0.0	0.0	0.0	0.0	0.0	0.0	0.0	0.0	0.0	0.0	0.0	0.0	0.0	0.0	0.0023753	0.004065	0.0	0.021978	0.0049261	0.0335196	0.0015	0.0037736	0.002924	0.0049505	0.0046948	0.005618	0.0	0.0	0.0	0.0	0.0	0.0	0.0	0.0	0.0	
Hirondelle de rivage	0.0	0.0	0.0	0.0	0.0	0.0	0.0	0.0054645	0.0189873	0.0125523	0.02	0.0503979	0.0316623	0.0404984	0.0455696	0.0456731	0.0547264	0.0301887	0.0348259	0.0513699	0.1106195	0.0746528	0.0585009	0.0446043	0.0212766	0.0466667	0.0643087	0.0855107	0.097561	0.065	0.043956	0.0418719	0.027933	0.0202703	0.0015	0.002924	0.0	0.0	0.0	0.0	0.0	0.0	0.0	0.0	0.0	0.0	0.0	0.0	
Hirondelle de rochers	0.0424242	0.0243902	0.0904977	0.0735294	0.1988304	0.0887574	0.1034483	0.1311475	0.1518987	0.1464435	0.155	0.1511936	0.1292876	0.0965732	0.1037975	0.1057692	0.1119403	0.0792453	0.0945274	0.0719178	0.1017699	0.1354167	0.0767824	0.0633094	0.0558511	0.0833333	0.0996785	0.0736342	0.0609756	0.07	0.0824176	0.1034483	0.0726257	0.0878378	0.0867925	0.0701754	0.0841584	0.1314554	0.1123596	0.15311	0.1351351	0.1268657	0.0598291	0.0597015	0.0536913	0.0437956	0.0368098	0.1111111	
Hirondelle rustique	0.0015	0.0081301	0.0045249	0.0	0.0	0.0	0.0172414	0.0382514	0.1139241	0.1171548	0.175	0.2519894	0.2480211	0.2616822	0.2227848	0.2307692	0.2636816	0.2	0.1716418	0.2431507	0.2477876	0.2569444	0.213894	0.1899281	0.1675532	0.2533333	0.3858521	0.3634204	0.3739837	0.38	0.3626374	0.3128079	0.2849162	0.1554054	0.0830189	0.0438596	0.0049505	0.0046948	0.0	0.0047847	0.0	0.0	0.0	0.0	0.0	0.0	0.0	0.0	
Hirondelle de fenêtre	0.0	0.0	0.0	0.0	0.0175439	0.0059172	0.0215517	0.0054645	0.0632911	0.0585774	0.12	0.1193634	0.1609499	0.1339564	0.1493671	0.1802885	0.1542289	0.1188679	0.1442786	0.1609589	0.2013274	0.2326389	0.1736746	0.1323741	0.1382979	0.2166667	0.2572347	0.2755344	0.2845528	0.3	0.2637363	0.2093596	0.1396648	0.1689189	0.1433962	0.1081871	0.0346535	0.0093897	0.011236	0.0	0.0	0.0	0.0042735	0.0	0.0	0.0	0.0	0.0	
Hirondelle de fenêtre ou H. de Pallas	0.0	0.0	0.0	0.0	0.0	0.0	0.0	0.0	0.0	0.0	0.0	0.0	0.0	0.0	0.0	0.0	0.0	0.0	0.0	0.0017123	0.0	0.0	0.0	0.0	0.0	0.0	0.0	0.0	0.0	0.0	0.0	0.0	0.0	0.0	0.0	0.0	0.0	0.0	0.0	0.0	0.0	0.0	0.0	0.0	0.0	0.0	0.0	0.0	
Hirondelle rousseline	0.0	0.0	0.0	0.0	0.0	0.0	0.0	0.0	0.0316456	0.0334728	0.065	0.0875332	0.0659631	0.0716511	0.0962025	0.0985577	0.1144279	0.0509434	0.0820896	0.0941781	0.079646	0.0434028	0.0585009	0.0532374	0.0531915	0.1166667	0.1446945	0.1567696	0.1219512	0.165	0.1593407	0.1674877	0.1005587	0.1081081	0.1245283	0.0964912	0.0693069	0.0610329	0.0449438	0.0239234	0.0135135	0.0074627	0.0	0.0	0.0	0.0	0.0	0.0	
hirondelle sp.	0.0	0.0	0.0	0.004902	0.0	0.0	0.0043103	0.0	0.0126582	0.0125523	0.0	0.0	0.0079156	0.0155763	0.0	0.0015	0.0	0.0018868	0.0024876	0.005137	0.0	0.0	0.0018282	0.0014388	0.0	0.0	0.0	0.0023753	0.0	0.01	0.0054945	0.0049261	0.0	0.0	0.0037736	0.0204678	0.0049505	0.0015	0.0	0.0015	0.0067568	0.0	0.0	0.0049751	0.0	0.0	0.0	0.0	
Pouillot de Bonelli	0.0	0.0	0.0	0.0	0.0	0.0	0.0	0.0	0.0	0.0	0.0	0.0026525	0.0131926	0.0373832	0.0734177	0.1153846	0.1144279	0.1188679	0.1492537	0.1558219	0.1637168	0.1614583	0.1096892	0.1482014	0.1223404	0.0966667	0.0932476	0.0973872	0.1382114	0.11	0.1153846	0.0492611	0.0111732	0.0	0.0	0.0087719	0.0049505	0.0	0.0	0.0	0.0	0.0	0.0	0.0	0.0	0.0	0.0	0.0	
Pouillot à grands sourcils	0.0	0.0	0.0	0.0	0.0	0.0	0.0	0.0	0.0	0.0	0.0	0.0	0.0	0.0	0.0	0.0	0.0	0.0	0.0	0.0	0.0	0.0	0.0	0.0	0.0	0.0	0.0	0.0	0.0	0.0	0.0	0.0	0.0	0.0	0.0	0.0	0.0015	0.0	0.0	0.0015	0.0	0.0	0.0	0.0	0.0	0.0	0.0	0.0	
Pouillot fitis	0.0	0.0	0.0	0.0	0.0	0.0	0.0	0.0	0.0	0.0	0.0	0.005305	0.0	0.0031153	0.0	0.0024038	0.0	0.0	0.0	0.0	0.0	0.0	0.0	0.0	0.0	0.0	0.0032154	0.0498812	0.0813008	0.12	0.1813187	0.2684729	0.2905028	0.4662162	0.3886792	0.2426901	0.0940594	0.0751174	0.0280899	0.0047847	0.0	0.0	0.0	0.0	0.0	0.0	0.0	0.0	
Pouillot véloce	0.2909091	0.2195122	0.2443439	0.245098	0.2397661	0.1893491	0.1551724	0.2185792	0.2088608	0.1046025	0.055	0.0424403	0.0158311	0.0093458	0.0	0.0	0.0	0.0075472	0.0074627	0.0034247	0.0088496	0.0034722	0.0	0.0057554	0.0026596	0.0	0.0	0.0	0.0	0.0	0.0	0.0	0.0	0.0067568	0.0075472	0.0350877	0.0544554	0.1502347	0.2808989	0.3492823	0.3040541	0.3880597	0.4188034	0.4129353	0.3557047	0.350365	0.190184	0.3555556	
Pouillot fitis ou P. véloce	0.0	0.0	0.0	0.0	0.0	0.0	0.0	0.0	0.0	0.0	0.0	0.0	0.0	0.0	0.0	0.0	0.0	0.0	0.0	0.0	0.0	0.0	0.0	0.0	0.0	0.0	0.0	0.0	0.0	0.0	0.0	0.0	0.0	0.0	0.0	0.002924	0.0	0.0	0.0	0.0	0.0	0.0	0.0	0.0	0.0	0.0	0.0	0.0	
Pouillot ibérique	0.0	0.0	0.0	0.0	0.0	0.0	0.0043103	0.0437158	0.1012658	0.0962343	0.18	0.2122016	0.176781	0.2274143	0.1924051	0.2019231	0.2636816	0.2207547	0.2587065	0.2123288	0.2699115	0.2743056	0.1864717	0.228777	0.1010638	0.09	0.1061093	0.1733967	0.2154472	0.25	0.2527473	0.1896552	0.1675978	0.1216216	0.0679245	0.0321637	0.039604	0.0046948	0.0	0.0	0.0	0.0	0.0	0.0	0.0	0.0	0.0	0.0	
Pouillot fitis, P. véloce ou P. ibérique	0.0	0.0	0.0	0.0	0.0	0.0	0.0	0.0	0.0	0.0	0.0	0.0	0.0	0.0	0.0	0.0	0.0	0.0	0.0	0.0	0.0	0.0	0.0	0.0	0.0	0.0	0.0	0.0	0.0	0.0	0.0	0.0	0.0055866	0.0	0.0	0.0087719	0.0	0.0	0.0	0.0	0.0	0.0	0.0	0.0	0.0	0.0	0.0	0.0	
Pouillot véloce ou P. ibérique	0.0	0.0	0.0	0.0	0.0	0.0	0.0	0.0	0.0	0.0	0.0	0.0	0.0	0.0	0.0	0.0	0.0	0.0	0.0	0.0	0.0	0.0	0.0	0.0	0.0	0.0	0.0	0.0	0.0	0.0	0.0	0.0	0.0	0.0	0.0	0.0	0.0049505	0.0046948	0.0	0.0	0.0	0.0	0.0	0.0	0.0	0.0	0.0	0.0	
pouillot sp.	0.0	0.0	0.0015	0.0	0.0	0.0	0.0	0.0	0.0063291	0.0083682	0.005	0.005305	0.0026385	0.0	0.0	0.0015	0.0	0.0018868	0.0	0.0017123	0.0	0.0017361	0.0	0.0	0.0	0.0	0.0	0.0023753	0.0121951	0.005	0.010989	0.0147783	0.0111732	0.0202703	0.0075472	0.005848	0.0247525	0.0187793	0.0	0.0	0.0	0.0074627	0.0	0.0	0.0	0.0	0.0	0.0	
Bouscarle de Cetti	0.0606061	0.0569106	0.0452489	0.0637255	0.0935673	0.0887574	0.0948276	0.0928962	0.164557	0.0794979	0.145	0.1618037	0.1398417	0.1433022	0.1341772	0.1634615	0.1144279	0.0509434	0.10199	0.0804795	0.0951327	0.0763889	0.0402194	0.0316547	0.0345745	0.0266667	0.0385852	0.0570071	0.1300813	0.125	0.0549451	0.0985222	0.1340782	0.1351351	0.1283019	0.0994152	0.0742574	0.0938967	0.0786517	0.1674641	0.0810811	0.1119403	0.1153846	0.119403	0.1006711	0.0948905	0.0429448	0.0555556	
Orite à longue queue	0.169697	0.1219512	0.1719457	0.2058824	0.1637427	0.1775148	0.0948276	0.1748634	0.2658228	0.1548117	0.11	0.1591512	0.1424802	0.1339564	0.1265823	0.1009615	0.1094527	0.0584906	0.1069652	0.0924658	0.1283186	0.1197917	0.0603291	0.0705036	0.1010638	0.1033333	0.1286174	0.1543943	0.1707317	0.145	0.1868132	0.1551724	0.2290503	0.25	0.2490566	0.1812865	0.2425743	0.2065728	0.1853933	0.2727273	0.25	0.3059701	0.2478632	0.3084577	0.3154362	0.270073	0.1533742	0.3333333	
Fauvette à tête noire	0.1393939	0.0894309	0.1538462	0.2352941	0.2397661	0.1656805	0.25	0.284153	0.2848101	0.292887	0.465	0.4933687	0.4854881	0.5233645	0.5088608	0.4951923	0.5820896	0.5735849	0.5447761	0.5359589	0.6349558	0.5416667	0.4936015	0.5582734	0.4946809	0.6666667	0.4951768	0.5320665	0.4512195	0.34	0.2472527	0.2783251	0.2905028	0.2364865	0.2679245	0.2602339	0.2277228	0.1690141	0.1404494	0.2009569	0.1824324	0.2537313	0.3119658	0.2238806	0.2348993	0.1386861	0.1717791	0.2222222	
Fauvette des jardins	0.0	0.0	0.0	0.0	0.0	0.0	0.0	0.0	0.0	0.0	0.0	0.0	0.0	0.0	0.0050633	0.0048077	0.0049751	0.0226415	0.0497512	0.0239726	0.0442478	0.0416667	0.0603291	0.0618705	0.0398936	0.01	0.0192926	0.0095012	0.0081301	0.005	0.0054945	0.0073892	0.0167598	0.0135135	0.0188679	0.0116959	0.0049505	0.0	0.0	0.0	0.0	0.0	0.0	0.0	0.0	0.0	0.0	0.0	
Fauvette orphée	0.0	0.0	0.0	0.0	0.0	0.0	0.0	0.0	0.0	0.0	0.0	0.0	0.0	0.0	0.0	0.0	0.0	0.0	0.0	0.0	0.0	0.0	0.0	0.0	0.0	0.0	0.0	0.0	0.0	0.0	0.0	0.0024631	0.0	0.0	0.0	0.0	0.0	0.0	0.0	0.0	0.0	0.0	0.0	0.0	0.0	0.0	0.0	0.0	
Fauvette mélanocéphale	0.1393939	0.097561	0.1266968	0.1323529	0.1520468	0.1893491	0.1724138	0.1912568	0.1455696	0.1338912	0.115	0.1803714	0.1477573	0.0903427	0.0886076	0.1201923	0.10199	0.0698113	0.0895522	0.0770548	0.1017699	0.0642361	0.071298	0.0834532	0.0851064	0.1066667	0.1028939	0.1377672	0.1544715	0.15	0.1318681	0.1995074	0.122905	0.1689189	0.2150943	0.2105263	0.1930693	0.2910798	0.1629213	0.2392344	0.2567568	0.2537313	0.3589744	0.2686567	0.3355705	0.2846715	0.1595092	0.2666667	
Fauvette passerinette	0.0	0.0	0.0	0.0	0.0	0.0	0.0	0.0	0.0	0.0041841	0.005	0.0503979	0.0844327	0.0685358	0.0734177	0.0697115	0.0970149	0.0377358	0.0298507	0.0428082	0.0884956	0.0347222	0.023766	0.028777	0.0239362	0.0333333	0.0450161	0.0498812	0.0447154	0.06	0.0384615	0.0418719	0.0446927	0.027027	0.0037736	0.005848	0.0	0.0046948	0.0	0.0015	0.0	0.0	0.0	0.0	0.0	0.0	0.0	0.0	
Fauvette grisette	0.0	0.0	0.0	0.0	0.0	0.0	0.0	0.0	0.0	0.0	0.0	0.0	0.0290237	0.0498442	0.1164557	0.1346154	0.2089552	0.2132075	0.2537313	0.2311644	0.2986726	0.2569444	0.23766	0.218705	0.1409574	0.0766667	0.073955	0.0926366	0.0772358	0.065	0.0494505	0.0665025	0.0558659	0.0945946	0.0566038	0.0526316	0.0049505	0.0046948	0.005618	0.0	0.0	0.0	0.0	0.0	0.0	0.0	0.0	0.0	
Fauvette à lunettes	0.0	0.0	0.0	0.0	0.0	0.0	0.0	0.0	0.0	0.0	0.0	0.0	0.0	0.0031153	0.0025316	0.0024038	0.0	0.0037736	0.0	0.0	0.0	0.0086806	0.0018282	0.0014388	0.0	0.0	0.0	0.0	0.0	0.005	0.0054945	0.0049261	0.0	0.0015	0.0	0.0	0.0	0.0	0.0	0.0	0.0	0.0	0.0	0.0	0.0	0.0	0.0	0.0	
Fauvette pitchou	0.0787879	0.1138211	0.1628959	0.1960784	0.1169591	0.1301775	0.0646552	0.1420765	0.0632911	0.1087866	0.145	0.1644562	0.1451187	0.1744548	0.0962025	0.1201923	0.2238806	0.1603774	0.1666667	0.1832192	0.1836283	0.1614583	0.1864717	0.1755396	0.2526596	0.2633333	0.244373	0.2304038	0.1422764	0.19	0.2747253	0.2315271	0.2569832	0.2364865	0.2981132	0.2748538	0.2326733	0.2253521	0.241573	0.2105263	0.1621622	0.1940299	0.1495726	0.2039801	0.2550336	0.2189781	0.2883436	0.1555556	
Sylvia ou Curruca sp.	0.0	0.0	0.0	0.0	0.0	0.0	0.0043103	0.0054645	0.0	0.0	0.005	0.0079576	0.0	0.0	0.0	0.0	0.0	0.0018868	0.0074627	0.0017123	0.0	0.0052083	0.0	0.0	0.0026596	0.0	0.0032154	0.0023753	0.0	0.01	0.010989	0.0049261	0.0	0.0	0.0037736	0.002924	0.0049505	0.0046948	0.0	0.0	0.0	0.0	0.0	0.0	0.0	0.0	0.0	0.0	
Roitelet huppé	0.0181818	0.0325203	0.0226244	0.0343137	0.005848	0.0118343	0.0043103	0.0163934	0.0063291	0.0	0.0015	0.0026525	0.0026385	0.0	0.0	0.0	0.0	0.0	0.0	0.0	0.0	0.0	0.0	0.0	0.0	0.0	0.0	0.0	0.0	0.0	0.0	0.0	0.0	0.0	0.0	0.0	0.0	0.0046948	0.011236	0.0047847	0.0015	0.0223881	0.0128205	0.0348259	0.0201342	0.0364964	0.0184049	0.0222222	
Roitelet à triple bandeau	0.1757576	0.1138211	0.1674208	0.2058824	0.1461988	0.1301775	0.1293103	0.1748634	0.2151899	0.1799163	0.145	0.2493369	0.2084433	0.1869159	0.1797468	0.1610577	0.181592	0.1660377	0.1766169	0.1797945	0.2544248	0.1788194	0.1224863	0.1438849	0.0957447	0.1433333	0.1318328	0.1330166	0.1585366	0.185	0.1593407	0.1699507	0.1340782	0.2364865	0.1698113	0.1929825	0.2128713	0.2159624	0.1404494	0.1626794	0.1351351	0.2238806	0.1709402	0.2487562	0.1879195	0.1678832	0.1472393	0.2111111	
Roitelet huppé ou R. à triple bandeau	0.0	0.0	0.0	0.0	0.0015	0.0	0.0	0.0	0.0	0.0	0.0	0.0	0.0	0.0	0.0	0.0	0.0	0.0	0.0	0.0	0.0	0.0	0.0	0.0	0.0	0.0	0.0	0.0	0.0	0.0	0.0	0.0	0.0	0.0	0.0	0.0	0.0	0.0	0.0	0.0	0.0	0.0	0.0	0.0049751	0.0	0.0072993	0.006135	0.0015	
Tichodrome échelette	0.0	0.0	0.0	0.0	0.0	0.0	0.0	0.0	0.0	0.0041841	0.0	0.0	0.0	0.0	0.0	0.0	0.0	0.0	0.0	0.0	0.0	0.0	0.0	0.0	0.0	0.0	0.0	0.0	0.0	0.0	0.0	0.0	0.0	0.0	0.0	0.0	0.0	0.0	0.0	0.0	0.0	0.0	0.0	0.0	0.0	0.0	0.0	0.0111111	
Sittelle torchepot	0.2363636	0.195122	0.1538462	0.2009804	0.1695906	0.2248521	0.1465517	0.2076503	0.1772152	0.1799163	0.255	0.2095491	0.2137203	0.1931464	0.164557	0.1610577	0.1616915	0.1056604	0.0572139	0.0821918	0.1039823	0.0815972	0.0530165	0.1079137	0.1382979	0.1366667	0.1221865	0.1472684	0.1829268	0.15	0.2032967	0.1280788	0.2067039	0.1486486	0.1962264	0.0994152	0.1584158	0.1643192	0.1404494	0.138756	0.1351351	0.1641791	0.1623932	0.159204	0.147651	0.1532847	0.1226994	0.1666667	
Grimpereau des jardins	0.1818182	0.2276423	0.2036199	0.2696078	0.1403509	0.2485207	0.2068966	0.2459016	0.2721519	0.2217573	0.23	0.2599469	0.2506596	0.2242991	0.1974684	0.1995192	0.1890547	0.1735849	0.1965174	0.1849315	0.25	0.1961806	0.1334552	0.1956835	0.1755319	0.2366667	0.221865	0.2897862	0.304878	0.365	0.3351648	0.2389163	0.2625698	0.3175676	0.290566	0.2573099	0.3019802	0.2441315	0.1797753	0.2057416	0.1148649	0.3358209	0.2991453	0.2487562	0.2818792	0.2189781	0.1595092	0.2222222	
Troglodyte mignon	0.2666667	0.3333333	0.3710407	0.4019608	0.2631579	0.4911243	0.3965517	0.5081967	0.4303797	0.4309623	0.52	0.530504	0.530343	0.6012461	0.5037975	0.46875	0.4800995	0.5490566	0.5099502	0.4674658	0.5376106	0.4739583	0.3583181	0.4043165	0.3430851	0.36	0.3215434	0.3230404	0.3617886	0.365	0.3791209	0.3152709	0.3351955	0.2972973	0.3698113	0.3128655	0.3960396	0.3755869	0.4157303	0.4162679	0.2702703	0.4402985	0.4017094	0.4776119	0.4697987	0.4525547	0.4294479	0.3777778	
Cincle plongeur	0.0242424	0.0162602	0.0180995	0.0098039	0.0233918	0.0118343	0.012931	0.0163934	0.0189873	0.0083682	0.025	0.005305	0.0422164	0.0311526	0.0227848	0.0336538	0.0174129	0.0132075	0.0298507	0.0085616	0.0199115	0.0104167	0.0091408	0.0129496	0.0026596	0.01	0.0128617	0.0047506	0.0081301	0.01	0.0	0.0246305	0.0167598	0.0202703	0.0075472	0.005848	0.0445545	0.056338	0.0617978	0.0478469	0.0608108	0.0522388	0.0213675	0.0447761	0.0469799	0.0145985	0.0122699	0.0111111	
Étourneau sansonnet	0.0181818	0.0	0.0180995	0.0147059	0.0175439	0.0118343	0.0086207	0.0218579	0.0063291	0.0015	0.0	0.0	0.0	0.0	0.0	0.0	0.0	0.0	0.0	0.0	0.0	0.0	0.0	0.0	0.0	0.0	0.0	0.0	0.0	0.0	0.0	0.0	0.0	0.0	0.0	0.0015	0.019802	0.0187793	0.005618	0.0478469	0.0405405	0.0820896	0.034188	0.039801	0.0134228	0.0291971	0.0122699	0.0333333	
Étourneau unicolore	0.4848485	0.4065041	0.3529412	0.4068627	0.3450292	0.3905325	0.4310345	0.3715847	0.4240506	0.3221757	0.415	0.4190981	0.3825858	0.376947	0.3392405	0.4182692	0.380597	0.2641509	0.300995	0.3476027	0.3849558	0.3072917	0.2815356	0.2633094	0.2180851	0.2466667	0.2958199	0.3064133	0.3373984	0.33	0.2252747	0.2931034	0.3575419	0.3243243	0.3735849	0.3450292	0.3861386	0.3615023	0.3707865	0.4019139	0.5	0.4552239	0.4017094	0.3631841	0.3624161	0.3649635	0.2760736	0.3888889	
Étourneau sansonnet ou É. unicolore	0.0121212	0.0	0.0090498	0.004902	0.0	0.0	0.0043103	0.0	0.0126582	0.0	0.0	0.0	0.0	0.0	0.0	0.0	0.0	0.0	0.0	0.0	0.0	0.0	0.0	0.0	0.0	0.0	0.0	0.0	0.0	0.0	0.0	0.0	0.0	0.0	0.0	0.0	0.0049505	0.0	0.005618	0.0015	0.0202703	0.0	0.008547	0.0049751	0.033557	0.0072993	0.006135	0.0015	
Grive draine	0.1818182	0.1544715	0.1357466	0.1519608	0.1111111	0.1420118	0.112069	0.1202186	0.1139241	0.0753138	0.125	0.1220159	0.1029024	0.0778816	0.0936709	0.0697115	0.0995025	0.0509434	0.0721393	0.0839041	0.1349558	0.1545139	0.1553931	0.1165468	0.1223404	0.1266667	0.1157556	0.1330166	0.1504065	0.135	0.1538462	0.0788177	0.1396648	0.1013514	0.109434	0.1052632	0.0742574	0.0938967	0.0561798	0.0526316	0.0743243	0.1268657	0.1068376	0.1890547	0.1879195	0.189781	0.1288344	0.1222222	
Grive musicienne	0.0969697	0.0650407	0.1447964	0.254902	0.2222222	0.2662722	0.2715517	0.2240437	0.2594937	0.1589958	0.17	0.1909814	0.1398417	0.1028037	0.0911392	0.0961538	0.1069652	0.0754717	0.0696517	0.0976027	0.119469	0.1579861	0.1023766	0.105036	0.0585106	0.0366667	0.0643087	0.0617577	0.0528455	0.055	0.0274725	0.0172414	0.027933	0.0405405	0.0339623	0.0292398	0.039604	0.0704225	0.0449438	0.1100478	0.0878378	0.1716418	0.1623932	0.1741294	0.2550336	0.1751825	0.1288344	0.2333333	
Grive mauvis	0.0787879	0.0406504	0.0678733	0.0686275	0.0584795	0.0118343	0.0215517	0.0218579	0.0253165	0.0125523	0.0	0.0	0.0	0.0	0.0	0.0	0.0	0.0	0.0	0.0	0.0	0.0	0.0	0.0	0.0	0.0	0.0	0.0	0.0	0.0	0.0	0.0	0.0	0.0	0.0	0.0	0.0	0.0	0.0	0.0287081	0.0405405	0.0970149	0.0769231	0.1144279	0.1275168	0.0948905	0.0613497	0.0555556	
Merle noir	0.5757576	0.601626	0.5158371	0.5784314	0.5497076	0.6568047	0.6724138	0.5956284	0.6582278	0.539749	0.685	0.6737401	0.6781003	0.6760125	0.5898734	0.6971154	0.7014925	0.6188679	0.6343284	0.6523973	0.7477876	0.6770833	0.6032907	0.5366906	0.4148936	0.47	0.4662379	0.4441805	0.4796748	0.46	0.3516484	0.3522167	0.5027933	0.4391892	0.4679245	0.4298246	0.5346535	0.4225352	0.4325843	0.5023923	0.5337838	0.5597015	0.5683761	0.5771144	0.5436242	0.5620438	0.4233129	0.5888889	
Grive litorne	0.0121212	0.0081301	0.0090498	0.0196078	0.005848	0.0	0.0086207	0.0	0.0	0.0	0.0	0.0026525	0.0	0.0	0.0	0.0	0.0	0.0	0.0	0.0	0.0	0.0	0.0	0.0	0.0	0.0	0.0	0.0	0.0	0.0	0.0	0.0	0.0	0.0	0.0	0.0	0.0	0.0	0.0	0.0	0.0	0.0149254	0.0042735	0.0298507	0.0268456	0.0218978	0.0122699	0.0111111	
Merle à plastron	0.0	0.0	0.0	0.0	0.0	0.0	0.0	0.0	0.0	0.0	0.01	0.0	0.0026385	0.0	0.0	0.0	0.0	0.0	0.0	0.0	0.0	0.0	0.0	0.0	0.0	0.0	0.0	0.0	0.0	0.0	0.0	0.0	0.0	0.0	0.0	0.0	0.0	0.0	0.0	0.0	0.0	0.0149254	0.0	0.0	0.0	0.0	0.0	0.0	
Turdus sp.	0.0015	0.0	0.0	0.0	0.0	0.0	0.0043103	0.0	0.0	0.0041841	0.0	0.005305	0.0	0.0	0.0025316	0.0	0.0	0.0	0.0015	0.0	0.0	0.0017361	0.0	0.0	0.0	0.0	0.0	0.0	0.0	0.0	0.0054945	0.0	0.0	0.0	0.0	0.0	0.0	0.0	0.0	0.0047847	0.0	0.0074627	0.0	0.0199005	0.0201342	0.0	0.0015	0.0111111	
Gobemouche gris	0.0	0.0	0.0	0.0	0.0	0.0	0.0	0.0	0.0	0.0	0.0	0.0	0.0	0.0	0.0	0.0	0.0	0.0	0.0	0.0	0.0015	0.0017361	0.0018282	0.0	0.0	0.0	0.0	0.0	0.0	0.03	0.032967	0.2068966	0.2960894	0.277027	0.2037736	0.0906433	0.049505	0.0516432	0.0	0.0047847	0.0	0.0	0.0	0.0	0.0	0.0	0.0	0.0	
Rougegorge familier	0.7393939	0.6910569	0.60181	0.7254902	0.7134503	0.7218935	0.7543103	0.6939891	0.7468354	0.5606695	0.67	0.6551724	0.5804749	0.6261682	0.5240506	0.53125	0.5373134	0.5169811	0.5597015	0.4811644	0.5707965	0.5173611	0.4259598	0.4374101	0.3164894	0.2933333	0.3086817	0.3705463	0.4146341	0.41	0.4120879	0.4162562	0.452514	0.5135135	0.6377358	0.6812865	0.7029703	0.7230047	0.7303371	0.8325359	0.7567568	0.8059701	0.8205128	0.7562189	0.7516779	0.7445255	0.5337423	0.7222222	
Rossignol philomèle	0.0	0.0	0.0	0.0	0.0	0.0	0.0	0.0	0.0	0.0	0.0	0.0026525	0.0527704	0.1433022	0.2227848	0.2692308	0.3383085	0.2301887	0.3059701	0.2431507	0.2367257	0.1510417	0.1206581	0.1007194	0.0718085	0.0633333	0.0643087	0.0926366	0.1463415	0.19	0.1483516	0.0837438	0.0782123	0.0135135	0.0	0.002924	0.0	0.0	0.0	0.0	0.0	0.0	0.0	0.0	0.0	0.0	0.0	0.0	
Gorgebleue à miroir	0.0	0.0	0.0	0.0	0.0	0.0	0.0	0.0	0.0	0.0	0.0	0.0	0.0	0.0	0.0	0.0	0.0	0.0	0.0	0.0	0.0	0.0	0.0	0.0	0.0	0.0	0.0	0.0	0.0	0.0	0.0	0.0	0.0	0.0	0.0037736	0.002924	0.009901	0.0	0.0	0.0047847	0.0015	0.0	0.0	0.0	0.0	0.0	0.0	0.0	
Gobemouche noir	0.0	0.0	0.0	0.0	0.0	0.0	0.0	0.0	0.0	0.0	0.0	0.0	0.0	0.0	0.0	0.0	0.0	0.0	0.0	0.0	0.0	0.0	0.0	0.0	0.0	0.0	0.0096463	0.04038	0.0528455	0.105	0.2802198	0.5	0.5977654	0.6486486	0.5849057	0.3918129	0.1435644	0.0516432	0.0168539	0.0015	0.0	0.0	0.0	0.0	0.0	0.0	0.0	0.0	
Rougequeue à front blanc	0.0	0.0	0.0	0.0	0.0	0.0	0.0	0.0	0.0	0.0	0.0	0.0	0.0	0.0155763	0.0126582	0.0072115	0.0074627	0.0018868	0.0049751	0.0085616	0.0022124	0.0017361	0.0054845	0.0043165	0.0	0.0015	0.0	0.0023753	0.0	0.0	0.0	0.0	0.0	0.0135135	0.0075472	0.002924	0.0	0.0	0.0	0.0	0.0	0.0	0.0	0.0	0.0	0.0	0.0	0.0	
Rougequeue noir	0.4787879	0.4634146	0.3167421	0.4068627	0.3450292	0.3431953	0.4094828	0.3551913	0.4367089	0.334728	0.42	0.4297082	0.3614776	0.364486	0.2481013	0.3822115	0.3159204	0.1924528	0.2338308	0.2928082	0.3252212	0.296875	0.2157221	0.2071942	0.1808511	0.2066667	0.3086817	0.2684086	0.2357724	0.275	0.2087912	0.2167488	0.2905028	0.2972973	0.3773585	0.3274854	0.3811881	0.3943662	0.3651685	0.3971292	0.4864865	0.5373134	0.4401709	0.4726368	0.4161074	0.4890511	0.2944785	0.4888889	
Monticole de roche	0.0	0.0	0.0	0.0	0.0	0.0	0.0	0.0	0.0	0.0	0.0	0.0	0.0	0.0	0.0025316	0.0024038	0.0174129	0.009434	0.0049751	0.0119863	0.0176991	0.0225694	0.0109689	0.0158273	0.0159574	0.0033333	0.022508	0.0047506	0.0162602	0.005	0.0054945	0.0098522	0.0	0.0067568	0.0150943	0.0	0.0	0.0	0.0	0.0	0.0	0.0	0.0	0.0	0.0	0.0	0.0	0.0	
Monticole bleu	0.0060606	0.0081301	0.0	0.0	0.0116959	0.0059172	0.012931	0.010929	0.0189873	0.0209205	0.025	0.0159151	0.0290237	0.046729	0.0227848	0.0240385	0.0348259	0.0113208	0.0174129	0.0068493	0.0154867	0.0121528	0.0146252	0.0143885	0.0053191	0.01	0.0	0.0047506	0.004065	0.005	0.010989	0.0123153	0.0	0.0	0.0075472	0.0087719	0.0049505	0.0046948	0.005618	0.0095694	0.0	0.0074627	0.0128205	0.0298507	0.0134228	0.0	0.0015	0.0111111	
Tarier des prés	0.0	0.0	0.0	0.0	0.0	0.0	0.0	0.0	0.0	0.0	0.0	0.0	0.0	0.0	0.0	0.0	0.0024876	0.0	0.0	0.0	0.0	0.0	0.0	0.0	0.0	0.0	0.0	0.0	0.0	0.0	0.0	0.0295567	0.0893855	0.1756757	0.1622642	0.1374269	0.049505	0.0328638	0.0	0.0	0.0	0.0	0.0	0.0	0.0	0.0	0.0	0.0	
Tarier pâtre	0.2787879	0.3089431	0.2036199	0.2745098	0.2163743	0.2662722	0.2456897	0.3387978	0.2468354	0.2133891	0.275	0.3183024	0.3377309	0.3395639	0.3088608	0.3245192	0.4303483	0.2622642	0.3208955	0.3356164	0.3606195	0.3993056	0.3564899	0.3309353	0.2792553	0.2666667	0.3311897	0.3491686	0.3617886	0.42	0.3296703	0.3546798	0.3854749	0.4391892	0.3962264	0.3508772	0.2673267	0.2723005	0.2977528	0.2200957	0.2567568	0.3059701	0.2393162	0.2935323	0.2416107	0.3138686	0.1472393	0.2333333	
Traquet motteux	0.0	0.0	0.0	0.0	0.0	0.0	0.0	0.0	0.0	0.0	0.005	0.0106101	0.0369393	0.05919	0.0253165	0.0264423	0.0348259	0.0226415	0.0124378	0.0376712	0.0265487	0.0416667	0.0310786	0.0388489	0.0345745	0.02	0.0514469	0.0380048	0.0365854	0.075	0.0549451	0.08867	0.1005587	0.2432432	0.1962264	0.1608187	0.1039604	0.1079812	0.1067416	0.0143541	0.0135135	0.0	0.0	0.0	0.0	0.0	0.0	0.0	
Traquet oreillard	0.0	0.0	0.0	0.0	0.0	0.0	0.0	0.0	0.0	0.0	0.0	0.0	0.0	0.0015	0.0025316	0.0	0.0015	0.0	0.0	0.0	0.0	0.0	0.0018282	0.0	0.0026596	0.0033333	0.0032154	0.0	0.0	0.0	0.0	0.0024631	0.0	0.0067568	0.0	0.0	0.0	0.0	0.0	0.0	0.0	0.0	0.0	0.0	0.0	0.0	0.0	0.0	
Traquet rieur	0.0	0.0	0.0	0.0	0.0116959	0.0	0.0	0.0	0.0	0.0083682	0.0015	0.005305	0.0026385	0.0062305	0.0075949	0.0048077	0.0024876	0.0018868	0.0024876	0.0017123	0.0	0.0086806	0.0054845	0.0014388	0.0053191	0.0	0.0015	0.0	0.0	0.0	0.0	0.0024631	0.0	0.0	0.0	0.002924	0.0	0.0	0.0015	0.0047847	0.0	0.0	0.0	0.0	0.0	0.0	0.0	0.0	
Oenanthe sp.	0.0	0.0	0.0	0.0	0.0	0.0	0.0	0.0	0.0	0.0	0.0	0.0	0.0	0.0	0.0	0.0	0.0	0.0	0.0	0.0	0.0	0.0017361	0.0	0.0	0.0	0.0	0.0	0.0	0.0	0.0	0.0	0.0	0.0	0.0	0.0	0.0	0.0	0.0	0.0	0.0	0.0	0.0	0.0	0.0	0.0	0.0	0.0	0.0	
Diamant mandarin	0.0	0.0	0.0	0.0	0.0	0.0	0.0	0.0	0.0	0.0	0.0	0.0	0.0	0.0	0.0	0.0	0.0	0.0	0.0	0.0	0.0	0.0	0.0	0.0	0.0	0.0	0.0	0.0015	0.0	0.0	0.0	0.0	0.0	0.0	0.0	0.0	0.0	0.0	0.0	0.0	0.0	0.0	0.0	0.0	0.0	0.0	0.0	0.0	
Astrild ondulé	0.0242424	0.0162602	0.0226244	0.004902	0.0233918	0.0118343	0.012931	0.0163934	0.0126582	0.0209205	0.0	0.0132626	0.0184697	0.0155763	0.0075949	0.0168269	0.0149254	0.009434	0.0049751	0.005137	0.0088496	0.0086806	0.0091408	0.0115108	0.0026596	0.01	0.022508	0.0166271	0.0731707	0.08	0.043956	0.0492611	0.0502793	0.0540541	0.0528302	0.0555556	0.029703	0.0422535	0.0280899	0.0382775	0.0540541	0.0522388	0.0512821	0.0348259	0.0201342	0.0437956	0.006135	0.0333333	
Accenteur alpin	0.0060606	0.0	0.0	0.004902	0.005848	0.0	0.0043103	0.0	0.0	0.0041841	0.0	0.0	0.0	0.0	0.0	0.0	0.0	0.0	0.0	0.0	0.0	0.0	0.0	0.0	0.0	0.0	0.0	0.0	0.0	0.0	0.0	0.0	0.0	0.0	0.0	0.0	0.0	0.0	0.0	0.0	0.0	0.0074627	0.0	0.0199005	0.0	0.0015	0.0	0.0444444	
Accenteur mouchet	0.0666667	0.0813008	0.1312217	0.2058824	0.0409357	0.1242604	0.0646552	0.1147541	0.0696203	0.0460251	0.085	0.0769231	0.1266491	0.1246106	0.1037975	0.1129808	0.1169154	0.1358491	0.1318408	0.1369863	0.159292	0.2048611	0.1828154	0.1582734	0.1143617	0.0733333	0.0707395	0.0855107	0.097561	0.065	0.0714286	0.0714286	0.1005587	0.1418919	0.1018868	0.1374269	0.1138614	0.1408451	0.1292135	0.1626794	0.1554054	0.2014925	0.1410256	0.1741294	0.1744966	0.1678832	0.1411043	0.1	
Moineau domestique	0.430303	0.4065041	0.3438914	0.4117647	0.4210526	0.3076923	0.4181034	0.3333333	0.4683544	0.3472803	0.4	0.4801061	0.4406332	0.3520249	0.3113924	0.4375	0.4054726	0.2773585	0.2487562	0.3664384	0.4336283	0.3784722	0.3144424	0.2805755	0.268617	0.3066667	0.3826367	0.3966746	0.4186992	0.365	0.3021978	0.3029557	0.3351955	0.2635135	0.309434	0.2923977	0.3316832	0.3380282	0.2977528	0.3110048	0.3918919	0.3283582	0.3034188	0.3830846	0.261745	0.2919708	0.208589	0.4222222	
Moineau espagnol	0.0	0.0	0.0	0.0	0.0	0.0	0.0	0.0	0.0	0.0	0.0	0.0	0.0	0.0	0.0	0.0	0.0	0.0	0.0	0.0	0.0	0.0	0.0018282	0.0014388	0.0	0.0	0.0	0.0	0.0	0.0	0.0	0.0	0.0	0.0	0.0	0.0	0.0	0.0	0.0	0.0	0.0	0.0	0.0	0.0	0.0	0.0	0.0	0.0	
Moineau friquet	0.1030303	0.1219512	0.0723982	0.0735294	0.0877193	0.0769231	0.0301724	0.0491803	0.0759494	0.0585774	0.05	0.0875332	0.060686	0.0623053	0.0405063	0.0985577	0.0820896	0.0509434	0.0323383	0.0616438	0.0663717	0.0607639	0.0731261	0.0517986	0.0212766	0.05	0.0578778	0.0760095	0.0772358	0.06	0.0549451	0.0270936	0.0335196	0.0202703	0.0301887	0.0643275	0.0544554	0.0704225	0.0674157	0.0909091	0.0743243	0.0597015	0.1153846	0.0696517	0.0469799	0.080292	0.0368098	0.0888889	
Moineau domestique ou M. friquet	0.0	0.0	0.0045249	0.0	0.0	0.0059172	0.0	0.0	0.0	0.0	0.0	0.0	0.0026385	0.0	0.0	0.0024038	0.0	0.0018868	0.0	0.0017123	0.0	0.0	0.0	0.0	0.0053191	0.0033333	0.0	0.0	0.0	0.0	0.0	0.0	0.0	0.0	0.0	0.002924	0.0	0.0015	0.0	0.0	0.0	0.0015	0.0	0.0	0.0	0.0	0.006135	0.0	
Passer sp.	0.0	0.0	0.0	0.0	0.0	0.0	0.0	0.0	0.0	0.0	0.0	0.0	0.0	0.0031153	0.0075949	0.0	0.0024876	0.0018868	0.0049751	0.0	0.0	0.0017361	0.0	0.0	0.0	0.0	0.0	0.0	0.004065	0.0	0.0	0.0	0.0	0.0	0.0	0.0	0.0	0.0	0.0	0.0	0.0	0.0	0.0	0.0	0.0	0.0	0.0	0.0	
Moineau soulcie	0.0969697	0.0569106	0.0361991	0.0294118	0.0350877	0.0769231	0.0560345	0.0928962	0.0822785	0.0376569	0.065	0.0503979	0.0343008	0.0529595	0.0253165	0.03125	0.0348259	0.0188679	0.0174129	0.0291096	0.0265487	0.0190972	0.0182815	0.018705	0.0239362	0.0366667	0.022508	0.04038	0.0325203	0.02	0.0054945	0.0049261	0.0111732	0.0135135	0.0188679	0.0146199	0.019802	0.0469484	0.0224719	0.0382775	0.027027	0.0373134	0.0598291	0.0646766	0.0268456	0.0437956	0.0245399	0.0666667	
Bergeronnette des ruisseaux	0.169697	0.1300813	0.1040724	0.1078431	0.0994152	0.0710059	0.0905172	0.0874317	0.1392405	0.083682	0.115	0.0397878	0.0738786	0.0560748	0.0455696	0.0697115	0.0920398	0.0320755	0.0447761	0.0633562	0.0840708	0.0850694	0.0621572	0.0561151	0.0319149	0.0366667	0.0836013	0.0736342	0.1056911	0.125	0.043956	0.0738916	0.1005587	0.0810811	0.1018868	0.1052632	0.1831683	0.1830986	0.1797753	0.1291866	0.1621622	0.1865672	0.1324786	0.1940299	0.147651	0.1313869	0.0674847	0.1333333	
Bergeronnette printanière	0.0	0.0	0.0	0.0	0.0	0.0	0.0	0.0	0.0	0.0	0.0	0.0212202	0.0501319	0.1121495	0.0759494	0.1009615	0.0771144	0.0811321	0.1169154	0.1130137	0.1681416	0.1788194	0.1389397	0.1093525	0.0611702	0.0333333	0.0771704	0.0926366	0.1097561	0.115	0.1373626	0.1650246	0.2234637	0.2432432	0.1962264	0.1169591	0.039604	0.028169	0.0	0.0	0.0	0.0	0.0	0.0	0.0	0.0	0.0	0.0	
Bergeronnette grise	0.5151515	0.4878049	0.4208145	0.4852941	0.4385965	0.3136095	0.3275862	0.3278689	0.3797468	0.3472803	0.39	0.4005305	0.3377309	0.3271028	0.243038	0.3173077	0.2985075	0.1641509	0.2313433	0.2859589	0.3561947	0.3038194	0.2449726	0.2388489	0.2047872	0.24	0.318328	0.3610451	0.3495935	0.355	0.3516484	0.3719212	0.3798883	0.4256757	0.4113208	0.3976608	0.4356436	0.4553991	0.4494382	0.4593301	0.5337838	0.5447761	0.517094	0.5671642	0.4899329	0.5109489	0.3742331	0.6	
bergeronette sp.	0.0	0.0	0.0045249	0.0	0.0	0.0	0.0043103	0.0	0.0	0.0	0.0	0.0	0.0026385	0.0	0.0	0.0	0.0	0.0	0.0	0.0	0.0	0.0	0.0	0.0	0.0	0.0	0.0	0.0	0.0	0.0	0.0	0.0	0.0	0.0	0.0	0.0	0.0049505	0.0	0.0	0.0	0.0	0.0	0.0	0.0	0.0	0.0	0.0	0.0	
Pipit de Richard	0.0	0.0	0.0	0.0	0.0	0.0	0.0	0.0	0.0	0.0	0.0	0.0	0.0	0.0	0.0	0.0	0.0	0.0	0.0	0.0	0.0	0.0	0.0	0.0	0.0	0.0	0.0	0.0	0.0	0.0	0.0	0.0	0.0	0.0	0.0	0.0	0.0	0.0	0.0	0.0	0.0202703	0.0074627	0.0	0.0	0.0	0.0	0.0	0.0	
Pipit rousseline	0.0	0.0	0.0	0.0	0.0	0.0	0.0	0.0	0.0	0.0	0.0	0.0	0.0015	0.0155763	0.0101266	0.0144231	0.0522388	0.0471698	0.0447761	0.0667808	0.0575221	0.0798611	0.0859232	0.0604317	0.087766	0.0866667	0.1221865	0.0427553	0.0813008	0.06	0.0604396	0.0738916	0.0893855	0.0608108	0.0528302	0.0087719	0.0	0.0	0.0	0.0	0.0	0.0	0.0	0.0	0.0	0.0	0.0	0.0	
Pipit farlouse	0.2727273	0.3170732	0.2262443	0.2892157	0.1578947	0.2011834	0.1724138	0.1639344	0.1202532	0.0920502	0.12	0.0795756	0.0316623	0.0311526	0.0	0.0	0.0	0.0	0.0	0.0	0.0	0.0	0.0	0.0	0.0	0.0	0.0	0.0	0.0	0.0	0.0	0.0	0.0	0.0	0.0037736	0.0584795	0.1831683	0.3380282	0.4044944	0.3349282	0.3716216	0.4552239	0.3632479	0.3930348	0.3355705	0.3941606	0.2515337	0.2444444	
Pipit des arbres	0.0	0.0	0.0	0.0	0.0	0.0	0.0	0.0	0.0	0.0	0.0	0.0026525	0.0131926	0.0249221	0.0151899	0.0192308	0.0174129	0.0339623	0.0373134	0.0496575	0.0663717	0.0972222	0.0932358	0.0820144	0.0425532	0.01	0.0096463	0.0095012	0.0243902	0.06	0.0989011	0.229064	0.2290503	0.1824324	0.154717	0.0497076	0.009901	0.0	0.0	0.0	0.0	0.0	0.0	0.0	0.0	0.0	0.0	0.0	
Pipit farlouse ou P. des arbres	0.0	0.0	0.0	0.0	0.0	0.0	0.0	0.0	0.0	0.0	0.0	0.0026525	0.0	0.0	0.0	0.0	0.0	0.0	0.0	0.0	0.0	0.0	0.0	0.0	0.0	0.0	0.0	0.0	0.0	0.0	0.0	0.0	0.0	0.0	0.0075472	0.0	0.0	0.0	0.0	0.0	0.0	0.0	0.0	0.0	0.0	0.0	0.0	0.0	
Pipit à gorge rousse	0.0	0.0	0.0	0.0	0.0	0.0	0.0	0.0	0.0	0.0	0.0	0.0	0.0	0.0	0.0	0.0	0.0	0.0	0.0	0.0	0.0	0.0	0.0	0.0	0.0	0.0	0.0	0.0	0.0	0.0	0.0	0.0	0.0	0.0	0.0	0.0	0.0	0.0140845	0.011236	0.0	0.0	0.0	0.0	0.0	0.0	0.0	0.0	0.0	
Pipit spioncelle	0.1090909	0.0569106	0.0226244	0.0637255	0.0467836	0.035503	0.0301724	0.0218579	0.0189873	0.0125523	0.025	0.0212202	0.0079156	0.0249221	0.0	0.0	0.0	0.0	0.0	0.0	0.0	0.0	0.0	0.0	0.0	0.0	0.0	0.0	0.0	0.0	0.0	0.0	0.0	0.0	0.0	0.0	0.009901	0.0422535	0.0898876	0.0430622	0.0878378	0.1343284	0.042735	0.0995025	0.033557	0.0875912	0.0490798	0.0444444	
Pipit farlouse ou P. spioncelle	0.0	0.0	0.0	0.0	0.0	0.0	0.0	0.0	0.0	0.0	0.005	0.0026525	0.0	0.0	0.0	0.0	0.0	0.0	0.0	0.0	0.0	0.0	0.0	0.0	0.0	0.0	0.0	0.0	0.0	0.0	0.0	0.0	0.0	0.0	0.0	0.0	0.0	0.0	0.0	0.0	0.0	0.0	0.0042735	0.0	0.0	0.0	0.0	0.0	
Anthus sp.	0.0	0.0	0.0	0.0	0.0	0.0	0.0	0.0	0.0	0.0041841	0.01	0.0	0.0026385	0.0	0.0	0.0	0.0	0.0	0.0	0.0	0.0	0.0	0.0018282	0.0	0.0	0.0	0.0	0.0	0.0	0.0	0.0	0.0	0.0	0.0	0.0	0.002924	0.0	0.0046948	0.0	0.0	0.0	0.0	0.0	0.0	0.0	0.0	0.0	0.0	
Pinson des arbres	0.6060606	0.5691057	0.4977376	0.5441176	0.4853801	0.5857988	0.5086207	0.5300546	0.6455696	0.4225941	0.535	0.5464191	0.4802111	0.482866	0.478481	0.4254808	0.5099502	0.4792453	0.539801	0.5856164	0.6415929	0.6076389	0.4113346	0.3582734	0.337766	0.3766667	0.3762058	0.3491686	0.3861789	0.44	0.3351648	0.3128079	0.3407821	0.3040541	0.3169811	0.3508772	0.4306931	0.42723	0.4831461	0.5789474	0.4594595	0.5	0.6239316	0.5422886	0.5369128	0.459854	0.404908	0.5666667	
Pinson du Nord	0.0727273	0.097561	0.0723982	0.0637255	0.0409357	0.0828402	0.0732759	0.0546448	0.0822785	0.0292887	0.045	0.0079576	0.0	0.0031153	0.0	0.0	0.0	0.0	0.0	0.0	0.0	0.0	0.0	0.0	0.0	0.0	0.0	0.0	0.0	0.0	0.0	0.0	0.0	0.0	0.0	0.0	0.0	0.0	0.011236	0.0334928	0.0202703	0.119403	0.0598291	0.0945274	0.0268456	0.0875912	0.0552147	0.1111111	
Grosbec casse-noyaux	0.0	0.0325203	0.0045249	0.0196078	0.0116959	0.0	0.0172414	0.0054645	0.0253165	0.0083682	0.0	0.0026525	0.0026385	0.0	0.0	0.0024038	0.0024876	0.0015	0.0024876	0.0034247	0.0044248	0.0034722	0.0018282	0.0028777	0.0	0.0	0.0	0.0047506	0.0121951	0.01	0.010989	0.0	0.0	0.0135135	0.0015	0.0116959	0.0015	0.0140845	0.0	0.0143541	0.0135135	0.0223881	0.0128205	0.0015	0.0201342	0.0015	0.006135	0.0	
Bouvreuil pivoine	0.030303	0.0162602	0.0226244	0.0735294	0.0175439	0.0414201	0.0086207	0.0382514	0.0443038	0.0251046	0.02	0.0742706	0.0105541	0.0311526	0.0177215	0.0144231	0.0199005	0.0207547	0.0248756	0.0256849	0.0287611	0.0329861	0.0219378	0.0359712	0.0159574	0.0266667	0.022508	0.0380048	0.0203252	0.005	0.021978	0.0197044	0.027933	0.027027	0.0226415	0.0175439	0.0148515	0.0657277	0.0674157	0.0574163	0.027027	0.0820896	0.0512821	0.0248756	0.0604027	0.0729927	0.0245399	0.0333333	
Verdier d'Europe	0.3030303	0.2764228	0.2443439	0.245098	0.1929825	0.2840237	0.2543103	0.295082	0.3987342	0.292887	0.495	0.4933687	0.408971	0.4174455	0.3316456	0.3533654	0.3308458	0.2056604	0.2263682	0.2705479	0.3207965	0.2899306	0.2248629	0.228777	0.2047872	0.3	0.3022508	0.2850356	0.3577236	0.33	0.2802198	0.2315271	0.2458101	0.1486486	0.1735849	0.1549708	0.2178218	0.2065728	0.1573034	0.2200957	0.2162162	0.2686567	0.2350427	0.1791045	0.1812081	0.1751825	0.1533742	0.3444444	
Linotte mélodieuse	0.0666667	0.0650407	0.0452489	0.0637255	0.1169591	0.0532544	0.0646552	0.0819672	0.1265823	0.1380753	0.275	0.3023873	0.2902375	0.3333333	0.2329114	0.2403846	0.3482587	0.2396226	0.3159204	0.2945205	0.3362832	0.3819444	0.3162706	0.3179856	0.2952128	0.3533333	0.3794212	0.327791	0.3211382	0.325	0.2912088	0.2463054	0.1675978	0.1824324	0.2	0.2251462	0.2425743	0.2347418	0.2303371	0.1483254	0.1081081	0.1119403	0.1538462	0.0746269	0.0536913	0.0729927	0.0245399	0.0555556	
Bec-croisé des sapins	0.0484848	0.0325203	0.0316742	0.0490196	0.0292398	0.0177515	0.0258621	0.0163934	0.0253165	0.0041841	0.02	0.0106101	0.0105541	0.0124611	0.0075949	0.0024038	0.0099502	0.0056604	0.0049751	0.015411	0.0066372	0.0069444	0.0054845	0.0071942	0.0132979	0.0366667	0.0353698	0.0190024	0.0406504	0.06	0.0604396	0.0197044	0.0167598	0.0540541	0.045283	0.0614035	0.029703	0.0375587	0.1179775	0.0382775	0.0	0.0522388	0.017094	0.0298507	0.0134228	0.0364964	0.0368098	0.0333333	
Chardonneret élégant	0.0787879	0.1056911	0.1312217	0.0931373	0.1520468	0.0887574	0.0905172	0.1311475	0.1265823	0.1213389	0.2	0.2015915	0.1583113	0.165109	0.1443038	0.1490385	0.1542289	0.0867925	0.1144279	0.1318493	0.1526549	0.2135417	0.1992687	0.2043165	0.1462766	0.25	0.2411576	0.2422803	0.2113821	0.27	0.1703297	0.1674877	0.1452514	0.1216216	0.1509434	0.1959064	0.1435644	0.1596244	0.1348315	0.15311	0.1351351	0.1567164	0.2521368	0.1542289	0.1610738	0.1094891	0.0981595	0.1777778	
Serin cini	0.0484848	0.0813008	0.0859729	0.0931373	0.1695906	0.147929	0.237069	0.3661202	0.5063291	0.3682008	0.51	0.5092838	0.4854881	0.4672897	0.3949367	0.4399038	0.4552239	0.4018868	0.4328358	0.4640411	0.5530973	0.5017361	0.4771481	0.4935252	0.3803191	0.5	0.4758842	0.4061758	0.3455285	0.33	0.1868132	0.2142857	0.1955307	0.2162162	0.2188679	0.2836257	0.2673267	0.2723005	0.2359551	0.2248804	0.1148649	0.1492537	0.1709402	0.1144279	0.1073826	0.0729927	0.0552147	0.1444444	
Tarin des aulnes	0.169697	0.2601626	0.2669683	0.245098	0.2046784	0.1715976	0.1077586	0.2076503	0.2405063	0.1338912	0.13	0.1193634	0.0448549	0.0373832	0.0050633	0.0	0.0	0.0	0.0	0.0	0.0	0.0	0.0	0.0	0.0	0.0	0.0	0.0	0.0	0.0	0.0	0.0	0.0	0.0	0.0	0.005848	0.0148515	0.084507	0.1910112	0.3205742	0.2162162	0.3507463	0.3504274	0.3333333	0.2818792	0.270073	0.1717791	0.2555556	
fringillidé sp.	0.0	0.0	0.0	0.0	0.005848	0.0	0.0	0.0	0.0	0.0	0.0	0.0	0.0	0.0	0.0	0.0	0.0	0.0018868	0.0	0.0	0.0022124	0.0	0.0	0.0	0.0	0.0	0.0	0.0	0.0	0.0	0.0015	0.0	0.0	0.0	0.0	0.0	0.0	0.0	0.005618	0.0	0.0	0.0	0.0	0.0049751	0.0	0.0	0.006135	0.0111111	
Bruant des neiges	0.0	0.0	0.0	0.004902	0.0	0.0	0.0	0.0	0.0	0.0	0.0	0.0	0.0	0.0	0.0	0.0	0.0	0.0	0.0	0.0	0.0	0.0	0.0	0.0	0.0	0.0	0.0	0.0	0.0	0.0	0.0	0.0	0.0	0.0	0.0	0.0	0.0	0.0	0.0	0.0047847	0.027027	0.0149254	0.008547	0.0	0.0	0.0	0.0	0.0	
Bruant proyer	0.0424242	0.0162602	0.0090498	0.0196078	0.0233918	0.0236686	0.0086207	0.0163934	0.0189873	0.0167364	0.01	0.0106101	0.0079156	0.0249221	0.0075949	0.0192308	0.039801	0.0566038	0.0746269	0.1164384	0.2123894	0.2326389	0.2065814	0.1510791	0.0505319	0.0366667	0.022508	0.0308789	0.0284553	0.02	0.010989	0.0098522	0.0335196	0.0135135	0.0150943	0.0263158	0.009901	0.0140845	0.011236	0.0095694	0.0	0.0373134	0.034188	0.0298507	0.0067114	0.0291971	0.0122699	0.0222222	
Bruant fou	0.1272727	0.195122	0.1266968	0.2401961	0.0935673	0.1715976	0.1551724	0.1693989	0.2151899	0.125523	0.195	0.1724138	0.2031662	0.1993769	0.1822785	0.1586538	0.2313433	0.2056604	0.2089552	0.2277397	0.2057522	0.2274306	0.1974406	0.2115108	0.231383	0.2466667	0.1800643	0.152019	0.1219512	0.13	0.1208791	0.1256158	0.1675978	0.1756757	0.2075472	0.1491228	0.2128713	0.2206573	0.1516854	0.1961722	0.1554054	0.1716418	0.1196581	0.1940299	0.2147651	0.1532847	0.1411043	0.1555556	
Bruant zizi	0.0484848	0.0569106	0.0090498	0.0784314	0.0350877	0.0650888	0.0732759	0.0655738	0.0696203	0.0543933	0.03	0.1087533	0.0633245	0.046729	0.0455696	0.0793269	0.0597015	0.0528302	0.0273632	0.0565068	0.0818584	0.0434028	0.0548446	0.0388489	0.0478723	0.0266667	0.0353698	0.0498812	0.0609756	0.06	0.0054945	0.0344828	0.0446927	0.0472973	0.0603774	0.0614035	0.0346535	0.056338	0.0449438	0.0334928	0.0405405	0.0671642	0.0726496	0.079602	0.0469799	0.0510949	0.0613497	0.1111111	
Bruant jaune	0.0	0.0	0.0	0.0	0.0015	0.0059172	0.0	0.0	0.0063291	0.0	0.0	0.0026525	0.0105541	0.0155763	0.0075949	0.0120192	0.0074627	0.0132075	0.0149254	0.0205479	0.0530973	0.0625	0.0639854	0.0503597	0.0319149	0.0166667	0.0032154	0.0	0.0015	0.0	0.0	0.0098522	0.0015	0.0	0.0	0.005848	0.0049505	0.0	0.0	0.0	0.0	0.0	0.0	0.0	0.0	0.0	0.0	0.0	
Bruant ortolan	0.0	0.0	0.0	0.0	0.0	0.0	0.0	0.0	0.0	0.0	0.0	0.0	0.0	0.0	0.0025316	0.0024038	0.0298507	0.0339623	0.0422886	0.0547945	0.0663717	0.0989583	0.0749543	0.0633094	0.037234	0.0266667	0.0064309	0.0047506	0.004065	0.0	0.0164835	0.0295567	0.0391061	0.0135135	0.0	0.0	0.0049505	0.0	0.0	0.0	0.0	0.0	0.0	0.0	0.0	0.0	0.0	0.0	
Bruant des roseaux	0.0	0.0081301	0.0	0.004902	0.0	0.0	0.0	0.0	0.0	0.0	0.0	0.0	0.0	0.0	0.0	0.0	0.0	0.0	0.0	0.0	0.0	0.0	0.0	0.0	0.0	0.0	0.0	0.0	0.0	0.0	0.0	0.0	0.0	0.0	0.0	0.0	0.0	0.0	0.0	0.0047847	0.0	0.0	0.0	0.0099502	0.0067114	0.0218978	0.006135	0.0	
Emberiza sp.	0.0	0.0	0.0	0.0	0.0	0.0	0.0	0.0	0.0	0.0	0.0	0.0	0.0	0.0	0.0	0.0024038	0.0	0.0	0.0049751	0.0	0.0022124	0.0	0.0	0.0	0.0	0.0	0.0	0.0	0.0	0.005	0.0	0.0	0.0055866	0.0	0.0	0.0	0.0	0.0	0.0	0.0	0.0067568	0.0	0.0	0.0	0.0067114	0.0072993	0.006135	0.0	
passereau sp.	0.0	0.0081301	0.0	0.0	0.005848	0.0	0.0	0.0	0.0	0.0	0.0	0.0026525	0.0	0.0	0.0	0.0	0.0099502	0.0207547	0.0149254	0.0119863	0.0110619	0.0086806	0.0146252	0.0359712	0.0079787	0.0	0.0257235	0.0095012	0.0081301	0.0	0.0274725	0.0024631	0.0111732	0.0	0.0188679	0.0204678	0.0148515	0.0	0.011236	0.0047847	0.0	0.0	0.0	0.0049751	0.0	0.0	0.006135	0.0	

