









Frequency of observations in the selected location(s).:
Number of taxa: 	256

	Jan				Feb				Mar				Apr				May				Jun				Jul				Aug				Sep				Oct				Nov				Dec				
Sample Size:	13.0	4.0	7.0	15.0	7.0	19.0	18.0	16.0	18.0	15.0	7.0	21.0	30.0	12.0	16.0	25.0	35.0	30.0	16.0	32.0	14.0	8.0	25.0	10.0	29.0	28.0	21.0	39.0	14.0	14.0	15.0	12.0	10.0	20.0	16.0	10.0	3.0	20.0	9.0	8.0	7.0	11.0	12.0	12.0	9.0	6.0	8.0	20.0	

Oie cendrée	0.0	0.0	0.0	0.0	0.0	0.0	0.0015	0.0	0.0	0.0	0.0	0.0	0.0	0.0	0.0	0.0	0.0285714	0.0666667	0.0	0.0	0.0	0.0	0.0	0.0	0.0	0.0	0.0	0.0	0.0	0.0	0.0	0.0	0.0	0.0	0.0625	0.0	0.0	0.0	0.0	0.0	0.0	0.0	0.0	0.0	0.0	0.0	0.0	0.0	
Bernache du Canada	0.0769231	0.0	0.0	0.0	0.0	0.0	0.0	0.0	0.0	0.0	0.0	0.0	0.0	0.0	0.0015	0.0	0.0	0.0	0.0	0.0	0.0	0.0	0.0	0.0	0.0	0.0	0.0	0.0	0.0	0.0	0.0	0.0	0.0	0.0	0.0	0.0	0.0	0.0	0.0	0.0	0.0	0.0	0.0	0.0	0.0	0.0	0.0	0.0	
Cygne tuberculé	0.0769231	0.0015	0.0015	0.1333333	0.1428571	0.0	0.0	0.0625	0.0015	0.0015	0.0	0.0	0.0333333	0.0	0.0625	0.0015	0.0285714	0.0	0.0015	0.03125	0.0	0.0015	0.0	0.0	0.1034483	0.0357143	0.0	0.0512821	0.0714286	0.0	0.0	0.0833333	0.0	0.05	0.0625	0.0	0.0	0.0	0.0	0.0	0.2857143	0.0909091	0.0	0.0	0.0	0.0	0.0	0.05	
cygne sp.	0.0	0.0	0.0	0.0	0.0	0.0	0.0	0.0	0.0	0.0	0.0	0.0	0.0	0.0	0.0	0.0	0.0	0.0333333	0.0	0.0	0.0	0.0	0.0	0.0	0.0	0.0	0.0	0.0	0.0	0.0	0.0	0.0	0.0	0.0	0.0	0.0	0.0	0.0	0.0	0.0	0.0	0.0	0.0	0.0	0.0	0.0	0.0	0.0	
Ouette d'Égypte	0.0	0.0	0.0	0.0	0.0	0.0	0.0	0.0	0.0	0.0	0.0	0.047619	0.0	0.0	0.0	0.0	0.0	0.0	0.0	0.0	0.0	0.0	0.0	0.0	0.0	0.0	0.0	0.0	0.0	0.0	0.0	0.0	0.0	0.0	0.0	0.0	0.0	0.0	0.0	0.0015	0.0	0.0	0.0	0.0	0.0	0.0	0.0	0.05	
Tadorne de Belon	0.0	0.0	0.0	0.0	0.0	0.0	0.0	0.0	0.0	0.0	0.0	0.0	0.0	0.0	0.0	0.0	0.0015	0.0	0.0	0.0	0.0	0.0	0.0	0.0	0.0	0.0	0.0	0.0	0.0	0.0	0.0	0.0	0.0	0.0	0.0	0.0	0.0	0.0	0.0	0.0	0.0	0.0	0.0	0.0	0.0	0.0	0.0015	0.0	
Canard musqué	0.0	0.0	0.0	0.0	0.0	0.0	0.0	0.0	0.0	0.0	0.0	0.0	0.0	0.0	0.0	0.0	0.0285714	0.0	0.0	0.0	0.0	0.0	0.0	0.0	0.0	0.0	0.0	0.0	0.0	0.0	0.0	0.0	0.0	0.0	0.0	0.0	0.0	0.0	0.0	0.0	0.0	0.0	0.0	0.0	0.0	0.0	0.0	0.0	
Sarcelle d'été	0.0	0.0	0.0	0.0	0.0	0.0	0.0	0.0	0.0	0.0	0.0015	0.0	0.0	0.0	0.0	0.0	0.0	0.0	0.0	0.0	0.0	0.0	0.0	0.0	0.0	0.0	0.0	0.0	0.0	0.0	0.0	0.0	0.0	0.0	0.0	0.0	0.0	0.0	0.0	0.0	0.0	0.0	0.0	0.0	0.0	0.0	0.0	0.0	
Canard souchet	0.0	0.0	0.0	0.0	0.0	0.0	0.0	0.0625	0.0	0.0	0.0	0.0	0.0	0.0	0.0	0.0	0.0	0.0	0.0	0.0	0.0	0.0	0.0	0.0	0.0	0.0015	0.0	0.0	0.0	0.0	0.0	0.0	0.0	0.0	0.0	0.0	0.0	0.0	0.0	0.125	0.0	0.0	0.0	0.0	0.0	0.0	0.0	0.0	
Canard chipeau	0.0769231	0.0	0.0	0.0	0.0	0.0	0.0	0.0	0.0	0.0	0.0	0.0	0.0	0.0	0.0	0.0	0.0	0.0	0.0	0.0	0.0	0.0	0.0	0.0	0.0	0.0	0.0	0.0	0.0	0.0	0.0666667	0.0	0.0	0.0	0.0	0.0	0.0	0.0	0.0	0.0	0.0	0.0	0.0	0.0	0.0	0.0	0.0	0.0015	
Canard siffleur	0.0015	0.0	0.0	0.0	0.0	0.0	0.0	0.0	0.0	0.0015	0.0	0.0	0.0	0.0	0.0	0.0	0.0	0.0	0.0	0.0	0.0	0.0	0.0	0.0	0.0	0.0	0.0	0.0	0.0	0.0	0.0	0.0	0.0	0.0	0.0	0.0	0.0	0.0	0.0	0.0	0.0	0.0	0.0	0.0	0.0	0.0	0.0	0.0015	
Canard colvert	0.3846154	0.0015	0.4285714	0.2	0.0	0.1052632	0.0	0.3125	0.0015	0.0666667	0.1428571	0.1428571	0.0015	0.1666667	0.25	0.2	0.1714286	0.1333333	0.0625	0.125	0.0	0.25	0.12	0.0	0.1724138	0.1071429	0.047619	0.0512821	0.0714286	0.3571429	0.1333333	0.25	0.0015	0.2	0.25	0.2	0.0	0.1	0.0015	0.375	0.1428571	0.0015	0.0	0.0833333	0.2222222	0.0	0.375	0.3	
Canard pilet	0.0	0.0	0.0015	0.0	0.0	0.0	0.0	0.0	0.0	0.0015	0.0015	0.0	0.0	0.0	0.0	0.0	0.0	0.0	0.0	0.0	0.0	0.0	0.0	0.0	0.0	0.0	0.0	0.0	0.0	0.0	0.0	0.0	0.0	0.0	0.0	0.0	0.0	0.0	0.0	0.0	0.0	0.0	0.0	0.0	0.0	0.0	0.0	0.0	
Sarcelle d'hiver	0.0015	0.0	0.0	0.0	0.0	0.0	0.0	0.0	0.0	0.0	0.0	0.0	0.0	0.0	0.0	0.0	0.0	0.0	0.0	0.0	0.0	0.0	0.0	0.0	0.0	0.0	0.0	0.0	0.0	0.0	0.0	0.0	0.0	0.0	0.0	0.0	0.0015	0.0	0.0	0.0	0.0	0.0	0.0	0.0	0.0	0.0	0.0	0.0015	
anatidé sp. (canard barboteur sp.)	0.0	0.0	0.0	0.0666667	0.0	0.0	0.0	0.0	0.0	0.0	0.0	0.0	0.0	0.0	0.0	0.0	0.0	0.0	0.0	0.0	0.0	0.0	0.0	0.0	0.0	0.0	0.0	0.0	0.0	0.0	0.0	0.0	0.0	0.0	0.0	0.0	0.0	0.0	0.0	0.0	0.0	0.0	0.0	0.0	0.0	0.0	0.0	0.0	
Fuligule milouin	0.1538462	0.0	0.0	0.0	0.0	0.0015	0.0015	0.0	0.0	0.0	0.0	0.0	0.0	0.0	0.0	0.0	0.0285714	0.0	0.0	0.0	0.0	0.0	0.0	0.0	0.0	0.0	0.0	0.0	0.0	0.0	0.0	0.0	0.0	0.0	0.0	0.0	0.0	0.0	0.0	0.0	0.0	0.0	0.0	0.0	0.0	0.0	0.0	0.0	
Hybride Fuligule milouin x F. nyroca	0.0	0.0	0.0	0.0	0.0	0.0	0.0	0.0	0.0	0.0	0.0015	0.0	0.0	0.0	0.0	0.0	0.0	0.0	0.0	0.0	0.0	0.0	0.0	0.0	0.0	0.0	0.0	0.0	0.0	0.0	0.0	0.0	0.0	0.0	0.0	0.0	0.0	0.0	0.0	0.0	0.0	0.0	0.0	0.0	0.0	0.0	0.0	0.0	
Fuligule morillon	0.0	0.0	0.0	0.0	0.0	0.0015	0.0015	0.0	0.0	0.0	0.0	0.0	0.0	0.0	0.0	0.0	0.0	0.0	0.0	0.0	0.0	0.0	0.0	0.0	0.0	0.0	0.0	0.0	0.0	0.0	0.0	0.0	0.0	0.0	0.0	0.0	0.0	0.0	0.0	0.0	0.0	0.0	0.0	0.0	0.0	0.0	0.0	0.0	
Garrot à oeil d'or	0.0	0.0	0.0	0.0	0.0	0.0	0.0	0.0	0.0	0.0015	0.0	0.0	0.0	0.0	0.0	0.0	0.0	0.0	0.0	0.0	0.0	0.0	0.0	0.0	0.0	0.0	0.0	0.0	0.0	0.0	0.0	0.0	0.0	0.0	0.0	0.0	0.0	0.0	0.0	0.0	0.0	0.0	0.0	0.0	0.0	0.0	0.0	0.0	
Harle huppé	0.0	0.0	0.0	0.0	0.0	0.0	0.0	0.0	0.0	0.0	0.0	0.0	0.0	0.0	0.0015	0.0	0.0	0.0	0.0	0.0	0.0	0.0	0.0	0.0	0.0	0.0	0.0	0.0	0.0	0.0	0.0	0.0	0.0	0.0	0.0	0.0	0.0	0.0	0.0	0.0	0.0	0.0	0.0	0.0	0.0	0.0	0.0	0.0	
anatidé sp. (canard sp.)	0.0	0.0	0.0	0.0	0.0	0.0	0.0	0.0	0.0	0.0	0.0	0.0	0.0	0.0	0.0015	0.0	0.0	0.0	0.0	0.0	0.0	0.0	0.0	0.0	0.0	0.0	0.0	0.0	0.0	0.0	0.0	0.0	0.0	0.0	0.0	0.0	0.0	0.0	0.0	0.0	0.0	0.0	0.0	0.0	0.0	0.0	0.0	0.0	
sauvagine sp.	0.0	0.0	0.0	0.0	0.0	0.0	0.0	0.0	0.0	0.0	0.0	0.0	0.0	0.0	0.0	0.0	0.0	0.0	0.0	0.0	0.0	0.0	0.0	0.0	0.0	0.0	0.0	0.0	0.0	0.0	0.0	0.0	0.0	0.0	0.0625	0.0	0.0	0.0	0.0	0.0	0.0	0.0	0.0	0.0	0.0	0.0	0.0	0.0	
Perdrix grise	0.0	0.0	0.0	0.0	0.0	0.0	0.0	0.0	0.0	0.0	0.0	0.0	0.0	0.0	0.0	0.0	0.0	0.0	0.0	0.0	0.0	0.0	0.0	0.0	0.0344828	0.0	0.0	0.0	0.0	0.0	0.0	0.0	0.0	0.0	0.0	0.0	0.0	0.0	0.0	0.0	0.0	0.0	0.0	0.0	0.0	0.0	0.0	0.0	
Faisan de Colchide	0.0015	0.0	0.1428571	0.0	0.0	0.0526316	0.0	0.0	0.0555556	0.0	0.1428571	0.047619	0.0666667	0.0833333	0.0625	0.16	0.0571429	0.1	0.0	0.03125	0.0714286	0.25	0.04	0.0	0.0344828	0.0357143	0.0	0.0	0.0	0.0714286	0.0	0.0833333	0.0	0.05	0.125	0.1	0.0	0.0015	0.0	0.0015	0.0	0.0015	0.0833333	0.0015	0.0	0.0	0.0	0.0	
Caille des blés	0.0	0.0	0.0	0.0	0.0	0.0	0.0	0.0	0.0	0.0	0.0	0.0	0.0	0.0	0.0	0.0	0.0285714	0.0333333	0.0625	0.0015	0.1428571	0.0015	0.0	0.0015	0.0344828	0.0015	0.0	0.0769231	0.0	0.0	0.0	0.0	0.0	0.0	0.0	0.0	0.0	0.0	0.0	0.0	0.0	0.0	0.0	0.0	0.0	0.0	0.0	0.0	
Perdrix rouge	0.0	0.0	0.1428571	0.0	0.0	0.0526316	0.0	0.0	0.0	0.0	0.0	0.047619	0.0333333	0.0	0.0015	0.0	0.0285714	0.0666667	0.0	0.0	0.0	0.0	0.0	0.0	0.0344828	0.0	0.0	0.0	0.0015	0.0	0.0	0.0833333	0.0	0.0	0.0	0.1	0.0	0.0015	0.0	0.0	0.0	0.0015	0.0	0.0	0.0	0.0	0.0	0.0	
Pigeon biset	0.1538462	0.25	0.1428571	0.2666667	0.1428571	0.1052632	0.1111111	0.125	0.1666667	0.1333333	0.1428571	0.047619	0.0015	0.0015	0.125	0.08	0.0285714	0.0333333	0.0015	0.09375	0.0714286	0.0015	0.0	0.1	0.0344828	0.0357143	0.0952381	0.3333333	0.0015	0.3571429	0.0015	0.0833333	0.3	0.2	0.125	0.5	0.0	0.15	0.1111111	0.0	0.0	0.0909091	0.1666667	0.4166667	0.2222222	0.5	0.5	0.0	
Pigeon colombin	0.0769231	0.0015	0.1428571	0.0015	0.0	0.0	0.0	0.0	0.0555556	0.0	0.0	0.0015	0.0015	0.0	0.0	0.04	0.0	0.0333333	0.0	0.0	0.0	0.0	0.0	0.0	0.0015	0.0	0.047619	0.0512821	0.0	0.0714286	0.0	0.0	0.1	0.0015	0.0625	0.0	0.0	0.05	0.1111111	0.0	0.0	0.0	0.0015	0.0015	0.0015	0.0	0.0	0.0015	
Pigeon ramier	0.3846154	0.5	0.8571429	0.6	0.5714286	0.3684211	0.4444444	0.4375	0.6666667	0.6	0.4285714	0.6190476	0.8	0.8333333	0.5625	0.48	0.6	0.6666667	0.5	0.59375	0.6428571	0.75	0.48	0.9	0.6896552	0.75	0.8095238	0.5897436	0.4285714	0.7857143	0.4666667	0.6666667	0.6	0.8	0.6875	0.8	0.6666667	0.7	0.2222222	0.25	0.4285714	0.2727273	0.25	0.1666667	0.2222222	0.3333333	0.375	0.6	
Columba sp.	0.0	0.0	0.0	0.0	0.0	0.0	0.0	0.0	0.0	0.0	0.0	0.0	0.0	0.0	0.0	0.0	0.0	0.0	0.0	0.0	0.0	0.0	0.0	0.0	0.0	0.0	0.0	0.0	0.0	0.0	0.0	0.0	0.0	0.0	0.0	0.1	0.0	0.0	0.0	0.0	0.0	0.0	0.0	0.0	0.0	0.0	0.0	0.0	
Tourterelle des bois	0.0	0.0	0.0	0.0	0.0	0.0	0.0	0.0	0.0	0.0	0.0	0.0	0.0	0.0	0.0625	0.12	0.2	0.3	0.125	0.3125	0.4285714	0.25	0.16	0.5	0.3793103	0.4642857	0.3333333	0.2820513	0.1428571	0.1428571	0.0666667	0.25	0.0015	0.15	0.0	0.2	0.0	0.0	0.0	0.0	0.0	0.0	0.0	0.0	0.0	0.0	0.0	0.0	
Tourterelle turque	0.4615385	0.0	0.1428571	0.2	0.2857143	0.1052632	0.1666667	0.1875	0.3888889	0.3333333	0.0015	0.4285714	0.6666667	0.5833333	0.5	0.44	0.2571429	0.2	0.25	0.3125	0.5714286	0.25	0.28	0.5	0.5517241	0.3214286	0.4285714	0.4102564	0.2142857	0.5	0.5333333	0.3333333	0.4	0.6	0.5625	0.7	0.6666667	0.15	0.2222222	0.25	0.1428571	0.1818182	0.0	0.0	0.2222222	0.3333333	0.125	0.25	
Outarde canepetière	0.0	0.0	0.0	0.0	0.0	0.0	0.0	0.0	0.0	0.0	0.0	0.0	0.0015	0.0	0.0	0.0	0.0	0.0333333	0.0	0.0	0.0714286	0.0	0.0	0.0	0.0	0.0	0.0	0.025641	0.0	0.0	0.0	0.0	0.0	0.0	0.0	0.0	0.0	0.0	0.0	0.0	0.0	0.0	0.0	0.0	0.0	0.0	0.0	0.0	
Coucou gris	0.0	0.0	0.0	0.0	0.0	0.0	0.0	0.0	0.0555556	0.0	0.0	0.0015	0.5	0.3333333	0.3125	0.32	0.2571429	0.5	0.125	0.25	0.1428571	0.0	0.04	0.0	0.0	0.0	0.0	0.0	0.0	0.0	0.0	0.0015	0.0	0.0	0.0	0.0	0.0	0.0	0.0	0.0	0.0	0.0	0.0	0.0	0.0	0.0	0.0	0.0	
Engoulevent d'Europe	0.0	0.0	0.0	0.0	0.0	0.0	0.0	0.0	0.0	0.0	0.0	0.0	0.0	0.0	0.0	0.0	0.0	0.0	0.0	0.03125	0.0	0.0	0.0	0.0015	0.0015	0.0	0.0	0.0	0.0	0.0015	0.0	0.0	0.0	0.0	0.0	0.0	0.0	0.0	0.0	0.0	0.0	0.0	0.0	0.0	0.0	0.0	0.0	0.0	
Martinet noir	0.0	0.0	0.0	0.0	0.0	0.0	0.0	0.0	0.0	0.0	0.0	0.0	0.0	0.0015	0.0625	0.32	0.2571429	0.2	0.1875	0.28125	0.2142857	0.5	0.2	0.3	0.5172414	0.3928571	0.2380952	0.1538462	0.0714286	0.0	0.0	0.0	0.0	0.0	0.0	0.0	0.0	0.0	0.0	0.0	0.0	0.0	0.0	0.0	0.0	0.0	0.0	0.0	
apodidé sp.	0.0	0.0	0.0	0.0	0.0	0.0	0.0	0.0	0.0	0.0	0.0	0.0	0.0	0.0	0.0	0.0	0.0	0.0	0.0	0.0	0.0	0.0	0.0	0.0	0.0	0.0	0.0	0.0512821	0.0	0.0	0.0	0.0	0.0	0.0	0.0	0.0	0.0	0.0	0.0	0.0	0.0	0.0	0.0	0.0	0.0	0.0	0.0	0.0	
Râle d'eau	0.0015	0.0	0.1428571	0.0666667	0.0	0.0526316	0.0	0.0625	0.0	0.0	0.0015	0.0	0.0	0.0	0.0	0.0015	0.0015	0.0	0.0	0.0	0.0	0.0	0.0	0.0	0.0	0.0357143	0.0	0.0	0.0	0.0	0.0	0.0	0.0	0.15	0.0	0.1	0.0	0.05	0.0	0.125	0.2857143	0.0909091	0.1666667	0.0833333	0.0	0.0	0.0	0.0	
Gallinule poule-d'eau	0.0015	0.0015	0.0015	0.1333333	0.1428571	0.0526316	0.0	0.0625	0.0015	0.0015	0.0	0.0015	0.0015	0.0833333	0.125	0.08	0.0015	0.1333333	0.125	0.0	0.0714286	0.125	0.0	0.0	0.0344828	0.1428571	0.047619	0.025641	0.0714286	0.2142857	0.0666667	0.25	0.1	0.05	0.125	0.0	0.0	0.05	0.0	0.0015	0.1428571	0.0	0.0	0.0833333	0.1111111	0.0	0.0	0.05	
Foulque macroule	0.1538462	0.0015	0.1428571	0.0666667	0.1428571	0.0	0.0	0.0	0.0	0.0015	0.0	0.0	0.0	0.0	0.0	0.0	0.0	0.0	0.0625	0.0	0.0	0.125	0.0	0.0	0.0	0.0	0.0	0.025641	0.0714286	0.0	0.0666667	0.0	0.0	0.0	0.0625	0.1	0.0	0.0	0.0	0.125	0.2857143	0.0015	0.0	0.0	0.1111111	0.0	0.0	0.1	
Grue cendrée	0.0	0.0	0.0	0.0666667	0.0015	0.1052632	0.3333333	0.125	0.0555556	0.0015	0.0015	0.0	0.0	0.0015	0.0	0.0	0.0	0.0	0.0	0.0	0.0	0.0	0.0	0.0	0.0	0.0	0.0	0.0	0.0	0.0	0.0	0.0	0.0	0.0	0.0	0.0	0.3333333	0.05	0.0015	0.25	0.4285714	0.4545455	0.1666667	0.0015	0.0015	0.0015	0.0	0.0015	
Oedicnème criard	0.0	0.0	0.0	0.0	0.0	0.0	0.0	0.0	0.0015	0.0	0.0015	0.0	0.0333333	0.0015	0.0	0.04	0.0	0.0333333	0.0	0.0015	0.1428571	0.0	0.0015	0.0	0.0689655	0.0714286	0.0015	0.025641	0.0	0.0714286	0.0666667	0.0833333	0.0	0.0	0.0	0.0	0.0	0.05	0.0	0.0	0.0	0.0	0.0015	0.0	0.0	0.0	0.0	0.0	
Échasse blanche	0.0	0.0	0.0	0.0	0.0	0.0	0.0	0.0	0.0	0.0	0.0	0.0	0.0	0.0	0.0	0.0	0.0015	0.0	0.0	0.0	0.0	0.0	0.0	0.0	0.0	0.0	0.0	0.0	0.0	0.0	0.0	0.0	0.0	0.0	0.0	0.0	0.0	0.0	0.0	0.0	0.0	0.0	0.0	0.0	0.0	0.0	0.0	0.0	
Avocette élégante	0.0	0.0	0.0	0.0	0.0	0.0	0.0	0.0	0.0	0.0	0.0	0.0	0.0	0.0	0.0	0.0	0.0	0.0	0.0	0.0	0.0	0.0	0.0	0.0	0.0	0.0	0.0	0.0	0.0	0.0	0.0	0.0015	0.0	0.0	0.0	0.0	0.0	0.0	0.0	0.0	0.0	0.0	0.0	0.0	0.0	0.0	0.0	0.0	
Pluvier argenté	0.0	0.0	0.0	0.0	0.0	0.0	0.0	0.0	0.0	0.0	0.0	0.0	0.0	0.0	0.0	0.0	0.0	0.0	0.0	0.0	0.0	0.0	0.0	0.0	0.0	0.0015	0.0	0.0	0.0	0.0	0.0	0.0	0.0	0.0	0.0	0.0	0.0	0.0	0.0	0.0	0.0	0.0	0.0	0.0	0.0	0.0	0.0	0.0	
Pluvier doré	0.0015	0.0	0.0	0.0	0.0	0.0	0.0	0.0	0.0	0.0015	0.0	0.0	0.0	0.0	0.0	0.0	0.0	0.0	0.0	0.0	0.0	0.0	0.0	0.0	0.0	0.0	0.0	0.0	0.0	0.0	0.0	0.0	0.0	0.0	0.0	0.0	0.0	0.0	0.0	0.0	0.0	0.0	0.0	0.0015	0.0	0.0	0.0	0.0	
Guignard d’Eurasie	0.0	0.0	0.0	0.0	0.0	0.0	0.0	0.0	0.0	0.0	0.0	0.0	0.0	0.0	0.0	0.0	0.0	0.0	0.0	0.0	0.0	0.0	0.0	0.0	0.0	0.0	0.0	0.0	0.0	0.0	0.0	0.0	0.0	0.0015	0.0	0.0	0.0	0.0	0.0	0.0	0.0	0.0	0.0	0.0	0.0	0.0	0.0	0.0	
Grand Gravelot	0.0	0.0	0.0	0.0	0.0	0.0	0.0	0.0	0.0	0.0	0.0	0.0	0.0	0.0	0.0	0.0	0.0015	0.0015	0.0	0.0	0.0	0.0	0.0	0.0	0.0	0.0	0.0	0.0	0.0	0.0	0.0	0.0015	0.0	0.0	0.0015	0.0015	0.3333333	0.0	0.0	0.0	0.0	0.0	0.0	0.0	0.0	0.0	0.0	0.0	
Petit Gravelot	0.0	0.0	0.0	0.0	0.0	0.0	0.0	0.0	0.0	0.0	0.1428571	0.047619	0.0	0.0	0.0	0.0	0.0	0.0666667	0.0	0.0	0.0	0.125	0.0	0.0	0.0	0.0357143	0.0	0.0	0.0015	0.0015	0.0015	0.0015	0.0	0.0	0.0	0.0	0.0	0.0	0.0	0.0	0.0	0.0	0.0	0.0	0.0	0.0	0.0	0.0	
Vanneau huppé	0.1538462	0.0	0.0	0.0	0.0	0.0526316	0.0555556	0.0015	0.0015	0.0015	0.1428571	0.0	0.0	0.0	0.0	0.0	0.0	0.0	0.0	0.0	0.0	0.0	0.0	0.0	0.0	0.0357143	0.0	0.0	0.0	0.0714286	0.0	0.0	0.0	0.0	0.0	0.0	0.0	0.0	0.0	0.0	0.0	0.0	0.0015	0.0	0.1111111	0.1666667	0.0	0.0015	
Vanneau sociable	0.0	0.0	0.0	0.0	0.0	0.0	0.0	0.0	0.0	0.0015	0.1428571	0.0	0.0	0.0	0.0	0.0	0.0	0.0	0.0	0.0	0.0	0.0	0.0	0.0	0.0	0.0	0.0	0.0	0.0	0.0	0.0	0.0	0.0	0.0	0.0	0.0	0.0	0.0	0.0	0.0	0.0	0.0	0.0	0.0	0.0	0.0	0.0	0.0	
Courlis corlieu	0.0	0.0	0.0	0.0	0.0	0.0	0.0	0.0	0.0	0.0	0.0	0.0	0.0	0.0	0.0	0.0	0.0015	0.0	0.0	0.0	0.0	0.0	0.0	0.0	0.0	0.0	0.0	0.0	0.0	0.0	0.0	0.0	0.0	0.0	0.0	0.0	0.0	0.0	0.0	0.0	0.0	0.0	0.0	0.0	0.0	0.0	0.0	0.0	
Courlis cendré	0.0	0.0	0.0	0.0	0.0	0.0	0.0	0.0	0.0	0.0	0.0	0.0	0.0	0.0	0.0	0.0	0.0	0.0	0.0	0.0	0.0	0.0	0.0	0.0	0.0	0.0	0.0	0.0	0.0	0.0015	0.0	0.0	0.0	0.0	0.0	0.0	0.0	0.0	0.0	0.0	0.0	0.0	0.0	0.0	0.0	0.0	0.0	0.0	
Barge à queue noire	0.0	0.0	0.0	0.0	0.0	0.0	0.0	0.0	0.0	0.0015	0.0	0.0	0.0	0.0	0.0	0.0	0.0	0.0	0.0	0.0	0.0	0.0	0.0	0.0	0.0	0.0	0.0	0.0	0.0	0.0	0.0	0.0	0.0	0.0	0.0015	0.0	0.0	0.0	0.0	0.0	0.0	0.0	0.0	0.0	0.0	0.0	0.0	0.0	
Bécassine sourde	0.0	0.0	0.0	0.0	0.0	0.0	0.0	0.0	0.0	0.0	0.0	0.0	0.0	0.0015	0.0	0.0	0.0	0.0	0.0	0.0	0.0	0.0	0.0	0.0	0.0	0.0	0.0	0.0	0.0	0.0	0.0	0.0	0.0	0.0	0.0	0.0	0.0	0.0	0.0	0.0	0.0	0.0	0.0	0.0	0.0	0.0	0.0	0.0	
Bécasse des bois	0.0	0.0	0.0	0.0	0.0	0.0	0.0	0.0	0.0555556	0.0	0.0	0.0	0.0	0.0	0.0	0.0	0.0	0.0	0.0	0.0	0.0	0.0	0.0	0.0	0.0	0.0	0.0	0.0	0.0	0.0	0.0	0.0	0.0	0.0	0.0	0.0	0.0	0.0	0.0	0.0	0.0	0.0015	0.0	0.0015	0.0	0.0	0.0	0.0	
Bécassine des marais	0.0	0.0015	0.0	0.0	0.0	0.0	0.0	0.0	0.0	0.0	0.1428571	0.0015	0.0	0.0	0.0	0.0	0.0	0.0	0.0	0.0	0.0	0.0	0.0	0.0	0.0	0.0	0.0	0.0	0.0	0.0	0.0	0.0	0.0015	0.05	0.0	0.0015	0.0	0.0015	0.0015	0.0	0.0	0.0	0.0	0.0	0.0	0.0	0.0	0.0	
Phalarope à bec large	0.0	0.0	0.0	0.0	0.0	0.0	0.0	0.0	0.0	0.0	0.0	0.0	0.0	0.0	0.0	0.0	0.0	0.0	0.0	0.0	0.0	0.0	0.0	0.0	0.0	0.0	0.0	0.0	0.0	0.0	0.0	0.0	0.0	0.0	0.0	0.0	0.0	0.0	0.0	0.0	0.0015	0.0	0.0	0.0	0.0	0.0	0.0	0.0	
Chevalier guignette	0.0015	0.0015	0.0	0.0	0.0	0.0	0.0	0.0	0.0	0.0	0.0	0.0	0.0	0.0	0.0625	0.08	0.1428571	0.0666667	0.0	0.0	0.0	0.0	0.0	0.0	0.1034483	0.0714286	0.0015	0.025641	0.0015	0.0015	0.0666667	0.1666667	0.0015	0.0015	0.0625	0.0015	0.3333333	0.0	0.0015	0.0	0.0	0.0	0.0	0.0	0.0	0.0	0.0	0.05	
Chevalier culblanc	0.0	0.0	0.0	0.0	0.0	0.0526316	0.0555556	0.0	0.0555556	0.0666667	0.1428571	0.047619	0.0	0.0	0.0	0.0	0.0	0.0015	0.0	0.0	0.0	0.0	0.0	0.0	0.0	0.0357143	0.0	0.0	0.0015	0.1428571	0.0015	0.0015	0.0015	0.05	0.0	0.0015	0.0	0.05	0.0	0.0	0.0	0.0	0.0015	0.0	0.0	0.0	0.0	0.05	
Chevalier sylvain	0.0	0.0	0.0	0.0	0.0	0.0	0.0	0.0	0.0	0.0	0.0	0.0	0.0	0.0	0.0	0.0015	0.0	0.0015	0.0	0.0	0.0	0.0	0.0	0.0	0.0	0.0	0.0	0.0	0.0	0.0	0.0	0.0	0.0	0.0	0.0	0.0	0.0	0.0	0.0	0.0	0.0	0.0	0.0	0.0	0.0	0.0	0.0	0.0	
Chevalier gambette	0.0	0.0	0.0	0.0	0.0	0.0	0.0	0.0	0.0	0.0	0.1428571	0.0	0.0	0.0	0.0	0.0	0.0	0.0015	0.0	0.0	0.0	0.125	0.0	0.0	0.0	0.0357143	0.0	0.0	0.0	0.0015	0.0	0.0015	0.0	0.0	0.0	0.0	0.0	0.0	0.0	0.0	0.0	0.0	0.0	0.0	0.0	0.0	0.0	0.0	
Chevalier arlequin	0.0	0.0	0.0	0.0	0.0	0.0	0.0	0.0	0.0	0.0	0.0	0.0	0.0	0.0	0.0	0.0	0.0	0.0	0.0	0.0	0.0	0.0	0.0	0.0	0.0	0.0	0.0	0.0	0.0	0.0	0.0	0.0	0.0	0.0	0.0015	0.0	0.0	0.0	0.0	0.0	0.0	0.0	0.0	0.0	0.0	0.0	0.0	0.0	
Chevalier aboyeur	0.0	0.0	0.0	0.0	0.0	0.0	0.0	0.0	0.0	0.0	0.0	0.0	0.0	0.0	0.0	0.04	0.0015	0.0015	0.0	0.0	0.0	0.0	0.0	0.0	0.0	0.0015	0.0	0.0	0.0	0.0	0.0	0.0	0.0	0.0	0.0015	0.0	0.0	0.0	0.0	0.0	0.0	0.0	0.0	0.0	0.0	0.0	0.0	0.0	
Tournepierre à collier	0.0	0.0	0.0	0.0	0.0	0.0	0.0	0.0	0.0	0.0	0.0	0.0	0.0	0.0	0.0	0.0	0.0	0.0	0.0	0.0	0.0	0.0	0.0	0.0	0.0	0.0	0.0	0.0	0.0	0.0	0.0	0.0015	0.0	0.0	0.0	0.0	0.0	0.0	0.0	0.0	0.0	0.0	0.0	0.0	0.0	0.0	0.0	0.0	
Bécasseau maubèche	0.0	0.0	0.0	0.0	0.0	0.0	0.0	0.0	0.0	0.0	0.0	0.0	0.0	0.0	0.0	0.0	0.0015	0.0	0.0	0.0	0.0	0.0	0.0	0.0	0.0	0.0	0.0	0.0	0.0	0.0	0.0	0.0	0.0	0.0	0.0	0.0	0.0	0.0	0.0	0.0	0.0	0.0	0.0	0.0	0.0	0.0	0.0	0.0	
Combattant varié	0.0	0.0	0.0	0.0	0.0	0.0	0.0	0.0	0.0	0.0	0.1428571	0.0	0.0	0.0	0.0	0.0	0.0	0.0	0.0	0.0	0.0	0.0	0.0	0.0	0.0	0.0	0.0	0.0	0.0	0.0714286	0.0	0.0	0.0015	0.0	0.0	0.0	0.0	0.0	0.0	0.0	0.0	0.0	0.0	0.0	0.0	0.0	0.0	0.0	
Bécasseau cocorli	0.0	0.0	0.0	0.0	0.0	0.0	0.0	0.0	0.0	0.0	0.0	0.0	0.0	0.0	0.0	0.0	0.0	0.0	0.0	0.0	0.0	0.0	0.0	0.0	0.0	0.0	0.0	0.0	0.0	0.0	0.0	0.0015	0.0015	0.0	0.0	0.0	0.0	0.05	0.0	0.0	0.0	0.0	0.0	0.0	0.0	0.0	0.0	0.0	
Bécasseau de Temminck	0.0	0.0	0.0	0.0	0.0	0.0	0.0	0.0	0.0	0.0	0.0	0.0	0.0	0.0	0.0	0.0	0.0015	0.0	0.0	0.0	0.0	0.0	0.0	0.0	0.0	0.0	0.0	0.0	0.0	0.0	0.0	0.0	0.0	0.0	0.0	0.0	0.0	0.0	0.0	0.0	0.0	0.0	0.0	0.0	0.0	0.0	0.0	0.0	
Bécasseau sanderling	0.0	0.0	0.0	0.0	0.0	0.0	0.0	0.0	0.0	0.0	0.0	0.0	0.0	0.0	0.0015	0.0	0.0	0.0015	0.0	0.0	0.0	0.0	0.0	0.0	0.0	0.0	0.0	0.0	0.0	0.0	0.0	0.0	0.0	0.0	0.0	0.0	0.0	0.0	0.0	0.0	0.0	0.0	0.0	0.0	0.0	0.0	0.0	0.0	
Bécasseau variable	0.0	0.0	0.0	0.0	0.0	0.0	0.0	0.0	0.0	0.0	0.0	0.0	0.0	0.0	0.0	0.0	0.0	0.0	0.0	0.0	0.0	0.0	0.0	0.0	0.0	0.0	0.0	0.0	0.0	0.0015	0.0015	0.0015	0.0	0.0015	0.0	0.0015	0.0015	0.0	0.0	0.0	0.0	0.0	0.0	0.0	0.0	0.0	0.0	0.0	
Bécasseau minute	0.0	0.0	0.0	0.0	0.0	0.0	0.0	0.0	0.0	0.0	0.0	0.0	0.0	0.0	0.0	0.0	0.0	0.0	0.0	0.0	0.0	0.0	0.0	0.0	0.0	0.0	0.0	0.0	0.0	0.0	0.0	0.0	0.0	0.0	0.0	0.0015	0.0	0.0	0.0	0.0	0.0	0.0	0.0	0.0	0.0	0.0	0.0	0.0	
Labbe parasite	0.0	0.0	0.0	0.0	0.0	0.0	0.0	0.0	0.0	0.0	0.0	0.0	0.0	0.0	0.0	0.0	0.0	0.0	0.0	0.0	0.0	0.0	0.0	0.0	0.0	0.0	0.0	0.0	0.0	0.0	0.0	0.0	0.0015	0.0	0.0	0.0	0.0	0.0	0.0	0.0	0.0	0.0	0.0	0.0	0.0	0.0	0.0	0.0	
Mouette pygmée	0.0	0.0	0.0	0.0	0.0	0.0	0.0	0.0	0.0	0.0	0.0	0.0	0.0	0.0	0.0	0.0	0.0	0.0	0.0	0.0	0.0	0.0	0.0	0.0	0.0	0.0	0.0	0.0	0.0	0.0	0.0	0.0	0.0	0.0	0.0	0.0	0.0	0.0	0.0	0.0	0.0	0.0	0.0015	0.0	0.0	0.0	0.0	0.0	
Mouette tridactyle	0.0	0.0	0.0	0.0	0.0	0.0	0.0	0.0	0.0	0.0	0.0	0.0	0.0	0.0	0.0	0.0	0.0	0.0	0.0	0.0	0.0	0.0	0.0	0.0	0.0	0.0	0.0	0.0	0.0	0.0	0.0	0.0	0.0	0.0	0.0	0.0	0.0	0.0	0.0	0.0	0.0	0.0	0.0	0.0015	0.0	0.0	0.0	0.0	
Mouette rieuse	0.0	0.0	0.0	0.0	0.0	0.0	0.0555556	0.0	0.0	0.0	0.1428571	0.047619	0.0	0.0	0.0	0.0015	0.0571429	0.0	0.0	0.0	0.0	0.0	0.0	0.1	0.0	0.0357143	0.047619	0.0	0.0	0.0015	0.0015	0.0015	0.0	0.0	0.0015	0.0015	0.0015	0.05	0.1111111	0.0	0.0	0.0	0.0	0.0	0.0015	0.0	0.0	0.0	
Mouette mélanocéphale	0.0	0.0	0.0	0.0	0.0	0.0	0.0	0.0	0.0	0.0	0.0	0.0015	0.0	0.0	0.0	0.0	0.0	0.0	0.0	0.0	0.0	0.0	0.0	0.0	0.0	0.0	0.0	0.0	0.0	0.0	0.0	0.0	0.0	0.0	0.0	0.0	0.0	0.0	0.0	0.0	0.0	0.0	0.0	0.0	0.0	0.0	0.0	0.0	
Goéland cendré	0.0	0.0	0.0	0.0	0.0	0.0	0.0	0.0	0.0	0.0	0.0	0.0	0.0	0.0	0.0	0.0	0.0015	0.0	0.0	0.0	0.0	0.0	0.0	0.0	0.0	0.0	0.0	0.0	0.0	0.0	0.0	0.0	0.0	0.0	0.0	0.0	0.0	0.0	0.0	0.0	0.0	0.0	0.0	0.0	0.0	0.0	0.0	0.0	
Goéland pontique	0.0	0.0	0.0	0.0	0.0	0.0	0.0555556	0.0	0.0	0.0	0.0	0.0	0.0	0.0	0.0	0.0	0.0	0.0	0.0	0.0	0.0	0.0	0.0	0.0	0.0	0.0	0.0	0.0	0.0	0.0	0.0	0.0	0.0	0.0	0.0	0.0	0.0	0.0	0.0	0.0	0.0	0.0	0.0	0.0	0.0	0.0	0.0	0.0	
Goéland argenté	0.0	0.0	0.0	0.0	0.0	0.0	0.0	0.0	0.0	0.0	0.0	0.0	0.0	0.0	0.0	0.0	0.0	0.0	0.0	0.0	0.0	0.0	0.0	0.0	0.0689655	0.0	0.0	0.0	0.0	0.0015	0.0	0.0	0.0	0.0	0.0	0.0	0.0	0.05	0.0	0.0	0.0	0.0	0.0	0.0	0.0	0.0	0.0	0.0	
Goéland leucophée	0.0	0.0	0.0	0.0	0.0	0.0	0.0555556	0.0	0.0015	0.0	0.0	0.0	0.0	0.0	0.0	0.0	0.0285714	0.0	0.0	0.0015	0.0	0.0	0.0	0.0	0.0	0.0	0.0	0.0	0.0015	0.0	0.0	0.0	0.0	0.0	0.0	0.0	0.0	0.0	0.0	0.0	0.0	0.0	0.0	0.0	0.0	0.0	0.0	0.0	
Goéland argenté ou G. leucophée	0.0	0.0	0.0	0.0	0.0	0.0	0.0	0.0	0.0	0.0	0.0	0.0	0.0	0.0	0.0	0.0	0.0	0.0	0.0	0.0	0.0	0.0	0.0	0.0	0.0	0.0	0.0	0.025641	0.0	0.0	0.0	0.0	0.0	0.0	0.0	0.0	0.0	0.0	0.0	0.0	0.0	0.0	0.0	0.0	0.0	0.0	0.0	0.0	
Goéland brun	0.0769231	0.0	0.0	0.0	0.0	0.0	0.0555556	0.0	0.0	0.0	0.0	0.0	0.0	0.0	0.0015	0.0	0.0285714	0.0	0.0	0.0	0.0	0.0	0.0	0.0	0.0	0.0	0.0	0.0	0.0	0.0	0.0	0.0833333	0.0	0.0	0.0	0.0	0.0	0.0	0.0	0.0	0.0	0.0	0.0	0.0	0.0	0.0	0.0	0.0	
Goéland à ailes blanches	0.0	0.0	0.0	0.0	0.0	0.0	0.0	0.0	0.0015	0.0	0.0	0.0	0.0	0.0	0.0	0.0	0.0	0.0	0.0	0.0	0.0	0.0	0.0	0.0	0.0	0.0	0.0	0.0	0.0	0.0	0.0	0.0	0.0	0.0	0.0	0.0	0.0	0.0	0.0	0.0	0.0	0.0	0.0	0.0	0.0	0.0	0.0	0.0	
goéland sp. (Larus sp.)	0.0	0.0	0.0	0.0	0.0	0.0	0.0	0.0	0.0015	0.0	0.0	0.0	0.0	0.0	0.0	0.0	0.0	0.0	0.0	0.0	0.0	0.0	0.0	0.0	0.0	0.0	0.0	0.0	0.0	0.0	0.0	0.0	0.0	0.0	0.0	0.0	0.0	0.0	0.0	0.0	0.0	0.0	0.0	0.0	0.0	0.0	0.0	0.0	
Sterne naine	0.0	0.0	0.0	0.0	0.0	0.0	0.0	0.0	0.0	0.0	0.0	0.0	0.0	0.0	0.0	0.0	0.0	0.0	0.0	0.0015	0.0	0.0	0.0	0.0	0.0	0.0	0.0	0.0	0.0	0.0	0.0	0.0	0.0	0.0	0.0	0.0	0.0	0.0	0.0	0.0	0.0	0.0	0.0	0.0	0.0	0.0	0.0	0.0	
Sterne caspienne	0.0	0.0	0.0	0.0	0.0	0.0	0.0	0.0	0.0	0.0	0.0	0.0	0.0	0.0	0.0	0.0	0.0	0.0	0.0	0.0	0.0	0.0	0.0	0.0	0.0	0.0	0.0	0.0	0.0	0.0	0.0	0.0015	0.0	0.0	0.0	0.0	0.0	0.0	0.0	0.0	0.0	0.0	0.0	0.0	0.0	0.0	0.0	0.0	
Guifette moustac	0.0	0.0	0.0	0.0	0.0	0.0	0.0	0.0	0.0	0.0	0.0	0.0	0.0	0.0	0.0	0.0015	0.0285714	0.0	0.0	0.0015	0.0	0.0	0.0	0.0015	0.0	0.0	0.0	0.0	0.0	0.0	0.0	0.0	0.0	0.0	0.0	0.0	0.0	0.0	0.0	0.0	0.0	0.0	0.0	0.0	0.0	0.0	0.0	0.0	
Guifette noire	0.0	0.0	0.0	0.0	0.0	0.0	0.0	0.0	0.0	0.0	0.0	0.0	0.0	0.0	0.0	0.0	0.0015	0.0	0.0	0.0	0.0	0.0	0.0	0.0	0.0	0.0	0.0	0.0	0.0	0.0015	0.0015	0.0015	0.0	0.0	0.0015	0.0	0.0	0.0	0.0	0.0	0.0	0.0	0.0	0.0	0.0	0.0	0.0	0.0	
Guifette leucoptère	0.0	0.0	0.0	0.0	0.0	0.0	0.0	0.0	0.0	0.0	0.0	0.0	0.0	0.0	0.0	0.0	0.0015	0.0	0.0	0.0	0.0	0.0	0.0	0.0	0.0	0.0	0.0	0.0	0.0	0.0	0.0	0.0	0.0	0.0	0.0	0.0	0.0	0.0	0.0	0.0	0.0	0.0	0.0	0.0	0.0	0.0	0.0	0.0	
Sterne pierregarin	0.0	0.0	0.0	0.0	0.0	0.0	0.0	0.0	0.0	0.0	0.0	0.0	0.0	0.0	0.0	0.0	0.0015	0.0	0.0	0.0	0.0	0.0	0.0	0.0	0.0	0.0	0.0015	0.0	0.0	0.0	0.0	0.0	0.0	0.0	0.0	0.0	0.0	0.0	0.0	0.0	0.0	0.0	0.0	0.0	0.0	0.0	0.0	0.0	
Sterne caugek	0.0	0.0	0.0	0.0	0.0	0.0	0.0	0.0	0.0	0.0	0.0	0.0	0.0	0.0	0.0	0.0	0.0	0.0	0.0	0.0	0.0	0.0	0.0	0.0	0.0	0.0	0.0015	0.0	0.0	0.0	0.0	0.0	0.0	0.0	0.0	0.0	0.0	0.0	0.0	0.0	0.0	0.0	0.0	0.0	0.0	0.0	0.0	0.0	
Grèbe castagneux	0.0769231	0.0015	0.1428571	0.0	0.0	0.0	0.0	0.0625	0.0	0.0	0.0	0.0	0.0	0.0	0.0	0.0	0.0015	0.0	0.0	0.0	0.0	0.0015	0.0	0.0	0.0	0.0357143	0.0	0.0	0.0	0.0015	0.0666667	0.0	0.0	0.0	0.0625	0.1	0.0	0.0	0.0	0.125	0.1428571	0.0015	0.0	0.0	0.1111111	0.0	0.0	0.05	
Grèbe huppé	0.0769231	0.0	0.0	0.0	0.1428571	0.0	0.0015	0.0	0.0	0.0	0.0	0.0	0.0	0.0	0.0	0.0015	0.0285714	0.0	0.0625	0.03125	0.0	0.125	0.0	0.0	0.0	0.0	0.0	0.0	0.0	0.0	0.0	0.0	0.0	0.0	0.0	0.0	0.0	0.0	0.0	0.125	0.0	0.0	0.0	0.0	0.0	0.0	0.0	0.05	
Grèbe à cou noir	0.0	0.0	0.0	0.0	0.0	0.0	0.0	0.0	0.0	0.0	0.0	0.0	0.0	0.0	0.0	0.0	0.0	0.0	0.0	0.0	0.0	0.0	0.0	0.0	0.0	0.0	0.0	0.0	0.0	0.0	0.0	0.0	0.0	0.0	0.0	0.0	0.0	0.0	0.0	0.125	0.0	0.0	0.0	0.0	0.0	0.0	0.0	0.0	
Plongeon arctique	0.0769231	0.0	0.0	0.0	0.0	0.0	0.0	0.0	0.0	0.0	0.0	0.0	0.0	0.0	0.0	0.0	0.0	0.0	0.0	0.0	0.0	0.0	0.0	0.0	0.0	0.0	0.0	0.0	0.0	0.0	0.0	0.0	0.0	0.0	0.0	0.0	0.0	0.0	0.0	0.0	0.0	0.0	0.0	0.0	0.0	0.0	0.0	0.0015	
Plongeon imbrin	0.0769231	0.0	0.0	0.0	0.0	0.0	0.0	0.0	0.0	0.0	0.0	0.0	0.0	0.0	0.0	0.0	0.0	0.0	0.0	0.0	0.0	0.0	0.0	0.0	0.0	0.0	0.0	0.0	0.0	0.0	0.0	0.0	0.0	0.0	0.0	0.0	0.0	0.0	0.0	0.0	0.0	0.0	0.0	0.0	0.0	0.0	0.0	0.0015	
Océanite culblanc	0.0	0.0	0.0	0.0	0.0	0.0	0.0	0.0	0.0	0.0	0.0	0.0	0.0	0.0	0.0	0.0	0.0	0.0	0.0	0.0	0.0	0.0	0.0	0.0	0.0	0.0	0.0	0.0	0.0	0.0	0.0	0.0	0.0	0.0	0.0	0.0	0.0	0.0	0.0	0.0015	0.0015	0.0	0.0	0.0	0.0	0.0	0.0	0.0	
Cigogne noire	0.0	0.0	0.0	0.0	0.0	0.0	0.0	0.0	0.0	0.0	0.0	0.0	0.0015	0.0	0.0	0.0015	0.0	0.0	0.0	0.0	0.0	0.0	0.0	0.0	0.0	0.0015	0.0	0.0	0.0	0.0	0.0	0.0	0.0	0.0	0.0	0.0	0.0	0.0	0.0	0.0	0.0	0.0	0.0	0.0	0.0	0.0	0.0	0.0	
Cigogne blanche	0.0	0.0	0.0	0.0	0.0	0.0015	0.0555556	0.0	0.0015	0.0	0.0	0.0015	0.0333333	0.0	0.0625	0.04	0.0	0.0	0.0	0.03125	0.0	0.125	0.0	0.0	0.0344828	0.0	0.0	0.0	0.0	0.0714286	0.0	0.0	0.0	0.0015	0.0	0.0015	0.0	0.0	0.0	0.0	0.0	0.0	0.0	0.0	0.0	0.0	0.0	0.0	
ciconiidé sp.	0.0	0.0	0.0	0.0	0.0	0.0	0.0	0.0	0.0	0.0	0.0	0.0	0.0	0.0	0.0	0.0	0.0	0.0	0.0	0.0	0.0	0.0	0.0	0.0	0.0	0.0	0.0	0.025641	0.0	0.0	0.0	0.0	0.0	0.0	0.0	0.0	0.0	0.0	0.0	0.0	0.0	0.0	0.0	0.0	0.0	0.0	0.0	0.0	
Grand Cormoran	0.4615385	0.25	0.5714286	0.4	0.2857143	0.0015	0.1111111	0.375	0.1111111	0.0	0.0	0.0952381	0.0	0.0015	0.0625	0.0015	0.2	0.0666667	0.0	0.03125	0.0015	0.0	0.0	0.0	0.2413793	0.1785714	0.0952381	0.0512821	0.0015	0.0714286	0.1333333	0.0015	0.0015	0.1	0.1875	0.3	0.3333333	0.1	0.2222222	0.125	0.1428571	0.1818182	0.0833333	0.1666667	0.1111111	0.1666667	0.125	0.4	
Ibis falcinelle	0.0	0.0	0.0	0.0	0.0	0.0	0.0	0.0	0.0	0.0	0.0	0.0	0.0	0.0	0.0	0.0	0.0015	0.0	0.0	0.0	0.0	0.0	0.0	0.0	0.0	0.0	0.0	0.0	0.0	0.0	0.0	0.0	0.0	0.0	0.0	0.0	0.0	0.0	0.0	0.0	0.0	0.0	0.0	0.0	0.0	0.0	0.0	0.0	
Butor étoilé	0.0	0.0	0.0	0.0	0.0	0.0	0.0	0.0	0.0	0.0	0.0	0.0	0.0	0.0	0.0	0.0	0.0	0.0	0.0	0.0	0.0	0.0	0.0	0.0	0.0	0.0	0.0	0.0	0.0	0.0	0.0	0.0	0.0	0.0	0.0	0.0	0.0015	0.0	0.0	0.0	0.0	0.0	0.0	0.0	0.0	0.0	0.0	0.0	
Bihoreau gris	0.0	0.0	0.0	0.0	0.0	0.0	0.0	0.0	0.0	0.0	0.0015	0.0	0.0	0.0	0.0	0.0	0.0285714	0.0	0.0	0.0	0.0	0.0	0.04	0.0	0.0	0.0	0.0	0.0	0.0	0.0	0.0015	0.0	0.0	0.0	0.0	0.0	0.0	0.0	0.0	0.0	0.0	0.0	0.0	0.0	0.0	0.0	0.0	0.0	
Aigrette garzette	0.1538462	0.0015	0.1428571	0.0666667	0.0	0.0	0.0	0.0	0.0	0.0	0.0	0.047619	0.0	0.0	0.0	0.04	0.0	0.0	0.0	0.0	0.0	0.125	0.0	0.0015	0.0344828	0.0357143	0.047619	0.0	0.0	0.0	0.0666667	0.0015	0.1	0.0015	0.0625	0.0	0.0	0.05	0.0	0.0	0.1428571	0.0	0.0	0.0	0.0	0.0	0.0	0.0	
Crabier chevelu	0.0	0.0	0.0	0.0	0.0	0.0	0.0	0.0	0.0	0.0	0.0	0.0	0.0	0.0	0.0	0.0	0.0	0.0	0.0	0.0	0.0	0.0	0.0	0.0	0.0015	0.0	0.0	0.0	0.0	0.0	0.0	0.0	0.0	0.0	0.0	0.0	0.0	0.0	0.0	0.0	0.0	0.0	0.0	0.0	0.0	0.0	0.0	0.0	
Héron garde-boeufs	0.1538462	0.0015	0.1428571	0.0666667	0.0	0.0526316	0.0015	0.0	0.0	0.0666667	0.1428571	0.047619	0.0666667	0.0	0.0625	0.0	0.0	0.0	0.0	0.03125	0.0	0.25	0.0	0.0015	0.0	0.1071429	0.1904762	0.025641	0.0015	0.0015	0.0015	0.0	0.1	0.05	0.125	0.1	0.0	0.1	0.0	0.0015	0.2857143	0.0	0.0	0.1666667	0.0	0.1666667	0.125	0.15	
Grande Aigrette	0.1538462	0.0015	0.0015	0.0	0.0	0.0	0.0	0.0	0.0	0.0	0.0	0.0	0.0	0.0	0.0625	0.0	0.0	0.0	0.0	0.0	0.0	0.0	0.0	0.0	0.0	0.0	0.0	0.025641	0.0	0.0	0.0666667	0.0015	0.0	0.05	0.0015	0.0015	0.0	0.05	0.1111111	0.125	0.2857143	0.1818182	0.0833333	0.0	0.0	0.0	0.0	0.1	
Héron cendré	0.3846154	0.25	0.4285714	0.2	0.1428571	0.0	0.0555556	0.0	0.0015	0.0015	0.2857143	0.1904762	0.0666667	0.0833333	0.0625	0.04	0.3714286	0.2	0.125	0.09375	0.2142857	0.5	0.12	0.0015	0.4137931	0.2857143	0.2380952	0.0769231	0.2142857	0.3571429	0.1333333	0.1666667	0.1	0.25	0.4375	0.2	0.3333333	0.15	0.1111111	0.125	0.4285714	0.1818182	0.3333333	0.1666667	0.1111111	0.0015	0.125	0.3	
Héron pourpré	0.0	0.0	0.0	0.0	0.0	0.0	0.0	0.0	0.0	0.0	0.0	0.0	0.0	0.0	0.0	0.0	0.0	0.0015	0.0	0.0625	0.0	0.125	0.0	0.0	0.0	0.0	0.0	0.0	0.0714286	0.0	0.0	0.0	0.0	0.0	0.0	0.0	0.0	0.0	0.0	0.0	0.0	0.0	0.0	0.0	0.0	0.0	0.0	0.0	
ardeidé sp.	0.0	0.0	0.0	0.0666667	0.0	0.0	0.0	0.0	0.0	0.0	0.0	0.0	0.0	0.0	0.0	0.0	0.0	0.0	0.0	0.0	0.0	0.0	0.0	0.0	0.0	0.0	0.0	0.025641	0.0	0.0	0.0	0.0	0.0	0.0	0.0	0.0	0.0	0.0	0.0	0.0	0.0	0.0	0.0	0.0	0.0	0.0	0.0	0.0	
Balbuzard pêcheur	0.0	0.0	0.0	0.0	0.0	0.0	0.0	0.0	0.0	0.0	0.0015	0.0	0.0	0.0015	0.0	0.04	0.0015	0.0	0.0	0.0	0.0	0.0	0.0	0.0	0.0	0.0	0.0	0.0	0.0	0.0	0.0	0.0	0.0	0.0015	0.0015	0.0	0.0	0.0	0.0	0.0	0.0	0.0	0.0	0.0	0.0	0.0	0.0	0.0	
Élanion blanc	0.0015	0.0	0.1428571	0.0666667	0.0	0.0015	0.0555556	0.0625	0.0	0.0015	0.0015	0.0	0.0333333	0.0	0.0625	0.04	0.0015	0.0333333	0.0	0.0015	0.0	0.0	0.0	0.1	0.0689655	0.1071429	0.047619	0.1025641	0.0	0.0015	0.0	0.0	0.1	0.0	0.125	0.0	0.0	0.05	0.0	0.0	0.1428571	0.0909091	0.0	0.0833333	0.0	0.0	0.0	0.0	
Bondrée apivore	0.0	0.0	0.0	0.0	0.0	0.0	0.0	0.0	0.0	0.0	0.0	0.0	0.0	0.0	0.0	0.0015	0.0015	0.0666667	0.0625	0.03125	0.0714286	0.0015	0.0	0.0015	0.0015	0.0357143	0.0015	0.0769231	0.0015	0.0015	0.0015	0.0015	0.1	0.05	0.0	0.0015	0.0	0.0	0.0	0.0	0.0	0.0	0.0	0.0	0.0	0.0	0.0	0.0	
Circaète Jean-le-Blanc	0.0	0.0	0.0	0.0	0.0	0.0	0.0	0.0	0.0	0.0	0.0015	0.0015	0.0	0.0015	0.0	0.0015	0.1142857	0.0333333	0.0015	0.03125	0.0015	0.0015	0.0	0.0015	0.0	0.0015	0.0015	0.1025641	0.0	0.0015	0.0015	0.0015	0.0015	0.0	0.0625	0.1	0.0	0.0	0.0	0.0	0.0	0.0	0.0	0.0	0.0	0.0	0.0	0.0	
Aigle botté	0.0	0.0	0.0	0.0	0.0	0.0	0.0	0.0	0.0	0.0015	0.0	0.0	0.0015	0.0	0.0	0.0	0.0	0.0	0.0015	0.0	0.0	0.0	0.0	0.0015	0.0	0.0	0.0	0.0	0.0	0.0	0.0	0.0015	0.0	0.0	0.0	0.0	0.0	0.0	0.0	0.0	0.0	0.0	0.0	0.0	0.0	0.0	0.0	0.0	
Épervier d'Europe	0.0769231	0.0015	0.0	0.2	0.0	0.0526316	0.1111111	0.0	0.1111111	0.1333333	0.0015	0.047619	0.0333333	0.0015	0.0015	0.0015	0.0	0.0666667	0.0625	0.03125	0.1428571	0.0015	0.04	0.0015	0.0	0.0357143	0.0015	0.1025641	0.0714286	0.0714286	0.0666667	0.0833333	0.1	0.05	0.1875	0.4	0.0015	0.15	0.0015	0.125	0.1428571	0.1818182	0.0833333	0.1666667	0.1111111	0.1666667	0.125	0.0015	
Autour des palombes	0.0015	0.0	0.0	0.0	0.0	0.0	0.0	0.0	0.0	0.0015	0.0	0.0	0.0	0.0	0.0	0.0015	0.0285714	0.0	0.0	0.0	0.0	0.0	0.0	0.0	0.0015	0.0	0.0	0.0	0.0	0.0	0.0	0.0015	0.0	0.0	0.0625	0.0	0.0	0.0	0.0	0.125	0.0	0.0	0.0	0.0	0.0	0.0	0.0	0.0	
Épervier d'Europe ou Autour des palombes	0.0	0.0	0.0	0.0	0.0	0.0	0.0	0.0	0.0	0.0	0.0	0.0	0.0	0.0	0.0	0.0	0.0	0.0	0.0	0.0	0.0	0.0	0.0	0.0	0.0	0.0	0.0	0.0	0.0	0.0	0.0	0.0	0.0	0.0	0.0	0.0015	0.0	0.0	0.0	0.0	0.0	0.0	0.0	0.0833333	0.0	0.0	0.0	0.0	
Busard des roseaux	0.0	0.0	0.0	0.0666667	0.0	0.0015	0.0	0.0	0.0	0.0	0.0015	0.0	0.0333333	0.0	0.0	0.0015	0.0	0.0	0.0	0.0	0.0	0.0	0.0	0.0	0.0	0.0	0.0	0.025641	0.0	0.0	0.0	0.0	0.0	0.05	0.0625	0.0015	0.0015	0.0	0.0	0.0	0.0015	0.0015	0.0	0.0	0.0	0.0	0.0	0.0	
Busard Saint-Martin	0.0015	0.0	0.0	0.0666667	0.0	0.0	0.0	0.0	0.0	0.0015	0.0015	0.0015	0.0333333	0.0833333	0.0625	0.04	0.0285714	0.0333333	0.0015	0.03125	0.0714286	0.0	0.0	0.0	0.0344828	0.0	0.047619	0.025641	0.0	0.0	0.0	0.0	0.1	0.0	0.1875	0.0015	0.0	0.0	0.0	0.0	0.1428571	0.0015	0.0	0.0833333	0.0	0.0	0.0	0.0	
Busard pâle	0.0	0.0	0.0	0.0	0.0	0.0	0.0	0.0	0.0	0.0	0.0	0.0	0.0	0.0	0.0	0.0	0.0	0.0	0.0	0.0	0.0	0.0	0.0	0.0	0.0	0.0	0.0	0.0	0.0	0.0	0.0	0.0	0.0	0.0	0.0	0.0015	0.0	0.0	0.0	0.0	0.0	0.0	0.0	0.0	0.0	0.0	0.0	0.0	
Busard cendré	0.0	0.0	0.0	0.0	0.0	0.0	0.0	0.0	0.0	0.0015	0.0015	0.0	0.0	0.0015	0.0625	0.0	0.0015	0.0	0.0625	0.0	0.0	0.0	0.0	0.0015	0.0344828	0.0	0.0	0.0769231	0.0015	0.0	0.0666667	0.0833333	0.0	0.0	0.0	0.0	0.0	0.0	0.0	0.0	0.0	0.0	0.0	0.0	0.0	0.0	0.0	0.0	
Busard Saint-Martin ou B. cendré	0.0	0.0	0.0	0.0	0.0	0.0	0.0	0.0	0.0	0.0	0.0	0.0	0.0	0.0	0.0	0.0	0.0	0.0	0.0	0.0	0.0	0.0	0.0	0.0	0.0	0.0	0.0	0.0	0.0	0.0	0.0	0.0	0.0	0.0	0.0625	0.0	0.0	0.0	0.0	0.0	0.0	0.0	0.0	0.0	0.0	0.0	0.0	0.0	
busard sp.	0.0015	0.0	0.0	0.0	0.0	0.0	0.0	0.0	0.0	0.0	0.0	0.0	0.0	0.0	0.0	0.0	0.0	0.0	0.0	0.0	0.0	0.0	0.0	0.0	0.0	0.0	0.0	0.0	0.0	0.0	0.0	0.0	0.0	0.05	0.0	0.0	0.0	0.0	0.0	0.0	0.0	0.0	0.0	0.0	0.0	0.0	0.0	0.0	
Milan royal	0.0	0.0	0.0	0.0	0.1428571	0.0	0.1111111	0.0	0.0	0.0	0.0	0.0	0.0666667	0.0015	0.0	0.0	0.0	0.0333333	0.0	0.0	0.0714286	0.0	0.04	0.1	0.0344828	0.0015	0.047619	0.025641	0.0	0.0	0.0	0.0	0.0	0.0	0.0	0.0015	0.0	0.1	0.0015	0.0015	0.0015	0.0015	0.0833333	0.0	0.0	0.0015	0.0	0.0015	
Milan noir	0.0	0.0	0.0	0.0	0.1428571	0.0526316	0.0	0.0625	0.0555556	0.0666667	0.2857143	0.2857143	0.1	0.0015	0.25	0.28	0.3428571	0.1666667	0.375	0.3125	0.3571429	0.25	0.12	0.2	0.3793103	0.5357143	0.2380952	0.2564103	0.1428571	0.0714286	0.0	0.0	0.0	0.0	0.0	0.0	0.0	0.0	0.0	0.0	0.1428571	0.0	0.0	0.0	0.0	0.0	0.0	0.0	
Milan royal ou M. noir	0.0	0.0	0.0	0.0	0.0	0.0	0.0	0.0	0.0	0.0	0.0	0.0	0.0	0.0015	0.0	0.0	0.0	0.0	0.0	0.0	0.0	0.0	0.0	0.0	0.0	0.0	0.0	0.0	0.0	0.0	0.0	0.0	0.0	0.0	0.0	0.0	0.0	0.0	0.0	0.0	0.0	0.0	0.0	0.0	0.0	0.0	0.0	0.0	
Pygargue à queue blanche	0.0	0.0	0.0	0.0	0.0	0.0	0.0	0.0	0.0015	0.0	0.0	0.0	0.0	0.0	0.0	0.0	0.0	0.0	0.0	0.0	0.0	0.0	0.0	0.0	0.0	0.0	0.0	0.0	0.0	0.0	0.0	0.0	0.0	0.0	0.0	0.0	0.0	0.0	0.0	0.0	0.0	0.0	0.0	0.0	0.0	0.0	0.0	0.0	
Buse variable	0.3076923	0.5	0.2857143	0.4	0.0015	0.3157895	0.3888889	0.4375	0.5	0.2666667	0.4285714	0.3333333	0.4666667	0.5	0.125	0.08	0.4285714	0.2666667	0.3125	0.25	0.3571429	0.375	0.2	0.2	0.2068966	0.3928571	0.5714286	0.2051282	0.2857143	0.2857143	0.2	0.4166667	0.3	0.25	0.25	0.3	0.0	0.35	0.2222222	0.0015	0.2857143	0.3636364	0.25	0.4166667	0.2222222	0.5	0.125	0.4	
rapace sp.	0.0	0.0	0.0	0.0	0.0	0.0	0.0	0.0	0.0	0.0	0.0	0.0	0.0	0.0	0.0015	0.0	0.0	0.0	0.0	0.0	0.0	0.0	0.0	0.0	0.0	0.0	0.0	0.025641	0.0	0.0	0.0	0.0	0.0	0.0	0.0	0.0	0.0	0.0	0.0	0.0	0.0	0.0	0.0	0.0	0.0	0.0	0.0	0.0	
Effraie des clochers	0.0	0.0015	0.0015	0.0666667	0.0015	0.0	0.0015	0.0625	0.0015	0.0	0.0	0.0015	0.0015	0.0015	0.0	0.0015	0.0	0.0	0.0	0.0015	0.0	0.0	0.08	0.1	0.1034483	0.0357143	0.0015	0.0015	0.0	0.0	0.0015	0.0015	0.0015	0.0	0.0015	0.0015	0.0	0.05	0.0015	0.0015	0.0015	0.0909091	0.0015	0.0	0.0	0.0	0.0	0.0	
Petit-duc scops	0.0	0.0	0.0	0.0	0.0	0.0	0.0	0.0	0.0	0.0	0.0	0.0	0.0	0.0	0.0	0.08	0.0	0.0	0.0	0.0	0.0	0.0	0.0	0.0	0.0344828	0.0357143	0.0	0.0512821	0.0	0.0	0.0	0.0	0.0	0.0	0.0	0.0	0.0	0.0	0.0	0.0	0.0	0.0	0.0	0.0	0.0	0.0	0.0	0.0	
Chevêche d'Athéna	0.0015	0.0	0.0015	0.1333333	0.0015	0.0526316	0.0015	0.0015	0.0015	0.1333333	0.0015	0.1428571	0.0333333	0.0833333	0.0	0.04	0.0	0.0666667	0.0	0.0015	0.0015	0.125	0.16	0.3	0.137931	0.0357143	0.047619	0.1538462	0.0714286	0.0015	0.1333333	0.0833333	0.0	0.05	0.0015	0.1	0.3333333	0.1	0.1111111	0.25	0.1428571	0.1818182	0.0	0.0833333	0.0	0.0015	0.0015	0.0	
Chouette hulotte	0.0	0.0	0.0	0.0666667	0.0	0.0526316	0.0	0.0	0.0015	0.0015	0.0	0.0	0.0015	0.0015	0.0	0.0	0.0857143	0.0	0.0	0.0	0.0	0.0015	0.08	0.0	0.0	0.0	0.0015	0.0512821	0.0	0.0015	0.0015	0.0833333	0.0	0.05	0.0015	0.0015	0.0	0.0015	0.0	0.0015	0.0015	0.0909091	0.0	0.0	0.1111111	0.0	0.0	0.05	
Hibou moyen-duc	0.0	0.0	0.0	0.0	0.0	0.0	0.0	0.0	0.0	0.0	0.0	0.0	0.0	0.0	0.0	0.0015	0.0285714	0.0	0.0015	0.0	0.0	0.0	0.0015	0.0	0.0015	0.0	0.0	0.0	0.0	0.0	0.0	0.0	0.0	0.0	0.0	0.0	0.0	0.0	0.0	0.0	0.0	0.0	0.0	0.0	0.0	0.0	0.0	0.0	
Hibou des marais	0.0	0.0	0.0	0.0	0.0	0.0	0.0	0.0	0.0	0.0	0.0	0.0	0.0333333	0.0	0.0	0.0	0.0015	0.0	0.0	0.0	0.0	0.0	0.0	0.0	0.0	0.0	0.0	0.0	0.0	0.0	0.0	0.0	0.0	0.0	0.0	0.0	0.0	0.0	0.0	0.0	0.0	0.0	0.0	0.0	0.0	0.0	0.0	0.0	
Strigiformes sp.	0.0	0.0	0.0	0.0	0.0	0.0	0.0	0.0	0.0	0.0	0.0	0.0	0.0	0.0	0.0	0.0	0.0	0.0	0.0	0.0015	0.0	0.0	0.0	0.0	0.0	0.0	0.0	0.0	0.0	0.0	0.0	0.0	0.0	0.0	0.0	0.0	0.0	0.0	0.0	0.0	0.0	0.0	0.0	0.0	0.0	0.0	0.0	0.0	
Huppe fasciée	0.0	0.0	0.0	0.0	0.0	0.0	0.0	0.0	0.0	0.0	0.1428571	0.0952381	0.0666667	0.0833333	0.1875	0.12	0.2	0.1666667	0.1875	0.125	0.4285714	0.5	0.2	0.0015	0.0344828	0.1428571	0.0952381	0.0769231	0.0015	0.2142857	0.1333333	0.1666667	0.1	0.0	0.0	0.0	0.0	0.0	0.0	0.0	0.0	0.0	0.0	0.0	0.0	0.0	0.0	0.0	
Guêpier d'Europe	0.0	0.0	0.0	0.0	0.0	0.0	0.0	0.0	0.0	0.0	0.0	0.0	0.0	0.0	0.0	0.0	0.0285714	0.0666667	0.0625	0.0625	0.0015	0.0015	0.0	0.0	0.0	0.0357143	0.0952381	0.025641	0.0	0.0015	0.0015	0.0	0.0	0.0	0.0	0.0	0.0	0.0	0.0	0.0	0.0	0.0	0.0	0.0	0.0	0.0	0.0	0.0	
Martin-pêcheur d'Europe	0.1538462	0.0015	0.0015	0.0666667	0.0	0.0526316	0.0015	0.0	0.0015	0.0	0.0	0.047619	0.0	0.0015	0.0	0.04	0.0285714	0.0	0.125	0.03125	0.0015	0.125	0.04	0.1	0.2413793	0.1071429	0.047619	0.025641	0.2142857	0.2142857	0.2666667	0.1666667	0.1	0.2	0.3125	0.1	0.0	0.05	0.1111111	0.0015	0.1428571	0.0909091	0.0833333	0.1666667	0.1111111	0.0	0.0	0.1	
Torcol fourmilier	0.0	0.0	0.0	0.0	0.0	0.0	0.0	0.0	0.0	0.0	0.0	0.0	0.0	0.0	0.0	0.0	0.0	0.0	0.0	0.0	0.0	0.0	0.0	0.0	0.0	0.0	0.0	0.0	0.0	0.0	0.0	0.0015	0.0	0.0	0.0	0.0	0.0	0.0	0.0	0.0	0.0	0.0	0.0	0.0	0.0	0.0	0.0	0.0	
Pic mar	0.0	0.0	0.0	0.0	0.0	0.0526316	0.0	0.0625	0.0	0.1333333	0.0	0.0	0.0	0.0	0.0	0.0	0.0	0.0	0.0625	0.03125	0.0	0.0	0.0	0.0	0.0	0.1428571	0.0	0.0	0.0	0.0	0.0	0.0	0.0	0.0	0.0	0.0	0.0	0.0	0.0	0.0	0.0015	0.0	0.0	0.0	0.0	0.0	0.0	0.1	
Pic épeiche	0.2307692	0.0	0.1428571	0.1333333	0.1428571	0.1052632	0.0015	0.25	0.3333333	0.2666667	0.0	0.0952381	0.4	0.3333333	0.25	0.2	0.0571429	0.1666667	0.0015	0.0625	0.4285714	0.25	0.28	0.2	0.2758621	0.5	0.2857143	0.1794872	0.2857143	0.6428571	0.1333333	0.4166667	0.2	0.3	0.5625	0.4	0.3333333	0.2	0.4444444	0.25	0.4285714	0.3636364	0.3333333	0.3333333	0.0	0.1666667	0.125	0.2	
Pic épeichette	0.0769231	0.0	0.0	0.0	0.1428571	0.0526316	0.0	0.0	0.0555556	0.0	0.0	0.0015	0.0333333	0.1666667	0.0	0.04	0.0	0.0	0.0015	0.03125	0.0	0.125	0.04	0.0	0.0689655	0.1071429	0.047619	0.0	0.0015	0.0	0.0015	0.0015	0.0	0.0	0.0	0.2	0.0	0.0	0.1111111	0.125	0.0	0.0	0.0	0.0	0.0	0.0	0.0	0.0	
Pic vert	0.2307692	0.25	0.2857143	0.2	0.1428571	0.1578947	0.0555556	0.25	0.3333333	0.3333333	0.1428571	0.1428571	0.0666667	0.5833333	0.125	0.12	0.0857143	0.1333333	0.125	0.0015	0.0015	0.25	0.28	0.5	0.2413793	0.5	0.4761905	0.2051282	0.1428571	0.4285714	0.1333333	0.4166667	0.3	0.35	0.4375	0.5	0.3333333	0.4	0.5555556	0.25	0.2857143	0.2727273	0.0	0.1666667	0.0	0.0	0.0015	0.1	
Pic noir	0.0	0.25	0.0015	0.0666667	0.0	0.0526316	0.0015	0.125	0.0555556	0.0	0.0	0.047619	0.0666667	0.0015	0.0625	0.0015	0.0285714	0.0015	0.0015	0.0	0.0	0.125	0.0	0.0	0.0344828	0.1428571	0.0	0.0	0.0015	0.0	0.0	0.0015	0.0	0.0015	0.0625	0.0015	0.0015	0.05	0.2222222	0.125	0.2857143	0.0909091	0.0	0.0833333	0.0	0.1666667	0.0015	0.05	
Faucon crécerelle	0.3846154	0.0	0.0015	0.1333333	0.0	0.1052632	0.1666667	0.1875	0.2222222	0.0666667	0.2857143	0.2857143	0.2666667	0.0833333	0.125	0.12	0.2	0.1333333	0.1875	0.21875	0.3571429	0.25	0.08	0.2	0.2413793	0.25	0.3809524	0.2307692	0.0714286	0.2142857	0.1333333	0.4166667	0.2	0.35	0.25	0.4	0.0015	0.3	0.2222222	0.0015	0.2857143	0.1818182	0.25	0.3333333	0.2222222	0.1666667	0.125	0.15	
Faucon kobez	0.0	0.0	0.0	0.0	0.0	0.0	0.0	0.0	0.0	0.0	0.0	0.0	0.0	0.0	0.0	0.04	0.0	0.0	0.0015	0.0015	0.0	0.0	0.0	0.0	0.0	0.0	0.0	0.0	0.0	0.0	0.0	0.0	0.0	0.0	0.0	0.0	0.0	0.0	0.0	0.0	0.0	0.0	0.0	0.0	0.0	0.0	0.0	0.0	
Faucon émerillon	0.0015	0.0	0.0	0.0	0.0	0.0	0.0	0.0	0.0	0.0	0.0	0.0	0.0	0.0	0.0	0.0	0.0	0.0	0.0	0.0	0.0	0.0	0.0	0.0	0.0	0.0	0.0	0.0	0.0	0.0	0.0	0.0	0.0	0.0	0.0	0.0	0.0	0.0	0.0	0.0	0.1428571	0.0	0.0	0.0	0.0	0.0	0.0	0.0	
Faucon hobereau	0.0	0.0	0.0	0.0	0.0	0.0	0.0	0.0	0.0	0.0	0.0	0.0015	0.0	0.0	0.0625	0.0015	0.0015	0.0666667	0.0625	0.0015	0.1428571	0.0	0.0	0.1	0.0344828	0.0015	0.047619	0.0769231	0.0	0.0015	0.0015	0.0015	0.1	0.0015	0.25	0.2	0.0	0.0015	0.0015	0.0	0.0	0.0	0.0	0.0	0.0	0.0	0.0	0.0	
Faucon pèlerin	0.0	0.0	0.0	0.0666667	0.1428571	0.0526316	0.0555556	0.0	0.0	0.0015	0.0	0.0	0.0	0.0015	0.0	0.04	0.0	0.0	0.0	0.0015	0.0	0.0015	0.04	0.0	0.0	0.0357143	0.0	0.0	0.0	0.0	0.0	0.0	0.0	0.0015	0.0015	0.1	0.0015	0.05	0.0015	0.0015	0.0	0.0909091	0.0	0.0	0.0	0.0	0.0015	0.0	
Falco sp.	0.0	0.0	0.0	0.0	0.0	0.0	0.0	0.0	0.0555556	0.0	0.0	0.0	0.0	0.0015	0.0	0.0	0.0	0.0015	0.0	0.0015	0.0	0.0	0.0	0.0	0.0	0.0	0.0	0.0	0.0	0.0	0.0	0.0	0.0	0.0	0.0	0.1	0.0	0.0	0.0	0.0	0.0	0.0	0.0833333	0.0	0.0	0.0	0.0	0.0	
rapace diurne sp.	0.0	0.0	0.0	0.0	0.0	0.0	0.0	0.0	0.0	0.0	0.0	0.0	0.0	0.0015	0.0	0.0015	0.0	0.0	0.0	0.0015	0.0	0.0	0.0	0.0	0.0	0.0	0.0	0.0	0.0	0.0	0.0	0.0	0.0	0.0	0.0	0.0	0.0	0.0	0.0	0.125	0.0	0.0	0.0	0.0	0.0	0.0	0.0	0.0	
Inséparable masqué	0.0	0.0	0.0	0.0	0.0	0.0	0.0	0.0	0.0	0.0	0.0	0.0	0.0	0.0	0.0	0.0	0.0	0.0	0.0	0.0	0.0	0.0	0.0	0.0	0.0	0.0	0.0	0.0	0.0	0.0	0.0	0.0	0.0	0.0	0.0015	0.0	0.0	0.0	0.0	0.0	0.0	0.0	0.0	0.0	0.0	0.0	0.0	0.0	
Loriot d'Europe	0.0	0.0	0.0	0.0	0.0	0.0	0.0	0.0	0.0	0.0	0.0	0.047619	0.0333333	0.0	0.0	0.12	0.4	0.3333333	0.25	0.21875	0.2857143	0.5	0.44	0.3	0.2758621	0.3928571	0.2380952	0.1794872	0.2857143	0.1428571	0.1333333	0.1666667	0.0	0.0	0.0	0.0	0.0	0.0	0.0	0.0	0.0	0.0	0.0	0.0	0.0	0.0	0.0	0.0	
Pie-grièche écorcheur	0.0	0.0	0.0	0.0	0.0	0.0	0.0	0.0	0.0	0.0	0.0	0.0	0.0	0.0	0.0	0.04	0.0285714	0.1333333	0.0015	0.03125	0.0	0.0015	0.04	0.2	0.0344828	0.1428571	0.0952381	0.0	0.0	0.0015	0.0015	0.0015	0.0	0.0	0.0	0.0	0.0	0.0	0.0	0.0	0.0	0.0	0.0	0.0	0.0	0.0	0.0	0.0	
Pie-grièche à tête rousse	0.0	0.0	0.0	0.0	0.0	0.0	0.0	0.0	0.0	0.0	0.0	0.0	0.0	0.0	0.0	0.0	0.0	0.0015	0.0015	0.0	0.0	0.0	0.0015	0.0	0.0	0.0357143	0.0	0.0	0.0015	0.0015	0.0	0.0	0.0	0.0	0.0	0.0	0.0	0.0	0.0	0.0	0.0	0.0	0.0	0.0	0.0	0.0	0.0	0.0	
Laniidés sp.	0.0	0.0	0.0	0.0	0.0	0.0	0.0	0.0	0.0	0.0	0.0	0.0	0.0	0.0	0.0	0.0	0.0	0.0	0.0	0.0	0.0	0.0	0.0	0.0	0.0	0.0015	0.0	0.0	0.0	0.0	0.0	0.0	0.0	0.0	0.0	0.0	0.0	0.0	0.0	0.0	0.0	0.0	0.0	0.0	0.0	0.0	0.0	0.0	
Geai des chênes	0.2307692	0.5	0.2857143	0.2	0.1428571	0.2631579	0.0555556	0.25	0.3888889	0.0666667	0.0015	0.4285714	0.5	0.5833333	0.0625	0.04	0.2285714	0.1333333	0.1875	0.25	0.5	0.25	0.24	0.5	0.2413793	0.5357143	0.4285714	0.2051282	0.1428571	0.2857143	0.3333333	0.4166667	0.5	0.55	0.625	0.4	0.3333333	0.4	0.6666667	0.5	0.4285714	0.5454545	0.25	0.1666667	0.0	0.1666667	0.125	0.35	
Pie bavarde	0.5384615	0.5	0.4285714	0.6	0.4285714	0.3684211	0.3333333	0.4375	0.6111111	0.3333333	0.4285714	0.4285714	0.3	0.5833333	0.1875	0.28	0.3428571	0.3	0.25	0.34375	0.5714286	0.5	0.36	0.4	0.3103448	0.3571429	0.5714286	0.2564103	0.1428571	0.5	0.3333333	0.5	0.6	0.3	0.5625	0.6	0.3333333	0.3	0.3333333	0.0015	0.4285714	0.1818182	0.0833333	0.25	0.4444444	0.5	0.375	0.35	
Choucas des tours	0.0769231	0.0	0.2857143	0.4	0.1428571	0.1052632	0.1111111	0.1875	0.1111111	0.1333333	0.0	0.1904762	0.0666667	0.0015	0.0625	0.0	0.1428571	0.1333333	0.125	0.21875	0.2142857	0.125	0.04	0.2	0.0344828	0.1785714	0.1428571	0.1282051	0.0	0.0714286	0.2	0.0833333	0.2	0.15	0.1875	0.3	0.0	0.15	0.0	0.25	0.4285714	0.0	0.1666667	0.0833333	0.1111111	0.0	0.0	0.15	
Corbeau freux	0.0769231	0.25	0.0	0.2	0.0	0.1052632	0.0555556	0.0625	0.1111111	0.0666667	0.1428571	0.1904762	0.0666667	0.0833333	0.0625	0.04	0.0571429	0.1	0.0	0.15625	0.0015	0.0	0.0	0.0	0.0	0.0	0.047619	0.0	0.0	0.0714286	0.0666667	0.0833333	0.1	0.2	0.3125	0.6	0.3333333	0.25	0.3333333	0.25	0.1428571	0.0909091	0.0	0.25	0.2222222	0.0	0.0	0.05	
Corneille noire	0.5384615	0.75	0.5714286	0.5333333	0.2857143	0.3157895	0.2777778	0.25	0.6111111	0.5333333	0.4285714	0.4761905	0.7	0.6666667	0.25	0.2	0.5428571	0.3333333	0.3125	0.4375	0.5	0.625	0.52	0.5	0.3448276	0.5714286	0.4285714	0.4871795	0.2857143	0.6428571	0.2666667	0.5833333	0.5	0.45	0.5625	0.9	0.3333333	0.6	0.2222222	0.5	0.4285714	0.2727273	0.5833333	0.5	0.5555556	0.5	0.5	0.7	
corneille sp.	0.0	0.0	0.0	0.0	0.0	0.0	0.0	0.0	0.0	0.0	0.0	0.0	0.0	0.0	0.0	0.0	0.0	0.0333333	0.0	0.0	0.0	0.0	0.0	0.0	0.0	0.0	0.0	0.0	0.0	0.0	0.0	0.0	0.0	0.0	0.0	0.0	0.0	0.0	0.0	0.0	0.0	0.0	0.0	0.0	0.0	0.0	0.0	0.0	
Grand Corbeau	0.0	0.0	0.0	0.0	0.0	0.0	0.0	0.0	0.0	0.0	0.0015	0.047619	0.0	0.0	0.0	0.04	0.0015	0.0333333	0.0	0.0	0.0	0.0	0.0	0.0	0.0	0.0357143	0.0	0.025641	0.0	0.0	0.0	0.0	0.0	0.0	0.0	0.1	0.0015	0.0	0.1111111	0.0	0.0015	0.0	0.0	0.0	0.1111111	0.1666667	0.0	0.0	
Mésange noire	0.0	0.25	0.0	0.0	0.0	0.0015	0.0	0.0	0.0555556	0.0	0.0	0.047619	0.0	0.0	0.0	0.0	0.0	0.0	0.0	0.03125	0.0	0.0	0.0015	0.0	0.0	0.0	0.047619	0.0	0.0	0.0	0.0	0.0	0.0	0.0	0.0	0.0	0.0015	0.0	0.0015	0.0	0.0015	0.0	0.0	0.0	0.0	0.0	0.0	0.0015	
Mésange huppée	0.0	0.0	0.0	0.0	0.0	0.0	0.0	0.0	0.0	0.0	0.0	0.0	0.0	0.0833333	0.0	0.0	0.0	0.0	0.0015	0.03125	0.0015	0.0015	0.0	0.0	0.0015	0.0357143	0.0	0.0	0.0	0.0	0.0	0.0	0.0	0.0	0.0	0.0	0.0	0.0	0.0	0.0	0.0	0.0909091	0.0	0.0	0.0	0.0	0.0	0.05	
Mésange nonnette	0.1538462	0.25	0.1428571	0.0666667	0.0	0.1052632	0.0555556	0.0625	0.1666667	0.2666667	0.0	0.0952381	0.0333333	0.0833333	0.0	0.0015	0.0571429	0.0	0.0015	0.03125	0.0	0.0015	0.0	0.1	0.0015	0.1071429	0.0	0.025641	0.0714286	0.0714286	0.2	0.0833333	0.0	0.0	0.125	0.0	0.0	0.15	0.3333333	0.0015	0.2857143	0.0015	0.1666667	0.0833333	0.0	0.0	0.0	0.1	
Mésange bleue	0.4615385	0.75	0.4285714	0.7333333	0.8571429	0.6315789	0.5	0.5	0.5555556	0.6	0.4285714	0.8095238	0.8666667	0.9166667	0.4375	0.44	0.4571429	0.4	0.5625	0.375	0.5	0.625	0.28	0.5	0.3103448	0.5	0.4285714	0.2820513	0.2142857	0.6428571	0.4	0.6666667	0.5	0.6	0.5	0.6	0.3333333	0.25	0.3333333	0.75	0.5714286	0.5454545	0.4166667	0.0833333	0.3333333	0.1666667	0.375	0.65	
Mésange charbonnière	0.4615385	0.75	0.5714286	0.7333333	0.5714286	0.7894737	0.6666667	0.5	0.8333333	0.6666667	0.4285714	0.6666667	0.8	0.8333333	0.5625	0.52	0.6	0.6	0.375	0.375	0.4285714	0.5	0.24	0.4	0.2758621	0.5	0.5238095	0.2820513	0.3571429	0.7142857	0.3333333	0.5	0.5	0.65	0.5	0.5	0.6666667	0.45	0.7777778	0.75	0.4285714	0.3636364	0.3333333	0.3333333	0.3333333	0.3333333	0.375	0.6	
Rémiz penduline	0.0	0.0	0.0	0.0	0.0	0.0	0.0	0.0	0.0	0.0	0.0	0.0	0.0	0.0	0.0	0.0	0.0	0.0	0.0	0.0	0.0	0.0	0.0	0.0	0.0	0.0	0.0	0.0	0.0	0.0	0.0	0.0	0.0	0.0	0.0	0.0	0.0	0.0015	0.0015	0.0	0.0	0.0	0.0	0.0	0.0	0.0	0.0	0.0	
Alouette lulu	0.0769231	0.25	0.0	0.2	0.0015	0.1578947	0.0	0.0625	0.1666667	0.1333333	0.0	0.2380952	0.1666667	0.4166667	0.0625	0.04	0.0571429	0.0666667	0.125	0.0625	0.0714286	0.125	0.0	0.1	0.0015	0.0015	0.0	0.0	0.0	0.0	0.0	0.0015	0.0	0.05	0.375	0.4	0.3333333	0.2	0.3333333	0.375	0.0	0.1818182	0.1666667	0.0833333	0.1111111	0.1666667	0.0	0.0	
Alouette des champs	0.0769231	0.25	0.1428571	0.2	0.0	0.0	0.0015	0.0625	0.0555556	0.0015	0.0	0.2857143	0.4333333	0.5	0.0625	0.08	0.1142857	0.2	0.0625	0.15625	0.3571429	0.25	0.08	0.3	0.2068966	0.1428571	0.047619	0.0769231	0.0	0.1428571	0.0666667	0.0833333	0.0	0.1	0.0	0.3	0.0015	0.15	0.3333333	0.375	0.2857143	0.2727273	0.1666667	0.0	0.1111111	0.0	0.0	0.2	
Cochevis huppé	0.0	0.0	0.0	0.0	0.0	0.0	0.0015	0.0	0.0	0.0	0.0	0.0	0.0	0.0	0.0	0.0	0.0	0.0	0.0625	0.0625	0.0714286	0.0	0.0	0.0	0.0	0.0	0.0	0.0512821	0.0	0.0	0.0	0.1666667	0.0	0.0	0.0	0.0	0.0	0.0	0.0	0.0	0.0	0.0	0.0	0.0	0.0	0.0	0.0	0.0	
Cisticole des joncs	0.0	0.0015	0.0	0.0666667	0.0	0.0526316	0.0	0.0015	0.1111111	0.0015	0.0015	0.0952381	0.2333333	0.4166667	0.125	0.08	0.0285714	0.2	0.0625	0.1875	0.0714286	0.0015	0.04	0.3	0.1724138	0.1071429	0.1904762	0.1025641	0.0	0.1428571	0.0	0.0015	0.0	0.1	0.0625	0.0	0.0	0.15	0.1111111	0.125	0.1428571	0.0	0.0833333	0.0015	0.0	0.1666667	0.0	0.0	
Hypolaïs polyglotte	0.0	0.0	0.0	0.0	0.0	0.0	0.0	0.0	0.0	0.0	0.0	0.0	0.0	0.0015	0.0015	0.0015	0.2285714	0.2333333	0.1875	0.0625	0.3571429	0.0015	0.0015	0.1	0.0344828	0.2142857	0.0	0.0512821	0.0	0.0015	0.0666667	0.0833333	0.0	0.05	0.0	0.1	0.0	0.0	0.0	0.0	0.0	0.0	0.0	0.0	0.0	0.0	0.0	0.0	
Phragmite des joncs	0.0	0.0	0.0	0.0	0.0	0.0	0.0	0.0	0.0	0.0	0.0	0.0	0.0	0.0	0.0	0.0	0.0	0.0333333	0.0	0.0	0.0	0.0	0.0	0.0	0.0	0.0	0.0	0.0	0.0	0.0	0.0	0.0	0.0	0.0	0.0	0.0	0.0	0.0	0.0	0.0	0.0	0.0	0.0	0.0	0.0	0.0	0.0	0.0	
Rousserolle effarvatte	0.0	0.0	0.0	0.0	0.0	0.0	0.0	0.0	0.0	0.0	0.0	0.0	0.0	0.0	0.0	0.0015	0.0015	0.0666667	0.0625	0.09375	0.0714286	0.0015	0.0015	0.1	0.0	0.0	0.0	0.025641	0.0	0.0	0.0	0.0	0.0	0.15	0.0625	0.1	0.0015	0.0	0.0	0.0	0.0	0.0	0.0	0.0	0.0	0.0	0.0	0.0	
Rousserolle turdoïde	0.0	0.0	0.0	0.0	0.0	0.0	0.0	0.0	0.0	0.0	0.0	0.0	0.0	0.0	0.0	0.0	0.0285714	0.0666667	0.0	0.0	0.0	0.0	0.0	0.0	0.0	0.0	0.0	0.0	0.0	0.0	0.0	0.0	0.0	0.0	0.0	0.0	0.0	0.0	0.0	0.0	0.0	0.0	0.0	0.0	0.0	0.0	0.0	0.0	
Locustelle tachetée	0.0	0.0	0.0	0.0	0.0	0.0	0.0	0.0	0.0	0.0	0.0	0.0	0.0	0.0	0.0015	0.0	0.0015	0.0	0.0	0.0	0.0	0.0	0.0	0.0	0.0	0.0357143	0.0	0.0	0.0	0.0	0.0	0.0	0.0	0.0	0.0	0.0	0.0	0.0	0.0	0.0	0.0	0.0	0.0	0.0	0.0	0.0	0.0	0.0	
Hirondelle de rivage	0.0	0.0	0.0	0.0	0.0	0.0	0.0	0.0	0.0	0.0	0.0	0.047619	0.0015	0.0015	0.0	0.0	0.0015	0.0	0.0625	0.0625	0.0	0.0	0.0	0.0015	0.0	0.0	0.0	0.0	0.0015	0.0	0.0	0.0	0.0015	0.0	0.125	0.0015	0.0	0.0	0.0	0.0	0.0	0.0	0.0	0.0	0.0	0.0	0.0	0.0	
Hirondelle rustique	0.0	0.0	0.0	0.0	0.0	0.0	0.0	0.0	0.0	0.0015	0.1428571	0.4761905	0.4666667	0.4166667	0.375	0.28	0.3428571	0.4	0.4375	0.3125	0.4285714	0.625	0.4	0.8	0.4482759	0.5	0.5714286	0.4358974	0.3571429	0.6428571	0.4666667	0.5	0.3	0.55	0.625	0.4	0.3333333	0.0015	0.0015	0.0	0.0	0.0	0.0	0.0	0.0	0.0	0.0	0.0	
Hirondelle de fenêtre	0.0	0.0	0.0	0.0	0.0	0.0	0.0	0.0	0.0	0.0	0.0	0.0952381	0.0015	0.1666667	0.1875	0.16	0.1428571	0.2	0.0625	0.09375	0.0714286	0.0	0.24	0.3	0.3103448	0.2142857	0.3333333	0.1794872	0.2142857	0.5714286	0.2	0.25	0.4	0.15	0.25	0.3	0.0	0.0	0.0015	0.0	0.0	0.0	0.0	0.0	0.0	0.0	0.0	0.0	
hirondelle sp.	0.0	0.0	0.0	0.0	0.0	0.0	0.0	0.0625	0.0	0.0	0.0	0.0	0.0	0.0	0.0	0.0015	0.0	0.0666667	0.0	0.03125	0.0	0.0	0.0	0.0	0.0	0.0	0.0	0.025641	0.0	0.0	0.0	0.0	0.0	0.0	0.0	0.0	0.0	0.0	0.2222222	0.0	0.0	0.0	0.0	0.0	0.0	0.0	0.0	0.0	
Pouillot siffleur	0.0	0.0	0.0	0.0	0.0	0.0	0.0	0.0	0.0	0.0	0.0	0.0	0.0	0.0	0.0	0.0	0.0	0.0	0.0	0.0	0.0	0.0	0.0	0.0	0.0344828	0.0	0.0	0.0	0.0	0.0	0.0	0.0	0.0	0.0	0.0	0.0	0.0	0.0	0.0	0.0	0.0	0.0	0.0	0.0	0.0	0.0	0.0	0.0	
Pouillot de Bonelli	0.0	0.0	0.0	0.0	0.0	0.0	0.0	0.0	0.0	0.0	0.0	0.0	0.0666667	0.0015	0.0625	0.12	0.0285714	0.0666667	0.0015	0.0015	0.0714286	0.0015	0.0	0.0015	0.0	0.0	0.0	0.0	0.0015	0.0	0.0	0.0	0.0	0.0	0.0	0.0	0.0	0.0	0.0	0.0	0.0	0.0	0.0	0.0	0.0	0.0	0.0	0.0	
Pouillot fitis	0.0	0.0	0.0	0.0	0.0	0.0	0.0	0.0	0.0555556	0.0666667	0.0	0.047619	0.2	0.0833333	0.0015	0.0015	0.0571429	0.0	0.0	0.0	0.0714286	0.0	0.0	0.0	0.0	0.0	0.0	0.0	0.0	0.0714286	0.0015	0.0015	0.3	0.25	0.1875	0.1	0.0	0.0	0.0	0.0	0.0	0.0	0.0	0.0	0.0	0.0	0.0	0.0	
Pouillot véloce	0.0769231	0.0	0.0	0.1333333	0.1428571	0.2631579	0.0555556	0.3125	0.5555556	0.5333333	0.1428571	0.4285714	0.6666667	0.8333333	0.4375	0.32	0.5428571	0.3666667	0.3125	0.28125	0.3571429	0.375	0.32	0.2	0.2068966	0.3214286	0.1904762	0.025641	0.3571429	0.3571429	0.0666667	0.3333333	0.0015	0.3	0.5	0.5	0.6666667	0.6	0.4444444	0.25	0.2857143	0.1818182	0.1666667	0.0833333	0.2222222	0.1666667	0.25	0.25	
pouillot sp.	0.0	0.0	0.0	0.0	0.0	0.0	0.0	0.0	0.0	0.0	0.0	0.0	0.0	0.0	0.0	0.0	0.0	0.0	0.0	0.0625	0.0	0.0	0.0	0.0	0.0	0.0	0.0	0.0	0.0714286	0.0015	0.0	0.0	0.0	0.0	0.0	0.0	0.0	0.0	0.0	0.0	0.0	0.0	0.0	0.0	0.0	0.0	0.0	0.0	
Bouscarle de Cetti	0.0015	0.0	0.0	0.1333333	0.0015	0.1052632	0.0	0.0625	0.0	0.0666667	0.0	0.1904762	0.2	0.25	0.125	0.16	0.1142857	0.2333333	0.1875	0.28125	0.1428571	0.125	0.08	0.0	0.1724138	0.0	0.047619	0.0	0.0	0.1428571	0.0	0.1666667	0.2	0.25	0.4375	0.4	0.3333333	0.3	0.4444444	0.125	0.2857143	0.0909091	0.25	0.1666667	0.0	0.0	0.0	0.0	
Orite à longue queue	0.1538462	0.5	0.1428571	0.2	0.1428571	0.1052632	0.1111111	0.3125	0.1111111	0.1333333	0.0015	0.2380952	0.2333333	0.0833333	0.1875	0.04	0.0857143	0.1	0.0625	0.03125	0.0714286	0.25	0.28	0.0	0.137931	0.2142857	0.0952381	0.1538462	0.2142857	0.2142857	0.2	0.0833333	0.0	0.05	0.5	0.0015	0.0015	0.1	0.2222222	0.125	0.2857143	0.3636364	0.1666667	0.25	0.1111111	0.1666667	0.25	0.35	
Fauvette à tête noire	0.0769231	0.0015	0.0	0.0666667	0.0	0.1578947	0.0555556	0.125	0.2777778	0.2666667	0.2857143	0.4761905	0.7333333	0.8333333	0.6875	0.52	0.6285714	0.6666667	0.5	0.625	0.5714286	0.75	0.44	0.6	0.3448276	0.4642857	0.3333333	0.1794872	0.1428571	0.3571429	0.0666667	0.3333333	0.1	0.3	0.375	0.5	0.3333333	0.25	0.2222222	0.0	0.0	0.0015	0.1666667	0.0833333	0.0	0.0	0.0	0.0015	
Fauvette des jardins	0.0	0.0	0.0	0.0	0.0	0.0	0.0	0.0	0.0	0.0	0.0	0.0	0.0333333	0.0	0.0	0.0015	0.0857143	0.0666667	0.0015	0.0015	0.1428571	0.125	0.08	0.1	0.0344828	0.0	0.0	0.0	0.0	0.0	0.0	0.1666667	0.0	0.05	0.0	0.1	0.0	0.0	0.0	0.0	0.0	0.0	0.0	0.0	0.0	0.0	0.0	0.0	
Fauvette grisette	0.0	0.0	0.0	0.0	0.0	0.0	0.0	0.0	0.0	0.0	0.0	0.1428571	0.0	0.3333333	0.0625	0.08	0.1142857	0.3333333	0.0625	0.1875	0.1428571	0.125	0.0015	0.1	0.1724138	0.0714286	0.0	0.025641	0.0015	0.0	0.0666667	0.0833333	0.0015	0.0015	0.0015	0.0015	0.0	0.0	0.0	0.0	0.0	0.0	0.0	0.0	0.0	0.0	0.0	0.0	
Fauvette pitchou	0.0	0.0	0.0	0.0	0.0	0.0	0.0	0.0	0.0	0.0	0.0	0.0015	0.0015	0.0	0.0625	0.0	0.0	0.0	0.125	0.03125	0.0	0.0	0.0	0.0015	0.0	0.0	0.047619	0.0015	0.0	0.0	0.0	0.0	0.0	0.0	0.0	0.0	0.0	0.0	0.0	0.0	0.0	0.0909091	0.0	0.0	0.0	0.0	0.0	0.0	
Sylvia ou Curruca sp.	0.0	0.0	0.0	0.0	0.0	0.0	0.0	0.0	0.0555556	0.0	0.0	0.0	0.0	0.0	0.0	0.0	0.0	0.0	0.0	0.0	0.0	0.0	0.0	0.0	0.0	0.0	0.0	0.0	0.0	0.0	0.0	0.0	0.0	0.0	0.0	0.0	0.0	0.0	0.0	0.0	0.0	0.0	0.0	0.0	0.0	0.0	0.0	0.0	
Roitelet huppé	0.1538462	0.25	0.1428571	0.0	0.0	0.0526316	0.0	0.0625	0.0555556	0.0	0.0	0.0	0.0	0.0	0.0	0.0	0.0	0.0	0.0	0.03125	0.0	0.0	0.0015	0.0	0.0	0.0	0.0	0.0015	0.0	0.0	0.0	0.0	0.0	0.0	0.0	0.0	0.0	0.0	0.0	0.0015	0.4285714	0.0909091	0.0833333	0.0	0.2222222	0.0	0.0	0.0	
Roitelet à triple bandeau	0.0015	0.25	0.0015	0.0666667	0.1428571	0.1052632	0.1111111	0.3125	0.3333333	0.2	0.2857143	0.2380952	0.1	0.0015	0.0625	0.16	0.1142857	0.0333333	0.1875	0.125	0.1428571	0.0015	0.04	0.0	0.0344828	0.1785714	0.0	0.025641	0.1428571	0.0714286	0.0	0.25	0.0	0.15	0.1875	0.1	0.6666667	0.2	0.1111111	0.625	0.2857143	0.2727273	0.3333333	0.1666667	0.1111111	0.0	0.0	0.15	
Roitelet huppé ou R. à triple bandeau	0.0	0.0	0.0	0.0	0.0	0.0	0.0	0.0	0.0	0.0	0.0	0.047619	0.0	0.0	0.0	0.0	0.0	0.0	0.0	0.0	0.0	0.125	0.0	0.0	0.0	0.0	0.0	0.0	0.0	0.0	0.0	0.0	0.0	0.0	0.0	0.0	0.0	0.0	0.0	0.0	0.0	0.0	0.0	0.0	0.0	0.0	0.0	0.0	
Tichodrome échelette	0.0	0.0	0.0	0.0	0.0	0.0	0.0	0.0015	0.0	0.0	0.0	0.0	0.0	0.0	0.0	0.0	0.0	0.0	0.0	0.0	0.0	0.0	0.0	0.0	0.0	0.0	0.0	0.0	0.0	0.0	0.0	0.0	0.0	0.0	0.0	0.0	0.0	0.0	0.0	0.0	0.0	0.0	0.0	0.0	0.0	0.0	0.0	0.0	
Sittelle torchepot	0.1538462	0.5	0.1428571	0.0	0.0015	0.1052632	0.1666667	0.125	0.2222222	0.2	0.1428571	0.1904762	0.1333333	0.0833333	0.0625	0.04	0.0285714	0.0333333	0.0625	0.09375	0.0714286	0.0015	0.24	0.2	0.2413793	0.2142857	0.0952381	0.1282051	0.3571429	0.3571429	0.1333333	0.3333333	0.0	0.2	0.1875	0.2	0.3333333	0.25	0.1111111	0.125	0.1428571	0.0909091	0.1666667	0.0	0.1111111	0.0	0.125	0.45	
Grimpereau des jardins	0.2307692	0.0015	0.1428571	0.0666667	0.2857143	0.1578947	0.3333333	0.375	0.5	0.3333333	0.1428571	0.2380952	0.4	0.4166667	0.1875	0.28	0.3142857	0.2333333	0.25	0.15625	0.2857143	0.375	0.12	0.2	0.2758621	0.4642857	0.2380952	0.2051282	0.2142857	0.1428571	0.0666667	0.4166667	0.1	0.3	0.125	0.1	0.0015	0.0	0.0015	0.375	0.2857143	0.3636364	0.1666667	0.25	0.2222222	0.0	0.0	0.45	
Troglodyte mignon	0.1538462	0.0015	0.1428571	0.4	0.0	0.2105263	0.1111111	0.1875	0.3888889	0.2666667	0.0015	0.3809524	0.5666667	0.5	0.375	0.24	0.3142857	0.3	0.25	0.21875	0.2857143	0.25	0.32	0.4	0.4482759	0.2857143	0.1428571	0.1538462	0.2142857	0.3571429	0.1333333	0.5	0.0015	0.1	0.25	0.1	0.0015	0.2	0.2222222	0.5	0.4285714	0.5454545	0.3333333	0.1666667	0.1111111	0.0	0.0	0.2	
Cincle plongeur	0.0	0.0	0.0	0.0	0.0	0.0	0.0	0.0	0.0	0.0	0.0	0.0	0.0	0.0	0.0	0.0	0.0	0.0	0.0625	0.0	0.0	0.0	0.0	0.0	0.0	0.0	0.0	0.0	0.0	0.0	0.0	0.0	0.0	0.0	0.0	0.0	0.0	0.0	0.0	0.0	0.0	0.0	0.0	0.0	0.0	0.0	0.0	0.0	
Étourneau sansonnet	0.3846154	0.75	0.5714286	0.6	0.2857143	0.2631579	0.1111111	0.1875	0.5555556	0.3333333	0.2857143	0.4285714	0.6666667	0.6666667	0.5	0.36	0.4857143	0.5	0.4375	0.46875	0.5714286	0.375	0.32	0.6	0.4827586	0.5	0.5714286	0.2820513	0.1428571	0.6428571	0.2666667	0.6666667	0.5	0.65	0.5	0.6	0.3333333	0.35	0.3333333	0.25	0.4285714	0.1818182	0.25	0.25	0.3333333	0.1666667	0.375	0.3	
Grive draine	0.0769231	0.0	0.2857143	0.2	0.1428571	0.0526316	0.0555556	0.0625	0.0555556	0.0	0.0	0.0952381	0.2333333	0.1666667	0.125	0.04	0.1142857	0.0333333	0.0625	0.0625	0.0714286	0.0	0.04	0.0015	0.0	0.0357143	0.0	0.0	0.0	0.0	0.0015	0.0833333	0.0	0.05	0.0	0.1	0.0015	0.0	0.0	0.125	0.1428571	0.1818182	0.0	0.0833333	0.0015	0.0	0.0	0.0015	
Grive musicienne	0.1538462	0.25	0.1428571	0.2666667	0.1428571	0.3157895	0.0555556	0.1875	0.2777778	0.2666667	0.0	0.0952381	0.3	0.25	0.25	0.12	0.3428571	0.3333333	0.125	0.3125	0.2142857	0.5	0.2	0.2	0.2068966	0.25	0.1428571	0.0512821	0.0714286	0.0714286	0.0	0.0833333	0.0	0.05	0.0625	0.1	0.3333333	0.1	0.0	0.25	0.4285714	0.5454545	0.3333333	0.1666667	0.1111111	0.0	0.0015	0.15	
Grive mauvis	0.0	0.25	0.1428571	0.0666667	0.0	0.0526316	0.0	0.0625	0.0	0.0	0.0015	0.047619	0.0	0.0	0.0	0.0	0.0	0.0	0.0	0.0	0.0	0.0	0.0	0.0	0.0	0.0	0.0	0.0	0.0	0.0	0.0	0.0	0.0	0.0	0.0	0.0	0.0	0.0	0.0	0.0	0.0	0.0015	0.0833333	0.0833333	0.1111111	0.0	0.125	0.0015	
Merle noir	0.6923077	1.0	0.4285714	0.7333333	0.2857143	0.5263158	0.3333333	0.4375	0.6666667	0.6	0.4285714	0.952381	0.8	0.75	0.5	0.68	0.6285714	0.8333333	0.625	0.75	0.7857143	0.75	0.64	0.5	0.5517241	0.7857143	0.5238095	0.4358974	0.2142857	0.4285714	0.3333333	0.5833333	0.4	0.5	0.5625	0.5	0.3333333	0.4	0.3333333	0.25	0.4285714	0.6363636	0.3333333	0.4166667	0.2222222	0.1666667	0.5	0.7	
Grive litorne	0.0	0.0	0.0	0.0	0.0	0.0	0.0	0.0	0.0	0.0	0.0	0.0	0.0	0.0	0.0	0.0	0.0	0.0	0.0	0.0	0.0	0.0	0.0	0.0	0.0	0.0	0.0	0.0	0.0	0.0	0.0	0.0	0.0	0.0	0.0	0.0	0.0	0.05	0.0015	0.0	0.0	0.0	0.0	0.0	0.0015	0.0	0.0	0.05	
Merle à plastron	0.0	0.0	0.0	0.0	0.0	0.0	0.0	0.0	0.0	0.0	0.0	0.0	0.0015	0.0	0.0	0.0	0.0	0.0	0.0	0.0	0.0	0.0	0.0	0.0	0.0	0.0	0.0	0.0	0.0	0.0	0.0	0.0	0.0	0.0	0.0	0.0	0.0	0.0	0.0	0.0	0.0	0.0	0.0	0.0	0.0	0.0	0.0	0.0	
Gobemouche gris	0.0	0.0	0.0	0.0	0.0	0.0	0.0	0.0	0.0	0.0	0.0	0.0	0.0	0.0	0.0	0.0	0.0285714	0.0666667	0.125	0.03125	0.0714286	0.0	0.08	0.0	0.137931	0.0714286	0.1428571	0.0769231	0.1428571	0.1428571	0.0666667	0.1666667	0.2	0.25	0.375	0.2	0.0	0.05	0.0	0.0	0.0	0.0	0.0	0.0	0.0	0.0	0.0	0.0	
Rougegorge familier	0.7692308	1.0	0.4285714	0.4666667	0.5714286	0.6842105	0.5555556	0.75	0.6666667	0.5333333	0.2857143	0.7619048	0.8	0.9166667	0.5	0.6	0.5714286	0.5666667	0.3125	0.46875	0.6428571	0.625	0.36	0.3	0.4482759	0.4642857	0.3333333	0.1538462	0.2142857	0.3571429	0.2666667	0.5	0.3	0.6	0.625	0.6	1.0	0.8	0.8888889	0.75	0.5714286	0.7272727	0.6666667	0.5833333	0.4444444	0.5	0.5	0.6	
Rossignol philomèle	0.0	0.0	0.0	0.0	0.0	0.0	0.0	0.0	0.0	0.0	0.0	0.0	0.1	0.5	0.3125	0.28	0.3714286	0.4333333	0.125	0.40625	0.3571429	0.5	0.12	0.3	0.0689655	0.0714286	0.0	0.0	0.0	0.0015	0.0	0.0833333	0.0	0.0	0.0	0.0	0.0	0.0	0.0	0.0	0.0	0.0	0.0	0.0	0.0	0.0	0.0	0.0	
Gorgebleue à miroir	0.0	0.0	0.0	0.0	0.0	0.0	0.0	0.0	0.0	0.0	0.0	0.047619	0.0	0.0	0.0	0.0	0.0	0.0	0.0	0.0	0.0	0.0	0.0015	0.0	0.0	0.0	0.0	0.0	0.0	0.0	0.0	0.0	0.0	0.0	0.0	0.0	0.0	0.0	0.0	0.0	0.0	0.0	0.0	0.0	0.0	0.0	0.0	0.0	
Gobemouche noir	0.0	0.0	0.0	0.0	0.0	0.0	0.0	0.0	0.0	0.0	0.0	0.0	0.0	0.0	0.0	0.0015	0.0571429	0.0	0.0	0.0	0.0	0.0	0.0	0.0	0.0	0.0	0.0	0.0	0.0714286	0.0714286	0.2	0.6666667	0.3	0.5	0.3125	0.1	0.0	0.0	0.0	0.0	0.0	0.0	0.0	0.0	0.0	0.0	0.0	0.0	
Rougequeue à front blanc	0.0	0.0	0.0	0.0	0.0	0.0	0.0	0.0	0.0555556	0.0	0.0	0.0	0.1333333	0.1666667	0.25	0.24	0.1428571	0.2666667	0.3125	0.09375	0.2142857	0.5	0.04	0.1	0.1034483	0.0357143	0.047619	0.0512821	0.0015	0.1428571	0.0666667	0.0015	0.1	0.15	0.0	0.0015	0.0	0.0	0.0	0.0	0.0	0.0	0.0	0.0	0.0	0.0	0.0	0.0	
Rougequeue noir	0.0015	0.0	0.0	0.0	0.1428571	0.1052632	0.0	0.0625	0.3333333	0.3333333	0.1428571	0.3809524	0.5666667	0.4166667	0.3125	0.28	0.2285714	0.1666667	0.125	0.3125	0.6428571	0.125	0.24	0.3	0.3448276	0.2857143	0.3809524	0.2564103	0.0015	0.1428571	0.2	0.1666667	0.3	0.4	0.5	0.4	0.3333333	0.4	0.3333333	0.0015	0.1428571	0.0015	0.25	0.0833333	0.0	0.0	0.0	0.1	
Rougequeue à front blanc ou R. noir	0.0	0.0	0.0	0.0	0.0	0.0	0.0	0.0	0.0	0.0	0.0	0.0	0.0	0.0	0.0	0.0	0.0	0.0	0.0	0.0	0.0	0.125	0.0	0.0	0.0	0.0	0.0	0.0	0.0	0.0	0.0	0.0	0.0	0.0	0.0	0.0	0.0	0.0	0.0	0.0	0.0	0.0	0.0	0.0	0.0	0.0	0.0	0.0	
rougequeue sp.	0.0	0.0	0.0	0.0	0.0	0.0	0.0	0.0	0.0	0.0	0.0	0.0	0.0	0.0	0.0	0.0	0.0	0.0	0.0	0.0	0.0	0.0	0.0	0.0	0.0	0.0	0.0	0.025641	0.0	0.0	0.0	0.0	0.0	0.0	0.0	0.0	0.0	0.0	0.0	0.0	0.0	0.0	0.0	0.0	0.0	0.0	0.0	0.0	
Tarier des prés	0.0	0.0	0.0	0.0	0.0	0.0	0.0	0.0	0.0	0.0	0.0	0.047619	0.0	0.0	0.0625	0.0	0.0	0.0	0.0	0.0	0.0	0.0	0.0	0.0	0.0	0.0	0.0	0.0	0.0	0.0	0.0	0.0015	0.0	0.0015	0.0015	0.1	0.0	0.05	0.0	0.0	0.0	0.0	0.0	0.0	0.0	0.0	0.0	0.0	
Tarier pâtre	0.1538462	0.25	0.0	0.0666667	0.1428571	0.0	0.0015	0.0625	0.2222222	0.1333333	0.0	0.0952381	0.2666667	0.1666667	0.125	0.04	0.2285714	0.1666667	0.1875	0.125	0.1428571	0.125	0.16	0.4	0.0689655	0.1785714	0.0952381	0.1282051	0.0015	0.0714286	0.0	0.0833333	0.0015	0.05	0.125	0.2	0.3333333	0.05	0.1111111	0.0015	0.0015	0.1818182	0.0833333	0.0	0.0015	0.0015	0.0	0.15	
Traquet motteux	0.0	0.0	0.0	0.0	0.0	0.0	0.0	0.0	0.0	0.0666667	0.0	0.0	0.0	0.0	0.0015	0.0	0.0	0.0333333	0.0	0.0015	0.0	0.0	0.0	0.0	0.0	0.0	0.047619	0.0	0.0	0.0	0.0015	0.0833333	0.1	0.0015	0.0	0.0	0.3333333	0.0015	0.0	0.0	0.0	0.0	0.0	0.0	0.0	0.0	0.0	0.0	
Accenteur mouchet	0.3076923	0.25	0.2857143	0.2666667	0.4285714	0.2105263	0.1666667	0.125	0.5555556	0.2	0.2857143	0.2857143	0.5	0.3333333	0.125	0.16	0.1142857	0.1333333	0.0625	0.125	0.1428571	0.375	0.0015	0.0015	0.0344828	0.0714286	0.1428571	0.0512821	0.0	0.0	0.0	0.0833333	0.2	0.2	0.125	0.3	0.0015	0.25	0.2222222	0.375	0.2857143	0.2727273	0.1666667	0.1666667	0.2222222	0.1666667	0.0	0.1	
Moineau domestique	0.3846154	0.75	0.2857143	0.2666667	0.2857143	0.3157895	0.3888889	0.4375	0.6111111	0.3333333	0.5714286	0.6190476	0.6666667	0.6666667	0.4375	0.4	0.5714286	0.4666667	0.4375	0.3125	0.5714286	0.75	0.44	0.5	0.6896552	0.5357143	0.8095238	0.5128205	0.2857143	0.5	0.2	0.4166667	0.5	0.35	0.5625	0.4	0.3333333	0.35	0.6666667	0.25	0.2857143	0.1818182	0.25	0.0833333	0.3333333	0.3333333	0.25	0.25	
Moineau friquet	0.0	0.0	0.0	0.0	0.0	0.0526316	0.0	0.0	0.0555556	0.0	0.0	0.047619	0.0	0.0	0.0	0.0	0.0	0.0	0.0	0.03125	0.0	0.125	0.0	0.0	0.0	0.0	0.0	0.0015	0.0	0.0	0.0	0.0	0.0	0.0	0.0	0.0	0.0	0.0	0.1111111	0.0	0.0	0.0	0.0	0.0	0.0	0.0	0.0	0.0	
Moineau soulcie	0.0015	0.0	0.0	0.0666667	0.0015	0.0015	0.0	0.0015	0.0555556	0.0	0.0015	0.0	0.0333333	0.0015	0.0625	0.08	0.0	0.0333333	0.0015	0.0015	0.0714286	0.0015	0.0015	0.0	0.0015	0.0714286	0.047619	0.0	0.0	0.0015	0.0	0.0015	0.0	0.0015	0.0	0.0	0.0	0.05	0.2222222	0.125	0.1428571	0.0015	0.1666667	0.0833333	0.0	0.1666667	0.0	0.0	
Bergeronnette des ruisseaux	0.1538462	0.25	0.1428571	0.1333333	0.1428571	0.0526316	0.0	0.125	0.0	0.0	0.0	0.047619	0.0015	0.0015	0.0625	0.12	0.0285714	0.1666667	0.125	0.125	0.0714286	0.0015	0.04	0.0015	0.2068966	0.1071429	0.0952381	0.025641	0.1428571	0.1428571	0.0666667	0.0833333	0.1	0.2	0.125	0.2	0.0015	0.2	0.0	0.0	0.1428571	0.0015	0.0	0.0833333	0.1111111	0.0	0.0	0.1	
Bergeronnette printanière	0.0	0.0	0.0	0.0	0.0	0.0	0.0	0.0	0.0	0.0	0.0	0.047619	0.0666667	0.1666667	0.0625	0.04	0.0571429	0.0666667	0.0	0.0015	0.0714286	0.125	0.0	0.2	0.0344828	0.0357143	0.0	0.1025641	0.0015	0.0714286	0.0015	0.0015	0.1	0.1	0.0625	0.2	0.0	0.0	0.0	0.0	0.0	0.0	0.0	0.0	0.0	0.0	0.0	0.0	
Bergeronnette grise	0.1538462	0.25	0.1428571	0.0	0.2857143	0.0526316	0.0	0.25	0.0555556	0.0666667	0.2857143	0.3333333	0.0333333	0.0	0.3125	0.08	0.4	0.1	0.25	0.0625	0.0714286	0.25	0.16	0.1	0.2413793	0.25	0.0952381	0.2564103	0.1428571	0.2142857	0.0666667	0.4166667	0.2	0.2	0.125	0.4	0.6666667	0.55	0.5555556	0.375	0.4285714	0.2727273	0.25	0.25	0.1111111	0.1666667	0.25	0.3	
Pipit rousseline	0.0	0.0	0.0	0.0	0.0	0.0	0.0	0.0	0.0	0.0	0.0	0.0	0.0	0.0	0.0	0.0	0.0	0.0	0.0	0.0	0.0	0.0	0.0	0.0	0.0	0.0	0.0	0.0	0.0	0.0	0.0	0.0015	0.1	0.05	0.0	0.0	0.0	0.0	0.0	0.0	0.0	0.0	0.0	0.0	0.0	0.0	0.0	0.0	
Pipit farlouse	0.1538462	0.25	0.1428571	0.0666667	0.0	0.1052632	0.0015	0.0625	0.0	0.0015	0.1428571	0.1904762	0.4	0.5	0.0	0.0015	0.0	0.0	0.0	0.0	0.0	0.0	0.0	0.0	0.0	0.0	0.0	0.0	0.0	0.0	0.0	0.0	0.0015	0.05	0.0	0.3	0.6666667	0.3	0.4444444	0.375	0.1428571	0.3636364	0.4166667	0.1666667	0.1111111	0.0	0.25	0.15	
Pipit des arbres	0.0	0.0	0.0	0.0	0.0	0.0	0.0	0.0	0.0	0.0	0.0	0.0015	0.3333333	0.5833333	0.125	0.0	0.0857143	0.0333333	0.125	0.09375	0.2142857	0.0	0.04	0.2	0.0344828	0.0	0.0	0.0	0.0	0.1428571	0.0666667	0.0833333	0.1	0.25	0.125	0.3	0.0	0.0	0.0	0.0	0.0	0.0	0.0	0.0	0.0	0.0	0.0	0.0	
Pipit spioncelle	0.0015	0.25	0.0	0.1333333	0.1428571	0.1052632	0.0	0.0	0.0015	0.0015	0.1428571	0.0	0.0	0.0	0.0	0.0	0.0	0.0	0.0	0.0	0.0	0.0	0.0	0.0	0.0	0.0	0.0	0.0	0.0	0.0	0.0	0.0	0.0	0.0	0.0	0.0	0.0	0.05	0.2222222	0.125	0.0	0.0	0.0833333	0.1666667	0.2222222	0.1666667	0.0015	0.1	
Anthus sp.	0.0	0.0	0.0	0.0	0.0	0.0	0.0	0.0	0.0	0.0	0.0	0.0	0.0	0.0	0.0	0.0	0.0	0.0	0.0	0.0	0.0	0.0	0.0	0.0	0.0	0.0	0.0	0.0	0.0	0.0	0.0	0.0	0.0	0.0	0.0	0.0	0.0	0.05	0.0	0.0	0.0	0.0	0.0833333	0.0	0.0	0.0	0.0	0.0	
Pinson des arbres	0.6153846	0.75	0.8571429	0.6	0.2857143	0.4736842	0.3888889	0.4375	0.6111111	0.5333333	0.2857143	0.6666667	0.6333333	0.75	0.625	0.32	0.6285714	0.7666667	0.375	0.46875	0.7142857	0.875	0.52	0.9	0.5517241	0.5714286	0.6190476	0.2307692	0.0714286	0.3571429	0.2	0.3333333	0.1	0.3	0.4375	0.4	0.3333333	0.7	0.4444444	0.5	0.5714286	0.5454545	0.4166667	0.25	0.2222222	0.5	0.375	0.45	
Pinson du Nord	0.1538462	0.0	0.2857143	0.1333333	0.1428571	0.1052632	0.0555556	0.0625	0.0555556	0.0666667	0.0	0.047619	0.0	0.0	0.0	0.0	0.0	0.0	0.0	0.0	0.0	0.0	0.0	0.0	0.0	0.0	0.0	0.0	0.0	0.0	0.0	0.0	0.0	0.0	0.0	0.0	0.0	0.0	0.1111111	0.0015	0.1428571	0.0909091	0.0833333	0.0833333	0.1111111	0.1666667	0.0015	0.0	
Grosbec casse-noyaux	0.1538462	0.0015	0.0015	0.2	0.0015	0.2631579	0.0	0.0625	0.2222222	0.2666667	0.0	0.1904762	0.0333333	0.0	0.0015	0.0	0.0285714	0.0333333	0.0	0.03125	0.0714286	0.0	0.0	0.0	0.1034483	0.1071429	0.047619	0.0	0.0	0.0	0.0	0.0	0.0	0.0	0.125	0.0	0.0	0.05	0.0	0.0	0.1428571	0.1818182	0.0833333	0.0015	0.2222222	0.1666667	0.125	0.0015	
Bouvreuil pivoine	0.0	0.0	0.0	0.0015	0.0	0.0	0.0	0.0	0.0	0.0015	0.0	0.0	0.0	0.0	0.0	0.0	0.0	0.0	0.0	0.0	0.0	0.0015	0.0	0.0	0.0	0.0	0.0	0.0	0.0	0.0	0.0	0.0	0.0	0.0	0.0	0.0015	0.0	0.0	0.0	0.0015	0.0	0.0	0.0	0.0	0.0	0.0	0.0	0.05	
Verdier d'Europe	0.3076923	0.25	0.2857143	0.3333333	0.1428571	0.2105263	0.0015	0.1875	0.3333333	0.2	0.1428571	0.5714286	0.2666667	0.3333333	0.125	0.04	0.1428571	0.0666667	0.1875	0.1875	0.5714286	0.5	0.16	0.2	0.3448276	0.3214286	0.0952381	0.2051282	0.0714286	0.2857143	0.0666667	0.1666667	0.0015	0.1	0.0015	0.0015	0.0015	0.1	0.2222222	0.0	0.1428571	0.0909091	0.1666667	0.0833333	0.1111111	0.1666667	0.0	0.05	
Linotte mélodieuse	0.0015	0.0	0.4285714	0.0666667	0.0	0.0526316	0.0015	0.0625	0.1111111	0.0015	0.0015	0.2380952	0.3666667	0.6666667	0.125	0.08	0.0285714	0.2333333	0.25	0.125	0.2857143	0.25	0.04	0.2	0.2068966	0.1785714	0.0952381	0.1538462	0.0714286	0.2142857	0.0666667	0.1666667	0.1	0.2	0.3125	0.2	0.0015	0.05	0.1111111	0.0	0.0	0.0	0.0833333	0.0	0.0015	0.0	0.0	0.05	
Sizerin flammé	0.0	0.0	0.0	0.0	0.0	0.0	0.0	0.0	0.0	0.0	0.0	0.0	0.0	0.0	0.0	0.0	0.0	0.0	0.0	0.0	0.0	0.0	0.0	0.0	0.0	0.0	0.0	0.0	0.0	0.0	0.0	0.0	0.0	0.0	0.0	0.0	0.0	0.0	0.0	0.0	0.0	0.0	0.0	0.0	0.0015	0.0	0.0	0.0	
Bec-croisé des sapins	0.0	0.0	0.0	0.0	0.0	0.0	0.0	0.0	0.0	0.0	0.0	0.047619	0.0	0.0	0.0	0.0	0.0	0.0	0.0	0.0	0.0	0.0	0.0	0.0	0.0	0.0	0.0	0.0	0.0	0.0	0.0	0.0015	0.0	0.0	0.0	0.0	0.0	0.0	0.1111111	0.0	0.0	0.0	0.0	0.0	0.0	0.0	0.0	0.0	
Chardonneret élégant	0.3076923	0.5	0.4285714	0.2666667	0.1428571	0.1578947	0.1666667	0.375	0.2222222	0.0666667	0.2857143	0.3809524	0.4333333	0.6666667	0.375	0.2	0.2285714	0.4	0.25	0.28125	0.5714286	0.375	0.16	0.2	0.4137931	0.3571429	0.3809524	0.2820513	0.1428571	0.2142857	0.0666667	0.5	0.2	0.2	0.3125	0.5	0.3333333	0.45	0.3333333	0.125	0.1428571	0.1818182	0.1666667	0.0	0.1111111	0.1666667	0.0	0.1	
Serin cini	0.0	0.0	0.0	0.0	0.0015	0.0526316	0.0	0.0625	0.1111111	0.0666667	0.1428571	0.2857143	0.3	0.5	0.25	0.12	0.0857143	0.2333333	0.125	0.125	0.2142857	0.25	0.12	0.2	0.2068966	0.2142857	0.1428571	0.1025641	0.1428571	0.0	0.0	0.0833333	0.0	0.0	0.0625	0.0	0.3333333	0.1	0.1111111	0.125	0.1428571	0.0909091	0.0	0.0	0.0	0.0	0.0	0.0015	
Tarin des aulnes	0.0015	0.0015	0.0	0.0	0.0015	0.0526316	0.1111111	0.0625	0.0015	0.0666667	0.0	0.0952381	0.0	0.0	0.0	0.0	0.0	0.0	0.0	0.0	0.0	0.0	0.0	0.0	0.0	0.0	0.0	0.0	0.0	0.0	0.0	0.0	0.0	0.0	0.0	0.0	0.0	0.0	0.1111111	0.25	0.4285714	0.2727273	0.25	0.1666667	0.1111111	0.1666667	0.0	0.05	
fringillidé sp.	0.0	0.0	0.0	0.0	0.0	0.0	0.0	0.0	0.0	0.0	0.0	0.0	0.0	0.0	0.0	0.0	0.0	0.0	0.0	0.0	0.0	0.0	0.0	0.0	0.0	0.0	0.0	0.0	0.0	0.0	0.0	0.0	0.0	0.0	0.0625	0.1	0.0	0.0	0.0	0.0	0.0	0.0	0.0	0.0	0.0	0.0	0.0	0.0	
Bruant proyer	0.0	0.0	0.0	0.0	0.0	0.0	0.0015	0.0625	0.0	0.0015	0.0	0.0015	0.1666667	0.1666667	0.125	0.08	0.0571429	0.1	0.125	0.1875	0.3571429	0.0015	0.0015	0.0015	0.0344828	0.0	0.0	0.0769231	0.0	0.1428571	0.0015	0.0833333	0.1	0.05	0.0625	0.2	0.0	0.0	0.0	0.0	0.1428571	0.0909091	0.0	0.0	0.0	0.0	0.0	0.0	
Bruant zizi	0.2307692	0.25	0.1428571	0.0	0.0	0.0526316	0.0015	0.0625	0.2222222	0.1333333	0.0015	0.2857143	0.5666667	0.6666667	0.1875	0.08	0.1428571	0.2666667	0.125	0.28125	0.4285714	0.25	0.04	0.3	0.2413793	0.3214286	0.1428571	0.1282051	0.0015	0.0015	0.0015	0.0015	0.1	0.1	0.375	0.2	0.0015	0.2	0.1111111	0.375	0.1428571	0.2727273	0.25	0.0	0.0015	0.0	0.0	0.1	
Bruant jaune	0.0	0.0	0.1428571	0.0666667	0.0015	0.0015	0.0555556	0.0	0.0555556	0.0	0.0	0.047619	0.0666667	0.1666667	0.0625	0.0	0.0857143	0.0666667	0.0625	0.125	0.0714286	0.0	0.08	0.0	0.0	0.0357143	0.0015	0.0512821	0.0	0.0714286	0.0	0.0	0.0	0.0	0.0	0.0	0.0	0.0	0.0	0.0	0.0	0.0	0.0	0.0015	0.0	0.0	0.0	0.0	
Bruant ortolan	0.0	0.0	0.0	0.0	0.0	0.0	0.0	0.0	0.0	0.0	0.0	0.0	0.0	0.0	0.0	0.0	0.0	0.0	0.0015	0.0	0.0	0.0	0.0	0.0	0.0015	0.0	0.0	0.0	0.0	0.0	0.0	0.0	0.0	0.0	0.0	0.0	0.0	0.0	0.0	0.0	0.0	0.0	0.0	0.0	0.0	0.0	0.0	0.0	
Bruant des roseaux	0.0015	0.0	0.0015	0.1333333	0.0	0.0015	0.0	0.0	0.0	0.0666667	0.0	0.0	0.0	0.0	0.0	0.0	0.0	0.0	0.0015	0.0015	0.0	0.125	0.0	0.0	0.0	0.0	0.0	0.0	0.0	0.0	0.0	0.0	0.0	0.0	0.0	0.0	0.0	0.1	0.0015	0.125	0.1428571	0.2727273	0.1666667	0.1666667	0.0015	0.0	0.0	0.15	
passereau sp.	0.0769231	0.0	0.0	0.0	0.0	0.0	0.0	0.0	0.0	0.0	0.0	0.0	0.0	0.0	0.0	0.0	0.0	0.0	0.0	0.0	0.0	0.0	0.04	0.0	0.0	0.0	0.0	0.1025641	0.0	0.0	0.0	0.0	0.0	0.0	0.0625	0.1	0.0	0.0	0.0	0.0	0.0	0.0	0.0015	0.0	0.0	0.0	0.0	0.0	
oiseau sp.	0.0	0.0	0.0	0.0	0.0	0.0	0.0	0.0	0.0	0.0	0.0	0.0	0.0	0.0	0.0	0.0	0.0	0.0	0.0	0.0	0.0	0.0	0.0	0.0	0.0	0.0	0.0	0.0	0.0	0.0	0.0	0.0	0.0	0.0015	0.0	0.0	0.0	0.0	0.0	0.0	0.0	0.0	0.0	0.0	0.0	0.0	0.0	0.0	

