









Frequency of observations in the selected location(s).:
Number of taxa: 	295

	Jan				Feb				Mar				Apr				May				Jun				Jul				Aug				Sep				Oct				Nov				Dec				
Sample Size:	25.0	38.0	12.0	22.0	24.0	35.0	71.0	27.0	5.0	18.0	27.0	32.0	84.0	125.0	103.0	108.0	138.0	185.0	149.0	217.0	77.0	120.0	58.0	81.0	64.0	82.0	60.0	93.0	80.0	76.0	41.0	70.0	48.0	49.0	39.0	46.0	26.0	16.0	8.0	51.0	51.0	20.0	16.0	20.0	25.0	25.0	12.0	52.0	

Oie cendrée	0.04	0.0526316	0.0833333	0.0909091	0.0015	0.0857143	0.028169	0.0740741	0.0015	0.0	0.0740741	0.0015	0.0952381	0.088	0.0970874	0.0833333	0.0724638	0.0702703	0.0671141	0.0414747	0.0519481	0.0416667	0.0517241	0.037037	0.03125	0.0853659	0.0166667	0.0322581	0.0015	0.0394737	0.0243902	0.0428571	0.0208333	0.0015	0.025641	0.0217391	0.0769231	0.0625	0.125	0.0392157	0.0784314	0.05	0.0625	0.0015	0.0015	0.0015	0.0015	0.0192308	
Oie cygnoïde	0.0	0.0	0.0	0.0	0.0	0.0	0.0	0.0	0.0	0.0	0.0	0.0	0.0	0.0	0.0	0.0	0.0	0.0015	0.0	0.0	0.0	0.0	0.0	0.0	0.0	0.0	0.0	0.0	0.0	0.0	0.0	0.0	0.0	0.0	0.0	0.0	0.0	0.0	0.0	0.0	0.0	0.0	0.0	0.0	0.0015	0.0	0.0	0.0	
Oie rieuse	0.0	0.0263158	0.0	0.0	0.0	0.0	0.0	0.0	0.0	0.0	0.0	0.0	0.0	0.0	0.0	0.0	0.0	0.0	0.0	0.0	0.0	0.0	0.0	0.0	0.0	0.0	0.0	0.0	0.0	0.0	0.0	0.0	0.0	0.0	0.0	0.0	0.0	0.0	0.0	0.0	0.0	0.0	0.0	0.0	0.0	0.0	0.0	0.0	
Oie de taïga	0.0	0.0	0.0	0.0	0.0	0.0	0.0	0.0	0.0	0.0	0.0	0.0	0.0	0.0	0.0	0.0	0.0	0.0	0.0	0.0	0.0	0.0	0.0	0.0	0.0	0.0	0.0	0.0	0.0	0.0	0.0	0.0	0.0	0.0	0.0	0.0	0.0015	0.0	0.0	0.0	0.0	0.0	0.0	0.0	0.0	0.0	0.0	0.0	
Bernache nonnette	0.0	0.0	0.0	0.0	0.0	0.0	0.0015	0.0	0.0	0.0	0.0	0.0015	0.0	0.0	0.0	0.0	0.0	0.0	0.0	0.0	0.0	0.0	0.0	0.0	0.0	0.0	0.0	0.0	0.0	0.0	0.0	0.0	0.0	0.0	0.0	0.0	0.0	0.0	0.0	0.0	0.0	0.0	0.0	0.0	0.0	0.0	0.0	0.0	
Bernache du Canada	0.12	0.0789474	0.1666667	0.0454545	0.0833333	0.1142857	0.084507	0.0740741	0.2	0.2222222	0.037037	0.0625	0.1071429	0.096	0.1553398	0.1018519	0.1014493	0.1027027	0.1275168	0.0552995	0.1558442	0.0916667	0.0862069	0.1358025	0.046875	0.1463415	0.0333333	0.1290323	0.075	0.0394737	0.0487805	0.0428571	0.1041667	0.122449	0.0	0.0434783	0.1153846	0.0	0.375	0.0588235	0.0784314	0.15	0.0625	0.05	0.08	0.12	0.0833333	0.0192308	
Hybride Oie cendrée x Bernache du Canada	0.0	0.0	0.0	0.0454545	0.0	0.0	0.0	0.0	0.0	0.0	0.0	0.0	0.0	0.0	0.0	0.0	0.0	0.0	0.0	0.0	0.012987	0.0	0.0	0.0	0.0	0.0	0.0	0.0	0.0	0.0	0.0	0.0142857	0.0	0.0	0.0	0.0217391	0.0	0.0	0.0	0.0	0.0	0.0	0.0	0.0	0.0	0.0	0.0	0.0	
Cygne tuberculé	0.48	0.3421053	0.5	0.2272727	0.375	0.4571429	0.3943662	0.4074074	0.4	0.3888889	0.2592593	0.28125	0.2619048	0.328	0.3106796	0.3333333	0.3913043	0.3513514	0.3154362	0.3640553	0.4805195	0.3666667	0.2758621	0.308642	0.3125	0.4512195	0.1833333	0.344086	0.2875	0.3157895	0.3170732	0.3571429	0.3541667	0.5306122	0.4615385	0.4347826	0.2692308	0.5	0.25	0.372549	0.254902	0.5	0.25	0.2	0.36	0.32	0.4166667	0.1923077	
Cygne noir	0.0	0.0	0.0	0.0	0.0	0.0	0.0	0.0	0.0	0.0	0.0	0.0	0.0	0.0	0.0	0.0	0.0072464	0.0	0.0	0.0	0.0	0.0	0.0	0.0	0.0	0.0	0.0	0.0	0.0	0.0	0.0	0.0	0.0	0.0	0.0	0.0	0.0	0.0	0.0	0.0	0.0	0.0	0.0	0.0	0.0	0.0	0.0	0.0	
Ouette d'Égypte	0.0	0.0	0.0	0.0	0.0	0.0	0.0	0.0	0.2	0.0	0.0	0.0	0.0	0.0	0.0097087	0.0	0.0	0.0054054	0.0	0.0	0.012987	0.0166667	0.0	0.0	0.0015	0.0	0.0	0.0	0.0	0.0	0.0	0.0	0.0	0.0	0.0	0.0	0.0	0.0	0.0	0.0	0.0015	0.0	0.0	0.0	0.0	0.0	0.0	0.0	
Tadorne casarca	0.0	0.0	0.0	0.0	0.0	0.0	0.0	0.0	0.0	0.0	0.0	0.0	0.0	0.0	0.0	0.0	0.0	0.0	0.0	0.0	0.0	0.0	0.0	0.0	0.0	0.0	0.0	0.0107527	0.0	0.0	0.0243902	0.0	0.0	0.0	0.0	0.0	0.0	0.0	0.0	0.0	0.0015	0.0	0.0	0.0	0.0	0.0	0.0	0.0	
Tadorne de Belon	0.08	0.0263158	0.0015	0.0909091	0.0416667	0.0	0.1126761	0.0740741	0.0	0.2222222	0.0015	0.0625	0.0833333	0.08	0.038835	0.0740741	0.0144928	0.0756757	0.0268456	0.0184332	0.0	0.0083333	0.0	0.0015	0.015625	0.0121951	0.0	0.0	0.0	0.0	0.0015	0.0142857	0.0208333	0.0	0.0	0.0	0.0	0.0	0.0	0.0	0.0784314	0.0	0.0	0.0	0.04	0.04	0.0	0.0192308	
Canard musqué	0.0	0.0	0.0	0.0	0.0	0.0	0.0	0.0	0.0	0.0	0.0	0.0	0.0	0.0	0.0	0.0	0.0	0.0	0.0	0.0	0.0	0.0	0.0	0.0	0.0	0.0	0.0166667	0.0	0.0	0.0	0.0	0.0	0.0	0.0	0.0	0.0	0.0	0.0	0.0	0.0	0.0196078	0.0	0.0	0.0	0.0	0.0	0.0	0.0	
Canard mandarin	0.0	0.0	0.0	0.0	0.0	0.0	0.0	0.0	0.0	0.0	0.0015	0.0	0.0	0.0	0.0	0.0	0.0	0.0	0.0	0.0	0.0	0.0	0.0	0.0	0.0	0.0	0.0	0.0	0.0	0.0	0.0	0.0	0.0	0.0	0.0	0.0	0.0	0.0	0.0	0.0	0.0	0.0015	0.0	0.0	0.0	0.0	0.0	0.0	
Sarcelle d'été	0.0	0.0	0.0	0.0	0.0	0.0	0.0	0.0	0.0	0.0	0.0740741	0.0015	0.0595238	0.048	0.0485437	0.037037	0.0144928	0.0054054	0.0134228	0.0092166	0.012987	0.0	0.0172414	0.0246914	0.015625	0.0243902	0.0	0.0645161	0.025	0.0131579	0.0243902	0.0285714	0.0	0.0408163	0.0512821	0.0	0.0	0.0	0.0	0.0	0.0	0.0	0.0	0.0	0.0	0.0	0.0	0.0	
Sarcelle à ailes bleues	0.0	0.0	0.0	0.0	0.0	0.0	0.0	0.0	0.0	0.0	0.0	0.0	0.0357143	0.016	0.0	0.0	0.0	0.0	0.0	0.0	0.0	0.0	0.0	0.0	0.0	0.0	0.0	0.0	0.0	0.0	0.0	0.0	0.0	0.0	0.0	0.0	0.0	0.0	0.0	0.0	0.0	0.0	0.0	0.0	0.0	0.0	0.0	0.0	
Canard souchet	0.32	0.1842105	0.25	0.2727273	0.125	0.1428571	0.2957746	0.2962963	0.4	0.4444444	0.1481481	0.1875	0.2738095	0.184	0.1067961	0.1203704	0.0652174	0.0540541	0.033557	0.0230415	0.038961	0.0416667	0.0172414	0.0246914	0.0	0.0	0.05	0.0107527	0.0125	0.0263158	0.0487805	0.0571429	0.1041667	0.122449	0.1538462	0.1304348	0.1538462	0.4375	0.25	0.2156863	0.2941176	0.55	0.3125	0.3	0.12	0.28	0.3333333	0.1538462	
Canard chipeau	0.28	0.2105263	0.25	0.1818182	0.2916667	0.3428571	0.3521127	0.1851852	0.2	0.3333333	0.2592593	0.1875	0.2738095	0.32	0.3106796	0.3055556	0.3188406	0.3189189	0.2684564	0.2258065	0.2207792	0.1333333	0.0862069	0.0493827	0.0625	0.0487805	0.0333333	0.1397849	0.125	0.0789474	0.1707317	0.2285714	0.1041667	0.3469388	0.2307692	0.2608696	0.1923077	0.25	0.125	0.2156863	0.1568627	0.4	0.25	0.2	0.12	0.16	0.25	0.25	
Canard siffleur	0.16	0.1315789	0.1666667	0.1818182	0.0833333	0.1428571	0.1408451	0.1481481	0.2	0.2222222	0.0740741	0.0625	0.0952381	0.048	0.0194175	0.0185185	0.0144928	0.0054054	0.0067114	0.0046083	0.012987	0.0	0.0	0.0015	0.0	0.0	0.0	0.0	0.0	0.0	0.0015	0.0	0.0015	0.0204082	0.0	0.0434783	0.0384615	0.0625	0.125	0.0588235	0.0588235	0.2	0.0	0.15	0.12	0.12	0.1666667	0.0769231	
Canard colvert	0.64	0.5789474	0.5833333	0.4545455	0.4583333	0.4571429	0.4929577	0.4444444	0.6	0.9444444	0.6296296	0.53125	0.4761905	0.568	0.4563107	0.5555556	0.6014493	0.6054054	0.5369128	0.4930876	0.5844156	0.425	0.3275862	0.345679	0.40625	0.5	0.3	0.4946237	0.5	0.4078947	0.4146341	0.5428571	0.5625	0.5918367	0.5897436	0.7391304	0.4230769	0.625	0.5	0.4313725	0.5294118	0.85	0.5	0.65	0.52	0.52	0.4166667	0.5384615	
Canard pilet	0.12	0.1052632	0.0833333	0.0909091	0.0833333	0.0857143	0.0985915	0.0740741	0.0	0.2222222	0.1111111	0.0625	0.0238095	0.016	0.0194175	0.0	0.0	0.0	0.0	0.0	0.012987	0.0	0.0	0.0	0.0	0.0	0.0	0.0	0.0	0.0	0.0	0.0	0.0	0.0204082	0.0	0.0	0.0	0.0	0.0	0.0392157	0.0784314	0.1	0.1875	0.05	0.04	0.12	0.0833333	0.1153846	
Sarcelle d'hiver	0.48	0.2631579	0.0833333	0.3181818	0.25	0.4	0.2816901	0.0740741	0.4	0.6666667	0.1851852	0.25	0.1428571	0.112	0.0582524	0.1203704	0.0362319	0.0054054	0.0268456	0.0368664	0.038961	0.075	0.0172414	0.0246914	0.0015	0.0243902	0.0166667	0.0215054	0.025	0.0131579	0.097561	0.1	0.0625	0.3061224	0.1025641	0.326087	0.1538462	0.4375	0.125	0.2352941	0.2745098	0.4	0.3125	0.15	0.24	0.24	0.25	0.2307692	
anatidé sp. (canard barboteur sp.)	0.0	0.0	0.0	0.0	0.0	0.0	0.0	0.0	0.0	0.0	0.0	0.0	0.0	0.0	0.0	0.0	0.0	0.0	0.0	0.0	0.0	0.0	0.0	0.0	0.0	0.0	0.0	0.0	0.0	0.0	0.0	0.0285714	0.0	0.0	0.0	0.0	0.0	0.0	0.0	0.0	0.0	0.0	0.0	0.0	0.0	0.0	0.0	0.0	
Nette rousse	0.08	0.0526316	0.1666667	0.0	0.0833333	0.0857143	0.0422535	0.1111111	0.2	0.1666667	0.1481481	0.15625	0.2738095	0.328	0.2912621	0.3518519	0.3405797	0.2756757	0.2684564	0.3225806	0.2077922	0.25	0.1896552	0.0864198	0.0625	0.1707317	0.1	0.1612903	0.075	0.0789474	0.0487805	0.0714286	0.0416667	0.122449	0.0512821	0.0434783	0.0	0.1875	0.125	0.0392157	0.0784314	0.15	0.0625	0.05	0.08	0.08	0.0	0.0961538	
Fuligule milouin	0.28	0.2105263	0.3333333	0.2272727	0.2916667	0.3142857	0.4084507	0.3333333	0.6	0.4444444	0.4074074	0.375	0.4285714	0.456	0.4563107	0.5462963	0.5942029	0.4810811	0.4563758	0.4792627	0.4025974	0.375	0.2586207	0.2592593	0.203125	0.2439024	0.15	0.1612903	0.1375	0.1842105	0.1707317	0.1571429	0.1458333	0.244898	0.1538462	0.1086957	0.1538462	0.25	0.125	0.1568627	0.1568627	0.25	0.25	0.25	0.12	0.16	0.1666667	0.2115385	
Fuligule à bec cerclé	0.0	0.0	0.0	0.0	0.0	0.0	0.0015	0.0	0.0015	0.0	0.0015	0.0	0.0	0.0015	0.0	0.0	0.0	0.0015	0.0015	0.0	0.0	0.0	0.0015	0.0	0.0	0.0	0.0	0.0	0.0	0.0	0.0	0.0	0.0	0.0	0.0	0.0	0.0	0.0	0.0	0.0	0.0015	0.05	0.0	0.0	0.0	0.0	0.0	0.0	
Fuligule nyroca	0.04	0.0263158	0.0	0.0015	0.0416667	0.0	0.028169	0.0	0.2	0.1666667	0.0015	0.0	0.0	0.0	0.0015	0.0	0.0	0.0	0.0	0.0	0.0	0.0	0.0	0.0	0.0015	0.0	0.0	0.0	0.0	0.0	0.0	0.0	0.0	0.0	0.0	0.0	0.0	0.0	0.0	0.0015	0.0	0.0	0.0	0.0	0.0	0.04	0.0	0.0	
Hybride Fuligule milouin x F. nyroca	0.0	0.0	0.0	0.0	0.0	0.0	0.0	0.0	0.0	0.0	0.0	0.0	0.0	0.0	0.0	0.0	0.0	0.0	0.0	0.0	0.0	0.0	0.0	0.0	0.0	0.0	0.0	0.0	0.0	0.0	0.0	0.0	0.0	0.0	0.0	0.0	0.0	0.0	0.0	0.0	0.0	0.0	0.0	0.0	0.0	0.0	0.0	0.0192308	
Fuligule morillon	0.36	0.2631579	0.3333333	0.2272727	0.2916667	0.4	0.3661972	0.2962963	0.6	0.3888889	0.2592593	0.3125	0.3571429	0.336	0.3495146	0.3796296	0.4710145	0.3783784	0.3624161	0.359447	0.4285714	0.3583333	0.2931034	0.3209877	0.296875	0.2926829	0.1333333	0.1827957	0.0875	0.1710526	0.1463415	0.2142857	0.0625	0.2857143	0.1794872	0.0217391	0.0769231	0.25	0.125	0.0588235	0.0980392	0.15	0.1875	0.3	0.04	0.16	0.1666667	0.25	
Hybride Fuligule milouin x F. morillon	0.0	0.0	0.0	0.0	0.0	0.0	0.0	0.0	0.0	0.0	0.0015	0.0	0.0119048	0.008	0.0	0.0	0.0	0.0	0.0	0.0	0.0	0.0083333	0.0	0.0	0.0	0.0	0.0	0.0	0.0	0.0131579	0.0	0.0	0.0	0.0	0.0	0.0	0.0	0.0	0.0	0.0	0.0	0.0	0.0	0.0	0.0	0.0	0.0	0.0	
Fuligule milouinan	0.0	0.0	0.0	0.0	0.0	0.0285714	0.0140845	0.0	0.2	0.0	0.0	0.0015	0.0	0.0015	0.0	0.0092593	0.0	0.0	0.0	0.0	0.0	0.0	0.0	0.0	0.0	0.0	0.0	0.0	0.0	0.0	0.0	0.0	0.0	0.0	0.0	0.0	0.0	0.0	0.0	0.0	0.0	0.0	0.0	0.0	0.0	0.0	0.0	0.0	
Fuligule à tête noire	0.0	0.0	0.0	0.0	0.0	0.0	0.0	0.0	0.0	0.0	0.0015	0.0	0.0	0.0	0.0	0.0	0.0	0.0	0.0	0.0	0.0	0.0	0.0	0.0	0.0	0.0	0.0	0.0	0.0	0.0	0.0	0.0	0.0	0.0	0.0	0.0	0.0	0.0	0.0	0.0	0.0	0.0	0.0	0.0	0.0	0.0	0.0	0.0	
Macreuse brune	0.0	0.0	0.0	0.0015	0.0	0.0	0.0	0.0015	0.0	0.0	0.0	0.0	0.0	0.0	0.0	0.0	0.0	0.0	0.0	0.0	0.0	0.0	0.0	0.0	0.0	0.0	0.0	0.0	0.0	0.0	0.0	0.0	0.0	0.0	0.0	0.0	0.0	0.0	0.0	0.0	0.0	0.0	0.0	0.0	0.0	0.0	0.0	0.0	
Garrot à oeil d'or	0.0	0.0015	0.0	0.0	0.0015	0.0	0.0	0.0015	0.0	0.0	0.0	0.0	0.0	0.0	0.0	0.0	0.0	0.0	0.0	0.0	0.0	0.0	0.0	0.0	0.0	0.0	0.0	0.0	0.0	0.0	0.0	0.0	0.0	0.0	0.0	0.0	0.0	0.0	0.0	0.0	0.0	0.0	0.0	0.0	0.0	0.0	0.0	0.0	
Harle piette	0.0	0.0	0.0	0.0	0.0	0.0	0.0	0.0	0.0	0.0	0.0	0.0	0.0	0.0	0.0	0.0	0.0	0.0	0.0	0.0	0.0	0.0	0.0	0.0	0.0	0.0	0.0	0.0	0.0	0.0	0.0	0.0	0.0	0.0	0.0	0.0	0.0	0.0	0.0	0.0	0.0	0.0	0.0	0.0	0.0	0.04	0.0	0.0	
Harle bièvre	0.04	0.0263158	0.0	0.0	0.0	0.0	0.0	0.0	0.0	0.0	0.0	0.0	0.0	0.0015	0.0	0.0	0.0	0.0	0.0	0.0	0.0	0.0	0.0	0.0	0.0	0.0	0.0	0.0	0.0	0.0	0.0	0.0	0.0	0.0	0.0	0.0	0.0	0.0	0.0	0.0	0.0	0.0	0.0	0.0	0.0	0.0	0.0	0.0	
anatidé sp. (canard sp.)	0.0	0.0	0.0	0.0	0.0	0.0	0.0	0.0	0.0	0.0	0.0	0.0	0.0	0.0	0.0	0.0	0.0	0.0	0.0	0.0	0.0	0.0	0.0	0.0246914	0.0	0.0	0.0	0.0	0.0015	0.0	0.0	0.0	0.0	0.0	0.0	0.0	0.0384615	0.0	0.0	0.0	0.0	0.0	0.0	0.0	0.0	0.0	0.0	0.0	
Perdrix grise	0.0	0.0	0.0	0.0	0.0	0.0	0.0	0.0	0.0	0.0	0.0015	0.0015	0.0015	0.0015	0.0	0.0	0.0	0.0	0.0067114	0.0	0.0	0.0083333	0.0	0.0015	0.0	0.0	0.0166667	0.0	0.0	0.0	0.0	0.0	0.0	0.0	0.0	0.0	0.0	0.0	0.125	0.0	0.0015	0.0	0.0	0.0	0.0	0.0	0.0	0.0	
Faisan vénéré	0.0	0.0	0.0	0.0	0.0	0.0	0.0	0.0	0.0	0.0	0.0015	0.0	0.0	0.0	0.0	0.0	0.0	0.0	0.0	0.0	0.0	0.0	0.0	0.0	0.0	0.0	0.0	0.0	0.0	0.0	0.0	0.0	0.0	0.0	0.0	0.0	0.0	0.0	0.0	0.0	0.0	0.0	0.0	0.0	0.0	0.0	0.0	0.0	
Faisan de Colchide	0.04	0.0789474	0.0	0.0	0.0416667	0.0571429	0.028169	0.037037	0.2	0.2222222	0.1481481	0.15625	0.2142857	0.24	0.2135922	0.3148148	0.1884058	0.1891892	0.1006711	0.1520737	0.2207792	0.15	0.0689655	0.1481481	0.015625	0.097561	0.0333333	0.1075269	0.025	0.0263158	0.0	0.0285714	0.0625	0.1020408	0.0512821	0.0869565	0.0769231	0.0625	0.125	0.0392157	0.0196078	0.15	0.0625	0.1	0.16	0.12	0.0833333	0.0576923	
Caille des blés	0.0	0.0	0.0	0.0	0.0	0.0	0.0	0.0015	0.0	0.0	0.0	0.0	0.0238095	0.0	0.0015	0.0277778	0.0072464	0.0054054	0.0015	0.0184332	0.0015	0.0083333	0.0172414	0.0123457	0.015625	0.0243902	0.0166667	0.0	0.0	0.0015	0.0	0.0	0.0208333	0.0	0.0	0.0	0.0	0.0	0.0	0.0	0.0	0.0	0.0	0.0	0.0	0.0	0.0	0.0	
Perdrix rouge	0.0	0.0	0.0	0.0	0.0	0.0	0.0	0.037037	0.0	0.0	0.0015	0.0015	0.0119048	0.008	0.0	0.0277778	0.0015	0.0162162	0.0067114	0.0092166	0.025974	0.0083333	0.0	0.0015	0.0015	0.0015	0.0166667	0.0	0.0125	0.0	0.0	0.0	0.0	0.0015	0.0	0.0217391	0.0	0.0	0.125	0.0196078	0.0196078	0.0	0.0	0.0	0.0	0.0	0.0	0.0	
Pigeon biset	0.0	0.0	0.0	0.0	0.0	0.0	0.0	0.0	0.2	0.0	0.037037	0.0015	0.0119048	0.008	0.0097087	0.0277778	0.0015	0.027027	0.0268456	0.0322581	0.0649351	0.0166667	0.0344828	0.0123457	0.03125	0.0121951	0.0833333	0.0537634	0.0375	0.0263158	0.0487805	0.0285714	0.0208333	0.0612245	0.1025641	0.0217391	0.0	0.0015	0.125	0.0588235	0.0196078	0.05	0.0	0.05	0.0	0.0	0.0833333	0.0	
Pigeon colombin	0.0	0.0	0.0015	0.0	0.0	0.0285714	0.028169	0.037037	0.0	0.0	0.0015	0.0015	0.0119048	0.008	0.0097087	0.0277778	0.0072464	0.0108108	0.0268456	0.0414747	0.0	0.0	0.0	0.0123457	0.0	0.0121951	0.0015	0.0107527	0.0015	0.0131579	0.0	0.0	0.0416667	0.0408163	0.0015	0.0217391	0.0	0.0015	0.0	0.0015	0.0	0.0	0.0	0.05	0.04	0.0	0.0	0.0	
Pigeon ramier	0.12	0.2105263	0.25	0.1363636	0.125	0.2	0.2253521	0.2962963	0.4	0.5	0.4444444	0.28125	0.452381	0.32	0.3980583	0.5092593	0.3985507	0.3621622	0.3557047	0.4746544	0.4545455	0.45	0.4827586	0.3950617	0.34375	0.4512195	0.4833333	0.516129	0.3875	0.3815789	0.5121951	0.5714286	0.5625	0.7959184	0.6923077	0.3695652	0.4230769	0.4375	0.625	0.1764706	0.1372549	0.5	0.3125	0.25	0.24	0.44	0.25	0.3076923	
Tourterelle des bois	0.0	0.0	0.0	0.0	0.0	0.0	0.0	0.0	0.0	0.0	0.0015	0.0	0.0119048	0.016	0.0194175	0.25	0.3188406	0.3459459	0.2885906	0.3271889	0.4415584	0.4583333	0.3448276	0.4444444	0.3125	0.4756098	0.4333333	0.3333333	0.175	0.0394737	0.1707317	0.0857143	0.0	0.0612245	0.0015	0.0	0.0	0.0	0.0	0.0	0.0	0.0	0.0	0.0	0.0	0.0	0.0	0.0	
Tourterelle turque	0.2	0.0789474	0.0833333	0.0909091	0.0	0.0571429	0.0422535	0.0740741	0.4	0.1111111	0.1481481	0.125	0.1428571	0.12	0.1553398	0.2592593	0.1304348	0.1891892	0.2483221	0.1843318	0.2857143	0.125	0.1551724	0.2098765	0.25	0.2439024	0.3	0.2903226	0.275	0.1973684	0.2439024	0.2571429	0.1666667	0.3673469	0.3846154	0.1304348	0.1153846	0.0	0.125	0.0588235	0.0392157	0.1	0.25	0.2	0.12	0.08	0.0833333	0.1153846	
Outarde canepetière	0.0	0.0	0.0	0.0	0.0	0.0	0.0	0.0	0.0	0.0	0.0	0.0015	0.0015	0.0	0.0097087	0.0092593	0.0015	0.0015	0.0015	0.0015	0.0	0.0015	0.0	0.0	0.0	0.0	0.0	0.0	0.0	0.0	0.0	0.0	0.0	0.0	0.0	0.0	0.0	0.0	0.0	0.0	0.0	0.0	0.0	0.0	0.0	0.0	0.0	0.0	
Coucou gris	0.0	0.0	0.0	0.0	0.0	0.0	0.0	0.0	0.0	0.0	0.037037	0.21875	0.2857143	0.344	0.4854369	0.5555556	0.5797101	0.6162162	0.4832215	0.4608295	0.5194805	0.3666667	0.1896552	0.1111111	0.0	0.0121951	0.0166667	0.0107527	0.0	0.0015	0.0487805	0.0	0.0208333	0.0	0.0	0.0217391	0.0	0.0	0.0	0.0	0.0	0.0	0.0	0.0	0.0	0.0	0.0	0.0	
Engoulevent d'Europe	0.0	0.0	0.0	0.0	0.0	0.0	0.0	0.0	0.0	0.0	0.0	0.0	0.0	0.0	0.0	0.0015	0.0072464	0.0108108	0.0	0.0138249	0.025974	0.0083333	0.0	0.0	0.0	0.0	0.0015	0.0107527	0.0	0.0	0.0	0.0	0.0015	0.0	0.0	0.0	0.0	0.0	0.0	0.0	0.0	0.0	0.0	0.0	0.0	0.0	0.0	0.0	
Martinet noir	0.0	0.0	0.0	0.0	0.0	0.0	0.0	0.0	0.0	0.0	0.0	0.0	0.0	0.016	0.0582524	0.1759259	0.0797101	0.0918919	0.1409396	0.1474654	0.0909091	0.1	0.137931	0.1234568	0.140625	0.1341463	0.1166667	0.1182796	0.0375	0.0	0.0	0.0142857	0.0	0.0	0.0	0.0	0.0015	0.0	0.0	0.0	0.0	0.0	0.0	0.0	0.0	0.0	0.0	0.0	
Râle d'eau	0.04	0.0526316	0.0015	0.0	0.0416667	0.0285714	0.0985915	0.0	0.0	0.1666667	0.037037	0.0625	0.0119048	0.024	0.038835	0.0277778	0.0362319	0.0216216	0.0134228	0.0230415	0.025974	0.0166667	0.0015	0.0246914	0.046875	0.0365854	0.05	0.0860215	0.0625	0.0526316	0.1219512	0.1428571	0.1041667	0.1428571	0.1025641	0.1521739	0.0384615	0.25	0.125	0.0392157	0.0196078	0.1	0.125	0.0	0.0	0.08	0.0833333	0.0192308	
Marouette ponctuée	0.0	0.0	0.0	0.0	0.0	0.0	0.0	0.0	0.0	0.0	0.0	0.0	0.0	0.0	0.0	0.0	0.0	0.0	0.0	0.0	0.0	0.0	0.0	0.0	0.0	0.0	0.0	0.0015	0.0	0.0	0.0	0.0	0.0015	0.0	0.0	0.0015	0.0	0.0	0.0	0.0	0.0	0.0	0.0	0.0	0.0	0.0	0.0	0.0	
Gallinule poule-d'eau	0.0	0.1052632	0.0833333	0.0	0.0416667	0.0285714	0.056338	0.0740741	0.2	0.1111111	0.0740741	0.0015	0.1190476	0.152	0.1553398	0.1203704	0.1304348	0.1027027	0.1208054	0.1152074	0.1428571	0.1333333	0.0862069	0.0987654	0.171875	0.1829268	0.15	0.2473118	0.1875	0.1710526	0.2682927	0.2285714	0.2083333	0.3265306	0.2307692	0.2173913	0.2307692	0.1875	0.375	0.0784314	0.0196078	0.05	0.0625	0.05	0.0	0.08	0.0833333	0.0769231	
Foulque macroule	0.32	0.2631579	0.25	0.4090909	0.4583333	0.5142857	0.6056338	0.5185185	0.6	0.4444444	0.4814815	0.34375	0.4642857	0.52	0.3398058	0.462963	0.5869565	0.4702703	0.4228188	0.4884793	0.5714286	0.4583333	0.4137931	0.3209877	0.40625	0.5121951	0.35	0.4731183	0.3875	0.4473684	0.3658537	0.5142857	0.5416667	0.5714286	0.4102564	0.4782609	0.1923077	0.625	0.375	0.3333333	0.1764706	0.5	0.4375	0.3	0.16	0.28	0.4166667	0.3846154	
Marouette poussin	0.0	0.0	0.0	0.0	0.0	0.0	0.0	0.0	0.0	0.0	0.0	0.0	0.0	0.008	0.0097087	0.0	0.0	0.0	0.0	0.0	0.0	0.0015	0.0	0.0	0.0	0.0	0.0	0.0015	0.025	0.0	0.0243902	0.0015	0.0	0.0	0.0	0.0	0.0	0.0	0.0	0.0	0.0	0.0	0.0	0.0	0.0	0.0	0.0	0.0	
Marouette de Baillon	0.0	0.0	0.0	0.0	0.0	0.0	0.0	0.0	0.0	0.0	0.0	0.0	0.0	0.0	0.0	0.0	0.0	0.0	0.0	0.0	0.0015	0.0	0.0	0.0015	0.0	0.0	0.0	0.0215054	0.0	0.0	0.0015	0.0	0.0	0.0	0.0015	0.0	0.0	0.0	0.0	0.0	0.0	0.0	0.0	0.0	0.0	0.0	0.0	0.0	
Grue cendrée	0.2	0.1842105	0.0015	0.0454545	0.1666667	0.2	0.2394366	0.2962963	0.4	0.0555556	0.0740741	0.03125	0.0	0.0	0.0	0.0015	0.0072464	0.0	0.0	0.0	0.0	0.0	0.0	0.0	0.015625	0.0	0.0	0.0015	0.0	0.0	0.0015	0.0	0.0	0.0204082	0.0	0.0	0.0	0.1875	0.5	0.2745098	0.2745098	0.3	0.375	0.15	0.04	0.12	0.0	0.1538462	
Oedicnème criard	0.0	0.0	0.0	0.0	0.0	0.0	0.0	0.0	0.0	0.0015	0.0015	0.0	0.0119048	0.0015	0.0097087	0.037037	0.0072464	0.0	0.0134228	0.0046083	0.0015	0.0166667	0.0344828	0.0	0.03125	0.0121951	0.0015	0.0015	0.0125	0.0263158	0.0	0.0	0.0	0.0	0.025641	0.0434783	0.0	0.0	0.125	0.0	0.0	0.0	0.0	0.0	0.0	0.0	0.0	0.0	
Échasse blanche	0.0	0.0	0.0	0.0	0.0	0.0	0.0	0.0	0.0	0.0	0.0	0.0625	0.1071429	0.112	0.1941748	0.1296296	0.1014493	0.0864865	0.1006711	0.1152074	0.1298701	0.1	0.1724138	0.0864198	0.046875	0.0853659	0.0666667	0.1182796	0.025	0.0263158	0.0015	0.0015	0.0	0.0	0.0	0.0217391	0.0	0.0	0.0	0.0	0.0	0.0	0.0	0.0	0.0	0.0	0.0	0.0	
Avocette élégante	0.0015	0.0015	0.0	0.0	0.0	0.0	0.0	0.0	0.0	0.3888889	0.0015	0.0	0.0238095	0.0	0.0	0.0277778	0.0	0.0054054	0.0	0.0	0.0	0.0	0.0	0.0	0.0	0.0	0.0	0.0	0.025	0.0	0.0	0.0	0.0	0.0	0.0	0.0	0.0	0.0	0.0	0.0	0.0196078	0.0	0.0	0.05	0.0	0.04	0.0	0.0	
Huîtrier pie	0.0	0.0	0.0	0.0	0.0	0.0	0.0	0.0	0.0	0.0	0.0	0.0	0.0	0.0	0.0015	0.0	0.0	0.0	0.0	0.0	0.0	0.0	0.0	0.0	0.0	0.0	0.0	0.0	0.0	0.0	0.0	0.0	0.0	0.0	0.0	0.0	0.0	0.0	0.0	0.0	0.0	0.0	0.0	0.0	0.0	0.0	0.0	0.0	
Pluvier argenté	0.0	0.0	0.0	0.0	0.0	0.0	0.0	0.0	0.0	0.0	0.0	0.0	0.0	0.0	0.0097087	0.0	0.0015	0.0	0.0067114	0.0	0.0	0.0	0.0	0.0	0.0	0.0	0.0	0.0	0.0	0.0015	0.0243902	0.0	0.0	0.0	0.0	0.0	0.0	0.0	0.125	0.0196078	0.0015	0.0	0.0015	0.0015	0.0	0.0	0.0	0.0	
Pluvier doré	0.04	0.0789474	0.0015	0.0909091	0.0416667	0.0	0.0422535	0.0015	0.0	0.0555556	0.0	0.0	0.0	0.0	0.0	0.0	0.0	0.0	0.0	0.0	0.0	0.0	0.0	0.0	0.0	0.0	0.0	0.0	0.0	0.0	0.0015	0.0	0.0	0.0	0.0	0.0	0.0	0.0	0.0	0.0015	0.0392157	0.05	0.0625	0.2	0.08	0.0	0.1666667	0.1346154	
Guignard d’Eurasie	0.0	0.0	0.0	0.0	0.0	0.0	0.0	0.0	0.0	0.0	0.0	0.0	0.0	0.0	0.0	0.0092593	0.0	0.0	0.0	0.0	0.0	0.0	0.0	0.0	0.0	0.0	0.0	0.0	0.0	0.0	0.0	0.0	0.0015	0.0	0.0	0.0	0.0	0.0	0.0	0.0	0.0	0.0	0.0	0.0	0.0	0.0	0.0	0.0	
Grand Gravelot	0.0	0.0	0.0	0.0	0.0	0.0	0.0	0.0	0.0	0.2222222	0.0015	0.0	0.0119048	0.0	0.0	0.0092593	0.0072464	0.0162162	0.033557	0.0138249	0.038961	0.0083333	0.0172414	0.0	0.0	0.0	0.0	0.0107527	0.0	0.0	0.0	0.0142857	0.0	0.0204082	0.0	0.0217391	0.0384615	0.0	0.0015	0.0392157	0.0015	0.0	0.0	0.0	0.0	0.0	0.0	0.0	
Petit Gravelot	0.0	0.0	0.0	0.0	0.0	0.0	0.0	0.0	0.0	0.4444444	0.0740741	0.09375	0.0714286	0.048	0.0776699	0.0833333	0.057971	0.0540541	0.0671141	0.0645161	0.0649351	0.0583333	0.0344828	0.0864198	0.015625	0.0731707	0.0166667	0.0537634	0.0125	0.0131579	0.0243902	0.0428571	0.0	0.0204082	0.025641	0.0	0.0015	0.0	0.0015	0.0	0.0	0.0	0.0	0.0	0.0	0.0	0.0	0.0	
Vanneau huppé	0.48	0.3157895	0.1666667	0.1818182	0.2083333	0.1714286	0.3098592	0.2222222	0.0015	0.3888889	0.0740741	0.03125	0.0357143	0.04	0.0291262	0.0555556	0.0144928	0.0486486	0.1006711	0.078341	0.1428571	0.1416667	0.1206897	0.1728395	0.125	0.2804878	0.1166667	0.2688172	0.225	0.1842105	0.2682927	0.3	0.2708333	0.3877551	0.2564103	0.2391304	0.1923077	0.375	0.375	0.3529412	0.3137255	0.55	0.3125	0.35	0.28	0.16	0.4166667	0.3653846	
Vanneau sociable	0.0	0.0	0.0	0.0	0.0	0.0	0.0	0.0	0.0015	0.0	0.0	0.0	0.0	0.0	0.0	0.0	0.0	0.0	0.0	0.0	0.0	0.0	0.0	0.0	0.0	0.0	0.0	0.0	0.0	0.0	0.0	0.0	0.0	0.0	0.0	0.0	0.0	0.0	0.0	0.0	0.0	0.0	0.0	0.0	0.0	0.0	0.0	0.0	
Gravelot à collier interrompu	0.0	0.0	0.0	0.0	0.0	0.0	0.0	0.0	0.0	0.0	0.0	0.0	0.0	0.0	0.0	0.0015	0.0015	0.0	0.0	0.0	0.012987	0.0	0.0	0.0	0.0	0.0	0.0	0.0	0.0	0.0	0.0	0.0	0.0	0.0	0.0	0.0	0.0	0.0	0.0	0.0	0.0	0.0	0.0	0.0	0.0	0.0	0.0	0.0	
Charadriidae sp.	0.0	0.0	0.0	0.0	0.0	0.0	0.0	0.0	0.0	0.0	0.0	0.0	0.0	0.0	0.0	0.0	0.0	0.0054054	0.0	0.0	0.0	0.0	0.0	0.0123457	0.0	0.0	0.0	0.0	0.0	0.0	0.0	0.0	0.0	0.0	0.0	0.0	0.0	0.0	0.0	0.0	0.0	0.0	0.0	0.0	0.0	0.0	0.0	0.0	
Courlis corlieu	0.0	0.0	0.0	0.0	0.0	0.0	0.0	0.0	0.0	0.0	0.0	0.03125	0.0	0.0	0.0	0.0015	0.0015	0.0	0.0067114	0.0	0.0	0.0	0.0	0.0	0.0	0.0	0.0	0.0	0.0	0.0	0.0	0.0	0.0	0.0015	0.0	0.0	0.0	0.0	0.0	0.0	0.0	0.0	0.0	0.0	0.0	0.0	0.0	0.0	
Courlis cendré	0.08	0.0263158	0.0	0.0909091	0.0416667	0.0015	0.056338	0.0740741	0.0	0.2777778	0.0740741	0.09375	0.047619	0.016	0.0194175	0.0092593	0.0072464	0.0054054	0.0268456	0.0230415	0.025974	0.0166667	0.0	0.0246914	0.0015	0.0	0.0	0.0107527	0.0	0.0	0.0015	0.0142857	0.0015	0.0204082	0.0	0.0015	0.0384615	0.0	0.125	0.1372549	0.0980392	0.0015	0.0	0.0015	0.0	0.0015	0.0833333	0.0769231	
Barge rousse	0.0	0.0	0.0	0.0	0.0	0.0	0.0	0.0	0.0	0.0	0.0	0.0	0.0	0.0	0.0	0.0	0.0	0.0	0.0015	0.0	0.0	0.0	0.0	0.0	0.0	0.0	0.0	0.0	0.0	0.0	0.0	0.0	0.0	0.0	0.0015	0.0	0.0	0.0	0.0	0.0	0.0	0.0	0.0	0.0	0.0	0.0	0.0	0.0	
Barge à queue noire	0.0	0.0	0.0	0.0	0.0	0.0	0.0	0.037037	0.0	0.4444444	0.037037	0.0625	0.0357143	0.016	0.0097087	0.0092593	0.0	0.0	0.0	0.0046083	0.0	0.0083333	0.0015	0.0	0.0015	0.0	0.0	0.0322581	0.0	0.0	0.0	0.0142857	0.0	0.0015	0.0	0.0217391	0.0	0.0	0.0	0.0196078	0.0	0.0	0.0	0.0	0.0	0.0	0.0	0.0	
Bécassin à long bec	0.0	0.0	0.0	0.0	0.0	0.0	0.0	0.0	0.0	0.0	0.0	0.0	0.0	0.0	0.0	0.0	0.0	0.0	0.0	0.0	0.0	0.0	0.0	0.0	0.0	0.0	0.0	0.0	0.0	0.0	0.0	0.0	0.0	0.0	0.0	0.0	0.0	0.0	0.0015	0.0196078	0.0	0.0	0.0	0.0	0.0	0.0	0.0	0.0	
Bécassine sourde	0.0	0.0	0.0	0.0	0.0	0.0	0.0	0.0	0.0	0.0	0.0	0.0	0.0	0.0	0.0	0.0	0.0	0.0	0.0	0.0	0.0	0.0	0.0	0.0	0.0	0.0	0.0	0.0	0.0	0.0	0.0	0.0	0.0	0.0	0.0	0.0	0.0	0.0	0.0	0.0	0.0196078	0.0	0.0	0.0	0.0	0.0	0.0	0.0	
Bécasse des bois	0.0	0.0	0.0	0.0	0.0	0.0571429	0.0	0.0	0.0	0.0	0.0	0.0	0.0	0.0	0.0	0.0	0.0	0.0054054	0.0	0.0046083	0.0	0.0	0.0	0.0	0.0	0.0	0.0	0.0	0.0	0.0	0.0	0.0	0.0	0.0	0.0	0.0	0.0	0.0	0.125	0.0	0.0	0.05	0.0	0.0	0.0	0.0	0.0833333	0.0	
Bécassine des marais	0.0	0.0263158	0.0833333	0.0	0.0	0.1142857	0.028169	0.0015	0.0	0.0555556	0.0740741	0.0625	0.047619	0.056	0.0194175	0.0185185	0.0	0.0015	0.0	0.0	0.0	0.0	0.0172414	0.0	0.0	0.0	0.0015	0.0215054	0.0625	0.0657895	0.1463415	0.1571429	0.1458333	0.2040816	0.1282051	0.1956522	0.2307692	0.1875	0.125	0.1372549	0.1176471	0.15	0.125	0.0	0.04	0.04	0.0833333	0.0576923	
Phalarope à bec large	0.0	0.0	0.0	0.0	0.0	0.0	0.0	0.0	0.0	0.0	0.0	0.0	0.0	0.0	0.0	0.0	0.0	0.0	0.0	0.0	0.0	0.0	0.0	0.0	0.0	0.0	0.0	0.0	0.0	0.0	0.0	0.0	0.0	0.0	0.0	0.0	0.0384615	0.0	0.0	0.0	0.0015	0.0	0.0	0.0	0.0	0.0	0.0	0.0	
Chevalier guignette	0.0	0.0	0.0	0.0	0.0	0.0	0.0	0.0	0.0	0.0015	0.037037	0.03125	0.047619	0.008	0.1067961	0.2037037	0.2028986	0.1405405	0.0671141	0.0138249	0.025974	0.025	0.0	0.0015	0.015625	0.1341463	0.1	0.1505376	0.1	0.0657895	0.2682927	0.2142857	0.2291667	0.1836735	0.1282051	0.0217391	0.0384615	0.0	0.125	0.0196078	0.0	0.05	0.0	0.05	0.0	0.0	0.0	0.0	
Chevalier culblanc	0.04	0.1315789	0.1666667	0.0454545	0.125	0.0285714	0.0704225	0.037037	0.2	0.3888889	0.1481481	0.125	0.0952381	0.032	0.0970874	0.0185185	0.0	0.0108108	0.0015	0.0046083	0.0	0.0416667	0.0517241	0.1481481	0.03125	0.0487805	0.0333333	0.1290323	0.1375	0.0921053	0.195122	0.1714286	0.1458333	0.1632653	0.0512821	0.0869565	0.1538462	0.25	0.125	0.1176471	0.1372549	0.45	0.1875	0.15	0.16	0.12	0.25	0.0769231	
Chevalier sylvain	0.0	0.0	0.0	0.0	0.0	0.0	0.0	0.0	0.0	0.0	0.0	0.0	0.0	0.024	0.0582524	0.0648148	0.0144928	0.0	0.0067114	0.0	0.0	0.0	0.0	0.0	0.0015	0.0	0.0166667	0.0430108	0.0375	0.0526316	0.097561	0.0571429	0.0833333	0.0612245	0.0	0.0	0.0015	0.0	0.0	0.0	0.0	0.0	0.0	0.0	0.0	0.0	0.0	0.0	
Chevalier gambette	0.0	0.0015	0.0	0.0	0.0	0.0	0.0	0.0	0.0	0.3333333	0.037037	0.125	0.0595238	0.016	0.0582524	0.0648148	0.0434783	0.0486486	0.0469799	0.0368664	0.025974	0.0083333	0.0	0.0123457	0.0015	0.0	0.0166667	0.0215054	0.0375	0.0131579	0.0	0.0285714	0.0	0.0204082	0.0	0.0434783	0.0384615	0.0	0.0	0.0392157	0.0	0.0	0.0	0.0	0.0	0.0	0.0	0.0	
Chevalier arlequin	0.04	0.0789474	0.0833333	0.0454545	0.0416667	0.0015	0.056338	0.0740741	0.0015	0.1111111	0.037037	0.0625	0.0238095	0.008	0.0582524	0.0277778	0.0	0.0108108	0.0	0.0	0.0	0.0	0.0	0.0	0.015625	0.0	0.0166667	0.0430108	0.0	0.0	0.0487805	0.0	0.0416667	0.0015	0.025641	0.0434783	0.0384615	0.0	0.125	0.0980392	0.0196078	0.05	0.0	0.05	0.0	0.0	0.0	0.0769231	
Chevalier aboyeur	0.0	0.0	0.0015	0.0	0.0	0.0285714	0.0140845	0.037037	0.0	0.0	0.0015	0.03125	0.0595238	0.04	0.0776699	0.0740741	0.0072464	0.0486486	0.0134228	0.0046083	0.0	0.0	0.0	0.0123457	0.0015	0.0	0.0	0.0645161	0.0015	0.0015	0.0731707	0.0428571	0.0416667	0.122449	0.0512821	0.0434783	0.0769231	0.125	0.125	0.1176471	0.0015	0.05	0.0	0.0	0.04	0.0	0.0	0.0192308	
Tournepierre à collier	0.0	0.0	0.0	0.0	0.0	0.0	0.0	0.0	0.0	0.0	0.0	0.0	0.0	0.0	0.0	0.0	0.0	0.0	0.0	0.0	0.012987	0.0	0.0	0.0	0.0	0.0	0.0	0.0	0.0	0.0	0.0	0.0	0.0015	0.0	0.0015	0.0	0.0	0.0	0.0	0.0	0.0	0.0	0.0	0.0	0.0	0.0	0.0	0.0	
Bécasseau maubèche	0.0	0.0	0.0	0.0	0.0	0.0	0.0	0.0	0.0	0.0	0.0	0.0	0.0	0.0	0.0	0.0	0.0015	0.0054054	0.0	0.0	0.0	0.0	0.0	0.0	0.0	0.0	0.0	0.0	0.0	0.0	0.0015	0.0015	0.0	0.0	0.0	0.0217391	0.0	0.0	0.0	0.0196078	0.0	0.0	0.0	0.0	0.0	0.0	0.0	0.0	
Combattant varié	0.0	0.0015	0.0	0.0454545	0.0416667	0.0015	0.056338	0.037037	0.0015	0.0	0.037037	0.0625	0.0238095	0.008	0.0582524	0.0185185	0.0072464	0.0108108	0.0	0.0	0.012987	0.0	0.0	0.0015	0.0015	0.0121951	0.0166667	0.0215054	0.05	0.0131579	0.1463415	0.0428571	0.0625	0.0	0.0	0.0652174	0.0769231	0.0	0.125	0.0784314	0.0588235	0.0	0.0625	0.0015	0.0	0.0	0.0833333	0.0192308	
Bécasseau cocorli	0.0	0.0	0.0	0.0	0.0	0.0	0.0	0.0	0.0	0.0	0.0	0.0	0.0	0.0	0.0	0.0	0.0	0.0015	0.0067114	0.0	0.0	0.0	0.0	0.0	0.0	0.0	0.0	0.0	0.0	0.0	0.0015	0.0015	0.0	0.0015	0.0015	0.0	0.0	0.0	0.0	0.0	0.0	0.0	0.0	0.0	0.0	0.0	0.0	0.0	
Bécasseau de Temminck	0.0	0.0	0.0	0.0	0.0	0.0	0.0	0.0	0.0	0.0	0.0	0.0	0.0	0.0	0.0	0.0185185	0.0144928	0.0	0.0015	0.0	0.0	0.0	0.0	0.0	0.0	0.0	0.0015	0.0	0.0	0.0015	0.0	0.0	0.0	0.0015	0.0015	0.0	0.0	0.0	0.0	0.0	0.0	0.0	0.0	0.0	0.0	0.0	0.0	0.0	
Bécasseau sanderling	0.0	0.0	0.0	0.0	0.0	0.0	0.0	0.0	0.0	0.0	0.0	0.0	0.0	0.0	0.0	0.0	0.0	0.0015	0.0	0.0	0.0	0.0	0.0	0.0	0.0	0.0	0.0	0.0	0.0	0.0	0.0015	0.0	0.0	0.0	0.0	0.0	0.0	0.0	0.0	0.0	0.0	0.0	0.0	0.0015	0.0	0.0	0.0	0.0	
Bécasseau variable	0.04	0.0789474	0.0015	0.0454545	0.0416667	0.1142857	0.028169	0.037037	0.0	0.2777778	0.037037	0.03125	0.047619	0.0	0.0	0.0	0.0	0.0	0.0134228	0.0	0.0	0.0	0.0	0.0	0.0	0.0	0.0	0.0	0.0	0.0131579	0.0487805	0.0	0.0	0.0612245	0.025641	0.0217391	0.0384615	0.0015	0.125	0.0784314	0.1372549	0.0015	0.0625	0.05	0.0	0.0015	0.0833333	0.0384615	
Bécasseau violet	0.0	0.0	0.0	0.0	0.0	0.0	0.0	0.0	0.0	0.0	0.0	0.0	0.0	0.0	0.0	0.0	0.0	0.0	0.0	0.0	0.0	0.0	0.0	0.0	0.0	0.0	0.0	0.0	0.0	0.0	0.0	0.0	0.0	0.0	0.0	0.0	0.0	0.0015	0.0	0.0	0.0	0.0	0.0	0.0	0.0	0.0	0.0	0.0	
Bécasseau minute	0.0015	0.0263158	0.0	0.0	0.0416667	0.0285714	0.0	0.0015	0.0	0.0555556	0.037037	0.03125	0.0238095	0.0015	0.0291262	0.0092593	0.0	0.0	0.0	0.0	0.0	0.0	0.0	0.0	0.0	0.0	0.0	0.0	0.0	0.0	0.0	0.0142857	0.0416667	0.0015	0.0015	0.0	0.0	0.0	0.0	0.0588235	0.0	0.0	0.0	0.0015	0.0	0.0	0.0	0.0192308	
Calidris sp.	0.0	0.0	0.0	0.0	0.0	0.0	0.0	0.0	0.0	0.0	0.0	0.0	0.0	0.0	0.0	0.0	0.0	0.0	0.0	0.0	0.0	0.0	0.0	0.0	0.0	0.0	0.0	0.0	0.0	0.0	0.0	0.0	0.0	0.0	0.0	0.0	0.0	0.0	0.0	0.0196078	0.0	0.0	0.0	0.0	0.0	0.0	0.0	0.0	
limicole sp.	0.0	0.0	0.0	0.0	0.0	0.0	0.0140845	0.0	0.0	0.0	0.0	0.0	0.0	0.0	0.0	0.0	0.0	0.0054054	0.0	0.0	0.0	0.0	0.0	0.0	0.0	0.0	0.0	0.0107527	0.0	0.0	0.0	0.0	0.0	0.0	0.0	0.0	0.0	0.0	0.0	0.0	0.0	0.0	0.0	0.0	0.0	0.0	0.0	0.0	
Labbe parasite	0.0	0.0	0.0	0.0	0.0	0.0	0.0	0.0	0.0	0.0	0.0	0.0	0.0	0.0	0.0	0.0	0.0	0.0	0.0	0.0	0.0	0.0	0.0	0.0	0.0	0.0	0.0	0.0	0.0	0.0	0.0	0.0	0.0	0.0	0.0	0.0	0.0	0.0	0.0	0.0	0.0	0.0	0.0	0.0015	0.0015	0.0	0.0	0.0	
Grand Labbe	0.0	0.0	0.0	0.0	0.0	0.0	0.0	0.0	0.0	0.0	0.0	0.0	0.0	0.0	0.0	0.0	0.0	0.0	0.0	0.0	0.0	0.0	0.0	0.0	0.0	0.0	0.0	0.0	0.0	0.0	0.0	0.0	0.0	0.0	0.0	0.0217391	0.0	0.0	0.0	0.0	0.0	0.0	0.0	0.0	0.0	0.0	0.0	0.0	
Mouette pygmée	0.0	0.0	0.0015	0.0	0.0	0.0	0.0	0.0	0.0	0.0	0.0015	0.0	0.0015	0.0	0.0097087	0.0	0.0	0.0054054	0.0	0.0	0.0	0.0	0.0	0.0	0.0	0.0	0.0	0.0	0.0	0.0	0.0	0.0	0.0	0.0	0.0	0.0	0.0	0.0	0.0	0.0196078	0.0015	0.0	0.0	0.0015	0.0	0.0	0.0	0.0	
Mouette tridactyle	0.0	0.0	0.0	0.0	0.0	0.0	0.0	0.0	0.0	0.0	0.0	0.0	0.0	0.0	0.0	0.0	0.0	0.0	0.0	0.0	0.0	0.0	0.0	0.0	0.0	0.0	0.0	0.0	0.0	0.0	0.0	0.0	0.0	0.0	0.0	0.0	0.0	0.0	0.0	0.0	0.0	0.0	0.0	0.0015	0.0	0.0	0.0	0.0	
Mouette de Sabine	0.0	0.0	0.0	0.0	0.0	0.0	0.0	0.0	0.0	0.0	0.0	0.0	0.0	0.0	0.0	0.0	0.0	0.0	0.0	0.0	0.0	0.0	0.0	0.0015	0.0	0.0	0.0	0.0	0.0	0.0	0.0	0.0	0.0	0.0	0.0	0.0	0.0	0.0	0.0	0.0	0.0	0.0	0.0	0.0	0.0	0.0	0.0	0.0	
Mouette de Bonaparte	0.0	0.0	0.0	0.0	0.0	0.0	0.0	0.0	0.0	0.0	0.0	0.0	0.0	0.008	0.0	0.0	0.0	0.0	0.0	0.0	0.0	0.0	0.0	0.0	0.0	0.0	0.0	0.0	0.0	0.0	0.0	0.0	0.0	0.0	0.0	0.0	0.0	0.0	0.0	0.0	0.0	0.0	0.0	0.0	0.0	0.0	0.0	0.0	
Mouette rieuse	0.48	0.1578947	0.25	0.1363636	0.1666667	0.2857143	0.3521127	0.5555556	0.6	0.8888889	0.3703704	0.625	0.4761905	0.48	0.5048544	0.5740741	0.6231884	0.5243243	0.5033557	0.5391705	0.5974026	0.625	0.4310345	0.4691358	0.34375	0.4878049	0.4166667	0.4623656	0.325	0.2763158	0.3170732	0.4	0.4375	0.6530612	0.5384615	0.5217391	0.5	0.375	0.5	0.372549	0.3137255	0.5	0.25	0.3	0.32	0.2	0.3333333	0.2692308	
Mouette mélanocéphale	0.0	0.0	0.0	0.0	0.0	0.0	0.0	0.0	0.0	0.0555556	0.0740741	0.0	0.0119048	0.008	0.0291262	0.0462963	0.0217391	0.0108108	0.0	0.0	0.0	0.0083333	0.0	0.0123457	0.0	0.0	0.0	0.0	0.0	0.0263158	0.0243902	0.0	0.0	0.0	0.0	0.0	0.0	0.0	0.0	0.0	0.0	0.0	0.0	0.0	0.0	0.0	0.0	0.0	
Goéland cendré	0.0	0.0	0.0	0.0	0.0	0.0	0.0	0.0	0.0	0.0	0.037037	0.0	0.0	0.0	0.0	0.0	0.0	0.0	0.0	0.0	0.0	0.0	0.0	0.0	0.0	0.0	0.0	0.0	0.0	0.0	0.0	0.0	0.0	0.0015	0.0	0.0	0.0	0.0	0.0	0.0	0.0196078	0.0	0.0	0.0	0.0	0.0	0.0	0.0192308	
Goéland pontique	0.0	0.0	0.0	0.0015	0.0015	0.0	0.0	0.0	0.0	0.0015	0.0	0.0	0.0	0.0	0.0	0.0	0.0	0.0	0.0	0.0	0.0	0.0	0.0	0.0	0.0	0.0	0.0	0.0	0.0	0.0	0.0	0.0	0.0	0.0	0.0	0.0	0.0	0.0	0.0015	0.0	0.0	0.0	0.0	0.0	0.0	0.0	0.0	0.0	
Goéland argenté	0.0	0.0	0.0	0.0	0.0	0.0	0.0	0.0	0.0	0.0	0.0	0.0	0.0	0.0	0.0	0.0	0.0	0.0	0.0	0.0	0.0	0.0	0.0	0.0	0.0015	0.0	0.0	0.0	0.0	0.0	0.0	0.0	0.0	0.0	0.0	0.0217391	0.0	0.0	0.0	0.0	0.0	0.0	0.0	0.0	0.0	0.0	0.0	0.0	
Goéland leucophée	0.08	0.1578947	0.0833333	0.0909091	0.0833333	0.0285714	0.0704225	0.1481481	0.0	0.1111111	0.1481481	0.1875	0.1071429	0.04	0.0291262	0.0462963	0.0507246	0.0864865	0.0805369	0.0506912	0.0519481	0.0416667	0.0172414	0.0123457	0.0	0.0365854	0.0	0.1075269	0.0125	0.0131579	0.0731707	0.1	0.0208333	0.1428571	0.0	0.0869565	0.0384615	0.0625	0.125	0.1764706	0.0784314	0.25	0.125	0.05	0.04	0.08	0.0	0.0961538	
Goéland brun	0.0	0.0	0.0	0.0	0.0	0.0	0.0	0.0	0.0	0.0555556	0.0015	0.03125	0.0119048	0.008	0.0	0.0185185	0.0	0.0054054	0.0067114	0.0046083	0.0	0.0083333	0.0	0.0	0.0	0.0243902	0.0333333	0.0	0.0	0.0	0.0	0.0	0.0	0.0	0.0	0.0	0.0384615	0.0	0.0	0.0	0.0	0.0	0.0	0.0	0.0	0.0	0.0	0.0	
goéland sp. (Larus sp.)	0.0	0.0	0.0	0.0	0.0	0.0	0.0140845	0.0	0.0	0.0	0.0	0.03125	0.0	0.0	0.0	0.0	0.0144928	0.0054054	0.0	0.0	0.0	0.0	0.0	0.0	0.0	0.0	0.0166667	0.0	0.0	0.0	0.0	0.0285714	0.0208333	0.0	0.0	0.0	0.0	0.0	0.0	0.0	0.0	0.0015	0.0	0.0	0.0	0.0	0.0	0.0	
goéland ou mouette sp.	0.0	0.0	0.0	0.0	0.0	0.0	0.0	0.0	0.0	0.0	0.0	0.0	0.0119048	0.0	0.0	0.0	0.0	0.0	0.0	0.0	0.0	0.0083333	0.0	0.0	0.0	0.0	0.0	0.0	0.0	0.0	0.0	0.0	0.0	0.0	0.0	0.0	0.0384615	0.0	0.0	0.0	0.0	0.0015	0.0	0.0	0.0	0.0	0.0	0.0	
Sterne naine	0.0	0.0	0.0	0.0	0.0	0.0	0.0	0.0	0.0	0.0	0.0	0.0	0.0	0.0	0.0	0.0	0.0	0.0	0.0	0.0	0.0	0.0	0.0015	0.0015	0.0	0.0	0.0015	0.0	0.0	0.0	0.0	0.0	0.0	0.0	0.0	0.0	0.0	0.0	0.0	0.0	0.0	0.0	0.0	0.0	0.0	0.0	0.0	0.0	
Sterne caspienne	0.0	0.0	0.0	0.0	0.0	0.0	0.0	0.0	0.0	0.0	0.0	0.0	0.0015	0.0015	0.0	0.0015	0.0015	0.0	0.0	0.0	0.0	0.0	0.0	0.0	0.0	0.0	0.0	0.0	0.0	0.0	0.0	0.0	0.0	0.0	0.0	0.0	0.0	0.0	0.0	0.0	0.0	0.0	0.0	0.0	0.0	0.0	0.0	0.0	
Guifette moustac	0.0	0.0	0.0	0.0	0.0	0.0	0.0	0.0	0.0	0.0	0.0	0.0	0.0595238	0.096	0.184466	0.212963	0.384058	0.3459459	0.3020134	0.3870968	0.3636364	0.3666667	0.2758621	0.308642	0.359375	0.4512195	0.4333333	0.311828	0.35	0.3289474	0.2439024	0.2142857	0.1041667	0.1020408	0.0	0.0	0.0015	0.0	0.125	0.0	0.0	0.0	0.0	0.0	0.0	0.0	0.0	0.0	
Guifette noire	0.0	0.0	0.0	0.0	0.0	0.0	0.0	0.0	0.0	0.0	0.0	0.0	0.0	0.008	0.0097087	0.0185185	0.0362319	0.027027	0.0201342	0.0184332	0.0	0.0083333	0.0015	0.0015	0.015625	0.0	0.0166667	0.0015	0.0125	0.0131579	0.0243902	0.0142857	0.0208333	0.0	0.0015	0.0	0.0	0.0	0.0	0.0	0.0	0.0	0.0	0.0	0.0	0.0	0.0	0.0	
Guifette leucoptère	0.0	0.0	0.0	0.0	0.0	0.0	0.0	0.0	0.0	0.0	0.0	0.0	0.0	0.0	0.0	0.0	0.0144928	0.0108108	0.0	0.0046083	0.0015	0.0	0.0015	0.0	0.0	0.0	0.0	0.0	0.0	0.0	0.0	0.0	0.0	0.0	0.0	0.0	0.0	0.0	0.0	0.0	0.0	0.0	0.0	0.0	0.0	0.0	0.0	0.0	
Sterne arctique	0.0	0.0	0.0	0.0	0.0	0.0	0.0	0.0	0.0	0.0	0.0	0.0	0.0	0.0	0.0	0.0	0.0	0.0	0.0	0.0	0.0	0.0	0.0	0.0	0.0	0.0	0.0	0.0	0.0	0.0	0.0	0.0	0.0	0.0	0.0	0.0	0.0	0.0	0.0015	0.0	0.0	0.0	0.0	0.0	0.0	0.0	0.0	0.0	
Sterne pierregarin	0.0	0.0	0.0	0.0	0.0	0.0	0.0	0.0	0.0	0.0	0.0015	0.0	0.0595238	0.048	0.0970874	0.1574074	0.1086957	0.0702703	0.0872483	0.1059908	0.0909091	0.0833333	0.0517241	0.0493827	0.015625	0.1585366	0.0166667	0.0752688	0.025	0.0394737	0.0731707	0.0285714	0.0015	0.0	0.0	0.0	0.0	0.0	0.0	0.0	0.0	0.0	0.0	0.0	0.0	0.0	0.0	0.0	
Sterne caugek	0.0	0.0	0.0	0.0	0.0	0.0	0.0	0.0	0.0	0.0	0.0	0.0	0.0	0.0	0.0	0.0	0.0	0.0	0.0	0.0	0.0	0.0	0.0	0.0015	0.0	0.0015	0.0	0.0015	0.0	0.0	0.0	0.0	0.0	0.0	0.0	0.0	0.0	0.0	0.0	0.0	0.0	0.0	0.0	0.0	0.0	0.0	0.0	0.0	
sterne sp.	0.0	0.0	0.0	0.0	0.0	0.0	0.0	0.0	0.0	0.0	0.0	0.0	0.0	0.0	0.0	0.0	0.0	0.0	0.0	0.0046083	0.0	0.0	0.0172414	0.0123457	0.0	0.0	0.0	0.0	0.0	0.0	0.0	0.0	0.0	0.0	0.0	0.0	0.0384615	0.0	0.0	0.0	0.0	0.0	0.0	0.0	0.0	0.0	0.0	0.0	
Flamant rose	0.0	0.0	0.0	0.0	0.0	0.0	0.0	0.0	0.0	0.0	0.0	0.0	0.0	0.0	0.0	0.0	0.0	0.0	0.0	0.0	0.0015	0.0	0.0	0.0	0.0	0.0	0.0	0.0	0.0	0.0	0.0	0.0	0.0	0.0	0.0	0.0	0.0015	0.0	0.0	0.0015	0.0	0.0	0.0	0.0	0.0	0.0	0.0	0.0	
Grèbe castagneux	0.16	0.0526316	0.0833333	0.1818182	0.0416667	0.1142857	0.2112676	0.1111111	0.6	0.1666667	0.1111111	0.21875	0.1904762	0.2	0.1747573	0.1388889	0.2246377	0.1405405	0.1812081	0.1198157	0.2207792	0.2166667	0.2413793	0.1481481	0.125	0.2926829	0.1666667	0.2688172	0.2125	0.1973684	0.3170732	0.2714286	0.2708333	0.3877551	0.1794872	0.2826087	0.3076923	0.25	0.375	0.1764706	0.2156863	0.2	0.25	0.2	0.0	0.12	0.0	0.0961538	
Grèbe esclavon	0.0	0.0	0.0	0.0	0.0015	0.0	0.0	0.0	0.0	0.0	0.0	0.0	0.0	0.0	0.0	0.0015	0.0	0.0054054	0.0134228	0.0	0.0	0.0	0.0015	0.0	0.0	0.0	0.0	0.0	0.0	0.0	0.0	0.0	0.0	0.0	0.0	0.0	0.0	0.0	0.0	0.0	0.0	0.0	0.0	0.0015	0.0	0.0	0.0	0.0	
Grèbe jougris	0.0	0.0263158	0.0833333	0.0	0.0416667	0.0	0.0	0.037037	0.0	0.0555556	0.0	0.0	0.0	0.0	0.0	0.0	0.0	0.0	0.0	0.0	0.0	0.0	0.0	0.0	0.0	0.0	0.0015	0.0	0.0	0.0	0.0	0.0	0.0	0.0	0.0	0.0	0.0	0.0	0.0	0.0	0.0	0.0	0.0	0.0	0.0	0.0	0.0	0.0	
Grèbe huppé	0.44	0.2631579	0.3333333	0.4090909	0.25	0.5428571	0.5070423	0.4444444	0.4	0.8888889	0.4444444	0.5	0.4642857	0.512	0.5048544	0.5648148	0.615942	0.4918919	0.4496644	0.5115207	0.5454545	0.5083333	0.4137931	0.4197531	0.5	0.5243902	0.4	0.4301075	0.4	0.5	0.3902439	0.5285714	0.4583333	0.5306122	0.5128205	0.4347826	0.3076923	0.75	0.5	0.4705882	0.2941176	0.6	0.375	0.35	0.28	0.32	0.25	0.2692308	
Grèbe à cou noir	0.0	0.0	0.0833333	0.0	0.0	0.0	0.0704225	0.1111111	0.4	0.3333333	0.1481481	0.15625	0.1666667	0.192	0.1359223	0.0925926	0.1304348	0.1351351	0.0939597	0.1105991	0.0909091	0.1	0.0517241	0.0740741	0.109375	0.1219512	0.05	0.0860215	0.05	0.0789474	0.0243902	0.0571429	0.0833333	0.0408163	0.0	0.0652174	0.0769231	0.0	0.25	0.0588235	0.0196078	0.0	0.0	0.05	0.04	0.08	0.0	0.0192308	
Plongeon imbrin	0.0	0.0	0.0	0.0	0.0416667	0.0	0.0	0.0	0.0	0.0	0.0	0.0	0.0	0.0	0.0	0.0	0.0	0.0	0.0	0.0	0.0	0.0	0.0	0.0	0.0	0.0	0.0	0.0	0.0	0.0	0.0	0.0	0.0	0.0	0.0	0.0	0.0	0.0	0.0	0.0	0.0	0.0	0.0	0.0	0.0	0.0015	0.0	0.0	
Océanite culblanc	0.0	0.0	0.0	0.0	0.0	0.0	0.0	0.0	0.0	0.0	0.0	0.0	0.0	0.0	0.0	0.0	0.0	0.0	0.0	0.0	0.0	0.0	0.0	0.0	0.0	0.0	0.0	0.0	0.0	0.0	0.0	0.0	0.0	0.0	0.0	0.0	0.0	0.0	0.0	0.0	0.0015	0.0	0.0	0.0	0.0	0.0	0.0	0.0	
Cigogne noire	0.0	0.0	0.0	0.0	0.0	0.0	0.0	0.0	0.0	0.0	0.0015	0.0625	0.0	0.008	0.038835	0.0277778	0.0507246	0.0162162	0.0015	0.0184332	0.025974	0.0333333	0.0172414	0.0246914	0.015625	0.0487805	0.0333333	0.0107527	0.0125	0.0263158	0.097561	0.0857143	0.1041667	0.122449	0.0512821	0.0652174	0.0	0.0	0.125	0.0	0.0	0.0	0.0	0.0	0.0	0.0	0.0	0.0	
Cigogne blanche	0.0	0.0015	0.0	0.0	0.0	0.0015	0.056338	0.0015	0.0015	0.0	0.0015	0.0	0.0	0.0	0.0097087	0.0092593	0.0072464	0.0162162	0.0067114	0.0092166	0.012987	0.0083333	0.0	0.0	0.0	0.0	0.0	0.0	0.0125	0.0	0.0487805	0.0142857	0.0208333	0.0408163	0.0	0.0217391	0.0	0.0	0.0	0.0	0.0	0.0	0.0	0.0	0.0	0.0	0.0	0.0	
Grand Cormoran	0.52	0.3947368	0.3333333	0.3181818	0.4166667	0.5142857	0.3098592	0.4074074	0.6	0.6111111	0.4444444	0.28125	0.2857143	0.208	0.2427184	0.2314815	0.2753623	0.2162162	0.1946309	0.1797235	0.2857143	0.2416667	0.0862069	0.1604938	0.203125	0.304878	0.2333333	0.2903226	0.25	0.2894737	0.2682927	0.3857143	0.375	0.4693878	0.3846154	0.5	0.5	0.375	0.375	0.4901961	0.4705882	0.65	0.3125	0.45	0.56	0.48	0.5	0.5192308	
Ibis falcinelle	0.0	0.0	0.0	0.0	0.0	0.0	0.0	0.0	0.0	0.0	0.0	0.0	0.0	0.0	0.0097087	0.0	0.0015	0.0	0.0	0.0	0.0	0.0	0.0	0.0	0.0	0.0	0.0166667	0.0215054	0.0	0.0	0.0	0.0	0.0015	0.0	0.025641	0.0	0.0	0.0	0.0015	0.0196078	0.0	0.1	0.0	0.0	0.0	0.0	0.0	0.0192308	
Ibis sacré	0.0	0.0	0.0	0.0	0.0	0.0	0.0	0.0	0.0	0.0	0.0	0.0	0.0	0.0	0.0	0.0	0.0	0.0	0.0	0.0	0.0	0.0	0.0	0.0	0.0	0.0	0.0	0.0	0.0	0.0	0.0	0.0	0.0	0.0204082	0.0	0.0	0.0	0.0	0.0	0.0	0.0	0.0	0.0	0.0	0.0	0.0	0.0	0.0	
Spatule blanche	0.04	0.0789474	0.1666667	0.0454545	0.0833333	0.0285714	0.0704225	0.037037	0.0	0.1111111	0.037037	0.03125	0.0238095	0.04	0.0097087	0.0555556	0.0362319	0.0324324	0.0402685	0.0414747	0.025974	0.05	0.0015	0.0493827	0.0015	0.0609756	0.0833333	0.0215054	0.0125	0.0263158	0.1219512	0.0714286	0.0	0.0612245	0.0769231	0.0217391	0.0	0.0625	0.125	0.0196078	0.0392157	0.0	0.0	0.05	0.0	0.04	0.0	0.1153846	
Butor étoilé	0.0	0.0	0.0	0.0	0.0	0.0015	0.028169	0.0015	0.0	0.0	0.0	0.09375	0.0595238	0.04	0.0485437	0.0185185	0.0217391	0.0216216	0.0201342	0.0092166	0.012987	0.0015	0.0	0.0	0.0015	0.0	0.0	0.0015	0.0	0.0131579	0.0	0.0	0.0208333	0.0	0.0	0.0	0.0	0.0	0.0	0.0015	0.0	0.0	0.0015	0.0	0.0015	0.0	0.0	0.0	
Blongios nain	0.0	0.0	0.0	0.0	0.0	0.0	0.0	0.0	0.0	0.0	0.0	0.0	0.0	0.0	0.0	0.0	0.0217391	0.0108108	0.0015	0.0276498	0.025974	0.0166667	0.0862069	0.0123457	0.0625	0.0015	0.0166667	0.0107527	0.0375	0.0789474	0.0015	0.0	0.0015	0.0	0.0	0.0	0.0	0.0	0.0	0.0	0.0	0.0	0.0	0.0	0.0	0.0	0.0	0.0	
Bihoreau gris	0.16	0.0015	0.0833333	0.0	0.0015	0.0	0.028169	0.037037	0.0	0.0555556	0.0	0.0	0.047619	0.064	0.0873786	0.0925926	0.1956522	0.1081081	0.1409396	0.1981567	0.2597403	0.2333333	0.1551724	0.2222222	0.171875	0.2439024	0.1333333	0.2043011	0.1125	0.1315789	0.1463415	0.0571429	0.0833333	0.0204082	0.0512821	0.0434783	0.0769231	0.0625	0.25	0.0588235	0.0588235	0.15	0.0	0.0	0.08	0.04	0.1666667	0.0384615	
Aigrette garzette	0.12	0.1315789	0.0833333	0.0909091	0.1666667	0.0571429	0.1408451	0.1481481	0.0015	0.5555556	0.1851852	0.1875	0.1666667	0.144	0.0873786	0.1481481	0.1884058	0.1459459	0.1879195	0.2534562	0.2857143	0.2833333	0.1896552	0.2716049	0.328125	0.3658537	0.2833333	0.3763441	0.3375	0.2105263	0.3658537	0.3714286	0.4791667	0.4081633	0.4358974	0.2826087	0.3846154	0.4375	0.375	0.2156863	0.2745098	0.35	0.25	0.1	0.08	0.08	0.0833333	0.1923077	
Aigrette des récifs	0.0	0.0	0.0	0.0	0.0	0.0	0.0	0.0	0.0	0.0	0.0	0.0	0.0	0.0	0.0	0.0092593	0.0	0.0	0.0	0.0	0.0	0.0	0.0	0.0	0.0	0.0	0.0	0.0	0.0	0.0	0.0	0.0	0.0	0.0	0.0	0.0	0.0	0.0	0.0	0.0	0.0	0.0	0.0	0.0	0.0	0.0	0.0	0.0	
Crabier chevelu	0.0	0.0	0.0	0.0	0.0	0.0	0.0	0.0	0.0	0.0	0.0	0.0	0.0119048	0.0	0.0097087	0.0185185	0.0217391	0.0108108	0.0134228	0.0046083	0.0	0.0083333	0.0172414	0.0123457	0.0	0.0243902	0.0166667	0.0215054	0.0125	0.0	0.0015	0.0	0.0	0.0	0.0	0.0217391	0.0	0.0	0.0	0.0	0.0	0.0	0.0	0.0	0.0	0.0	0.0	0.0	
Héron garde-boeufs	0.08	0.0263158	0.0833333	0.0	0.0	0.0	0.0985915	0.0	0.0	0.0555556	0.1111111	0.0015	0.0833333	0.12	0.223301	0.2407407	0.3333333	0.2324324	0.2751678	0.3364055	0.3636364	0.3416667	0.3275862	0.2345679	0.265625	0.304878	0.4666667	0.311828	0.2375	0.25	0.2439024	0.2	0.2916667	0.2040816	0.2820513	0.2608696	0.0384615	0.1875	0.25	0.1568627	0.0392157	0.05	0.1875	0.0	0.12	0.04	0.0833333	0.0	
Grande Aigrette	0.68	0.4210526	0.5	0.2272727	0.4583333	0.5428571	0.4788732	0.4444444	0.4	0.7222222	0.2592593	0.28125	0.2261905	0.208	0.2621359	0.25	0.1956522	0.172973	0.1812081	0.1658986	0.3116883	0.1333333	0.2241379	0.308642	0.28125	0.3658537	0.2166667	0.4301075	0.375	0.3157895	0.3414634	0.5142857	0.5416667	0.6734694	0.5897436	0.6956522	0.5769231	0.6875	0.5	0.5098039	0.6078431	0.75	0.5625	0.5	0.48	0.52	0.6666667	0.4423077	
Héron cendré	0.68	0.4473684	0.5833333	0.2272727	0.3333333	0.6	0.4788732	0.3703704	0.4	0.6111111	0.3703704	0.53125	0.3333333	0.376	0.4563107	0.5277778	0.5217391	0.4918919	0.4697987	0.4516129	0.5974026	0.5166667	0.362069	0.3950617	0.5	0.4878049	0.45	0.516129	0.5	0.4605263	0.6097561	0.7	0.7083333	0.8163265	0.6923077	0.7173913	0.6153846	0.75	0.625	0.4705882	0.5098039	0.75	0.4375	0.45	0.56	0.56	0.5	0.5192308	
Héron pourpré	0.0	0.0	0.0	0.0	0.0	0.0	0.0	0.0	0.0	0.0	0.0	0.03125	0.0357143	0.192	0.2815534	0.3333333	0.4130435	0.2810811	0.3892617	0.3870968	0.4025974	0.425	0.2931034	0.3333333	0.28125	0.4146341	0.35	0.3978495	0.325	0.1973684	0.4146341	0.2571429	0.2916667	0.2244898	0.0769231	0.0217391	0.0384615	0.0625	0.0	0.0	0.0	0.0015	0.0	0.0	0.0	0.0	0.0	0.0	
Pélican blanc	0.0	0.0	0.0	0.0	0.0	0.0	0.0	0.0	0.0	0.0	0.0	0.0	0.0	0.0	0.0015	0.0	0.0	0.0	0.0	0.0	0.0	0.0	0.0	0.0	0.0	0.0	0.0	0.0	0.0	0.0	0.0	0.0	0.0	0.0	0.0	0.0	0.0	0.0	0.0	0.0	0.0	0.0	0.0	0.0	0.0	0.0	0.0	0.0	
Balbuzard pêcheur	0.0	0.0	0.0	0.0	0.0	0.0015	0.0	0.0	0.0015	0.1111111	0.0015	0.125	0.1547619	0.12	0.0970874	0.037037	0.0217391	0.0162162	0.0067114	0.0460829	0.025974	0.0083333	0.0015	0.0123457	0.015625	0.0121951	0.0166667	0.0107527	0.0125	0.0	0.0487805	0.0428571	0.1458333	0.1632653	0.1282051	0.0434783	0.0769231	0.0	0.125	0.0	0.0	0.0	0.0	0.0	0.0	0.0	0.0	0.0192308	
Élanion blanc	0.0	0.0263158	0.0015	0.0015	0.0	0.0015	0.0	0.0	0.2	0.0	0.0015	0.0	0.0	0.008	0.0291262	0.0092593	0.0	0.0	0.0	0.0046083	0.012987	0.0015	0.0172414	0.0015	0.0015	0.0	0.0166667	0.0015	0.0	0.0015	0.0243902	0.0142857	0.0	0.0	0.0	0.0	0.0384615	0.0015	0.0015	0.0015	0.0	0.0	0.0625	0.0015	0.0015	0.04	0.0015	0.0384615	
Bondrée apivore	0.0	0.0	0.0	0.0	0.0	0.0	0.0	0.0	0.0	0.0	0.0	0.0	0.0	0.0	0.0097087	0.0	0.057971	0.0108108	0.0268456	0.0322581	0.012987	0.0083333	0.0172414	0.0246914	0.03125	0.097561	0.0833333	0.0645161	0.025	0.0394737	0.0015	0.0142857	0.0208333	0.0015	0.0	0.0015	0.0	0.0	0.0	0.0	0.0	0.0	0.0	0.0	0.0	0.0	0.0	0.0	
Vautour fauve	0.0	0.0	0.0	0.0	0.0	0.0	0.0	0.0	0.0	0.0	0.0	0.0	0.0	0.0	0.0	0.0015	0.0	0.0	0.0	0.0	0.0	0.0	0.0	0.0	0.0	0.0	0.0	0.0	0.0	0.0	0.0	0.0	0.0	0.0	0.0	0.0	0.0	0.0	0.0	0.0	0.0	0.0	0.0	0.0	0.0	0.0	0.0	0.0	
Circaète Jean-le-Blanc	0.0	0.0	0.0	0.0	0.0	0.0	0.0	0.0	0.0	0.0	0.1111111	0.0015	0.047619	0.0015	0.0291262	0.037037	0.0434783	0.027027	0.033557	0.0322581	0.038961	0.075	0.0015	0.0246914	0.046875	0.0609756	0.0166667	0.0015	0.0125	0.0015	0.0243902	0.0142857	0.0416667	0.0612245	0.0769231	0.0015	0.0015	0.0	0.0	0.0	0.0	0.0	0.0	0.0	0.0	0.0	0.0	0.0	
Aigle criard	0.0	0.0	0.0	0.0	0.0	0.0	0.0	0.037037	0.0	0.0	0.0	0.0	0.0	0.0	0.0	0.0	0.0	0.0	0.0	0.0	0.0	0.0	0.0	0.0	0.0	0.0	0.0	0.0	0.0	0.0	0.0	0.0	0.0	0.0	0.0	0.0	0.0	0.0	0.0	0.0	0.0	0.0	0.0	0.0	0.0	0.0	0.0	0.0	
Aigle botté	0.0	0.0	0.0	0.0	0.0	0.0	0.028169	0.0015	0.0	0.0	0.0	0.03125	0.0119048	0.0	0.0097087	0.0	0.0	0.0	0.0	0.0046083	0.0	0.0083333	0.0015	0.0015	0.0	0.0	0.0015	0.0015	0.0	0.0131579	0.0015	0.0	0.0015	0.0	0.0	0.0	0.0	0.0	0.0	0.0	0.0	0.0	0.0	0.0	0.0	0.0	0.0	0.0	
Épervier d'Europe	0.0	0.0526316	0.0	0.0454545	0.0	0.0285714	0.056338	0.0015	0.0015	0.0555556	0.037037	0.03125	0.0833333	0.008	0.0582524	0.0462963	0.0072464	0.0108108	0.0201342	0.0046083	0.0	0.0083333	0.0015	0.0246914	0.0015	0.0487805	0.0015	0.0322581	0.0375	0.0	0.0731707	0.0714286	0.0416667	0.0204082	0.025641	0.0217391	0.0	0.0015	0.125	0.0196078	0.0588235	0.0015	0.0	0.0	0.0015	0.12	0.0833333	0.0192308	
Autour des palombes	0.04	0.0526316	0.0	0.0	0.0	0.0	0.0140845	0.0015	0.0	0.0555556	0.0015	0.0625	0.0	0.0	0.0	0.0092593	0.0	0.0015	0.0	0.0	0.012987	0.0	0.0	0.0015	0.015625	0.0	0.0	0.0015	0.0015	0.0015	0.0	0.0015	0.0	0.0	0.025641	0.0	0.0	0.0625	0.0	0.0015	0.0	0.0	0.0	0.0	0.0	0.04	0.0	0.0	
Épervier d'Europe ou Autour des palombes	0.0	0.0	0.0	0.0	0.0	0.0	0.0	0.0	0.0	0.0	0.0	0.0	0.0	0.0	0.0	0.0	0.0	0.0	0.0	0.0	0.0	0.0	0.0	0.0	0.0	0.0121951	0.0	0.0	0.0	0.0	0.0	0.0	0.0	0.0	0.0	0.0	0.0	0.0	0.0	0.0	0.0	0.0	0.0	0.0	0.0	0.0	0.0	0.0	
Busard des roseaux	0.24	0.1315789	0.0833333	0.2272727	0.0416667	0.2	0.2535211	0.1481481	0.2	0.5555556	0.1851852	0.375	0.1785714	0.192	0.223301	0.2407407	0.2318841	0.1243243	0.1543624	0.2211982	0.1948052	0.1333333	0.1034483	0.1111111	0.15625	0.1707317	0.1	0.1182796	0.15	0.0015	0.097561	0.1142857	0.1458333	0.1632653	0.1282051	0.173913	0.2307692	0.125	0.25	0.2156863	0.2352941	0.1	0.125	0.15	0.28	0.24	0.1666667	0.2692308	
Busard Saint-Martin	0.0	0.0526316	0.0015	0.0	0.0833333	0.0015	0.0015	0.0	0.0	0.0	0.0015	0.0015	0.0119048	0.048	0.0582524	0.0185185	0.0144928	0.0108108	0.0067114	0.0138249	0.025974	0.0083333	0.0	0.0015	0.0015	0.0121951	0.0	0.0215054	0.0125	0.0	0.0	0.0142857	0.0208333	0.0408163	0.0	0.0015	0.0384615	0.0015	0.125	0.0196078	0.0588235	0.0	0.0625	0.05	0.0	0.04	0.0	0.0384615	
Busard pâle	0.0	0.0	0.0	0.0	0.0	0.0	0.0	0.0	0.0	0.0	0.0	0.0015	0.0	0.0	0.0	0.0	0.0	0.0	0.0	0.0	0.0	0.0	0.0	0.0	0.0	0.0	0.0	0.0	0.0	0.0	0.0	0.0	0.0	0.0015	0.0	0.0015	0.0	0.0	0.0	0.0015	0.0	0.0	0.0	0.0	0.0	0.0	0.0	0.0	
Busard cendré	0.0	0.0	0.0	0.0	0.0	0.0	0.0	0.0	0.0	0.0	0.0	0.0	0.0119048	0.016	0.0015	0.037037	0.0015	0.0015	0.0067114	0.0092166	0.025974	0.0333333	0.0	0.0015	0.015625	0.0	0.0	0.0	0.0015	0.0131579	0.0243902	0.0	0.0	0.0	0.0	0.0015	0.0	0.0	0.0015	0.0	0.0	0.0	0.0	0.0	0.0	0.0	0.0	0.0	
busard sp.	0.0	0.0	0.0	0.0	0.0	0.0285714	0.0	0.0	0.0	0.0	0.0	0.0	0.0	0.008	0.0	0.0	0.0	0.0	0.0	0.0	0.0	0.0	0.0	0.0	0.0	0.0	0.0	0.0015	0.0125	0.0	0.0243902	0.0	0.0	0.0	0.0	0.0	0.0	0.0	0.0	0.0	0.0	0.0	0.0	0.0	0.0	0.04	0.0	0.0	
Milan royal	0.0	0.0	0.0	0.0	0.0	0.0	0.0	0.0	0.0	0.0	0.0015	0.03125	0.0119048	0.016	0.0	0.0015	0.0072464	0.0108108	0.0134228	0.0046083	0.038961	0.0	0.0	0.0123457	0.0	0.0121951	0.05	0.0107527	0.0125	0.0	0.0	0.0142857	0.0	0.0	0.0	0.0	0.0015	0.0015	0.25	0.0015	0.0	0.0	0.125	0.05	0.0015	0.04	0.0	0.0015	
Milan noir	0.0	0.0	0.0	0.0	0.0	0.0	0.0	0.0	0.0	0.7222222	0.3333333	0.59375	0.3690476	0.376	0.4951456	0.4722222	0.4710145	0.4648649	0.4026846	0.3686636	0.4935065	0.4333333	0.3448276	0.345679	0.390625	0.4634146	0.4166667	0.4408602	0.2	0.0526316	0.0731707	0.0	0.0208333	0.0	0.0	0.0	0.0384615	0.0	0.0	0.0	0.0	0.0	0.0	0.0	0.0	0.0	0.0	0.0	
Milan royal ou M. noir	0.0	0.0	0.0	0.0	0.0	0.0	0.0	0.037037	0.0	0.0	0.0	0.0	0.0	0.008	0.0	0.0	0.0072464	0.0	0.0	0.0	0.0	0.0	0.0	0.0015	0.0	0.0	0.0	0.0	0.0	0.0	0.0	0.0	0.0	0.0	0.0	0.0	0.0	0.0	0.0	0.0	0.0	0.0	0.0	0.0	0.0	0.0	0.0	0.0	
Pygargue à queue blanche	0.0015	0.0	0.0015	0.0015	0.0	0.0	0.0140845	0.037037	0.0015	0.1666667	0.0	0.0625	0.0015	0.008	0.0	0.0092593	0.0144928	0.0054054	0.0015	0.0015	0.0	0.0015	0.0	0.0	0.0	0.0121951	0.0166667	0.0	0.0	0.0	0.0	0.0	0.0	0.0204082	0.0	0.0	0.0	0.0	0.125	0.0392157	0.0588235	0.0	0.0	0.05	0.0015	0.04	0.0015	0.0015	
Buse variable	0.24	0.3157895	0.4166667	0.1363636	0.1666667	0.1428571	0.2676056	0.2962963	0.4	0.5555556	0.3703704	0.21875	0.2857143	0.264	0.1747573	0.3240741	0.2028986	0.2216216	0.1610738	0.2258065	0.3376623	0.175	0.2241379	0.2716049	0.234375	0.1707317	0.25	0.311828	0.2125	0.1710526	0.1463415	0.2571429	0.2708333	0.3673469	0.2820513	0.3478261	0.3076923	0.375	0.125	0.2352941	0.1960784	0.35	0.375	0.45	0.28	0.36	0.1666667	0.2307692	
Buteo sp.	0.0	0.0	0.0	0.0	0.0	0.0	0.0	0.0	0.0	0.0	0.0	0.0	0.0	0.0	0.0	0.0	0.0	0.0	0.0	0.0	0.0	0.0	0.0	0.0123457	0.0	0.0	0.0	0.0	0.0	0.0	0.0	0.0	0.0	0.0	0.0	0.0	0.0	0.0	0.0	0.0	0.0	0.0	0.0	0.0	0.0	0.0	0.0	0.0	
rapace sp.	0.0	0.0	0.0	0.0	0.0	0.0	0.0	0.0	0.0	0.0	0.0	0.0	0.0	0.0	0.0	0.0	0.0	0.0	0.0	0.0	0.0	0.0	0.0	0.0	0.0	0.0	0.0	0.0	0.0	0.0	0.0243902	0.0142857	0.0	0.0015	0.0	0.0	0.0	0.0	0.0	0.0	0.0	0.0	0.0	0.0	0.0	0.0	0.0	0.0	
Effraie des clochers	0.0	0.0	0.0015	0.0	0.0	0.0	0.0	0.0	0.0015	0.0	0.0740741	0.0	0.0238095	0.0	0.0097087	0.0015	0.0015	0.0	0.0015	0.0015	0.0015	0.0166667	0.0172414	0.0	0.0	0.0	0.0015	0.0107527	0.0125	0.0131579	0.0243902	0.0	0.0015	0.0204082	0.025641	0.0	0.0	0.0	0.0	0.0015	0.0	0.0	0.0625	0.0	0.0015	0.0015	0.0015	0.0015	
Petit-duc scops	0.0	0.0	0.0	0.0	0.0	0.0	0.0	0.0	0.0	0.0	0.0	0.0	0.0	0.0	0.0	0.0	0.0	0.0	0.0015	0.0	0.0	0.0	0.0	0.0	0.0	0.0	0.0015	0.0107527	0.0	0.0	0.0	0.0	0.0	0.0	0.0	0.0	0.0	0.0	0.0	0.0	0.0	0.0	0.0	0.0	0.0	0.0	0.0	0.0	
Grand-duc d'Europe	0.0	0.0	0.0	0.0	0.0	0.0	0.0	0.0	0.0	0.0	0.0	0.0	0.0	0.0	0.0	0.0	0.0	0.0	0.0015	0.0046083	0.0	0.0	0.0172414	0.0	0.0	0.0	0.0015	0.0	0.0	0.0	0.0	0.0	0.0	0.0	0.0	0.0	0.0	0.0	0.0	0.0	0.0	0.0	0.0	0.0	0.0	0.0	0.0	0.0	
Chevêche d'Athéna	0.0	0.0	0.0015	0.0	0.0	0.0015	0.0	0.0	0.0	0.0	0.037037	0.0015	0.0238095	0.0	0.0291262	0.0185185	0.0	0.0015	0.0	0.0015	0.0015	0.0	0.0172414	0.0015	0.015625	0.0	0.0	0.0107527	0.0	0.0	0.0	0.0015	0.0	0.0	0.0	0.0	0.0	0.0	0.0	0.0	0.0	0.0	0.0	0.0	0.0	0.0	0.0	0.0	
Chouette hulotte	0.0	0.0263158	0.0015	0.0	0.0	0.0285714	0.0	0.0	0.0	0.0	0.037037	0.0	0.0119048	0.016	0.0194175	0.0185185	0.0015	0.0216216	0.0134228	0.0138249	0.0015	0.0083333	0.0172414	0.0123457	0.0	0.0121951	0.0015	0.0107527	0.0125	0.0394737	0.097561	0.0285714	0.0	0.0204082	0.0512821	0.0217391	0.0015	0.0	0.25	0.0196078	0.0015	0.0015	0.0625	0.0	0.0	0.04	0.0	0.0	
Hibou moyen-duc	0.0015	0.0	0.0	0.0	0.0	0.0	0.0	0.0	0.0	0.0	0.0	0.0	0.0	0.0	0.0	0.0	0.0	0.0	0.0015	0.0	0.0	0.0	0.0172414	0.0	0.0	0.0121951	0.0166667	0.0	0.0015	0.0	0.0	0.0	0.0	0.0	0.0	0.0	0.0	0.0	0.0	0.0	0.0	0.0	0.0	0.0	0.0015	0.0	0.0	0.0	
Hibou des marais	0.0	0.0	0.0	0.0	0.0	0.0	0.0	0.0	0.0	0.0	0.0	0.0	0.0	0.0	0.0	0.0	0.0	0.0015	0.0	0.0	0.0	0.0	0.0	0.0	0.0	0.0	0.0	0.0	0.0	0.0	0.0	0.0	0.0	0.0	0.0	0.0	0.0	0.0	0.0	0.0	0.0	0.0	0.0	0.0	0.0	0.0	0.0	0.0	
Huppe fasciée	0.0	0.0	0.0	0.0	0.0	0.0	0.0	0.0	0.0	0.0	0.0	0.09375	0.0714286	0.056	0.0679612	0.1481481	0.0797101	0.0594595	0.1543624	0.1843318	0.2337662	0.0916667	0.0689655	0.0617284	0.046875	0.1463415	0.05	0.0752688	0.0125	0.0263158	0.0	0.0	0.0	0.0	0.0	0.0	0.0	0.0	0.0	0.0	0.0	0.0	0.0	0.0	0.0	0.0	0.0	0.0	
Guêpier d'Europe	0.0	0.0	0.0	0.0	0.0	0.0	0.0	0.0	0.0	0.0	0.0	0.0	0.0	0.0	0.0	0.0092593	0.0015	0.027027	0.0536913	0.0414747	0.012987	0.0015	0.0172414	0.0246914	0.03125	0.0243902	0.0	0.0430108	0.05	0.0263158	0.0243902	0.0428571	0.0625	0.0015	0.0	0.0	0.0	0.0	0.0	0.0	0.0	0.0	0.0	0.0	0.0	0.0	0.0	0.0	
Martin-pêcheur d'Europe	0.04	0.0526316	0.0015	0.0909091	0.0416667	0.0571429	0.1267606	0.0	0.2	0.0	0.0740741	0.03125	0.0238095	0.008	0.0873786	0.0555556	0.0434783	0.0540541	0.0671141	0.0460829	0.1168831	0.0666667	0.0517241	0.1358025	0.171875	0.2439024	0.1166667	0.2258065	0.175	0.2894737	0.2439024	0.4428571	0.2916667	0.4081633	0.2307692	0.3478261	0.5	0.3125	0.375	0.1568627	0.0980392	0.2	0.1875	0.2	0.12	0.08	0.1666667	0.1730769	
Torcol fourmilier	0.0	0.0	0.0	0.0	0.0	0.0	0.0	0.0	0.0	0.0	0.0	0.0	0.0	0.0015	0.0015	0.0	0.0	0.0015	0.0	0.0	0.0	0.0	0.0	0.0123457	0.0	0.0243902	0.0	0.0	0.0	0.0	0.0	0.0142857	0.0208333	0.0	0.0	0.0	0.0	0.0	0.0	0.0	0.0	0.0	0.0	0.0	0.0	0.0	0.0	0.0	
Pic mar	0.04	0.0	0.0833333	0.0	0.0416667	0.0857143	0.0	0.0	0.0	0.0	0.1111111	0.0	0.0	0.0015	0.0	0.0092593	0.0072464	0.0054054	0.0134228	0.0230415	0.025974	0.025	0.0517241	0.0493827	0.03125	0.0731707	0.0015	0.0537634	0.025	0.0	0.0487805	0.0714286	0.0625	0.0816327	0.025641	0.0217391	0.0384615	0.0	0.25	0.0	0.0	0.0	0.1875	0.0	0.0	0.04	0.0	0.0	
Pic épeiche	0.12	0.1578947	0.3333333	0.1363636	0.0833333	0.1428571	0.1267606	0.1111111	0.2	0.1111111	0.1481481	0.09375	0.1428571	0.104	0.1941748	0.0925926	0.173913	0.1297297	0.1208054	0.1751152	0.2077922	0.175	0.1551724	0.2345679	0.09375	0.2560976	0.1833333	0.2043011	0.2125	0.1710526	0.195122	0.2571429	0.1875	0.2653061	0.2820513	0.2608696	0.3076923	0.5	0.125	0.1568627	0.1568627	0.25	0.375	0.2	0.2	0.28	0.0	0.1153846	
Pic épeichette	0.04	0.0	0.0015	0.0	0.0015	0.0285714	0.028169	0.037037	0.0015	0.0	0.0740741	0.0	0.1309524	0.032	0.0582524	0.0	0.0072464	0.0	0.0067114	0.0230415	0.0	0.0083333	0.0	0.0987654	0.03125	0.1463415	0.0333333	0.0215054	0.025	0.0394737	0.1219512	0.0714286	0.0208333	0.0816327	0.0769231	0.1086957	0.0769231	0.0625	0.0	0.0392157	0.0588235	0.15	0.0625	0.05	0.0	0.04	0.0	0.0384615	
Pic cendré	0.0	0.0	0.0	0.0	0.0	0.0	0.0	0.0	0.0	0.0	0.0	0.0	0.0	0.0	0.0	0.0	0.0	0.0	0.0	0.0	0.0	0.0015	0.0	0.0	0.0	0.0	0.0	0.0	0.0	0.0	0.0	0.0	0.0	0.0	0.0	0.0	0.0	0.0	0.0	0.0	0.0	0.0	0.0	0.0	0.0	0.0	0.0	0.0	
Pic vert	0.28	0.1842105	0.1666667	0.1818182	0.0416667	0.1142857	0.1549296	0.1851852	0.2	0.2777778	0.3333333	0.15625	0.1547619	0.16	0.1359223	0.1666667	0.1014493	0.1135135	0.0805369	0.1013825	0.1038961	0.0666667	0.1206897	0.1604938	0.15625	0.1829268	0.2666667	0.2580645	0.2	0.1315789	0.1219512	0.3	0.25	0.3673469	0.3589744	0.1304348	0.3076923	0.1875	0.125	0.1568627	0.0980392	0.25	0.4375	0.0015	0.08	0.28	0.1666667	0.2692308	
Pic noir	0.04	0.0263158	0.0833333	0.0454545	0.0015	0.0285714	0.028169	0.0	0.0	0.1111111	0.0740741	0.0625	0.0357143	0.008	0.0485437	0.0833333	0.0072464	0.0324324	0.0201342	0.0460829	0.038961	0.025	0.0	0.0015	0.0	0.0365854	0.0	0.0015	0.0125	0.0263158	0.0243902	0.0015	0.0015	0.1020408	0.025641	0.0	0.0	0.0	0.125	0.0392157	0.0196078	0.2	0.1875	0.05	0.0	0.04	0.0	0.0192308	
pic sp.	0.0	0.0	0.0	0.0	0.0	0.0	0.0	0.0	0.0	0.0	0.0	0.0	0.0	0.0	0.0	0.0	0.0	0.0	0.0	0.0	0.0	0.0	0.0	0.0	0.0	0.0	0.0	0.0	0.0	0.0	0.0	0.0285714	0.0	0.0	0.0	0.0	0.0	0.0	0.0	0.0	0.0	0.0	0.0	0.0	0.0	0.0	0.0	0.0	
Faucon crécerelle	0.08	0.0526316	0.25	0.0	0.0833333	0.0285714	0.0422535	0.037037	0.4	0.0555556	0.0740741	0.09375	0.0952381	0.128	0.0776699	0.1111111	0.0289855	0.0594595	0.0604027	0.0599078	0.1168831	0.0583333	0.0344828	0.0493827	0.0625	0.097561	0.0333333	0.1397849	0.0625	0.0394737	0.097561	0.0428571	0.125	0.122449	0.1794872	0.0217391	0.1538462	0.125	0.125	0.0784314	0.0784314	0.25	0.25	0.1	0.08	0.2	0.0833333	0.0576923	
Faucon kobez	0.0	0.0	0.0	0.0	0.0	0.0	0.0	0.0	0.0	0.0	0.0	0.0	0.0	0.0	0.0	0.0	0.0015	0.0015	0.0015	0.0	0.0	0.0	0.0	0.0	0.0	0.0	0.0	0.0	0.0	0.0	0.0	0.0	0.0	0.0	0.0	0.0015	0.0	0.0	0.0	0.0	0.0	0.0	0.0	0.0	0.0	0.0	0.0	0.0	
Faucon émerillon	0.0	0.0	0.0	0.0	0.0	0.0	0.0	0.0	0.2	0.0	0.0	0.0	0.0119048	0.0	0.0097087	0.0	0.0072464	0.0	0.0	0.0	0.0	0.0	0.0	0.0	0.0	0.0	0.0	0.0	0.0	0.0	0.0	0.0	0.0	0.0	0.0	0.0	0.0	0.0	0.0	0.0	0.0015	0.0	0.0	0.0	0.0	0.0	0.0	0.0	
Faucon hobereau	0.0	0.0	0.0	0.0	0.0	0.0	0.0	0.0	0.0	0.0	0.0	0.0	0.0	0.0015	0.0291262	0.0555556	0.0434783	0.027027	0.0201342	0.0276498	0.012987	0.0083333	0.0344828	0.0	0.03125	0.0365854	0.0333333	0.0107527	0.0375	0.0263158	0.0731707	0.0142857	0.0833333	0.0612245	0.025641	0.0015	0.0384615	0.0	0.0	0.0	0.0	0.0	0.0	0.0	0.0	0.0	0.0	0.0	
Faucon pèlerin	0.04	0.0263158	0.0	0.0015	0.0833333	0.0	0.0	0.0	0.0	0.0	0.0740741	0.0	0.0	0.008	0.0291262	0.0092593	0.0	0.0054054	0.0067114	0.0230415	0.0	0.0	0.0172414	0.0	0.0015	0.0	0.0	0.0107527	0.0	0.0	0.0243902	0.0	0.0015	0.0	0.0	0.0217391	0.0	0.0	0.125	0.0	0.0015	0.0015	0.0625	0.0	0.04	0.0	0.0	0.0384615	
Falco sp.	0.0	0.0	0.0	0.0	0.0	0.0	0.0	0.0	0.0	0.0	0.0	0.0	0.0	0.0	0.0	0.0	0.0	0.0	0.0	0.0	0.0	0.0	0.0	0.0	0.0	0.0	0.0	0.0	0.0	0.0	0.0	0.0	0.0208333	0.0	0.0	0.0	0.0	0.0	0.0	0.0	0.0196078	0.0	0.0	0.0	0.0	0.0	0.0	0.0	
Perruche à collier	0.0	0.0	0.0	0.0	0.0	0.0	0.0	0.0	0.0	0.0	0.0	0.0	0.0	0.0	0.0	0.0	0.0	0.0	0.0067114	0.0	0.0	0.0	0.0	0.0	0.0	0.0	0.0	0.0	0.0	0.0	0.0	0.0	0.0	0.0	0.0	0.0	0.0	0.0	0.0	0.0	0.0	0.0	0.0	0.0	0.0	0.0	0.0	0.0	
Loriot d'Europe	0.0	0.0	0.0	0.0	0.0	0.0	0.0	0.0	0.0	0.0	0.0	0.0	0.0	0.016	0.0485437	0.1851852	0.2898551	0.2648649	0.2550336	0.2534562	0.2597403	0.1916667	0.137931	0.3703704	0.125	0.2195122	0.2333333	0.2258065	0.2	0.0921053	0.0487805	0.0285714	0.0	0.0	0.0015	0.0015	0.0	0.0	0.0	0.0	0.0	0.0	0.0	0.0	0.0	0.0	0.0	0.0	
Pie-grièche écorcheur	0.0	0.0	0.0	0.0	0.0	0.0	0.0	0.0	0.0	0.0	0.0	0.0	0.0	0.0	0.0	0.037037	0.0144928	0.1135135	0.1073826	0.156682	0.2337662	0.15	0.1034483	0.0740741	0.140625	0.2682927	0.1666667	0.2043011	0.1125	0.0921053	0.0243902	0.0428571	0.0208333	0.0204082	0.0	0.0	0.0	0.0	0.0	0.0	0.0	0.0	0.0	0.0	0.0	0.0	0.0	0.0	
Pie-grièche grise	0.0	0.0	0.0	0.0	0.0	0.0	0.0	0.0	0.0	0.0	0.0	0.0	0.0	0.0	0.0	0.0	0.0	0.0	0.0	0.0	0.0	0.0	0.0	0.0	0.0	0.0	0.0	0.0	0.0	0.0	0.0	0.0	0.0	0.0	0.0	0.0	0.0	0.0	0.0	0.0	0.0196078	0.0	0.0	0.0	0.04	0.0015	0.0	0.0	
Pie-grièche à tête rousse	0.0	0.0	0.0	0.0	0.0	0.0	0.0	0.0	0.0	0.0	0.0	0.0	0.0	0.0	0.0	0.0092593	0.0072464	0.0	0.0015	0.0046083	0.0015	0.0	0.0	0.0	0.0	0.0121951	0.0015	0.0107527	0.0015	0.0015	0.0	0.0	0.0	0.0015	0.0	0.0	0.0	0.0	0.0	0.0	0.0	0.0	0.0	0.0	0.0	0.0	0.0	0.0	
Laniidés sp.	0.0	0.0	0.0	0.0	0.0	0.0	0.0	0.0	0.0	0.0	0.0	0.0	0.0	0.0	0.0	0.0	0.0	0.0	0.0	0.0046083	0.0	0.0	0.0	0.0	0.0	0.0	0.0	0.0	0.0	0.0	0.0	0.0	0.0	0.0	0.0	0.0	0.0	0.0	0.0	0.0	0.0	0.0	0.0	0.0	0.0	0.0	0.0	0.0	
Geai des chênes	0.32	0.1315789	0.3333333	0.1818182	0.0833333	0.2	0.056338	0.037037	0.0	0.1111111	0.2222222	0.125	0.1547619	0.128	0.1165049	0.212963	0.1014493	0.1297297	0.147651	0.1474654	0.2597403	0.1416667	0.1206897	0.2469136	0.15625	0.2195122	0.2666667	0.1827957	0.1125	0.1842105	0.1707317	0.2285714	0.375	0.3469388	0.2307692	0.3913043	0.3846154	0.4375	0.375	0.254902	0.2352941	0.4	0.375	0.45	0.28	0.32	0.0833333	0.2115385	
Pie bavarde	0.04	0.1315789	0.25	0.0909091	0.0	0.0857143	0.056338	0.0740741	0.4	0.2222222	0.037037	0.0015	0.1666667	0.104	0.0873786	0.1666667	0.115942	0.0648649	0.0872483	0.0829493	0.1818182	0.0833333	0.1206897	0.1234568	0.140625	0.1341463	0.1666667	0.1612903	0.0625	0.1184211	0.0731707	0.1142857	0.1666667	0.122449	0.1282051	0.1086957	0.2307692	0.25	0.125	0.1372549	0.0392157	0.2	0.125	0.05	0.08	0.28	0.0833333	0.1538462	
Choucas des tours	0.12	0.0263158	0.0833333	0.0909091	0.0416667	0.1142857	0.056338	0.1481481	0.2	0.0	0.1481481	0.09375	0.0357143	0.056	0.1067961	0.0555556	0.057971	0.0918919	0.0939597	0.1105991	0.0649351	0.0666667	0.0517241	0.0617284	0.015625	0.0365854	0.0166667	0.0430108	0.0125	0.0131579	0.0731707	0.0428571	0.0416667	0.0816327	0.1025641	0.0434783	0.0769231	0.125	0.125	0.0784314	0.0588235	0.1	0.1875	0.1	0.12	0.12	0.0833333	0.1153846	
Corbeau freux	0.0	0.0526316	0.0	0.0	0.0	0.0	0.0140845	0.0	0.2	0.0	0.0	0.0015	0.0238095	0.056	0.0097087	0.037037	0.0072464	0.027027	0.0268456	0.0322581	0.012987	0.0166667	0.0172414	0.0	0.0015	0.0	0.0166667	0.0107527	0.025	0.0	0.0243902	0.0142857	0.0208333	0.0015	0.025641	0.0	0.0015	0.0	0.125	0.0196078	0.0	0.0015	0.0625	0.05	0.0	0.12	0.0	0.0384615	
Corneille noire	0.4	0.4210526	0.4166667	0.2272727	0.2916667	0.1714286	0.2253521	0.3703704	0.2	0.6111111	0.3333333	0.3125	0.3809524	0.264	0.2815534	0.5833333	0.4057971	0.4	0.3355705	0.3686636	0.4155844	0.3583333	0.2413793	0.3950617	0.109375	0.4146341	0.3333333	0.4623656	0.325	0.2368421	0.3170732	0.5428571	0.4166667	0.7959184	0.5641026	0.5217391	0.6923077	0.5625	0.625	0.3921569	0.4901961	0.7	0.5625	0.65	0.28	0.64	0.5	0.4423077	
corneille sp.	0.0	0.0	0.0	0.0	0.0	0.0	0.0	0.0	0.0	0.0	0.0	0.0	0.0	0.0	0.0	0.0	0.0	0.0	0.0	0.0	0.0	0.0	0.0	0.0	0.0	0.0	0.0	0.0	0.0	0.0	0.0	0.0	0.0208333	0.0	0.0	0.0	0.0	0.0	0.0	0.0	0.0	0.0	0.0	0.0	0.0	0.0	0.0	0.0	
Grand Corbeau	0.0	0.0263158	0.0833333	0.0	0.0	0.0	0.0	0.0	0.0	0.0	0.0740741	0.0015	0.0	0.0	0.0	0.0	0.0	0.0	0.0	0.0092166	0.012987	0.0	0.0172414	0.0	0.0	0.0	0.0	0.0	0.0	0.0	0.0	0.0	0.0	0.0	0.0	0.0	0.0	0.0	0.0	0.0	0.0	0.0	0.0	0.0	0.0	0.0	0.0	0.0	
Mésange noire	0.0	0.0	0.0	0.0	0.0	0.0	0.0	0.0	0.0	0.0	0.0015	0.0	0.0	0.0	0.0	0.0	0.0	0.0	0.0	0.0	0.0	0.0	0.0	0.0	0.0	0.0	0.0	0.0	0.0	0.0	0.0	0.0	0.0208333	0.0	0.0	0.0	0.0	0.0625	0.0	0.0015	0.0196078	0.0	0.0	0.0	0.0	0.0	0.0	0.0	
Mésange huppée	0.04	0.0015	0.0	0.0	0.0	0.0	0.0	0.0	0.0	0.0	0.037037	0.0	0.0	0.0	0.0097087	0.0092593	0.0	0.0	0.0	0.0	0.025974	0.0083333	0.0172414	0.0246914	0.0	0.0	0.0166667	0.0107527	0.0125	0.0131579	0.0	0.0285714	0.0015	0.0204082	0.0	0.0	0.0	0.0	0.125	0.0	0.0	0.0	0.0	0.0	0.0	0.0	0.0	0.0	
Mésange nonnette	0.04	0.0789474	0.0833333	0.1363636	0.0416667	0.0857143	0.0140845	0.0	0.0	0.0015	0.037037	0.0015	0.0238095	0.008	0.0	0.037037	0.0144928	0.0054054	0.0067114	0.0368664	0.0649351	0.0166667	0.0344828	0.037037	0.015625	0.0487805	0.0333333	0.0430108	0.0625	0.0526316	0.0243902	0.0142857	0.0625	0.0	0.025641	0.0015	0.0	0.0	0.125	0.0	0.0392157	0.05	0.0625	0.1	0.08	0.12	0.0	0.0961538	
Mésange bleue	0.36	0.2105263	0.25	0.1818182	0.1666667	0.2	0.3239437	0.2592593	0.6	0.2777778	0.4074074	0.21875	0.3095238	0.216	0.2912621	0.2592593	0.1956522	0.2324324	0.1610738	0.1935484	0.2597403	0.15	0.3275862	0.2592593	0.1875	0.2682927	0.3166667	0.2365591	0.225	0.3157895	0.3902439	0.4142857	0.3958333	0.4285714	0.3846154	0.4565217	0.2307692	0.3125	0.375	0.2352941	0.1372549	0.25	0.3125	0.25	0.36	0.36	0.1666667	0.2115385	
Mésange charbonnière	0.4	0.2894737	0.4166667	0.3636364	0.2916667	0.2857143	0.3802817	0.4444444	0.4	0.1111111	0.4444444	0.15625	0.4404762	0.288	0.3495146	0.4259259	0.2391304	0.3135135	0.2550336	0.1797235	0.2727273	0.175	0.2758621	0.382716	0.125	0.2926829	0.2666667	0.3333333	0.2625	0.2894737	0.4146341	0.4	0.4375	0.4285714	0.4358974	0.4782609	0.5	0.5	0.375	0.1764706	0.1372549	0.35	0.5	0.4	0.24	0.6	0.4166667	0.1923077	
Rémiz penduline	0.0	0.0	0.0	0.0	0.0	0.0	0.0	0.0	0.0	0.0	0.0	0.0	0.0	0.0	0.0	0.0	0.0	0.0	0.0	0.0	0.0	0.0	0.0	0.0	0.0	0.0	0.0	0.0	0.0	0.0	0.0	0.0	0.0	0.0	0.0	0.0	0.0	0.0	0.0	0.0015	0.0	0.0	0.0	0.0	0.0	0.0	0.0	0.0	
Alouette lulu	0.0	0.0	0.0015	0.0	0.0	0.0285714	0.1126761	0.0	0.0	0.0	0.1111111	0.0015	0.047619	0.024	0.0485437	0.0925926	0.0434783	0.0648649	0.0469799	0.0645161	0.1038961	0.0166667	0.0172414	0.0740741	0.0625	0.0121951	0.0	0.0322581	0.0015	0.0	0.0	0.0142857	0.0416667	0.0	0.025641	0.0434783	0.0384615	0.125	0.125	0.0392157	0.0392157	0.0	0.0625	0.0	0.0	0.0015	0.0833333	0.0	
Alouette des champs	0.0	0.0263158	0.0833333	0.0	0.0416667	0.0285714	0.1126761	0.1851852	0.2	0.1111111	0.1851852	0.1875	0.25	0.2	0.184466	0.287037	0.0942029	0.0864865	0.1946309	0.1520737	0.2077922	0.1666667	0.1896552	0.1358025	0.140625	0.1097561	0.0833333	0.0215054	0.025	0.0131579	0.0	0.0142857	0.0208333	0.0015	0.025641	0.0869565	0.0769231	0.3125	0.125	0.1176471	0.254902	0.05	0.0625	0.2	0.0	0.08	0.1666667	0.0769231	
Cochevis huppé	0.0	0.0	0.0	0.0	0.0	0.0	0.0140845	0.0	0.0	0.0	0.0015	0.0	0.0	0.0	0.0015	0.0	0.0	0.0	0.0067114	0.0	0.0	0.0	0.0	0.0	0.0	0.0	0.0	0.0	0.0	0.0	0.0	0.0	0.0	0.0	0.0	0.0	0.0	0.0	0.0	0.0	0.0	0.0	0.0	0.0	0.0	0.0	0.0	0.0	
Cisticole des joncs	0.0	0.0	0.0	0.0	0.0015	0.0285714	0.0422535	0.0	0.0	0.0555556	0.2222222	0.0625	0.1547619	0.256	0.1553398	0.2314815	0.2318841	0.1621622	0.2214765	0.1935484	0.1818182	0.2166667	0.1724138	0.2469136	0.21875	0.2560976	0.1833333	0.172043	0.0625	0.1315789	0.0487805	0.0714286	0.0416667	0.0204082	0.0	0.0217391	0.0015	0.0015	0.0	0.0	0.0	0.0	0.0	0.0	0.0	0.04	0.0	0.0	
Hypolaïs polyglotte	0.0	0.0	0.0	0.0	0.0	0.0	0.0	0.0	0.0	0.0	0.0	0.0	0.0238095	0.008	0.0194175	0.1018519	0.115942	0.1297297	0.2147651	0.2119816	0.2207792	0.1583333	0.137931	0.0987654	0.078125	0.1463415	0.0	0.1182796	0.025	0.0263158	0.0487805	0.0142857	0.0208333	0.0	0.0	0.0	0.0	0.0	0.0	0.0	0.0	0.0	0.0	0.0	0.0	0.0	0.0	0.0	
Phragmite des joncs	0.0	0.0	0.0	0.0	0.0	0.0	0.0	0.0	0.0	0.0	0.0015	0.09375	0.1071429	0.224	0.1941748	0.1296296	0.1376812	0.1405405	0.0805369	0.0921659	0.1818182	0.1	0.0689655	0.1234568	0.03125	0.1585366	0.1	0.0752688	0.025	0.0131579	0.0	0.0142857	0.0	0.0	0.025641	0.0434783	0.0015	0.0	0.0	0.0	0.0	0.0	0.0	0.0	0.0	0.0	0.0	0.0	
Rousserolle effarvatte	0.0	0.0	0.0	0.0	0.0	0.0	0.0	0.0	0.0	0.0	0.0	0.0	0.0119048	0.064	0.0873786	0.1666667	0.1666667	0.2054054	0.2483221	0.2073733	0.2857143	0.2	0.1896552	0.2469136	0.21875	0.2073171	0.0833333	0.0860215	0.025	0.0657895	0.0	0.0015	0.0	0.0204082	0.0015	0.0434783	0.0	0.0	0.0	0.0	0.0	0.0	0.0	0.0	0.0	0.0	0.0	0.0	
Rousserolle verderolle ou R. effarvatte	0.0	0.0	0.0	0.0	0.0	0.0	0.0	0.0	0.0	0.0	0.0	0.0	0.0	0.0	0.0	0.0	0.0	0.0	0.0	0.0	0.0	0.0	0.0	0.0	0.0	0.0	0.0	0.0	0.0	0.0	0.0	0.0	0.0	0.0	0.025641	0.0	0.0	0.0	0.0	0.0	0.0	0.0	0.0	0.0	0.0	0.0	0.0	0.0	
Rousserolle turdoïde	0.0	0.0	0.0	0.0	0.0	0.0	0.0	0.0	0.0	0.0	0.0	0.0	0.0	0.0	0.0	0.0	0.0144928	0.0162162	0.033557	0.0184332	0.012987	0.0083333	0.0344828	0.0123457	0.015625	0.0121951	0.0166667	0.0015	0.0015	0.0	0.0	0.0	0.0015	0.0	0.0	0.0	0.0	0.0	0.0	0.0	0.0	0.0	0.0	0.0	0.0	0.0	0.0	0.0	
Locustelle luscinioïde	0.0	0.0	0.0	0.0	0.0	0.0	0.0	0.0	0.0	0.0	0.0	0.0	0.0015	0.064	0.0097087	0.0185185	0.0144928	0.0054054	0.0067114	0.0046083	0.0015	0.0083333	0.0344828	0.0123457	0.015625	0.0243902	0.0333333	0.0	0.0	0.0263158	0.0	0.0	0.0	0.0	0.0	0.0	0.0	0.0	0.0	0.0	0.0	0.0	0.0	0.0	0.0	0.0	0.0	0.0	
Locustelle tachetée	0.0	0.0	0.0	0.0	0.0	0.0	0.0	0.0	0.0	0.0	0.0	0.0	0.0595238	0.008	0.038835	0.0277778	0.0217391	0.0162162	0.0067114	0.0184332	0.0	0.0166667	0.0344828	0.0123457	0.015625	0.0487805	0.0015	0.0107527	0.0	0.0131579	0.0	0.0	0.0015	0.0204082	0.0	0.0	0.0015	0.0	0.0	0.0	0.0	0.0	0.0	0.0	0.0	0.0	0.0	0.0	
Hirondelle de rivage	0.0	0.0	0.0	0.0	0.0	0.0	0.0	0.0	0.0	0.0	0.037037	0.03125	0.0357143	0.016	0.0097087	0.0462963	0.0289855	0.0108108	0.0134228	0.0046083	0.0	0.0	0.0172414	0.0123457	0.0	0.0853659	0.1166667	0.1612903	0.0625	0.0394737	0.097561	0.0714286	0.1458333	0.0204082	0.0	0.0	0.0	0.0	0.0	0.0	0.0	0.0	0.0	0.0	0.0	0.0	0.0	0.0	
Hirondelle de rochers	0.0	0.0	0.0	0.0	0.0	0.0	0.0	0.0	0.0	0.0	0.037037	0.0	0.0	0.0	0.0	0.0092593	0.0	0.0	0.0	0.0138249	0.0015	0.0	0.0172414	0.0	0.0	0.0	0.0015	0.0	0.0	0.0	0.0	0.0	0.0	0.0	0.0	0.0	0.0	0.0	0.0	0.0	0.0	0.0	0.0	0.0	0.0	0.0	0.0	0.0	
Hirondelle rustique	0.0	0.0	0.0	0.0	0.0	0.0	0.0	0.0	0.0	0.2777778	0.0740741	0.1875	0.3095238	0.312	0.3495146	0.5462963	0.384058	0.4324324	0.4563758	0.4193548	0.4935065	0.375	0.3793103	0.4197531	0.28125	0.5487805	0.5333333	0.5913978	0.4125	0.4078947	0.5609756	0.3857143	0.2708333	0.1836735	0.3076923	0.2391304	0.1153846	0.0015	0.25	0.0196078	0.0	0.0	0.0	0.0	0.0	0.0	0.0	0.0	
Hirondelle de fenêtre	0.0	0.0	0.0	0.0	0.0	0.0	0.0	0.0	0.0	0.0	0.0015	0.0	0.0119048	0.064	0.0291262	0.1111111	0.0724638	0.0702703	0.1275168	0.1612903	0.1948052	0.075	0.0862069	0.1234568	0.0625	0.0853659	0.2	0.2580645	0.1125	0.1447368	0.1219512	0.0428571	0.1666667	0.0816327	0.1282051	0.0869565	0.0384615	0.0015	0.0	0.0	0.0015	0.0	0.0	0.0	0.0	0.0	0.0	0.0	
Hirondelle rousseline	0.0	0.0	0.0	0.0	0.0	0.0	0.0	0.0	0.0	0.0	0.0	0.0	0.0	0.0015	0.0015	0.0	0.0	0.0	0.0	0.0	0.0	0.0	0.0	0.0	0.0	0.0	0.0	0.0	0.0	0.0	0.0	0.0	0.0	0.0	0.0	0.0	0.0	0.0	0.0	0.0	0.0	0.0	0.0	0.0	0.0	0.0	0.0	0.0	
hirondelle sp.	0.0	0.0	0.0	0.0	0.0	0.0	0.0	0.0	0.0	0.0	0.0	0.0	0.0	0.0	0.0	0.0092593	0.0	0.0	0.0	0.0	0.0	0.0	0.0	0.0	0.0	0.0	0.0	0.0	0.0	0.0	0.0	0.0142857	0.0	0.0204082	0.0	0.0	0.0	0.0	0.0	0.0	0.0	0.0	0.0	0.0	0.0	0.0	0.0	0.0	
Pouillot siffleur	0.0	0.0	0.0	0.0	0.0	0.0	0.0	0.0	0.0	0.0	0.0	0.0	0.0	0.0	0.0097087	0.0277778	0.0072464	0.027027	0.0	0.0230415	0.0	0.0083333	0.0	0.0123457	0.0	0.0	0.0	0.0015	0.0	0.0	0.0	0.0142857	0.0	0.0	0.0	0.0	0.0	0.0	0.0	0.0	0.0	0.0	0.0	0.0	0.0	0.0	0.0	0.0	
Pouillot de Bonelli	0.0	0.0	0.0	0.0	0.0	0.0	0.0	0.0	0.0	0.0	0.0	0.03125	0.0357143	0.024	0.0582524	0.0648148	0.057971	0.0648649	0.0671141	0.0737327	0.1038961	0.1	0.0344828	0.037037	0.03125	0.0121951	0.0166667	0.0107527	0.0	0.0	0.0	0.0	0.0	0.0	0.0	0.0	0.0	0.0	0.0	0.0	0.0	0.0	0.0	0.0	0.0	0.0	0.0	0.0	
Pouillot fitis	0.0	0.0	0.0	0.0	0.0	0.0	0.0	0.0	0.0	0.0	0.037037	0.0625	0.0714286	0.024	0.0873786	0.0185185	0.0	0.0216216	0.0067114	0.0092166	0.0015	0.0083333	0.0172414	0.0	0.0	0.0	0.0015	0.0215054	0.0	0.0263158	0.0243902	0.0142857	0.0833333	0.0408163	0.0015	0.0	0.0384615	0.0	0.0	0.0	0.0	0.0	0.0	0.0	0.0	0.0	0.0	0.0	
Pouillot véloce	0.0015	0.1315789	0.0833333	0.0454545	0.0	0.0285714	0.1971831	0.1851852	0.4	0.5555556	0.5185185	0.53125	0.5595238	0.456	0.4951456	0.5648148	0.5144928	0.5513514	0.4362416	0.437788	0.6103896	0.5166667	0.5172414	0.5555556	0.28125	0.2682927	0.1666667	0.311828	0.225	0.25	0.3414634	0.4857143	0.2916667	0.6122449	0.2564103	0.5	0.4230769	0.4375	0.375	0.1176471	0.1960784	0.2	0.125	0.1	0.04	0.12	0.0	0.0384615	
pouillot sp.	0.0	0.0	0.0	0.0	0.0	0.0	0.0140845	0.0	0.0	0.0	0.0	0.0	0.0	0.0	0.0	0.0	0.0	0.0	0.0	0.0	0.0	0.0	0.0	0.0	0.0	0.0	0.0	0.0	0.0	0.0	0.0	0.0	0.0	0.0	0.0	0.0	0.0	0.0	0.0	0.0	0.0	0.0	0.0	0.0	0.0	0.0	0.0	0.0	
Bouscarle de Cetti	0.28	0.1842105	0.0833333	0.0909091	0.2083333	0.2857143	0.3380282	0.1481481	0.6	0.6666667	0.3703704	0.4375	0.4047619	0.472	0.4466019	0.462963	0.4347826	0.4108108	0.3355705	0.3548387	0.4545455	0.3583333	0.2931034	0.2839506	0.125	0.1341463	0.0666667	0.1290323	0.0875	0.1710526	0.1463415	0.4142857	0.2916667	0.5306122	0.3846154	0.4782609	0.4230769	0.625	0.25	0.4509804	0.2745098	0.6	0.3125	0.2	0.08	0.32	0.1666667	0.25	
Orite à longue queue	0.32	0.1315789	0.3333333	0.0909091	0.2083333	0.1142857	0.2112676	0.2592593	0.0	0.1111111	0.1851852	0.09375	0.1666667	0.112	0.1262136	0.1851852	0.1014493	0.0864865	0.1275168	0.0967742	0.1168831	0.0833333	0.0689655	0.1604938	0.03125	0.1707317	0.0833333	0.1612903	0.075	0.1710526	0.1707317	0.2428571	0.2083333	0.2653061	0.1538462	0.1956522	0.2692308	0.5	0.25	0.1568627	0.254902	0.3	0.25	0.15	0.24	0.36	0.1666667	0.1346154	
Fauvette à tête noire	0.0	0.0	0.0	0.0	0.0	0.0	0.0422535	0.0	0.2	0.0	0.3333333	0.53125	0.5833333	0.48	0.5048544	0.6018519	0.4782609	0.5891892	0.5704698	0.5437788	0.6623377	0.5666667	0.5172414	0.5802469	0.421875	0.402439	0.3166667	0.2580645	0.225	0.1184211	0.2926829	0.3857143	0.3333333	0.2040816	0.1794872	0.2391304	0.1153846	0.125	0.125	0.0392157	0.0	0.0	0.0	0.0	0.04	0.0	0.0	0.0192308	
Fauvette des jardins	0.0	0.0	0.0	0.0	0.0	0.0	0.0	0.0	0.0	0.0	0.0	0.0	0.0	0.0015	0.038835	0.1203704	0.0652174	0.0648649	0.0604027	0.078341	0.038961	0.05	0.0344828	0.0740741	0.03125	0.0487805	0.0333333	0.0	0.0	0.0	0.0	0.0142857	0.0	0.0	0.0	0.0	0.0	0.0	0.0	0.0	0.0	0.0	0.0	0.0	0.0	0.0	0.0	0.0	
Fauvette babillarde	0.0	0.0	0.0	0.0	0.0	0.0	0.0	0.0	0.0	0.0	0.0	0.0	0.0	0.0	0.0	0.0	0.0	0.0	0.0	0.0	0.012987	0.0	0.0	0.0	0.0	0.0	0.0	0.0	0.0	0.0	0.0	0.0	0.0	0.0	0.025641	0.0	0.0	0.0	0.0	0.0	0.0	0.0	0.0	0.0	0.0	0.0	0.0	0.0	
Fauvette grisette	0.0	0.0	0.0	0.0	0.0	0.0	0.0	0.0	0.0	0.0	0.0015	0.0015	0.0952381	0.208	0.3106796	0.3240741	0.2608696	0.2594595	0.295302	0.2534562	0.3766234	0.2583333	0.1724138	0.2716049	0.125	0.1341463	0.1166667	0.0537634	0.0375	0.0131579	0.0243902	0.0714286	0.0625	0.0408163	0.0015	0.0217391	0.0	0.0	0.0	0.0	0.0	0.0	0.0	0.0	0.0	0.0	0.0	0.0	
Fauvette pitchou	0.0	0.0	0.0	0.0	0.0	0.0285714	0.0	0.0	0.0015	0.0	0.0	0.0	0.0	0.0015	0.0	0.0185185	0.0	0.0	0.0067114	0.0046083	0.0	0.0	0.0172414	0.0123457	0.0	0.0	0.0015	0.0	0.0	0.0	0.0	0.0	0.0	0.0	0.0	0.0217391	0.0	0.125	0.125	0.0	0.0	0.0	0.0	0.0	0.0	0.0	0.0	0.0	
Roitelet huppé	0.12	0.1052632	0.0	0.0454545	0.0	0.0285714	0.028169	0.0	0.0	0.0	0.0015	0.0	0.0	0.0	0.0194175	0.0015	0.0	0.0	0.0067114	0.0	0.038961	0.0	0.0	0.0	0.0	0.0121951	0.0166667	0.0107527	0.0	0.0	0.0	0.0285714	0.0208333	0.0	0.0	0.0	0.0	0.0	0.125	0.0588235	0.0196078	0.05	0.0	0.0	0.12	0.32	0.1666667	0.0	
Roitelet à triple bandeau	0.08	0.0789474	0.25	0.0454545	0.0833333	0.0285714	0.0422535	0.037037	0.2	0.0555556	0.1111111	0.0015	0.0833333	0.016	0.0485437	0.0462963	0.0217391	0.0594595	0.0402685	0.0645161	0.038961	0.0083333	0.0689655	0.0617284	0.03125	0.0243902	0.0166667	0.0107527	0.025	0.0131579	0.0243902	0.0428571	0.0208333	0.0015	0.025641	0.0434783	0.0015	0.125	0.125	0.0196078	0.0588235	0.1	0.1875	0.0	0.0	0.08	0.0833333	0.0769231	
Roitelet huppé ou R. à triple bandeau	0.0	0.0	0.0	0.0454545	0.0	0.0	0.0140845	0.0	0.0	0.0	0.0	0.0	0.0238095	0.0	0.0097087	0.0	0.0	0.0	0.0067114	0.0	0.0	0.0	0.0	0.0	0.0	0.0	0.0	0.0	0.0	0.0	0.0	0.0	0.0	0.0	0.0	0.0	0.0	0.0	0.0	0.0	0.0196078	0.0	0.0	0.0	0.0	0.0	0.0	0.0	
Tichodrome échelette	0.0	0.0	0.0	0.0	0.0	0.0015	0.0	0.0	0.0	0.0	0.0	0.0	0.0	0.0	0.0	0.0	0.0	0.0	0.0	0.0	0.0	0.0	0.0	0.0	0.0	0.0	0.0	0.0	0.0	0.0	0.0	0.0	0.0	0.0	0.0	0.0	0.0	0.0	0.0	0.0392157	0.0	0.0	0.0	0.0	0.0	0.0	0.0	0.0	
Sittelle torchepot	0.28	0.1315789	0.0833333	0.1818182	0.0833333	0.1142857	0.0704225	0.0740741	0.2	0.0555556	0.2962963	0.1875	0.1190476	0.024	0.0873786	0.1018519	0.0362319	0.0432432	0.0671141	0.1382488	0.2207792	0.1416667	0.1034483	0.1728395	0.140625	0.195122	0.1833333	0.1290323	0.2	0.1447368	0.2682927	0.2571429	0.3333333	0.244898	0.2820513	0.2391304	0.1923077	0.3125	0.375	0.1568627	0.1764706	0.3	0.0625	0.2	0.08	0.2	0.1666667	0.1923077	
Grimpereau des jardins	0.12	0.1052632	0.1666667	0.1363636	0.125	0.0571429	0.2253521	0.1481481	0.2	0.0555556	0.2222222	0.1875	0.2380952	0.16	0.223301	0.2314815	0.173913	0.1297297	0.1812081	0.1889401	0.2597403	0.1416667	0.1206897	0.3209877	0.203125	0.2195122	0.1666667	0.1612903	0.25	0.2368421	0.2926829	0.2714286	0.3333333	0.1428571	0.1282051	0.1956522	0.2307692	0.5	0.25	0.1568627	0.2156863	0.45	0.25	0.4	0.0	0.48	0.25	0.1153846	
Grimpereau des bois ou G. des jardins	0.0	0.0263158	0.0	0.0	0.0	0.0	0.0	0.0	0.0	0.0	0.0	0.0	0.0119048	0.0	0.0	0.0	0.0	0.0	0.0	0.0046083	0.0	0.0	0.0	0.0246914	0.0	0.0243902	0.0	0.0	0.0	0.0	0.0	0.0	0.0	0.0204082	0.0512821	0.0217391	0.0	0.0	0.0	0.0	0.0	0.0	0.0	0.0	0.0	0.0	0.0	0.0	
Troglodyte mignon	0.24	0.2105263	0.1666667	0.0909091	0.1666667	0.2	0.1690141	0.2222222	0.4	0.0	0.1481481	0.15625	0.1547619	0.144	0.1456311	0.2222222	0.1376812	0.1891892	0.147651	0.1428571	0.2207792	0.125	0.1896552	0.3333333	0.171875	0.1463415	0.1666667	0.1397849	0.125	0.1447368	0.1463415	0.1	0.0416667	0.0612245	0.1794872	0.0869565	0.1153846	0.125	0.25	0.1372549	0.2156863	0.4	0.4375	0.4	0.16	0.44	0.0833333	0.1153846	
Cincle plongeur	0.0	0.0263158	0.0015	0.0015	0.0	0.0	0.0	0.0	0.0	0.0	0.0015	0.0	0.0	0.0	0.0	0.0092593	0.0	0.0	0.0	0.0046083	0.0	0.0	0.0172414	0.0	0.0	0.0	0.0	0.0	0.0	0.0	0.0	0.0	0.0	0.0	0.0	0.0	0.0	0.0	0.0	0.0	0.0	0.0	0.0	0.0	0.04	0.0	0.0	0.0	
Étourneau sansonnet	0.36	0.2631579	0.25	0.1818182	0.0833333	0.1428571	0.2394366	0.2222222	0.2	0.2222222	0.2962963	0.0625	0.3333333	0.2	0.2038835	0.287037	0.2246377	0.3027027	0.295302	0.281106	0.3896104	0.3	0.3965517	0.382716	0.203125	0.3170732	0.1833333	0.2580645	0.1375	0.1973684	0.1463415	0.2285714	0.3333333	0.5306122	0.3589744	0.326087	0.4615385	0.3125	0.25	0.3137255	0.2156863	0.45	0.3125	0.45	0.24	0.44	0.1666667	0.3076923	
Grive draine	0.08	0.0789474	0.0	0.0909091	0.125	0.1142857	0.0422535	0.037037	0.0	0.1111111	0.0015	0.0625	0.047619	0.016	0.0291262	0.0462963	0.0144928	0.0216216	0.0067114	0.0184332	0.012987	0.0166667	0.0344828	0.0246914	0.0	0.0	0.0166667	0.0215054	0.0125	0.0131579	0.0	0.0142857	0.0	0.0204082	0.025641	0.0652174	0.0769231	0.0	0.125	0.0784314	0.0196078	0.15	0.125	0.2	0.04	0.2	0.0	0.0961538	
Grive musicienne	0.04	0.1842105	0.25	0.0	0.0416667	0.0571429	0.2112676	0.1851852	0.2	0.2222222	0.1481481	0.15625	0.1071429	0.088	0.1067961	0.1018519	0.0942029	0.1027027	0.1208054	0.1520737	0.1428571	0.0833333	0.137931	0.1851852	0.09375	0.0853659	0.0166667	0.0752688	0.0125	0.0131579	0.0	0.0142857	0.0	0.0408163	0.0	0.0	0.0384615	0.1875	0.25	0.0588235	0.0784314	0.1	0.0625	0.1	0.0	0.12	0.0	0.0384615	
Grive mauvis	0.04	0.0526316	0.0833333	0.0454545	0.0416667	0.0571429	0.0	0.0	0.0	0.2777778	0.037037	0.0625	0.0	0.0	0.0	0.0	0.0	0.0	0.0	0.0	0.0	0.0	0.0	0.0	0.0	0.0	0.0	0.0	0.0	0.0	0.0	0.0	0.0	0.0	0.0	0.0	0.0	0.0625	0.0	0.0196078	0.0196078	0.1	0.0	0.0	0.0	0.16	0.0	0.0192308	
Merle noir	0.6	0.2631579	0.5	0.2272727	0.2916667	0.2	0.2394366	0.2962963	0.4	0.1111111	0.4074074	0.3125	0.4047619	0.4	0.3300971	0.5555556	0.4275362	0.5081081	0.4563758	0.4700461	0.5064935	0.3166667	0.3275862	0.4197531	0.3125	0.3902439	0.3333333	0.3548387	0.2375	0.1842105	0.1707317	0.2571429	0.3125	0.244898	0.2820513	0.3043478	0.3076923	0.3125	0.375	0.2941176	0.254902	0.6	0.375	0.45	0.28	0.52	0.3333333	0.3461538	
Grive litorne	0.0	0.1052632	0.0	0.0	0.0	0.0015	0.0140845	0.0	0.0	0.0	0.0015	0.0015	0.0	0.0	0.0	0.0015	0.0	0.0	0.0	0.0	0.0	0.0	0.0	0.0	0.0	0.0	0.0	0.0	0.0	0.0	0.0	0.0	0.0	0.0	0.0	0.0	0.0	0.0	0.0	0.0	0.0	0.1	0.0015	0.0	0.0	0.08	0.0	0.0192308	
Merle à plastron	0.0	0.0	0.0	0.0	0.0	0.0	0.0	0.0	0.0	0.0	0.0	0.0	0.0	0.008	0.0	0.0	0.0	0.0	0.0	0.0	0.0	0.0	0.0	0.0	0.0	0.0	0.0	0.0	0.0	0.0	0.0	0.0	0.0	0.0	0.0	0.0	0.0	0.0	0.0	0.0	0.0	0.0	0.0	0.0	0.0	0.0	0.0	0.0	
Turdus sp.	0.0	0.0	0.0	0.0	0.0	0.0	0.0	0.0	0.0	0.0	0.0	0.0	0.0	0.0	0.0	0.0	0.0	0.0	0.0	0.0	0.0	0.0	0.0	0.0	0.0	0.0	0.0	0.0	0.0	0.0	0.0	0.0	0.0208333	0.0	0.0	0.0	0.0	0.0	0.0	0.0	0.0	0.0	0.0	0.0	0.0	0.0	0.0	0.0192308	
Gobemouche gris	0.0	0.0	0.0	0.0	0.0	0.0	0.0	0.0	0.0	0.0	0.0	0.0	0.0	0.0	0.0	0.0	0.0289855	0.0216216	0.0201342	0.0322581	0.0649351	0.025	0.0015	0.1481481	0.03125	0.0731707	0.0166667	0.1397849	0.0875	0.0131579	0.0487805	0.1285714	0.1041667	0.0612245	0.025641	0.0	0.0	0.0	0.0	0.0	0.0	0.0	0.0	0.0	0.0	0.0	0.0	0.0	
Rougegorge familier	0.56	0.5263158	0.5	0.2272727	0.1666667	0.3428571	0.4507042	0.3703704	0.6	0.4444444	0.5185185	0.25	0.3928571	0.216	0.3009709	0.4166667	0.2681159	0.3243243	0.2885906	0.3548387	0.4025974	0.2416667	0.2413793	0.2592593	0.25	0.2560976	0.2333333	0.1612903	0.225	0.1973684	0.2682927	0.4	0.375	0.6530612	0.7435897	0.7391304	0.8076923	0.875	0.75	0.4117647	0.5686275	0.8	0.5	0.6	0.32	0.72	0.75	0.4423077	
Rossignol philomèle	0.0	0.0	0.0	0.0	0.0	0.0	0.0	0.0	0.0	0.0	0.0	0.0015	0.1547619	0.416	0.592233	0.6296296	0.5434783	0.4918919	0.3691275	0.4285714	0.4025974	0.1833333	0.0517241	0.0864198	0.015625	0.0853659	0.0166667	0.0322581	0.0125	0.0015	0.0243902	0.0428571	0.0208333	0.0	0.0	0.0	0.0	0.0	0.0	0.0	0.0	0.0	0.0	0.0	0.0	0.0	0.0	0.0	
Gorgebleue à miroir	0.0	0.0	0.0	0.0	0.0	0.0	0.0	0.0	0.0	0.0	0.0	0.0	0.0015	0.0	0.0	0.0	0.0	0.0	0.0	0.0	0.0	0.0	0.0	0.0	0.0	0.0	0.0	0.0	0.0	0.0	0.0	0.0	0.0	0.0204082	0.0	0.0	0.0015	0.0	0.0	0.0	0.0	0.0	0.0	0.0	0.0	0.0	0.0	0.0	
Gobemouche noir	0.0	0.0	0.0	0.0	0.0	0.0	0.0	0.0	0.0	0.0	0.0	0.0	0.0	0.008	0.0	0.0	0.0	0.0	0.0	0.0	0.0	0.0	0.0	0.0015	0.0015	0.0	0.0	0.0107527	0.0	0.0	0.0015	0.1428571	0.2291667	0.1632653	0.1025641	0.0015	0.0	0.0	0.0	0.0	0.0	0.0	0.0	0.0	0.0	0.0	0.0	0.0	
Rougequeue à front blanc	0.0	0.0	0.0	0.0	0.0	0.0	0.0	0.0	0.0	0.0	0.0	0.0	0.0119048	0.032	0.0485437	0.0277778	0.0217391	0.0216216	0.033557	0.0322581	0.012987	0.0083333	0.0172414	0.0246914	0.0	0.0	0.0166667	0.0107527	0.0125	0.0015	0.0243902	0.0285714	0.0416667	0.0816327	0.025641	0.0434783	0.0	0.0	0.0	0.0	0.0	0.0	0.0	0.0	0.0	0.0	0.0	0.0	
Rougequeue noir	0.0015	0.0015	0.0015	0.0	0.0	0.0	0.0	0.0	0.4	0.0555556	0.1481481	0.0625	0.1190476	0.104	0.0873786	0.1203704	0.0652174	0.0486486	0.1543624	0.124424	0.1428571	0.0666667	0.0689655	0.1728395	0.09375	0.1341463	0.0833333	0.1612903	0.0625	0.0263158	0.0731707	0.0571429	0.125	0.1020408	0.2564103	0.0434783	0.1538462	0.1875	0.0	0.1372549	0.0588235	0.0	0.125	0.0	0.0	0.0	0.0	0.0	
Tarier des prés	0.0	0.0	0.0	0.0	0.0	0.0	0.0	0.0	0.0	0.0	0.0	0.0	0.0	0.0	0.0097087	0.0185185	0.0072464	0.0	0.0067114	0.0	0.0	0.0	0.0172414	0.0	0.0	0.0	0.0166667	0.0	0.0	0.0	0.0	0.0015	0.0416667	0.0612245	0.0769231	0.0015	0.0	0.0	0.0	0.0	0.0	0.0	0.0	0.0	0.0	0.0	0.0	0.0	
Tarier pâtre	0.0	0.0263158	0.0833333	0.0454545	0.0	0.0571429	0.0704225	0.1481481	0.0	0.1666667	0.1481481	0.09375	0.1904762	0.168	0.1650485	0.3703704	0.1811594	0.1351351	0.2214765	0.2442396	0.3116883	0.2083333	0.1724138	0.1358025	0.171875	0.2682927	0.1333333	0.2043011	0.075	0.1315789	0.1219512	0.1	0.1666667	0.3061224	0.1282051	0.2826087	0.1153846	0.25	0.0	0.0392157	0.0588235	0.05	0.25	0.05	0.0	0.04	0.0	0.0384615	
Traquet motteux	0.0	0.0	0.0	0.0	0.0	0.0	0.0	0.0	0.0	0.0	0.0	0.0	0.0238095	0.016	0.0097087	0.0648148	0.0144928	0.0	0.0015	0.0	0.0	0.0	0.0	0.0	0.0015	0.0	0.0	0.0	0.0375	0.0	0.0	0.0	0.0208333	0.0015	0.0	0.0	0.0015	0.0	0.0	0.0	0.0	0.0	0.0	0.0	0.0	0.0	0.0	0.0	
Accenteur mouchet	0.16	0.1315789	0.0833333	0.0454545	0.0833333	0.0571429	0.1126761	0.1111111	0.2	0.2222222	0.2962963	0.09375	0.1190476	0.072	0.2038835	0.1388889	0.1231884	0.0432432	0.0805369	0.0829493	0.1038961	0.0166667	0.0517241	0.0493827	0.015625	0.0243902	0.0	0.0322581	0.0125	0.0	0.0243902	0.0142857	0.0208333	0.0408163	0.0512821	0.1086957	0.1153846	0.0	0.125	0.0588235	0.1176471	0.1	0.1875	0.15	0.0	0.12	0.0833333	0.0384615	
Moineau domestique	0.12	0.1315789	0.1666667	0.1818182	0.0	0.1142857	0.084507	0.1111111	0.4	0.1111111	0.1851852	0.03125	0.2142857	0.24	0.184466	0.2685185	0.1666667	0.1945946	0.3154362	0.2396313	0.3116883	0.225	0.2931034	0.2469136	0.21875	0.3414634	0.35	0.3010753	0.2375	0.1842105	0.1463415	0.1857143	0.125	0.1836735	0.2051282	0.1304348	0.3076923	0.3125	0.25	0.1568627	0.1372549	0.15	0.1875	0.1	0.08	0.24	0.0	0.1538462	
Moineau friquet	0.0	0.0	0.0	0.0	0.0	0.0	0.0	0.0	0.0	0.0	0.0	0.0	0.0	0.0	0.0	0.0	0.0	0.0	0.0	0.0	0.0	0.0083333	0.0172414	0.0	0.0	0.0	0.0	0.0	0.0	0.0	0.0	0.0	0.0	0.0	0.0	0.0	0.0	0.0	0.0	0.0	0.0	0.0	0.0	0.0	0.0	0.0	0.0	0.0	
Bergeronnette des ruisseaux	0.08	0.0789474	0.0015	0.0015	0.0833333	0.0015	0.0422535	0.0	0.2	0.2777778	0.0740741	0.0015	0.047619	0.016	0.0097087	0.0277778	0.0072464	0.027027	0.033557	0.0691244	0.025974	0.0083333	0.0517241	0.0015	0.015625	0.0609756	0.0333333	0.0107527	0.0125	0.0263158	0.0487805	0.0142857	0.0208333	0.0015	0.0	0.0	0.0769231	0.0	0.25	0.0392157	0.0980392	0.1	0.0625	0.1	0.04	0.04	0.0	0.0384615	
Bergeronnette printanière	0.0	0.0	0.0	0.0	0.0	0.0	0.0	0.0	0.0	0.0	0.0015	0.0015	0.0952381	0.088	0.1165049	0.212963	0.1086957	0.0594595	0.0872483	0.1013825	0.0909091	0.075	0.1206897	0.037037	0.0625	0.1463415	0.05	0.0860215	0.075	0.0526316	0.1219512	0.0428571	0.0416667	0.0816327	0.0	0.0	0.0015	0.0015	0.0015	0.0196078	0.0	0.0	0.0	0.0	0.0	0.0	0.0	0.0	
Bergeronnette grise	0.16	0.1842105	0.0833333	0.0454545	0.0833333	0.0285714	0.1408451	0.3333333	0.4	0.6666667	0.4074074	0.375	0.3333333	0.304	0.2815534	0.3796296	0.2898551	0.2594595	0.2348993	0.2718894	0.3376623	0.2833333	0.2241379	0.2098765	0.21875	0.2682927	0.1333333	0.2365591	0.1875	0.1184211	0.2439024	0.2	0.2083333	0.2040816	0.2820513	0.2826087	0.3846154	0.1875	0.125	0.3529412	0.3137255	0.25	0.25	0.2	0.12	0.16	0.1666667	0.2115385	
bergeronette sp.	0.0	0.0263158	0.0	0.0	0.0	0.0	0.0	0.0	0.0	0.0	0.0	0.0	0.0	0.0	0.0	0.0	0.0	0.0	0.0	0.0	0.0	0.0083333	0.0	0.0	0.0	0.0	0.0	0.0	0.0	0.0	0.0	0.0	0.0	0.0	0.0	0.0	0.0	0.0	0.0	0.0	0.0	0.0	0.0	0.0	0.0	0.0	0.0	0.0	
Pipit rousseline	0.0	0.0	0.0	0.0	0.0	0.0	0.0	0.0	0.0	0.0	0.0	0.0	0.0119048	0.0	0.0	0.0	0.0	0.0	0.0	0.0	0.0	0.0	0.0	0.0	0.0	0.0	0.0	0.0	0.0	0.0	0.0	0.0142857	0.0	0.0	0.0	0.0	0.0	0.0	0.0	0.0	0.0	0.0	0.0	0.0	0.0	0.0	0.0	0.0	
Pipit farlouse	0.12	0.2105263	0.25	0.0909091	0.0416667	0.0857143	0.0704225	0.1851852	0.0	0.1666667	0.1111111	0.03125	0.0833333	0.016	0.0015	0.0	0.0072464	0.0	0.0	0.0	0.0	0.0	0.0	0.0	0.0	0.0	0.0	0.0	0.0125	0.0	0.0	0.0	0.0	0.0204082	0.0015	0.0	0.0769231	0.1875	0.125	0.1960784	0.1176471	0.15	0.1875	0.1	0.04	0.16	0.1666667	0.0384615	
Pipit des arbres	0.0	0.0	0.0	0.0	0.0	0.0	0.0	0.0	0.0	0.0	0.037037	0.03125	0.0238095	0.024	0.0582524	0.0833333	0.0434783	0.0648649	0.0469799	0.0552995	0.1818182	0.075	0.0344828	0.1111111	0.0625	0.0365854	0.0166667	0.0107527	0.0125	0.0263158	0.0	0.0285714	0.0625	0.0204082	0.0	0.0434783	0.0	0.0	0.0	0.0	0.0	0.0	0.0	0.0	0.0	0.0	0.0	0.0	
Pipit spioncelle	0.08	0.2631579	0.0833333	0.0454545	0.0833333	0.0285714	0.0704225	0.0015	0.0	0.5	0.0740741	0.125	0.0	0.0	0.0	0.0	0.0	0.0	0.0	0.0	0.0	0.0	0.0	0.0	0.0	0.0	0.0	0.0	0.0	0.0	0.0	0.0	0.0	0.0	0.0	0.0	0.0	0.0	0.125	0.1568627	0.2156863	0.1	0.125	0.2	0.04	0.04	0.0833333	0.0769231	
Pinson des arbres	0.4	0.4473684	0.1666667	0.2727273	0.1666667	0.1714286	0.4225352	0.2962963	0.8	0.3333333	0.4814815	0.25	0.4166667	0.368	0.407767	0.462963	0.4130435	0.5189189	0.4026846	0.4930876	0.6103896	0.4666667	0.5	0.5679012	0.390625	0.3536585	0.3666667	0.2903226	0.25	0.2368421	0.3902439	0.2571429	0.3541667	0.3469388	0.3589744	0.3913043	0.3461538	0.5625	0.5	0.3137255	0.3137255	0.65	0.5	0.5	0.32	0.48	0.3333333	0.2692308	
Pinson du Nord	0.0	0.0263158	0.0015	0.0454545	0.0	0.0015	0.028169	0.0	0.0	0.0	0.037037	0.0015	0.0	0.0	0.0	0.0	0.0	0.0	0.0	0.0	0.0	0.0	0.0	0.0	0.0	0.0	0.0	0.0	0.0	0.0	0.0	0.0	0.0	0.0	0.0	0.0	0.0	0.0	0.0015	0.0196078	0.0784314	0.0	0.0625	0.0	0.0	0.08	0.0833333	0.0192308	
Grosbec casse-noyaux	0.04	0.0263158	0.0	0.2272727	0.0416667	0.0571429	0.1126761	0.0015	0.2	0.0	0.1111111	0.09375	0.047619	0.016	0.0291262	0.0277778	0.0144928	0.0108108	0.0015	0.0015	0.0015	0.0083333	0.0015	0.037037	0.015625	0.0243902	0.0	0.0107527	0.0	0.0131579	0.0	0.0	0.0	0.0	0.025641	0.0	0.0015	0.0	0.0	0.0196078	0.0196078	0.0	0.125	0.05	0.04	0.12	0.0833333	0.0576923	
Bouvreuil pivoine	0.04	0.0	0.0	0.0	0.0	0.0015	0.0	0.0	0.0	0.0	0.0015	0.0015	0.0119048	0.0015	0.0194175	0.0	0.0	0.0015	0.0015	0.0046083	0.0	0.0	0.0	0.0015	0.0015	0.0	0.0015	0.0015	0.0	0.0	0.0	0.0	0.0	0.0	0.0	0.0217391	0.0015	0.0	0.0	0.0	0.0392157	0.0015	0.0	0.0	0.0	0.0	0.0	0.0192308	
Verdier d'Europe	0.04	0.1052632	0.0833333	0.0	0.0416667	0.0857143	0.0422535	0.0015	0.4	0.0555556	0.0015	0.03125	0.0952381	0.056	0.0679612	0.0462963	0.0434783	0.0648649	0.0536913	0.078341	0.0779221	0.075	0.0344828	0.1234568	0.078125	0.1341463	0.1166667	0.1397849	0.1	0.0263158	0.0487805	0.0	0.0416667	0.0204082	0.0	0.0434783	0.0769231	0.0	0.125	0.0784314	0.0015	0.1	0.0625	0.0	0.0	0.0	0.0	0.0576923	
Linotte mélodieuse	0.0	0.0	0.0015	0.0	0.0	0.0	0.028169	0.037037	0.0	0.0	0.037037	0.0625	0.0595238	0.064	0.1067961	0.1203704	0.0144928	0.0324324	0.0671141	0.0645161	0.1168831	0.0583333	0.0862069	0.0617284	0.03125	0.0853659	0.0166667	0.0752688	0.0375	0.0394737	0.0243902	0.0142857	0.0416667	0.0	0.0512821	0.0434783	0.1538462	0.0625	0.25	0.0196078	0.0	0.2	0.0625	0.05	0.0	0.04	0.1666667	0.0192308	
Sizerin flammé	0.0	0.0	0.0	0.0	0.0	0.0285714	0.0	0.0	0.0	0.0	0.0	0.0	0.0	0.0	0.0	0.0	0.0	0.0	0.0	0.0	0.0	0.0	0.0	0.0	0.0	0.0	0.0	0.0	0.0	0.0	0.0	0.0	0.0	0.0	0.0	0.0	0.0	0.0	0.0	0.0	0.0	0.0015	0.0015	0.0	0.0	0.0	0.0	0.0	
Bec-croisé des sapins	0.0	0.0	0.0	0.0	0.0	0.0	0.0	0.0	0.0	0.0	0.0	0.0	0.0	0.0	0.0	0.0	0.0	0.0	0.0	0.0	0.0	0.0	0.0	0.0	0.0	0.0	0.0	0.0107527	0.0	0.0	0.0	0.0	0.0	0.0	0.0	0.0	0.0	0.0	0.0	0.0	0.0	0.0	0.0	0.0	0.0	0.0	0.0	0.0	
Chardonneret élégant	0.04	0.1052632	0.1666667	0.1363636	0.0	0.1142857	0.028169	0.0015	0.0015	0.0	0.0740741	0.0625	0.0833333	0.08	0.0776699	0.1203704	0.057971	0.0594595	0.1275168	0.1152074	0.1298701	0.05	0.1206897	0.1481481	0.109375	0.1341463	0.1333333	0.1827957	0.0875	0.0921053	0.0487805	0.1142857	0.0833333	0.0204082	0.025641	0.0217391	0.0384615	0.125	0.25	0.0784314	0.1372549	0.05	0.125	0.2	0.0	0.12	0.0	0.0384615	
Serin cini	0.0	0.0	0.0	0.0	0.0	0.0	0.0	0.0	0.0015	0.0555556	0.0015	0.03125	0.0238095	0.024	0.038835	0.0185185	0.0072464	0.0108108	0.033557	0.0368664	0.038961	0.0333333	0.0172414	0.0246914	0.015625	0.0365854	0.0166667	0.0430108	0.0125	0.0	0.0	0.0142857	0.0	0.0204082	0.0015	0.0	0.0015	0.0	0.0	0.0015	0.0015	0.0	0.0	0.05	0.0	0.0	0.0	0.0	
Tarin des aulnes	0.0	0.0263158	0.0	0.0909091	0.0	0.0285714	0.0140845	0.0	0.2	0.0555556	0.0015	0.0	0.0119048	0.0	0.0	0.0	0.0	0.0	0.0	0.0	0.0	0.0	0.0	0.0	0.0	0.0	0.0	0.0	0.0	0.0	0.0	0.0	0.0	0.0	0.0	0.0	0.0384615	0.0625	0.0015	0.0588235	0.0784314	0.15	0.0	0.05	0.0	0.04	0.0833333	0.0192308	
Bruant proyer	0.0	0.0263158	0.0	0.0	0.0	0.0	0.0140845	0.037037	0.2	0.0	0.037037	0.03125	0.0357143	0.072	0.0679612	0.1388889	0.0362319	0.0216216	0.0805369	0.1059908	0.1688312	0.1416667	0.1724138	0.037037	0.0625	0.0487805	0.0166667	0.0107527	0.0125	0.0	0.0	0.0	0.0	0.0	0.0	0.0217391	0.0	0.0	0.0	0.0392157	0.0	0.0	0.0	0.0	0.0	0.0	0.0	0.0	
Bruant zizi	0.0	0.0526316	0.0015	0.0	0.0	0.0285714	0.028169	0.0740741	0.4	0.0	0.1111111	0.0015	0.1071429	0.056	0.0582524	0.0648148	0.0289855	0.0324324	0.0469799	0.0552995	0.0909091	0.0583333	0.1034483	0.1111111	0.09375	0.0853659	0.1166667	0.1075269	0.025	0.0526316	0.0243902	0.0142857	0.0625	0.0015	0.025641	0.0434783	0.0384615	0.125	0.25	0.0588235	0.0980392	0.15	0.1875	0.05	0.0	0.0015	0.0	0.0192308	
Bruant jaune	0.0	0.0526316	0.0	0.0454545	0.0	0.0285714	0.0	0.037037	0.2	0.0	0.0015	0.03125	0.0714286	0.056	0.0485437	0.1203704	0.0362319	0.0432432	0.0536913	0.0552995	0.0779221	0.0666667	0.1551724	0.0864198	0.046875	0.1463415	0.05	0.0322581	0.0	0.0	0.0243902	0.0285714	0.0416667	0.0204082	0.0015	0.0434783	0.0384615	0.0	0.125	0.0784314	0.0784314	0.0	0.0625	0.05	0.0	0.04	0.0	0.0192308	
Bruant des roseaux	0.08	0.1315789	0.0833333	0.0454545	0.0416667	0.0857143	0.1126761	0.1481481	0.0	0.1111111	0.0740741	0.03125	0.0357143	0.016	0.0097087	0.0092593	0.0144928	0.0162162	0.0067114	0.0092166	0.012987	0.0015	0.0344828	0.0	0.0	0.0	0.0	0.0	0.0	0.0	0.0	0.0142857	0.0208333	0.0	0.0	0.0	0.0	0.0	0.0	0.0784314	0.0588235	0.1	0.1875	0.25	0.04	0.12	0.0833333	0.0769231	
Emberiza sp.	0.0	0.0	0.0	0.0	0.0	0.0	0.0	0.0	0.0	0.0	0.0	0.0	0.0	0.0	0.0	0.0	0.0	0.0	0.0	0.0	0.0	0.0	0.0	0.0	0.0	0.0	0.0	0.0	0.0	0.0	0.0	0.0142857	0.0	0.0	0.0	0.0	0.0	0.0	0.0	0.0	0.0	0.0	0.0	0.0	0.0	0.0	0.0	0.0	
passereau sp.	0.0	0.0	0.0	0.0	0.0	0.0	0.0140845	0.0	0.0	0.0	0.0	0.0	0.0	0.0	0.0	0.0	0.0	0.0	0.0	0.0	0.012987	0.0	0.0	0.0246914	0.0	0.0	0.0	0.0015	0.0	0.0	0.0	0.0	0.0	0.0	0.0	0.0	0.0	0.0	0.0	0.0	0.0	0.0	0.0	0.0	0.0	0.0	0.0	0.0	

