









Frequency of observations in the selected location(s).:
Number of taxa: 	285

	Jan				Feb				Mar				Apr				May				Jun				Jul				Aug				Sep				Oct				Nov				Dec				
Sample Size:	31.0	26.0	15.0	26.0	48.0	39.0	39.0	72.0	35.0	33.0	49.0	100.0	62.0	75.0	55.0	85.0	56.0	104.0	69.0	66.0	42.0	39.0	46.0	50.0	64.0	68.0	56.0	80.0	96.0	50.0	47.0	43.0	26.0	76.0	26.0	37.0	35.0	32.0	38.0	51.0	26.0	28.0	15.0	15.0	30.0	26.0	17.0	20.0	

Dendrocygne veuf	0.0	0.0	0.0	0.0	0.0	0.0	0.0	0.0	0.0	0.0	0.0	0.0	0.0	0.0	0.0	0.0	0.0	0.0	0.0144928	0.0	0.0	0.0	0.0	0.0	0.0	0.0	0.0	0.0	0.0	0.0	0.0	0.0	0.0	0.0	0.0	0.0	0.0	0.0	0.0	0.0	0.0	0.0	0.0	0.0	0.0	0.0	0.0	0.0	
Oie à tête barrée	0.0	0.0	0.0	0.0	0.0	0.0	0.0	0.0	0.0	0.0	0.0204082	0.0	0.0	0.0	0.0	0.0	0.0	0.0	0.0	0.0	0.0	0.0	0.0	0.0	0.0	0.0	0.0	0.0	0.0	0.0	0.0	0.0	0.0	0.0	0.0	0.0	0.0	0.0	0.0	0.0	0.0	0.0	0.0	0.0	0.0	0.0	0.0	0.1	
Oie cendrée	0.1935484	0.1153846	0.4	0.2692308	0.1458333	0.1282051	0.2051282	0.0694444	0.2285714	0.3030303	0.2244898	0.23	0.1612903	0.28	0.3090909	0.1647059	0.1428571	0.1153846	0.2028986	0.1212121	0.0714286	0.1282051	0.1304348	0.08	0.0625	0.0735294	0.0015	0.025	0.0104167	0.12	0.1914894	0.1860465	0.1538462	0.1184211	0.0015	0.0540541	0.1428571	0.125	0.1578947	0.0980392	0.3076923	0.1071429	0.1333333	0.1333333	0.1	0.1923077	0.1764706	0.25	
Oie rieuse	0.0	0.0	0.0	0.0	0.0	0.0	0.0	0.0	0.0	0.0	0.0	0.0	0.0	0.0	0.0	0.0	0.0	0.0	0.0	0.0	0.0	0.0	0.0	0.0	0.0	0.0	0.0	0.0	0.0	0.0	0.0	0.0	0.0	0.0	0.0	0.0	0.0	0.0	0.0263158	0.0	0.0	0.0	0.0	0.0	0.0	0.0	0.0	0.0	
Oie à bec court	0.0	0.0	0.0	0.0	0.0	0.025641	0.0	0.0	0.0285714	0.030303	0.0	0.0	0.0015	0.0015	0.0	0.0	0.0	0.0	0.0	0.0	0.0	0.0	0.0	0.0	0.0	0.0	0.0	0.0	0.0	0.0	0.0	0.0	0.0	0.0	0.0	0.0	0.0	0.0	0.0	0.0	0.0	0.0	0.0	0.0	0.0	0.0	0.0	0.0	
Bernache nonnette	0.0	0.0	0.0	0.0	0.0	0.0	0.0	0.0	0.0	0.0	0.0	0.0	0.0	0.0	0.0	0.0	0.0	0.0	0.0	0.0	0.0	0.0	0.0	0.0	0.0	0.0	0.0	0.0	0.0	0.0	0.0	0.0	0.0	0.0	0.0	0.0	0.0	0.0	0.0	0.0	0.0	0.0	0.0	0.0	0.0	0.0	0.0	0.0	
Bernache du Canada	0.0	0.0	0.0	0.0	0.0	0.0	0.0	0.0	0.0	0.0015	0.0015	0.01	0.0	0.0	0.0181818	0.0	0.0	0.0	0.0	0.0	0.0	0.0	0.0	0.0	0.0	0.0	0.0	0.0	0.0	0.0	0.0	0.0	0.0	0.0	0.0	0.0	0.0	0.0	0.0	0.0	0.0	0.0	0.0	0.0	0.0	0.0	0.0	0.0	
Cygne tuberculé	0.0	0.0	0.0666667	0.0	0.0	0.0	0.0	0.0	0.0	0.0	0.0	0.0	0.0	0.0	0.0181818	0.0	0.0	0.0	0.0015	0.0	0.0	0.0	0.0	0.0	0.0	0.0	0.0	0.0	0.0	0.0	0.0	0.0	0.0	0.0131579	0.0	0.0	0.0	0.0	0.0	0.0	0.0	0.0	0.0	0.0	0.0	0.0	0.0	0.0	
Ouette d'Égypte	0.0	0.0	0.0	0.0	0.0	0.0	0.025641	0.0	0.0	0.0	0.0408163	0.01	0.0	0.0133333	0.0	0.0235294	0.0	0.0	0.0	0.0151515	0.0	0.0	0.0	0.0	0.015625	0.0	0.0178571	0.0	0.0	0.0	0.0	0.0465116	0.0	0.0015	0.0	0.0	0.0	0.03125	0.0	0.0	0.0	0.0357143	0.0	0.0	0.0	0.0	0.0	0.0	
Tadorne casarca	0.0	0.0	0.0	0.0	0.0	0.0	0.0	0.0	0.0	0.0	0.0	0.0	0.0	0.0	0.0	0.0	0.0	0.0	0.0	0.0	0.0	0.0	0.0	0.0	0.0	0.0	0.0	0.0	0.0	0.0	0.0	0.0	0.0	0.0	0.0	0.0	0.0285714	0.03125	0.0	0.0	0.0	0.0	0.0	0.0	0.0	0.0	0.0	0.0	
Tadorne de Belon	0.0	0.0	0.1333333	0.0	0.0	0.0	0.025641	0.0	0.0285714	0.0606061	0.0204082	0.04	0.016129	0.0133333	0.0	0.0	0.0	0.0096154	0.0	0.0	0.0	0.0	0.0217391	0.02	0.015625	0.0	0.0178571	0.0	0.0	0.0	0.0	0.0	0.0	0.0	0.0	0.0015	0.0	0.0	0.0	0.0	0.0	0.0357143	0.0666667	0.0015	0.0	0.0	0.0	0.0	
Canard musqué	0.0	0.0	0.0	0.0	0.0	0.0	0.0	0.0	0.0	0.0	0.0	0.0	0.0	0.0	0.0	0.0	0.0	0.0	0.0	0.0	0.0	0.0	0.0	0.0	0.0	0.0147059	0.0015	0.0	0.0	0.0	0.0	0.0	0.0	0.0131579	0.0	0.0	0.0	0.0	0.0	0.0	0.0	0.0	0.0	0.0	0.0	0.0	0.0	0.0	
Canard carolin	0.0	0.0	0.0	0.0	0.0	0.025641	0.0	0.0	0.0	0.0	0.0	0.0	0.0	0.0	0.0	0.0	0.0	0.0	0.0	0.0	0.0	0.0	0.0	0.0	0.0	0.0	0.0	0.0	0.0	0.0	0.0	0.0	0.0	0.0	0.0	0.0	0.0	0.0	0.0	0.0	0.0	0.0	0.0	0.0	0.0	0.0	0.0	0.0	
Canard mandarin	0.0015	0.0384615	0.0	0.0	0.0	0.0	0.0	0.0	0.0	0.0	0.0	0.0	0.0	0.0	0.0	0.0117647	0.0	0.0015	0.0	0.0	0.0	0.0	0.0	0.0	0.015625	0.0	0.0	0.0	0.0	0.0	0.0	0.0	0.0	0.0	0.0	0.0	0.0	0.0	0.0	0.0	0.0	0.0	0.0	0.0015	0.0	0.0	0.0	0.0	
Sarcelle d'été	0.0	0.0	0.0	0.0	0.0	0.0	0.0	0.0	0.0285714	0.030303	0.0204082	0.0	0.0	0.0533333	0.0363636	0.0352941	0.0178571	0.0	0.0	0.0	0.0	0.0	0.0	0.0015	0.0	0.0	0.0	0.0015	0.0	0.0	0.0	0.0232558	0.0	0.0131579	0.0	0.0	0.0285714	0.03125	0.0263158	0.0	0.0	0.0	0.0	0.0	0.0	0.0	0.0	0.0	
Sarcelle cannelle	0.0	0.0	0.0	0.0	0.0	0.025641	0.0	0.0	0.0	0.030303	0.0	0.01	0.0	0.0	0.0	0.0	0.0	0.0096154	0.0	0.0	0.0	0.0	0.0	0.0	0.0	0.0	0.0	0.0	0.0	0.0	0.0	0.0	0.0	0.0	0.0	0.0	0.0	0.0	0.0	0.0	0.0	0.0	0.0	0.0	0.0	0.0	0.0	0.0	
Canard souchet	0.2258065	0.1153846	0.4	0.1923077	0.1458333	0.1282051	0.1282051	0.0416667	0.1714286	0.3333333	0.1428571	0.18	0.0806452	0.0933333	0.1272727	0.0117647	0.0	0.0096154	0.0144928	0.0151515	0.0	0.0	0.0	0.0	0.0	0.0	0.0	0.0	0.0	0.02	0.0212766	0.0697674	0.0384615	0.0394737	0.0384615	0.027027	0.0571429	0.0625	0.0789474	0.0980392	0.1538462	0.1785714	0.2	0.2	0.2333333	0.2692308	0.1764706	0.3	
Canard chipeau	0.0015	0.0	0.0666667	0.0	0.0208333	0.0	0.025641	0.0	0.0	0.0	0.0	0.0	0.0	0.0	0.0	0.0	0.0	0.0192308	0.0144928	0.0	0.0	0.0	0.0	0.0	0.015625	0.0	0.0	0.0	0.0	0.0	0.0	0.0232558	0.0	0.0263158	0.0	0.0810811	0.0	0.0	0.0	0.0392157	0.0	0.0357143	0.0	0.0	0.0	0.0015	0.0	0.05	
Canard siffleur	0.0	0.0	0.0666667	0.0769231	0.0208333	0.0512821	0.0	0.0	0.0571429	0.0	0.0408163	0.01	0.0	0.0	0.0	0.0	0.0	0.0	0.0	0.0	0.0	0.0	0.0	0.0	0.0	0.0	0.0	0.0	0.0	0.0	0.0	0.0	0.0	0.0	0.0	0.0	0.0285714	0.03125	0.0	0.0	0.0	0.0	0.0	0.0	0.0	0.0769231	0.0	0.0	
Canard colvert	0.4193548	0.3846154	0.5333333	0.3846154	0.3125	0.3076923	0.3589744	0.3194444	0.5142857	0.4848485	0.2244898	0.31	0.3387097	0.3866667	0.5272727	0.2823529	0.3928571	0.3365385	0.3333333	0.2575758	0.2142857	0.3076923	0.2608696	0.2	0.15625	0.2794118	0.125	0.175	0.0729167	0.18	0.3617021	0.372093	0.2692308	0.2631579	0.3461538	0.3783784	0.2857143	0.40625	0.3157895	0.2745098	0.4230769	0.2142857	0.4	0.3333333	0.3333333	0.3846154	0.4117647	0.4	
Canard pilet	0.0	0.0	0.0666667	0.0	0.0208333	0.0	0.0	0.0	0.0	0.0	0.0	0.0	0.0	0.0	0.0	0.0	0.0	0.0096154	0.0	0.0	0.0	0.0	0.0	0.0	0.0	0.0	0.0	0.0	0.0	0.0	0.0	0.0	0.0	0.0	0.0	0.0	0.0285714	0.03125	0.0	0.0	0.0	0.0	0.0	0.0	0.0	0.0769231	0.0	0.0	
Sarcelle d'hiver	0.2258065	0.1538462	0.5333333	0.1538462	0.125	0.1282051	0.2307692	0.0555556	0.2285714	0.3333333	0.2244898	0.23	0.0967742	0.2133333	0.1272727	0.0470588	0.0178571	0.0192308	0.0	0.030303	0.0	0.0	0.0	0.0	0.0	0.0	0.0	0.0	0.0	0.02	0.0638298	0.1627907	0.0769231	0.0657895	0.0384615	0.0540541	0.0857143	0.15625	0.1842105	0.1960784	0.1538462	0.2142857	0.0666667	0.1333333	0.2	0.2692308	0.1764706	0.25	
anatidé sp. (canard barboteur sp.)	0.0	0.0	0.0	0.0	0.0	0.0	0.0	0.0	0.0	0.0	0.0	0.0	0.0	0.0	0.0	0.0	0.0	0.0	0.0	0.0	0.0	0.0	0.0	0.0	0.0	0.0	0.0	0.0	0.0	0.0	0.0	0.0	0.0	0.0	0.0	0.0	0.0	0.0	0.0	0.0196078	0.0	0.0	0.0	0.0	0.0	0.0	0.0	0.0	
Nette rousse	0.0322581	0.0769231	0.0666667	0.0	0.0208333	0.0	0.0	0.0	0.0	0.0	0.0	0.0	0.0	0.0	0.0	0.0	0.0	0.0096154	0.0	0.0	0.0	0.0	0.0	0.0015	0.0	0.0	0.0	0.0015	0.0	0.02	0.0	0.0465116	0.0384615	0.0263158	0.0015	0.0	0.0	0.0625	0.0263158	0.0196078	0.0	0.0357143	0.0	0.0666667	0.0	0.0	0.0	0.0	
Fuligule milouin	0.0322581	0.1153846	0.0	0.0384615	0.0416667	0.0	0.025641	0.0	0.0	0.0	0.0	0.0	0.0	0.0133333	0.0	0.0	0.0178571	0.0096154	0.0	0.0015	0.0	0.0	0.0	0.0	0.0	0.0	0.0	0.0015	0.0	0.02	0.0	0.0465116	0.0384615	0.0526316	0.0384615	0.027027	0.0	0.0	0.0263158	0.0196078	0.0384615	0.1071429	0.0666667	0.0666667	0.0333333	0.0769231	0.0588235	0.0	
Fuligule nyroca	0.0015	0.0	0.0	0.0	0.0	0.0	0.0	0.0	0.0	0.0	0.0	0.0	0.0	0.0	0.0	0.0	0.0	0.0	0.0	0.0	0.0	0.0	0.0	0.0	0.0	0.0	0.0	0.0015	0.0	0.0	0.0	0.0	0.0	0.0131579	0.0015	0.0	0.0	0.0	0.0	0.0	0.0	0.0	0.0	0.0015	0.0015	0.0	0.0	0.0	
Fuligule morillon	0.0322581	0.1538462	0.0015	0.0384615	0.0833333	0.0	0.0	0.0	0.0	0.0	0.0	0.0	0.016129	0.0	0.0181818	0.0	0.0357143	0.0288462	0.0144928	0.0151515	0.0	0.0	0.0	0.0	0.0	0.0	0.0	0.0	0.0	0.0	0.0212766	0.0465116	0.0384615	0.0263158	0.0769231	0.027027	0.0	0.0	0.0	0.0	0.0	0.1071429	0.0	0.0666667	0.0666667	0.0384615	0.1176471	0.0	
Hybride Fuligule milouin x F. morillon	0.0	0.0	0.0	0.0	0.0	0.0	0.0	0.0	0.0	0.0	0.0	0.0	0.0	0.0	0.0	0.0	0.0	0.0	0.0	0.0	0.0	0.0	0.0	0.0	0.0	0.0	0.0	0.0	0.0	0.0	0.0	0.0	0.0	0.0	0.0	0.0	0.0	0.0	0.0	0.0	0.0	0.0	0.0	0.0015	0.0	0.0	0.0588235	0.0	
Harle bièvre	0.0	0.0	0.0	0.0	0.0015	0.0	0.0	0.0	0.0285714	0.1212121	0.0	0.02	0.0	0.0	0.0	0.0	0.0	0.0096154	0.0	0.0015	0.0	0.0	0.0	0.0	0.0	0.0	0.0	0.0	0.0	0.0	0.0	0.0	0.0	0.0	0.0	0.0	0.0	0.0	0.0	0.0	0.0	0.0	0.0	0.0	0.0	0.0	0.0	0.0	
anatidé sp. (canard sp.)	0.0	0.0	0.0	0.0	0.0	0.0	0.0	0.0	0.0	0.0	0.0	0.0	0.0	0.0	0.0	0.0	0.0	0.0	0.0	0.0151515	0.0	0.0	0.0	0.0	0.0	0.0	0.0178571	0.0	0.0	0.0	0.0	0.0	0.0	0.0	0.0	0.0	0.0	0.0	0.0	0.0	0.0	0.0	0.0	0.0	0.0	0.0	0.0	0.0	
Lagopède alpin	0.0	0.0	0.0	0.0	0.0	0.0	0.0	0.0015	0.0	0.0	0.0	0.0	0.0	0.0	0.0	0.0015	0.0	0.0	0.0015	0.0015	0.0	0.0	0.0	0.0015	0.015625	0.0	0.0	0.0	0.0	0.0	0.0212766	0.0015	0.0384615	0.0	0.0384615	0.0015	0.0285714	0.0	0.0	0.0	0.0015	0.0	0.0	0.0	0.0	0.0	0.0	0.0	
Grand Tétras	0.0	0.0	0.0	0.0	0.0	0.0	0.0	0.0	0.0	0.0	0.0	0.0	0.0	0.0266667	0.0015	0.0015	0.0015	0.0	0.0	0.0	0.0	0.0	0.0	0.0	0.0	0.0147059	0.0	0.0015	0.0	0.0	0.0	0.0	0.0015	0.0	0.0	0.0	0.0	0.0	0.0	0.0	0.0	0.0	0.0	0.0	0.0	0.0	0.0	0.0	
Perdrix grise	0.0	0.0	0.0	0.0	0.0208333	0.0	0.025641	0.0	0.0	0.0	0.0	0.0	0.016129	0.0	0.0015	0.0015	0.0	0.0	0.0	0.0015	0.0	0.0	0.0217391	0.02	0.0	0.0147059	0.0	0.0125	0.0	0.0	0.0	0.0	0.0	0.0	0.0384615	0.0	0.0	0.0	0.0	0.0	0.0	0.0	0.0	0.0	0.0	0.0	0.0	0.0	
Faisan de Colchide	0.0015	0.1153846	0.0	0.0384615	0.0416667	0.0	0.0512821	0.0555556	0.0857143	0.1212121	0.122449	0.07	0.0806452	0.0015	0.0363636	0.0352941	0.0357143	0.0769231	0.0	0.0	0.0015	0.0015	0.0217391	0.0	0.015625	0.0015	0.0	0.0	0.0	0.0015	0.0	0.0	0.0	0.0	0.0	0.027027	0.0285714	0.0625	0.0	0.0196078	0.0769231	0.0714286	0.1333333	0.0	0.1	0.0	0.0	0.0	
Caille des blés	0.0	0.0769231	0.0	0.0	0.0	0.0	0.0	0.0	0.0	0.0015	0.0	0.0	0.0	0.0	0.0	0.0117647	0.0892857	0.0288462	0.0144928	0.0015	0.0714286	0.025641	0.0217391	0.0015	0.046875	0.0294118	0.0	0.0015	0.0015	0.0	0.0	0.0	0.0	0.0131579	0.0	0.0	0.0	0.0	0.0	0.0	0.0	0.0	0.0	0.0	0.0	0.0	0.0	0.0	
Perdrix rouge	0.0	0.0	0.0	0.0	0.0015	0.0	0.025641	0.0	0.0	0.030303	0.0	0.0	0.0	0.0133333	0.0	0.0	0.0178571	0.0096154	0.0015	0.0	0.0	0.025641	0.0	0.0	0.0	0.0	0.0	0.0	0.0	0.02	0.0	0.0	0.0	0.0	0.0	0.0	0.0	0.0	0.0	0.0015	0.0	0.0	0.0	0.0	0.0333333	0.0384615	0.0	0.0	
Pigeon biset	0.1290323	0.1538462	0.4	0.0769231	0.1041667	0.0769231	0.2051282	0.0555556	0.1428571	0.1818182	0.1020408	0.15	0.1129032	0.0933333	0.0545455	0.1647059	0.0178571	0.1826923	0.115942	0.0909091	0.0714286	0.0512821	0.0869565	0.08	0.078125	0.1029412	0.0892857	0.0125	0.0520833	0.1	0.0425532	0.1395349	0.1538462	0.1710526	0.1538462	0.1351351	0.3142857	0.0625	0.1052632	0.1372549	0.2692308	0.1071429	0.1333333	0.1333333	0.1	0.1153846	0.3529412	0.15	
Pigeon colombin	0.0967742	0.1923077	0.2666667	0.0769231	0.0625	0.0512821	0.1025641	0.0138889	0.0	0.030303	0.0204082	0.07	0.0483871	0.04	0.0181818	0.0705882	0.1428571	0.0673077	0.0289855	0.0454545	0.0015	0.0	0.0652174	0.02	0.03125	0.0147059	0.0535714	0.025	0.0208333	0.0015	0.0425532	0.0465116	0.0384615	0.0263158	0.1153846	0.0810811	0.0571429	0.03125	0.0789474	0.0588235	0.1923077	0.1428571	0.1333333	0.0666667	0.1666667	0.0384615	0.1176471	0.0	
Pigeon ramier	0.4193548	0.5384615	0.3333333	0.1923077	0.2083333	0.3589744	0.3076923	0.2083333	0.2285714	0.4848485	0.4285714	0.35	0.5967742	0.4	0.3818182	0.3764706	0.25	0.3365385	0.1884058	0.2121212	0.1190476	0.1794872	0.2608696	0.2	0.25	0.3529412	0.1964286	0.1875	0.1458333	0.36	0.2340426	0.3953488	0.3076923	0.2763158	0.2692308	0.2702703	0.3142857	0.28125	0.2368421	0.1764706	0.3076923	0.3214286	0.2666667	0.1333333	0.3333333	0.1538462	0.2352941	0.15	
Tourterelle des bois	0.0	0.0	0.0	0.0	0.0	0.0	0.0	0.0	0.0	0.0	0.0	0.0	0.016129	0.0133333	0.0545455	0.0705882	0.1964286	0.25	0.173913	0.1515152	0.1666667	0.0769231	0.1304348	0.1	0.125	0.1470588	0.0714286	0.075	0.03125	0.1	0.0851064	0.1162791	0.0384615	0.0263158	0.0	0.0	0.0	0.0	0.0	0.0	0.0	0.0	0.0	0.0	0.0	0.0	0.0	0.0	
Tourterelle turque	0.1935484	0.1923077	0.2	0.1923077	0.1875	0.3333333	0.3076923	0.1805556	0.2285714	0.3939394	0.3265306	0.36	0.2580645	0.1866667	0.2	0.3411765	0.1428571	0.2692308	0.2028986	0.2272727	0.1904762	0.1794872	0.2173913	0.22	0.15625	0.2352941	0.3214286	0.1625	0.1041667	0.26	0.1276596	0.1627907	0.2307692	0.2236842	0.1923077	0.1891892	0.2571429	0.125	0.1578947	0.0196078	0.1923077	0.1428571	0.0666667	0.1333333	0.1333333	0.1923077	0.1176471	0.15	
Outarde canepetière	0.0	0.0	0.0	0.0	0.0	0.0	0.0	0.0	0.0	0.0	0.0	0.0	0.0	0.0	0.0	0.0	0.0	0.0	0.0	0.0	0.0	0.0	0.0	0.0	0.0	0.0	0.0	0.0	0.0	0.0	0.0	0.0	0.0	0.0	0.0	0.027027	0.0	0.0	0.0	0.0	0.0	0.0	0.0	0.0	0.0	0.0	0.0	0.0	
Coucou geai	0.0	0.0	0.0	0.0	0.0	0.0	0.0	0.0	0.0	0.0	0.0	0.0	0.0	0.0133333	0.0	0.0	0.0	0.0	0.0	0.0	0.0	0.025641	0.0	0.0	0.0	0.0	0.0	0.0	0.0	0.0	0.0	0.0	0.0	0.0	0.0	0.0	0.0	0.0	0.0	0.0	0.0	0.0	0.0	0.0	0.0	0.0	0.0	0.0	
Coucou gris	0.0	0.0	0.0	0.0	0.0	0.0	0.0	0.0	0.0	0.0	0.0	0.01	0.0322581	0.0933333	0.1636364	0.2	0.0892857	0.0865385	0.0724638	0.1515152	0.1190476	0.1025641	0.2173913	0.02	0.015625	0.0	0.0	0.0	0.03125	0.04	0.0425532	0.0	0.0	0.0	0.0	0.0	0.0	0.0	0.0	0.0	0.0	0.0	0.0	0.0	0.0	0.0	0.0	0.0	
Engoulevent d'Europe	0.0	0.0	0.0	0.0	0.0	0.0	0.0	0.0	0.0	0.0	0.0	0.0	0.0	0.0	0.0	0.0	0.0	0.0	0.0	0.0	0.0	0.0	0.0217391	0.0	0.0	0.0	0.0178571	0.0125	0.0	0.0	0.0	0.0	0.0	0.0	0.0	0.0	0.0	0.0	0.0	0.0	0.0	0.0	0.0	0.0	0.0	0.0	0.0	0.0	
Martinet à ventre blanc	0.0	0.0	0.0	0.0	0.0	0.0	0.0	0.0	0.0	0.0	0.0	0.0	0.0322581	0.0015	0.0	0.0117647	0.0	0.0	0.0144928	0.0	0.0015	0.0	0.0217391	0.02	0.0015	0.0147059	0.0015	0.025	0.0208333	0.0	0.0	0.0	0.0384615	0.0	0.0	0.027027	0.0	0.0	0.0	0.0	0.0	0.0	0.0	0.0	0.0	0.0	0.0	0.0	
Martinet noir	0.0	0.0	0.0	0.0	0.0	0.0	0.0	0.0	0.0	0.0	0.0	0.01	0.0	0.0015	0.0545455	0.1764706	0.2678571	0.2788462	0.2028986	0.3030303	0.3095238	0.3589744	0.4347826	0.4	0.25	0.2941176	0.3392857	0.175	0.0833333	0.14	0.106383	0.0232558	0.0769231	0.0015	0.0	0.027027	0.0	0.0	0.0	0.0	0.0	0.0	0.0	0.0	0.0	0.0	0.0	0.0	
Martinet pâle	0.0	0.0	0.0	0.0	0.0	0.0	0.0	0.0	0.0	0.0	0.0	0.0	0.0	0.0	0.0	0.0	0.0	0.0	0.0	0.0	0.0	0.0	0.0	0.02	0.0	0.0	0.0178571	0.025	0.0	0.0	0.0	0.0	0.0	0.0	0.0	0.0	0.0	0.0	0.0	0.0	0.0	0.0357143	0.0	0.0	0.0	0.0	0.0	0.0	
Martinet noir ou M. pâle	0.0	0.0	0.0	0.0	0.0	0.0	0.0	0.0	0.0	0.0	0.0	0.0	0.0	0.0	0.0	0.0	0.0	0.0096154	0.0	0.0	0.0	0.0	0.0	0.0	0.0	0.0	0.0	0.0	0.0	0.0	0.0	0.0	0.0	0.0	0.0	0.0	0.0	0.0	0.0	0.0	0.0	0.0	0.0	0.0	0.0	0.0	0.0	0.0	
apodidé sp.	0.0	0.0	0.0	0.0	0.0	0.0	0.0	0.0	0.0	0.0	0.0	0.0	0.0	0.0	0.0	0.0	0.0	0.0	0.0	0.0	0.0	0.0	0.0	0.0	0.0	0.0	0.0015	0.0	0.0	0.0	0.0	0.0	0.0	0.0	0.0	0.0	0.0	0.0	0.0	0.0	0.0	0.0	0.0	0.0	0.0	0.0	0.0	0.0	
Râle d'eau	0.0	0.0	0.0	0.0	0.0208333	0.0512821	0.0	0.0138889	0.0571429	0.0909091	0.0204082	0.03	0.0	0.0133333	0.0181818	0.0	0.0	0.0	0.0	0.0151515	0.0	0.0	0.0	0.0	0.0	0.0	0.0	0.0125	0.0	0.0	0.0212766	0.0465116	0.0	0.0394737	0.0384615	0.0540541	0.0	0.03125	0.0789474	0.0196078	0.1153846	0.0357143	0.0015	0.0666667	0.0666667	0.0769231	0.0588235	0.0	
Marouette ponctuée	0.0	0.0	0.0	0.0	0.0	0.0	0.0	0.0	0.0	0.0606061	0.0204082	0.01	0.0	0.0133333	0.0	0.0	0.0	0.0	0.0	0.0	0.0	0.0	0.0	0.0	0.0	0.0	0.0	0.0	0.0	0.0	0.0	0.0232558	0.0384615	0.0	0.0015	0.0	0.0	0.0	0.0	0.0	0.0	0.0	0.0	0.0	0.0	0.0	0.0	0.0	
Gallinule poule-d'eau	0.1935484	0.1153846	0.4	0.1153846	0.1041667	0.0769231	0.0769231	0.0833333	0.2	0.3333333	0.1632653	0.2	0.1451613	0.2666667	0.2	0.1529412	0.1964286	0.1634615	0.2173913	0.1515152	0.0952381	0.1538462	0.1521739	0.1	0.09375	0.1617647	0.1071429	0.0625	0.03125	0.12	0.2553191	0.255814	0.1153846	0.1315789	0.1153846	0.1621622	0.1142857	0.1875	0.2368421	0.1764706	0.2307692	0.2142857	0.2	0.2	0.2	0.3076923	0.2941176	0.25	
Foulque macroule	0.0967742	0.2307692	0.3333333	0.1923077	0.1875	0.0769231	0.0769231	0.0555556	0.0857143	0.3333333	0.1428571	0.13	0.0967742	0.12	0.2181818	0.1411765	0.1428571	0.1153846	0.0869565	0.1212121	0.047619	0.025641	0.0434783	0.04	0.015625	0.1029412	0.0178571	0.0125	0.0	0.02	0.0212766	0.0465116	0.0384615	0.0526316	0.0384615	0.1081081	0.0285714	0.09375	0.0789474	0.0588235	0.1153846	0.1428571	0.1333333	0.1333333	0.1	0.2307692	0.3529412	0.15	
Marouette poussin	0.0	0.0	0.0	0.0	0.0	0.0	0.0	0.0	0.0	0.0	0.0	0.01	0.016129	0.0	0.0	0.0	0.0	0.0	0.0	0.0	0.0	0.0	0.0	0.0	0.0	0.0	0.0	0.0	0.0	0.0	0.0	0.0	0.0	0.0	0.0	0.0	0.0	0.0	0.0	0.0	0.0	0.0	0.0	0.0	0.0	0.0	0.0	0.0	
Marouette de Baillon	0.0	0.0	0.0	0.0	0.0	0.0	0.0	0.0	0.0	0.0	0.0	0.0	0.0	0.0	0.0363636	0.0	0.0	0.0	0.0	0.0	0.0	0.0	0.0	0.0	0.0	0.0	0.0	0.0	0.0	0.0	0.0	0.0	0.0	0.0	0.0	0.0	0.0	0.0	0.0	0.0	0.0	0.0	0.0	0.0	0.0	0.0	0.0	0.0	
Grue cendrée	0.0322581	0.0384615	0.0	0.0	0.0	0.0	0.0015	0.0	0.0	0.0015	0.0204082	0.01	0.0	0.0	0.0	0.0	0.0	0.0	0.0	0.0	0.0	0.0	0.0	0.0	0.0	0.0	0.0	0.0015	0.0	0.0	0.0	0.0	0.0	0.0131579	0.0	0.0	0.0	0.03125	0.0015	0.0392157	0.0384615	0.0357143	0.0666667	0.0015	0.0666667	0.0015	0.0	0.0	
Oedicnème criard	0.0322581	0.0	0.0015	0.0015	0.0208333	0.0	0.0	0.0	0.0285714	0.0015	0.0	0.0	0.0	0.0	0.0	0.0117647	0.0178571	0.0096154	0.0	0.0	0.0	0.0	0.0	0.0015	0.0	0.0	0.0	0.0015	0.0	0.0	0.0	0.0	0.0384615	0.0	0.0	0.0	0.0	0.0	0.0	0.0	0.0384615	0.0714286	0.0666667	0.0	0.0333333	0.0	0.1176471	0.0015	
Échasse blanche	0.0	0.0	0.0	0.0	0.0	0.0	0.0	0.0	0.0285714	0.0606061	0.0816327	0.14	0.1290323	0.2533333	0.3272727	0.1882353	0.2678571	0.2211538	0.2318841	0.1969697	0.1190476	0.0769231	0.0869565	0.06	0.046875	0.0735294	0.0178571	0.0125	0.0104167	0.04	0.0212766	0.0465116	0.0384615	0.0	0.0	0.0	0.0	0.0	0.0	0.0	0.0	0.0	0.0	0.0	0.0	0.0	0.0	0.0	
Avocette élégante	0.0	0.0	0.0	0.0	0.0	0.0	0.0	0.0	0.0	0.0	0.0	0.0	0.0015	0.0	0.0	0.0	0.0	0.0096154	0.0	0.0	0.0	0.0	0.0	0.0	0.0	0.0	0.0	0.0	0.0	0.0	0.0	0.0	0.0	0.0	0.0	0.0	0.0	0.0	0.0263158	0.0	0.0	0.0	0.0	0.0	0.0	0.0	0.0	0.0	
Pluvier doré	0.0322581	0.0769231	0.0	0.0	0.0	0.025641	0.0	0.0	0.0	0.0	0.0	0.0	0.0	0.0	0.0	0.0	0.0	0.0	0.0	0.0	0.0	0.0	0.0	0.0	0.0	0.0	0.0	0.0	0.0	0.0	0.0	0.0	0.0	0.0	0.0	0.0	0.0	0.0	0.0	0.0	0.0	0.0357143	0.1333333	0.0	0.0	0.0	0.0	0.0	
Guignard d’Eurasie	0.0	0.0	0.0	0.0	0.0	0.0	0.0	0.0	0.0	0.0	0.0	0.0	0.0	0.0	0.0	0.0	0.0	0.0	0.0	0.0	0.0	0.0	0.0	0.0	0.0	0.0	0.0	0.0	0.0	0.0	0.0015	0.0	0.0769231	0.0	0.0	0.0	0.0	0.0	0.0	0.0	0.0	0.0	0.0	0.0	0.0	0.0	0.0	0.0	
Grand Gravelot	0.0	0.0	0.0	0.0	0.0	0.0	0.0	0.0	0.0	0.0	0.0	0.0	0.0	0.0	0.0	0.0	0.0178571	0.0096154	0.0	0.0	0.0	0.0	0.0	0.0	0.0	0.0	0.0	0.0	0.0	0.0	0.0	0.0	0.0	0.0	0.0	0.0	0.0	0.0	0.0	0.0	0.0	0.0	0.0	0.0	0.0	0.0	0.0	0.0	
Petit Gravelot	0.0	0.0	0.0	0.0	0.0	0.0	0.0	0.0	0.0	0.0909091	0.122449	0.18	0.1129032	0.2266667	0.2545455	0.1294118	0.25	0.1634615	0.1304348	0.1363636	0.0714286	0.1282051	0.1521739	0.06	0.078125	0.0882353	0.0178571	0.0375	0.0	0.0015	0.0	0.0465116	0.0015	0.0131579	0.0	0.0	0.0285714	0.03125	0.0	0.0	0.0	0.0	0.0	0.0	0.0	0.0	0.0	0.0	
Vanneau huppé	0.1612903	0.1153846	0.0015	0.0015	0.0208333	0.0	0.0512821	0.0015	0.0571429	0.030303	0.0204082	0.01	0.0	0.0	0.0	0.0	0.0357143	0.0	0.0	0.0	0.0	0.025641	0.0217391	0.02	0.0	0.0588235	0.0178571	0.0125	0.0	0.04	0.0638298	0.1627907	0.0769231	0.0263158	0.0015	0.027027	0.0285714	0.09375	0.0526316	0.0	0.0384615	0.1428571	0.1333333	0.0	0.1333333	0.0	0.0588235	0.05	
Charadriidae sp.	0.0	0.0	0.0	0.0	0.0208333	0.0	0.0	0.0	0.0	0.0	0.0	0.0	0.0	0.0	0.0	0.0	0.0	0.0	0.0	0.0	0.0	0.0	0.0	0.0	0.0	0.0	0.0	0.0	0.0	0.0	0.0	0.0	0.0	0.0	0.0	0.0	0.0	0.0	0.0	0.0	0.0	0.0	0.0	0.0	0.0	0.0	0.0	0.0	
Barge à queue noire	0.0	0.0	0.0	0.0	0.0	0.0	0.0	0.0	0.0285714	0.1212121	0.0408163	0.0	0.0	0.0	0.0	0.0	0.0	0.0096154	0.0	0.0	0.0	0.0	0.0	0.0	0.0	0.0	0.0	0.0	0.0	0.0	0.0	0.0	0.0	0.0	0.0	0.0	0.0285714	0.0	0.0	0.0	0.0	0.0	0.0	0.0	0.0	0.0	0.0	0.0	
Bécassine sourde	0.0	0.0	0.0	0.0	0.0	0.0	0.0	0.0	0.0	0.0015	0.0	0.03	0.016129	0.04	0.0181818	0.0117647	0.0	0.0	0.0	0.0	0.0	0.0	0.0	0.0	0.0	0.0	0.0	0.0	0.0	0.0	0.0	0.0	0.0	0.0	0.0	0.0	0.0	0.0	0.0	0.0	0.0	0.0	0.0	0.0	0.0	0.0	0.0	0.0	
Bécasse des bois	0.0	0.0	0.0	0.0	0.0	0.0	0.0	0.0	0.0	0.0	0.0	0.0	0.016129	0.0	0.0	0.0	0.0	0.0	0.0015	0.0151515	0.0	0.0	0.0	0.0	0.0	0.0	0.0	0.0	0.0	0.0	0.0	0.0	0.0	0.0	0.0	0.0	0.0	0.0	0.0	0.0	0.0	0.0	0.0015	0.0	0.0	0.0	0.0	0.0	
Bécassine des marais	0.0645161	0.0769231	0.2	0.0769231	0.0625	0.0	0.0769231	0.0277778	0.1142857	0.2424242	0.1428571	0.19	0.1451613	0.1866667	0.2363636	0.0705882	0.1071429	0.0096154	0.0144928	0.0	0.0	0.0	0.0	0.0	0.0	0.0	0.0	0.0	0.0	0.0	0.0638298	0.1395349	0.0384615	0.0657895	0.1153846	0.027027	0.1142857	0.125	0.1578947	0.1372549	0.2307692	0.0714286	0.0	0.1333333	0.0666667	0.0769231	0.0	0.15	
Chevalier guignette	0.0	0.0769231	0.0	0.0	0.0416667	0.0	0.025641	0.0	0.0571429	0.1212121	0.0816327	0.06	0.0322581	0.08	0.1636364	0.1882353	0.25	0.2115385	0.1449275	0.0	0.0	0.025641	0.0	0.0	0.03125	0.0441176	0.1071429	0.075	0.03125	0.12	0.0638298	0.1860465	0.0769231	0.0526316	0.0384615	0.0540541	0.0571429	0.03125	0.0526316	0.0	0.0384615	0.0714286	0.0666667	0.0	0.0	0.0384615	0.0588235	0.15	
Chevalier culblanc	0.0322581	0.1538462	0.2	0.0384615	0.0208333	0.0	0.0512821	0.0277778	0.0857143	0.2424242	0.122449	0.16	0.0967742	0.1466667	0.1272727	0.0705882	0.0178571	0.0096154	0.0144928	0.0151515	0.0	0.0512821	0.0652174	0.06	0.078125	0.0588235	0.0178571	0.0625	0.0104167	0.04	0.0851064	0.1627907	0.0	0.0921053	0.0384615	0.0540541	0.0571429	0.125	0.1315789	0.0980392	0.0769231	0.0357143	0.1333333	0.0666667	0.0	0.0	0.1176471	0.05	
Chevalier sylvain	0.0	0.0	0.0	0.0	0.0	0.0	0.0	0.0	0.0	0.0	0.0204082	0.0	0.016129	0.0666667	0.1454545	0.0705882	0.125	0.0096154	0.0289855	0.0	0.0	0.0	0.0	0.0	0.0	0.0	0.0	0.0125	0.0	0.0015	0.0	0.0930233	0.0	0.0	0.0	0.027027	0.0	0.0	0.0	0.0	0.0	0.0	0.0	0.0	0.0	0.0	0.0	0.0	
Chevalier gambette	0.0	0.0	0.0	0.0	0.0	0.0	0.0	0.0	0.0	0.030303	0.0	0.01	0.0322581	0.08	0.0727273	0.1058824	0.0714286	0.0384615	0.115942	0.0151515	0.0238095	0.0	0.0	0.0	0.015625	0.0294118	0.0	0.0	0.0	0.0	0.0	0.0	0.0	0.0	0.0	0.0	0.0	0.0	0.0	0.0	0.0	0.0	0.0	0.0	0.0	0.0	0.0	0.0	
Chevalier arlequin	0.0	0.0	0.0	0.0	0.0	0.0	0.0	0.0	0.0	0.0	0.0	0.0	0.0	0.0266667	0.0181818	0.0	0.0	0.0	0.0	0.0	0.0	0.0	0.0217391	0.0	0.0	0.0	0.0	0.0	0.0	0.0	0.0	0.0232558	0.0	0.0	0.0	0.0	0.0	0.03125	0.0	0.0	0.0	0.0	0.0	0.0	0.0	0.0	0.0	0.0	
Chevalier aboyeur	0.0	0.0	0.0	0.0	0.0	0.0	0.0	0.0	0.0	0.0	0.0	0.0	0.0	0.0	0.0545455	0.0235294	0.0535714	0.0096154	0.0289855	0.0	0.0	0.0	0.0	0.0	0.0	0.0	0.0	0.0	0.0	0.0	0.0	0.0232558	0.0	0.0131579	0.0	0.0	0.0	0.0	0.0	0.0	0.0	0.0	0.0	0.0	0.0	0.0	0.0	0.0	
Combattant varié	0.0	0.0	0.0	0.0	0.0	0.0	0.0	0.0	0.0285714	0.030303	0.0	0.04	0.016129	0.08	0.0909091	0.0235294	0.0357143	0.0096154	0.0289855	0.0	0.0	0.0	0.0	0.0	0.0	0.0	0.0	0.0	0.0	0.0	0.0	0.0	0.0	0.0	0.0	0.0	0.0	0.0	0.0	0.0	0.0	0.0	0.0	0.0	0.0	0.0	0.0	0.0	
Bécasseau cocorli	0.0	0.0	0.0	0.0	0.0	0.0	0.0	0.0	0.0	0.0	0.0	0.0	0.0	0.0	0.0	0.0	0.0	0.0	0.0	0.0	0.0	0.0	0.0	0.0	0.0	0.0	0.0	0.0	0.0	0.0	0.0	0.0232558	0.0	0.0	0.0	0.0	0.0	0.0	0.0	0.0	0.0	0.0	0.0	0.0	0.0	0.0	0.0	0.0	
Bécasseau de Temminck	0.0	0.0	0.0	0.0	0.0	0.0	0.0	0.0	0.0	0.0	0.0	0.0	0.0	0.0	0.0	0.0	0.0	0.0096154	0.0	0.0	0.0	0.0	0.0	0.0	0.0	0.0	0.0	0.0	0.0	0.0	0.0	0.0	0.0	0.0	0.0	0.0	0.0	0.0	0.0	0.0	0.0	0.0	0.0	0.0	0.0	0.0	0.0	0.0	
Bécasseau variable	0.0	0.0	0.0	0.0	0.0	0.0	0.0	0.0	0.0	0.0	0.0	0.0	0.0	0.0	0.0	0.0	0.0178571	0.0	0.0144928	0.0	0.0	0.0	0.0	0.0	0.0	0.0	0.0	0.0015	0.0	0.0	0.0212766	0.0232558	0.0	0.0	0.0	0.0	0.0285714	0.03125	0.0	0.0	0.0769231	0.0	0.0	0.0	0.0	0.0	0.0	0.0	
limicole sp.	0.0	0.0	0.0	0.0	0.0	0.0	0.0	0.0	0.0	0.0	0.0204082	0.0	0.0	0.0	0.0	0.0	0.0	0.0	0.0	0.0	0.0	0.0	0.0	0.0	0.0	0.0	0.0	0.0	0.0	0.0	0.0	0.0	0.0	0.0	0.0	0.0	0.0	0.0	0.0	0.0196078	0.0	0.0	0.0	0.0	0.0	0.0384615	0.0	0.0	
Mouette pygmée	0.0	0.0	0.0	0.0	0.0	0.0	0.0	0.0	0.0	0.0	0.0	0.0	0.0	0.0	0.0	0.0	0.0	0.0	0.0	0.0	0.0	0.0	0.0	0.0	0.0	0.0	0.0	0.0	0.0	0.0	0.0	0.0	0.0	0.0	0.0	0.0	0.0	0.0	0.0	0.0	0.0	0.0	0.0	0.0	0.0333333	0.0	0.0	0.0	
Mouette rieuse	0.0	0.0	0.0	0.0	0.0	0.0	0.025641	0.0	0.0	0.0	0.0204082	0.01	0.0322581	0.0133333	0.0545455	0.0235294	0.0	0.0192308	0.0434783	0.0151515	0.0	0.0	0.0217391	0.0015	0.015625	0.0	0.0	0.0	0.0	0.0	0.0	0.0697674	0.0	0.0	0.0	0.0	0.0	0.03125	0.0	0.0196078	0.0	0.0	0.0	0.0	0.0	0.0769231	0.0	0.0	
Mouette mélanocéphale	0.0	0.0	0.0	0.0	0.0	0.0	0.0	0.0	0.0	0.0	0.0	0.0	0.0	0.0	0.0	0.0	0.0	0.0	0.0	0.0	0.0	0.0	0.0	0.0	0.0	0.0	0.0	0.0	0.0	0.02	0.0	0.0	0.0	0.0	0.0	0.0	0.0	0.0	0.0	0.0	0.0	0.0	0.0	0.0	0.0	0.0	0.0	0.0	
Goéland pontique	0.0	0.0	0.0	0.0	0.0	0.0	0.0	0.0	0.0	0.0	0.0	0.0015	0.0	0.0	0.0	0.0	0.0	0.0	0.0	0.0	0.0	0.0	0.0	0.0	0.0	0.0	0.0	0.0	0.0	0.0	0.0	0.0	0.0	0.0	0.0	0.0	0.0	0.0	0.0	0.0	0.0	0.0	0.0	0.0	0.0	0.0	0.0	0.0	
Goéland leucophée	0.0967742	0.1923077	0.2	0.0769231	0.1666667	0.1538462	0.2307692	0.0555556	0.1714286	0.2727273	0.0612245	0.13	0.0483871	0.0666667	0.1454545	0.0352941	0.0357143	0.0673077	0.115942	0.030303	0.047619	0.0512821	0.0217391	0.02	0.046875	0.0588235	0.0178571	0.0015	0.0104167	0.06	0.0212766	0.0015	0.0769231	0.0263158	0.0384615	0.0015	0.0571429	0.0625	0.0526316	0.0588235	0.1923077	0.2142857	0.2666667	0.1333333	0.1666667	0.0384615	0.2941176	0.1	
Goéland brun	0.0	0.0	0.0	0.0	0.0208333	0.0	0.0	0.0	0.0	0.0	0.0	0.0	0.0	0.0	0.0	0.0	0.0	0.0	0.0	0.0	0.0	0.0	0.0	0.0	0.0	0.0	0.0	0.0	0.0	0.0	0.0	0.0	0.0	0.0	0.0	0.0	0.0	0.0	0.0	0.0	0.0	0.0714286	0.0	0.0	0.0333333	0.0	0.0	0.0	
Sterne hansel	0.0	0.0	0.0	0.0	0.0	0.0	0.0	0.0	0.0	0.0	0.0	0.0	0.0	0.0	0.0	0.0	0.0	0.0096154	0.0	0.0	0.0	0.0	0.0	0.0	0.0	0.0	0.0	0.0	0.0	0.0	0.0	0.0	0.0	0.0	0.0	0.0	0.0	0.0	0.0	0.0	0.0	0.0	0.0	0.0	0.0	0.0	0.0	0.0	
Guifette moustac	0.0	0.0	0.0	0.0	0.0	0.0	0.0	0.0	0.0	0.0	0.0	0.0	0.0	0.0	0.0181818	0.0117647	0.0357143	0.0192308	0.0289855	0.0	0.0	0.0	0.0	0.0	0.0	0.0	0.0	0.0	0.0	0.0	0.0	0.0232558	0.0	0.0	0.0	0.0	0.0	0.0	0.0	0.0	0.0	0.0	0.0	0.0	0.0	0.0	0.0	0.0	
Guifette noire	0.0	0.0	0.0	0.0	0.0	0.0	0.0	0.0	0.0	0.0	0.0	0.0	0.0	0.0	0.0	0.0117647	0.0	0.0288462	0.0	0.0	0.0238095	0.0	0.0	0.0	0.0	0.0	0.0	0.0015	0.0	0.0	0.0	0.0232558	0.0	0.0015	0.0	0.0	0.0	0.0	0.0	0.0	0.0	0.0	0.0	0.0	0.0	0.0	0.0	0.0	
Sterne pierregarin	0.0	0.0	0.0	0.0	0.0	0.0	0.0	0.0	0.0	0.0	0.0	0.0	0.0	0.04	0.2	0.1764706	0.2857143	0.1826923	0.2028986	0.2121212	0.0952381	0.1538462	0.173913	0.1	0.09375	0.0735294	0.0892857	0.0625	0.0208333	0.04	0.0	0.0	0.0	0.0	0.0	0.0	0.0	0.0	0.0	0.0	0.0	0.0	0.0	0.0	0.0	0.0	0.0	0.0	
Grèbe castagneux	0.0322581	0.1153846	0.0015	0.0384615	0.125	0.025641	0.0	0.0138889	0.0	0.030303	0.0	0.01	0.0322581	0.0	0.0181818	0.0117647	0.0	0.0096154	0.0144928	0.0151515	0.0	0.0512821	0.0	0.0	0.0	0.0	0.0	0.0125	0.0208333	0.04	0.0212766	0.0465116	0.0769231	0.0131579	0.0769231	0.1621622	0.0	0.0	0.1052632	0.0196078	0.0384615	0.1428571	0.0666667	0.2	0.1	0.0769231	0.1764706	0.0	
Grèbe huppé	0.2258065	0.2692308	0.5333333	0.2307692	0.2083333	0.0769231	0.0512821	0.0277778	0.1428571	0.2424242	0.1428571	0.17	0.0967742	0.16	0.3090909	0.1411765	0.2321429	0.1730769	0.1594203	0.1060606	0.0714286	0.0769231	0.1304348	0.08	0.046875	0.0735294	0.0714286	0.075	0.0208333	0.14	0.1702128	0.3255814	0.1153846	0.1710526	0.1538462	0.1891892	0.1142857	0.21875	0.2368421	0.1764706	0.2307692	0.3214286	0.2666667	0.2666667	0.2666667	0.3076923	0.4705882	0.3	
Grèbe à cou noir	0.0	0.0	0.0015	0.0	0.0208333	0.0	0.0	0.0	0.0	0.0	0.0204082	0.0015	0.0	0.0	0.0363636	0.0	0.0	0.0	0.0	0.0	0.0	0.0	0.0	0.0	0.0	0.0	0.0	0.0	0.0	0.0	0.0	0.0	0.0384615	0.0131579	0.0	0.027027	0.0	0.0	0.0	0.0	0.0	0.0	0.0	0.0	0.0	0.0	0.0588235	0.0	
Plongeon imbrin	0.0	0.0	0.0	0.0	0.0208333	0.025641	0.025641	0.0	0.0	0.0	0.0	0.0	0.0	0.0	0.0	0.0	0.0	0.0	0.0	0.0	0.0	0.0	0.0	0.0	0.0	0.0	0.0	0.0	0.0	0.0	0.0	0.0	0.0	0.0	0.0	0.0	0.0	0.0	0.0	0.0	0.0	0.0357143	0.0	0.0	0.0	0.0384615	0.0	0.0	
Cigogne noire	0.0	0.0	0.0	0.0	0.0	0.0	0.0	0.0	0.0	0.0	0.0	0.0	0.0	0.0	0.0	0.0117647	0.0	0.0	0.0	0.0	0.0	0.0	0.0	0.0	0.0	0.0	0.0	0.0	0.0015	0.0	0.0	0.0015	0.0	0.0131579	0.0	0.0	0.0	0.0	0.0	0.0	0.0	0.0	0.0	0.0	0.0	0.0	0.0	0.0	
Cigogne blanche	0.1935484	0.1538462	0.5333333	0.2307692	0.0625	0.1025641	0.1282051	0.0694444	0.2285714	0.3333333	0.1836735	0.2	0.1935484	0.2533333	0.2727273	0.1529412	0.2857143	0.2307692	0.1884058	0.1818182	0.0238095	0.1538462	0.173913	0.14	0.09375	0.1470588	0.0892857	0.1	0.03125	0.14	0.1914894	0.2790698	0.1153846	0.1447368	0.0384615	0.0540541	0.1428571	0.21875	0.1315789	0.0980392	0.2307692	0.1071429	0.2	0.1333333	0.1666667	0.2307692	0.2941176	0.3	
Grand Cormoran	0.2903226	0.2692308	0.5333333	0.3846154	0.2708333	0.3076923	0.2564103	0.1527778	0.3142857	0.3939394	0.1428571	0.26	0.0645161	0.08	0.0727273	0.0470588	0.0357143	0.0096154	0.0289855	0.0	0.0	0.0	0.0	0.0	0.0	0.0	0.0	0.0	0.0	0.0	0.0425532	0.0465116	0.0384615	0.0263158	0.0384615	0.0810811	0.1714286	0.15625	0.2105263	0.1960784	0.3461538	0.2857143	0.3333333	0.2666667	0.2666667	0.3076923	0.4117647	0.3	
Ibis falcinelle	0.0	0.0	0.0	0.0	0.0	0.0	0.0	0.0	0.0	0.0	0.0204082	0.01	0.0483871	0.0266667	0.0181818	0.0015	0.0015	0.0	0.0	0.0	0.0	0.0	0.0	0.0	0.0	0.0	0.0015	0.0	0.0	0.0	0.0	0.0	0.0	0.0	0.0	0.0	0.0	0.0	0.0	0.0	0.0	0.0	0.0	0.0	0.0	0.0	0.0	0.0	
Ibis sacré	0.0	0.0	0.0	0.0	0.0	0.0	0.0	0.0	0.0	0.0	0.0	0.0	0.0	0.0	0.0	0.0	0.0	0.0	0.0144928	0.0151515	0.0	0.0	0.0	0.0	0.0	0.0	0.0	0.0	0.0	0.0	0.0	0.0	0.0	0.0	0.0	0.0	0.0	0.0	0.0	0.0	0.0	0.0	0.0	0.0	0.0	0.0	0.0	0.0	
Spatule blanche	0.0	0.0	0.0	0.0	0.0208333	0.0	0.0	0.0	0.0	0.0	0.0	0.0	0.0322581	0.0	0.0181818	0.0235294	0.0178571	0.0192308	0.0144928	0.0151515	0.0	0.0	0.0217391	0.0	0.0	0.0	0.0	0.0125	0.0	0.0	0.0	0.0	0.0	0.0	0.0	0.0	0.0	0.0	0.0263158	0.0	0.0	0.0	0.0	0.0	0.0333333	0.0	0.0	0.0	
Blongios nain	0.0	0.0	0.0	0.0	0.0	0.0	0.0	0.0	0.0	0.0	0.0	0.0	0.0	0.0	0.0	0.0	0.0	0.0	0.0	0.0	0.0	0.0	0.0	0.0	0.0	0.0	0.0	0.0	0.0	0.02	0.0	0.0	0.0	0.0	0.0	0.0	0.0	0.0	0.0	0.0	0.0	0.0	0.0	0.0	0.0	0.0	0.0	0.0	
Bihoreau gris	0.0	0.0	0.0	0.0	0.0	0.0	0.0	0.0	0.0	0.0	0.0	0.01	0.0322581	0.0133333	0.0545455	0.0	0.0178571	0.0480769	0.0434783	0.0151515	0.0238095	0.025641	0.0	0.06	0.0	0.0147059	0.0178571	0.0	0.0104167	0.08	0.0638298	0.0697674	0.0	0.0394737	0.0	0.0	0.0	0.0	0.0	0.0	0.0	0.0	0.0	0.0	0.0	0.0	0.0	0.0	
Aigrette garzette	0.0645161	0.0769231	0.4	0.1153846	0.0416667	0.0512821	0.0512821	0.0138889	0.0285714	0.3030303	0.122449	0.06	0.0806452	0.04	0.0363636	0.0117647	0.1071429	0.0480769	0.0869565	0.1060606	0.047619	0.0769231	0.0434783	0.1	0.09375	0.0735294	0.0892857	0.0625	0.03125	0.1	0.106383	0.1627907	0.0384615	0.1052632	0.1153846	0.0810811	0.1142857	0.15625	0.1315789	0.1176471	0.1538462	0.1428571	0.0015	0.0666667	0.1333333	0.2692308	0.1176471	0.2	
Crabier chevelu	0.0	0.0	0.0	0.0	0.0	0.0	0.0	0.0	0.0	0.0	0.0	0.0	0.0	0.0	0.0	0.0	0.0178571	0.0	0.0	0.0015	0.0238095	0.0	0.0	0.0015	0.0	0.0	0.0	0.0	0.0	0.0	0.0212766	0.0	0.0	0.0	0.0	0.0	0.0	0.0	0.0	0.0	0.0	0.0	0.0	0.0	0.0	0.0	0.0	0.0	
Héron garde-boeufs	0.2258065	0.2307692	0.2666667	0.0384615	0.0833333	0.1025641	0.025641	0.0277778	0.2	0.2121212	0.1632653	0.13	0.1129032	0.1066667	0.1636364	0.1058824	0.125	0.0769231	0.057971	0.0151515	0.0238095	0.0512821	0.1086957	0.08	0.0625	0.1176471	0.0714286	0.1	0.03125	0.18	0.1489362	0.2093023	0.1923077	0.1578947	0.1153846	0.1081081	0.1428571	0.1875	0.2368421	0.1764706	0.2307692	0.2857143	0.2	0.0666667	0.2666667	0.3076923	0.1176471	0.25	
Grande Aigrette	0.2580645	0.3846154	0.3333333	0.2307692	0.1666667	0.1794872	0.1794872	0.0138889	0.1714286	0.1515152	0.122449	0.1	0.016129	0.0666667	0.0181818	0.0588235	0.1071429	0.0480769	0.0	0.0151515	0.0	0.0512821	0.0217391	0.0	0.0	0.0	0.0	0.0	0.0	0.0	0.0	0.0	0.0	0.0526316	0.0769231	0.0810811	0.1428571	0.15625	0.1578947	0.1568627	0.2307692	0.2142857	0.3333333	0.2666667	0.2666667	0.3076923	0.4117647	0.25	
Héron cendré	0.483871	0.3846154	0.6	0.2307692	0.2291667	0.2307692	0.2820513	0.1527778	0.2571429	0.3030303	0.1836735	0.27	0.1451613	0.2	0.1636364	0.1882353	0.2142857	0.1923077	0.2463768	0.1969697	0.1190476	0.1538462	0.1086957	0.1	0.109375	0.1617647	0.0535714	0.0625	0.0625	0.26	0.2553191	0.372093	0.2307692	0.2105263	0.1538462	0.1351351	0.1714286	0.40625	0.2368421	0.2941176	0.4230769	0.25	0.3333333	0.4666667	0.3333333	0.3461538	0.3529412	0.25	
Héron pourpré	0.0	0.0	0.0	0.0	0.0	0.0	0.0	0.0	0.0	0.0	0.0	0.0	0.0	0.0	0.0	0.0235294	0.0357143	0.0288462	0.0144928	0.0151515	0.0	0.0	0.0	0.0	0.0	0.0	0.0	0.0125	0.0104167	0.0	0.0	0.0232558	0.0	0.0	0.0	0.027027	0.0	0.0	0.0	0.0	0.0	0.0	0.0	0.0	0.0	0.0	0.0	0.0	
ardeidé sp.	0.0	0.0	0.0	0.0	0.0	0.0	0.0	0.0	0.0	0.0	0.0	0.0	0.0	0.0	0.0	0.0	0.0	0.0	0.0	0.0	0.0	0.0	0.0	0.0015	0.0	0.0	0.0	0.0	0.0	0.0	0.0	0.0	0.0	0.0	0.0	0.0	0.0	0.0	0.0	0.0	0.0	0.0	0.0	0.0	0.0	0.0	0.0	0.0	
Balbuzard pêcheur	0.0	0.0	0.0	0.0	0.0	0.0	0.0	0.0	0.0	0.0	0.0	0.01	0.0322581	0.0015	0.0363636	0.0	0.0	0.0096154	0.0	0.0	0.0	0.0	0.0	0.0	0.0	0.0	0.0	0.0	0.0	0.0015	0.0	0.0232558	0.0384615	0.0263158	0.0015	0.0	0.0	0.0015	0.0	0.0	0.0	0.0	0.0	0.0	0.0	0.0	0.0	0.0	
Élanion blanc	0.1290323	0.2692308	0.1333333	0.0015	0.0625	0.025641	0.0769231	0.0138889	0.0571429	0.0	0.0	0.0	0.0	0.04	0.0015	0.0235294	0.0357143	0.0576923	0.0	0.0	0.0	0.0	0.0217391	0.0015	0.015625	0.0015	0.0178571	0.025	0.0104167	0.02	0.0015	0.0697674	0.1153846	0.1315789	0.0384615	0.1081081	0.0857143	0.0625	0.0789474	0.1372549	0.2307692	0.2142857	0.4	0.0666667	0.3333333	0.1153846	0.1764706	0.1	
Gypaète barbu	0.0	0.0	0.0015	0.0384615	0.0	0.1025641	0.025641	0.1111111	0.0571429	0.030303	0.0	0.01	0.016129	0.0133333	0.0181818	0.0352941	0.0357143	0.0480769	0.0144928	0.0606061	0.0238095	0.025641	0.0217391	0.0015	0.046875	0.0588235	0.0535714	0.0375	0.0625	0.08	0.1489362	0.0465116	0.1153846	0.0131579	0.1923077	0.0540541	0.0857143	0.0625	0.0526316	0.0196078	0.0384615	0.0	0.0	0.0666667	0.0333333	0.0384615	0.0	0.0015	
Percnoptère d'Égypte	0.0	0.0	0.0	0.0	0.0	0.0	0.0	0.0	0.0	0.0015	0.0	0.0015	0.016129	0.0133333	0.0181818	0.0117647	0.0357143	0.0	0.0144928	0.0015	0.0714286	0.0	0.0015	0.02	0.03125	0.0147059	0.0015	0.0015	0.0104167	0.0015	0.0015	0.0465116	0.0384615	0.0131579	0.0	0.0	0.0	0.0	0.0	0.0	0.0	0.0	0.0	0.0	0.0	0.0	0.0	0.0	
Bondrée apivore	0.0	0.0	0.0	0.0	0.0	0.0	0.0	0.0	0.0	0.0	0.0	0.0	0.0	0.0	0.0	0.0015	0.0178571	0.0288462	0.0289855	0.030303	0.0238095	0.025641	0.0217391	0.0015	0.015625	0.0441176	0.0892857	0.0125	0.03125	0.02	0.1276596	0.0465116	0.0769231	0.0394737	0.1153846	0.0	0.0	0.03125	0.0263158	0.0	0.0	0.0	0.0	0.0	0.0	0.0	0.0	0.0	
Vautour moine	0.0	0.0	0.0	0.0	0.0	0.0	0.0	0.0	0.0	0.0	0.0	0.0	0.0	0.0	0.0015	0.0117647	0.0178571	0.0	0.0144928	0.0	0.0	0.0	0.0	0.0	0.015625	0.0015	0.0	0.0	0.0	0.0	0.0	0.0465116	0.0	0.0	0.0	0.0	0.0285714	0.0	0.0	0.0	0.0	0.0	0.0	0.0	0.0	0.0	0.0	0.0	
Vautour fauve	0.0	0.0	0.0	0.0	0.0416667	0.1794872	0.0512821	0.1111111	0.0285714	0.0015	0.0204082	0.04	0.0806452	0.0666667	0.0909091	0.1176471	0.0892857	0.0961538	0.1014493	0.1515152	0.1190476	0.1794872	0.0869565	0.16	0.1875	0.2647059	0.3035714	0.175	0.2291667	0.2	0.3191489	0.3488372	0.3076923	0.1052632	0.4230769	0.2432432	0.1428571	0.15625	0.1578947	0.0980392	0.1538462	0.0357143	0.0666667	0.0666667	0.0666667	0.0769231	0.0	0.0	
Circaète Jean-le-Blanc	0.0	0.0	0.0	0.0	0.0	0.0	0.0	0.0	0.0	0.0	0.0	0.04	0.016129	0.0266667	0.0181818	0.0235294	0.0535714	0.0673077	0.0144928	0.030303	0.0238095	0.0015	0.0217391	0.06	0.03125	0.0294118	0.0714286	0.075	0.0729167	0.04	0.0425532	0.0930233	0.0769231	0.1052632	0.2307692	0.0540541	0.0285714	0.0	0.0	0.0	0.0	0.0	0.0	0.0	0.0	0.0	0.0	0.0	
Aigle botté	0.0	0.0	0.0	0.0	0.0	0.0	0.0	0.0	0.0	0.030303	0.0	0.01	0.016129	0.0533333	0.0181818	0.0352941	0.0535714	0.0288462	0.0434783	0.030303	0.0	0.1025641	0.0434783	0.08	0.015625	0.0882353	0.0357143	0.0015	0.0416667	0.04	0.0425532	0.1162791	0.0384615	0.0657895	0.1153846	0.0540541	0.0	0.0	0.0	0.0	0.0	0.0	0.0	0.0	0.0	0.0	0.0	0.0	
Aigle royal	0.0015	0.0384615	0.0	0.0384615	0.0	0.025641	0.0769231	0.0555556	0.0285714	0.0015	0.0	0.01	0.016129	0.0133333	0.0015	0.0470588	0.0	0.0096154	0.0434783	0.030303	0.0714286	0.0512821	0.0434783	0.0015	0.03125	0.0294118	0.0535714	0.05	0.03125	0.06	0.0851064	0.0232558	0.1538462	0.0657895	0.1923077	0.0540541	0.0	0.0625	0.0526316	0.0196078	0.0384615	0.0015	0.0	0.0	0.0	0.0384615	0.0	0.0015	
Épervier d'Europe	0.0	0.1923077	0.0	0.0384615	0.1458333	0.1538462	0.1025641	0.0277778	0.0571429	0.0015	0.0204082	0.06	0.0015	0.0266667	0.0363636	0.0470588	0.0178571	0.0192308	0.0144928	0.0	0.0	0.025641	0.0	0.0015	0.03125	0.0147059	0.0535714	0.025	0.0416667	0.04	0.1489362	0.0465116	0.1923077	0.0394737	0.3076923	0.1621622	0.0571429	0.09375	0.1052632	0.0588235	0.1923077	0.1071429	0.2666667	0.0666667	0.2666667	0.1538462	0.1176471	0.15	
Autour des palombes	0.0	0.0	0.0	0.0	0.0	0.025641	0.0	0.0	0.0	0.030303	0.0	0.0	0.0	0.0015	0.0	0.0	0.0	0.0	0.0	0.0	0.0	0.0	0.0	0.0	0.0	0.0	0.0	0.0125	0.0	0.0	0.0	0.0	0.0	0.0131579	0.0	0.0	0.0	0.0	0.0015	0.0	0.0	0.0	0.0666667	0.0	0.0	0.0	0.0	0.0	
Épervier d'Europe ou Autour des palombes	0.0	0.0	0.0	0.0	0.0	0.0	0.0	0.0	0.0	0.0	0.0	0.0	0.0	0.0	0.0	0.0	0.0	0.0	0.0	0.0	0.0	0.0	0.0	0.0	0.0	0.0	0.0	0.0	0.0	0.0	0.0	0.0	0.0	0.0	0.0	0.027027	0.0	0.0	0.0	0.0	0.0	0.0	0.0	0.0	0.0	0.0	0.0	0.0	
Busard des roseaux	0.0015	0.1538462	0.0015	0.0384615	0.0208333	0.0	0.0	0.0	0.0571429	0.0015	0.0	0.02	0.0645161	0.0533333	0.0181818	0.0352941	0.0714286	0.0096154	0.0289855	0.0151515	0.0	0.0	0.0	0.0	0.0	0.0147059	0.0	0.0125	0.0104167	0.0015	0.0425532	0.0930233	0.1153846	0.0789474	0.1923077	0.1081081	0.0571429	0.0	0.0263158	0.0	0.0769231	0.1071429	0.0666667	0.0666667	0.1333333	0.0	0.1176471	0.0	
Busard Saint-Martin	0.1290323	0.1923077	0.0666667	0.0	0.0625	0.025641	0.0512821	0.0138889	0.0285714	0.0	0.0204082	0.0	0.016129	0.0266667	0.0015	0.0117647	0.0178571	0.0192308	0.0144928	0.0	0.0	0.0015	0.0	0.0015	0.0	0.0	0.0357143	0.0	0.0104167	0.0	0.0	0.0697674	0.1538462	0.0789474	0.0384615	0.0540541	0.0571429	0.03125	0.0526316	0.0196078	0.1538462	0.1785714	0.2	0.0666667	0.2	0.0384615	0.1764706	0.0015	
Busard pâle	0.0322581	0.0015	0.0015	0.0384615	0.0015	0.0	0.025641	0.0	0.0	0.0	0.0	0.0	0.0	0.0	0.0	0.0	0.0	0.0	0.0	0.0	0.0	0.0	0.0	0.0	0.0	0.0	0.0	0.0	0.0	0.0	0.0	0.0	0.0	0.0015	0.0	0.0	0.0	0.0	0.0	0.0	0.0769231	0.0	0.1333333	0.0	0.0666667	0.0	0.0015	0.0015	
Busard cendré	0.0	0.0	0.0	0.0	0.0	0.0	0.0	0.0	0.0	0.0	0.0	0.0	0.0	0.0	0.0015	0.0117647	0.0357143	0.0015	0.0	0.0151515	0.0	0.0	0.0	0.0	0.0	0.0	0.0178571	0.0	0.0	0.0	0.0	0.0232558	0.0769231	0.0263158	0.0	0.0	0.0	0.0	0.0	0.0	0.0	0.0	0.0	0.0	0.0	0.0	0.0	0.0	
busard sp.	0.0	0.0	0.0	0.0	0.0	0.0	0.0	0.0	0.0	0.030303	0.0	0.0	0.0	0.0	0.0	0.0	0.0	0.0	0.0	0.0	0.0	0.0	0.0	0.0	0.0	0.0	0.0	0.0	0.0	0.0	0.0	0.0	0.0	0.0	0.0384615	0.0	0.0	0.0	0.0	0.0	0.0	0.0	0.0	0.0	0.0	0.0	0.0	0.0	
Milan royal	0.483871	0.5769231	0.3333333	0.4230769	0.4166667	0.3333333	0.4358974	0.375	0.4571429	0.3939394	0.2857143	0.34	0.2741935	0.1733333	0.2545455	0.1647059	0.1071429	0.1634615	0.2173913	0.1363636	0.0952381	0.1282051	0.0652174	0.18	0.046875	0.1323529	0.1428571	0.075	0.1041667	0.06	0.106383	0.0930233	0.1538462	0.1842105	0.1923077	0.4054054	0.2	0.34375	0.2105263	0.254902	0.4230769	0.4642857	0.4	0.4	0.4333333	0.1923077	0.5294118	0.1	
Milan noir	0.0	0.0	0.0	0.0	0.0	0.0	0.0	0.0138889	0.0	0.0909091	0.1020408	0.2	0.1935484	0.1466667	0.1818182	0.1058824	0.2857143	0.25	0.2318841	0.1666667	0.1666667	0.1025641	0.1304348	0.28	0.0625	0.1617647	0.0892857	0.075	0.09375	0.08	0.106383	0.0697674	0.0384615	0.1184211	0.0015	0.027027	0.0	0.0	0.0	0.0	0.0	0.0	0.0	0.0	0.0	0.0	0.0	0.0	
Milan royal ou M. noir	0.0	0.0	0.0	0.0	0.0	0.0	0.0	0.0	0.0	0.0	0.0	0.01	0.0	0.0	0.0181818	0.0470588	0.0357143	0.0096154	0.0	0.0151515	0.0	0.0	0.0	0.0	0.0	0.0	0.0	0.0	0.0	0.0	0.0	0.0	0.0	0.0	0.0	0.0	0.0	0.0	0.0	0.0	0.0	0.0	0.0	0.0	0.0	0.0	0.0	0.0	
Buse variable	0.483871	0.5769231	0.2666667	0.4615385	0.5	0.5641026	0.3589744	0.3333333	0.5428571	0.5757576	0.244898	0.34	0.2741935	0.24	0.2363636	0.1647059	0.2857143	0.2307692	0.2173913	0.1363636	0.2142857	0.0512821	0.1304348	0.18	0.25	0.1764706	0.1785714	0.1	0.1875	0.18	0.2978723	0.3023256	0.3076923	0.2894737	0.3076923	0.4864865	0.2857143	0.09375	0.3684211	0.1764706	0.4230769	0.4642857	0.4666667	0.2666667	0.4666667	0.3076923	0.2941176	0.05	
Buteo sp.	0.0	0.0	0.0	0.0	0.0	0.0	0.0	0.0	0.0	0.0	0.0	0.0	0.0	0.0	0.0	0.0	0.0	0.0096154	0.0	0.0	0.0	0.0	0.0	0.0	0.0	0.0	0.0	0.0	0.0	0.0	0.0212766	0.0	0.0	0.0	0.0	0.0	0.0	0.0	0.0	0.0	0.0	0.0	0.0	0.0	0.0	0.0	0.0	0.0	
rapace sp.	0.0322581	0.0	0.0	0.0	0.0	0.0015	0.0	0.0	0.0	0.0	0.0	0.0	0.0	0.0	0.0015	0.0	0.0	0.0	0.0015	0.0151515	0.0238095	0.0	0.0	0.0	0.0	0.0	0.0	0.0	0.0	0.0	0.0	0.0232558	0.0384615	0.0	0.0	0.027027	0.0	0.0	0.0263158	0.0	0.0	0.0	0.0	0.0	0.0	0.0	0.0	0.0	
Effraie des clochers	0.0	0.0	0.0	0.0015	0.0015	0.0	0.0	0.0	0.0	0.0	0.0	0.0015	0.0015	0.0133333	0.0181818	0.0015	0.0	0.0015	0.0015	0.0	0.0	0.0015	0.0	0.0	0.0	0.0	0.0	0.0	0.0104167	0.0	0.0015	0.0015	0.0	0.0	0.0	0.0015	0.0	0.0	0.0	0.0196078	0.0	0.0015	0.0	0.0	0.0015	0.0	0.0	0.0	
Petit-duc scops	0.0	0.0	0.0	0.0	0.0	0.0	0.0	0.0	0.0	0.0	0.0	0.0	0.0	0.0015	0.0181818	0.0015	0.0178571	0.0	0.0	0.0151515	0.0	0.0	0.0217391	0.0	0.0	0.0	0.0	0.0015	0.0104167	0.0	0.0212766	0.0	0.0	0.0	0.0	0.0	0.0	0.0	0.0	0.0	0.0	0.0	0.0	0.0	0.0	0.0	0.0	0.0	
Grand-duc d'Europe	0.0	0.0	0.0015	0.0	0.0208333	0.0	0.0015	0.0	0.0	0.0015	0.0015	0.01	0.0322581	0.0133333	0.0015	0.0117647	0.0	0.0	0.0	0.0	0.0	0.0	0.0015	0.0	0.0	0.0	0.0	0.0	0.0	0.0	0.0	0.0	0.0	0.0	0.0	0.0	0.0	0.0	0.0	0.0	0.0	0.0	0.0	0.0	0.0	0.0	0.0	0.0	
Chevêche d'Athéna	0.0322581	0.0	0.0	0.0384615	0.0208333	0.0	0.0	0.0	0.0	0.0015	0.0	0.01	0.0	0.0	0.0015	0.0	0.0	0.0	0.0144928	0.0	0.0238095	0.025641	0.0	0.0	0.0	0.0147059	0.0	0.0	0.0208333	0.02	0.0015	0.0	0.0384615	0.0131579	0.0015	0.0	0.0	0.0	0.0	0.0015	0.0384615	0.0015	0.0	0.0	0.0	0.0	0.0588235	0.0	
Chouette hulotte	0.0	0.0015	0.0015	0.0384615	0.0625	0.0769231	0.0512821	0.0277778	0.0015	0.0015	0.0015	0.02	0.016129	0.04	0.0363636	0.0352941	0.0	0.0096154	0.0289855	0.0454545	0.047619	0.0015	0.0217391	0.04	0.03125	0.0294118	0.0535714	0.0015	0.03125	0.08	0.0212766	0.0	0.0	0.0263158	0.0015	0.0015	0.0	0.03125	0.0526316	0.0392157	0.0384615	0.0357143	0.0	0.0	0.0015	0.0	0.0	0.0015	
Hibou moyen-duc	0.0	0.0	0.0	0.0	0.0	0.0	0.0	0.0	0.0	0.0	0.0	0.0	0.0	0.0	0.0015	0.0235294	0.0	0.0	0.0	0.0	0.0	0.0	0.0	0.0	0.0	0.0	0.0	0.0	0.0	0.02	0.0	0.0	0.0	0.0	0.0	0.0	0.0	0.0	0.0	0.0	0.0	0.0	0.0	0.0	0.0015	0.0	0.0	0.0	
Hibou des marais	0.0015	0.0	0.0015	0.0015	0.0	0.0	0.0	0.0	0.0	0.0	0.0	0.0	0.0	0.0	0.0	0.0	0.0	0.0	0.0	0.0	0.0	0.0	0.0	0.0	0.0	0.0	0.0	0.0	0.0	0.0	0.0	0.0	0.0	0.0	0.0	0.0	0.0	0.0	0.0	0.0	0.0	0.0	0.0666667	0.0	0.0666667	0.0	0.0	0.0	
Chouette de Tengmalm	0.0	0.0	0.0	0.0	0.0208333	0.025641	0.0	0.0	0.0	0.0	0.0	0.0	0.0	0.0	0.0	0.0015	0.0	0.0	0.0	0.0	0.0	0.0	0.0	0.0	0.0	0.0	0.0	0.0015	0.0	0.0	0.0	0.0	0.0	0.0	0.0	0.0	0.0	0.0	0.0	0.0	0.0	0.0	0.0	0.0	0.0	0.0	0.0	0.0	
Huppe fasciée	0.0	0.0	0.0	0.0	0.0	0.0	0.0	0.0	0.0	0.0	0.0	0.01	0.0483871	0.04	0.1090909	0.0588235	0.0714286	0.0288462	0.0289855	0.0606061	0.0714286	0.0512821	0.0869565	0.02	0.046875	0.0588235	0.0015	0.0015	0.0208333	0.08	0.0851064	0.0465116	0.0	0.0131579	0.0	0.0	0.0	0.0	0.0	0.0	0.0	0.0	0.0	0.0	0.0	0.0	0.0	0.0	
Guêpier d'Europe	0.0	0.0	0.0	0.0	0.0	0.0	0.0	0.0	0.0	0.0	0.0	0.0	0.016129	0.0	0.0015	0.0117647	0.125	0.1153846	0.0724638	0.1212121	0.0015	0.0769231	0.0434783	0.08	0.0625	0.0441176	0.0357143	0.0625	0.0104167	0.02	0.0212766	0.1395349	0.0769231	0.0921053	0.0769231	0.0	0.0	0.0	0.0	0.0	0.0	0.0	0.0	0.0	0.0	0.0	0.0	0.0	
Martin-pêcheur d'Europe	0.0645161	0.0384615	0.2666667	0.0015	0.0208333	0.025641	0.025641	0.0138889	0.0571429	0.0606061	0.0204082	0.03	0.016129	0.0133333	0.0181818	0.0117647	0.0	0.0288462	0.0434783	0.0015	0.0238095	0.025641	0.0217391	0.1	0.078125	0.1176471	0.0535714	0.075	0.0104167	0.12	0.1914894	0.2790698	0.0384615	0.1842105	0.1153846	0.1351351	0.0857143	0.1875	0.1052632	0.0980392	0.2307692	0.1428571	0.1333333	0.0666667	0.2	0.0769231	0.0	0.0015	
Rollier d'Europe	0.0	0.0	0.0	0.0	0.0	0.0	0.0	0.0	0.0	0.0	0.0	0.0	0.0	0.0	0.0	0.0	0.0	0.0	0.0015	0.0015	0.0	0.0	0.0	0.0	0.0	0.0	0.0178571	0.0	0.0104167	0.02	0.0015	0.0697674	0.1153846	0.0394737	0.0384615	0.027027	0.0	0.0	0.0	0.0	0.0	0.0	0.0	0.0	0.0	0.0	0.0	0.0	
Torcol fourmilier	0.0	0.0	0.0	0.0	0.0	0.0	0.0	0.0	0.0	0.0	0.0	0.0	0.016129	0.0266667	0.0181818	0.0352941	0.0357143	0.0015	0.0015	0.0015	0.0	0.0	0.0015	0.0015	0.015625	0.0	0.0015	0.0	0.0	0.02	0.0	0.0	0.0	0.0	0.0	0.0	0.0015	0.0	0.0	0.0	0.0	0.0	0.0	0.0	0.0	0.0	0.0	0.0	
Pic mar	0.0322581	0.0	0.0015	0.0015	0.0416667	0.025641	0.1025641	0.0138889	0.0571429	0.0	0.0204082	0.03	0.016129	0.04	0.0181818	0.0015	0.0178571	0.0288462	0.0434783	0.030303	0.0015	0.0769231	0.0	0.0	0.03125	0.0294118	0.0535714	0.0	0.0208333	0.0	0.0	0.0232558	0.0	0.0015	0.0015	0.0	0.0	0.03125	0.0	0.0196078	0.0384615	0.0	0.0	0.0	0.0	0.0	0.0	0.0	
Pic à dos blanc	0.0	0.0	0.0	0.0	0.0	0.0	0.0	0.0	0.0	0.0	0.0	0.0	0.0	0.0	0.0181818	0.0	0.0	0.0	0.0	0.0	0.0	0.0	0.0	0.0	0.0	0.0	0.0	0.0	0.0	0.0	0.0	0.0	0.0	0.0	0.0	0.0	0.0	0.0	0.0	0.0	0.0	0.0	0.0	0.0	0.0	0.0	0.0	0.0	
Pic épeiche	0.0967742	0.2307692	0.3333333	0.1923077	0.2291667	0.2564103	0.0769231	0.125	0.0285714	0.1515152	0.0612245	0.15	0.1612903	0.04	0.0727273	0.0470588	0.1607143	0.1634615	0.2028986	0.1666667	0.1904762	0.025641	0.173913	0.16	0.140625	0.1176471	0.0178571	0.1	0.1770833	0.22	0.0638298	0.1395349	0.0769231	0.0263158	0.0769231	0.1081081	0.1142857	0.03125	0.1315789	0.0980392	0.2307692	0.1071429	0.2	0.2	0.1666667	0.0384615	0.0588235	0.05	
Dendrocopos sp.	0.0	0.0	0.0	0.0	0.0	0.0	0.0	0.0	0.0	0.0	0.0	0.0	0.016129	0.0	0.0181818	0.0	0.0	0.0	0.0	0.0	0.0	0.0	0.0	0.0	0.0	0.0	0.0	0.0	0.0	0.0	0.0	0.0232558	0.0	0.0	0.0	0.0	0.0	0.0	0.0	0.0	0.0	0.0	0.0	0.0	0.0	0.0	0.0	0.0	
Pic épeichette	0.0	0.0	0.0666667	0.0	0.0208333	0.025641	0.0512821	0.0138889	0.0285714	0.0909091	0.0	0.03	0.016129	0.0266667	0.0	0.0	0.0	0.0	0.0	0.0	0.0015	0.025641	0.0217391	0.06	0.03125	0.0	0.0015	0.0125	0.0104167	0.02	0.0	0.0	0.0	0.0	0.0	0.0	0.0	0.0	0.0	0.0	0.0384615	0.0	0.0	0.0	0.0333333	0.0	0.0	0.05	
Pic vert	0.1290323	0.1538462	0.3333333	0.1153846	0.0833333	0.2307692	0.3076923	0.1111111	0.2	0.3636364	0.1836735	0.26	0.2096774	0.1333333	0.1454545	0.1647059	0.0892857	0.1153846	0.1014493	0.1363636	0.0238095	0.0512821	0.0652174	0.08	0.078125	0.0735294	0.0357143	0.0875	0.0416667	0.06	0.0851064	0.1395349	0.0769231	0.1315789	0.0	0.0810811	0.1714286	0.03125	0.1052632	0.1372549	0.1538462	0.0714286	0.2666667	0.0666667	0.0666667	0.0384615	0.1176471	0.15	
Pic de Sharpe	0.0	0.0	0.0	0.0	0.0	0.025641	0.025641	0.0416667	0.0	0.0606061	0.122449	0.07	0.0483871	0.0933333	0.0545455	0.0117647	0.0178571	0.0	0.0015	0.030303	0.047619	0.025641	0.0217391	0.02	0.03125	0.1176471	0.0357143	0.0375	0.1041667	0.12	0.0212766	0.0	0.0	0.0	0.0015	0.027027	0.0	0.0625	0.0	0.0015	0.0	0.0	0.0	0.0	0.0	0.0	0.0	0.05	
Pic vert ou P. de Sharpe	0.0	0.0	0.0	0.0	0.0208333	0.025641	0.0512821	0.0	0.0	0.0	0.0204082	0.02	0.0	0.0133333	0.0	0.0117647	0.0	0.0096154	0.0	0.0	0.0	0.0	0.0	0.04	0.03125	0.0147059	0.0	0.0	0.0	0.0	0.0	0.0	0.0384615	0.0131579	0.0	0.0	0.0	0.0	0.0015	0.0	0.0	0.0	0.0	0.0	0.1333333	0.0	0.0	0.0	
Pic noir	0.0967742	0.0384615	0.0666667	0.0	0.0625	0.0512821	0.1025641	0.0138889	0.0	0.030303	0.0	0.06	0.0322581	0.08	0.0363636	0.0235294	0.0535714	0.0480769	0.0434783	0.0909091	0.047619	0.025641	0.0434783	0.04	0.015625	0.0294118	0.0357143	0.05	0.0833333	0.0	0.0851064	0.0	0.0384615	0.0131579	0.1153846	0.0540541	0.0285714	0.03125	0.0263158	0.0392157	0.0384615	0.1071429	0.0015	0.0666667	0.0333333	0.0015	0.0588235	0.05	
Faucon crécerellette	0.0	0.0	0.0	0.0	0.0	0.0	0.0	0.0	0.0	0.0	0.0	0.0	0.0	0.0	0.0	0.0	0.0	0.0	0.0	0.0	0.0	0.0	0.0	0.0	0.0	0.0	0.0	0.0	0.0	0.0	0.0	0.0	0.0015	0.0	0.0384615	0.0	0.0	0.0	0.0	0.0	0.0	0.0	0.0	0.0	0.0	0.0	0.0	0.0	
Faucon crécerelle	0.4516129	0.3846154	0.3333333	0.3076923	0.3125	0.2051282	0.3076923	0.0416667	0.2571429	0.3333333	0.1836735	0.24	0.2419355	0.2666667	0.2909091	0.2235294	0.3392857	0.2211538	0.2028986	0.2272727	0.1428571	0.1794872	0.1956522	0.12	0.15625	0.1911765	0.1428571	0.1	0.1875	0.28	0.2553191	0.3488372	0.3461538	0.2894737	0.4230769	0.2702703	0.3142857	0.21875	0.2368421	0.2745098	0.5	0.3571429	0.3333333	0.2	0.5333333	0.2307692	0.4705882	0.15	
Faucon crécerellette ou F. crécerelle	0.0	0.0	0.0	0.0	0.0	0.0	0.0	0.0	0.0	0.0	0.0	0.0	0.0	0.0	0.0	0.0	0.0	0.0	0.0	0.0	0.0	0.0	0.0	0.0	0.0	0.0	0.0	0.0	0.0	0.0	0.0	0.0232558	0.0	0.0	0.0769231	0.0540541	0.0	0.0	0.0	0.0	0.0	0.0	0.0	0.0	0.0	0.0	0.0	0.0	
Faucon kobez	0.0	0.0	0.0	0.0	0.0	0.0	0.0	0.0	0.0	0.0	0.0	0.0	0.0	0.0	0.0	0.0	0.0	0.0096154	0.0	0.0	0.0	0.0	0.0	0.0	0.0	0.0	0.0	0.0	0.0	0.0	0.0	0.0	0.0384615	0.0263158	0.0015	0.027027	0.0	0.0	0.0	0.0	0.0	0.0	0.0	0.0	0.0	0.0	0.0	0.0	
Faucon d'Éléonore	0.0	0.0	0.0	0.0	0.0	0.0	0.0	0.0	0.0	0.0	0.0	0.0	0.0	0.0	0.0	0.0	0.0	0.0	0.0	0.0	0.0	0.0	0.0	0.0	0.0	0.0	0.0015	0.0	0.0	0.0	0.0	0.0	0.0	0.0131579	0.0	0.0	0.0	0.0	0.0	0.0	0.0	0.0	0.0	0.0	0.0	0.0	0.0	0.0	
Faucon émerillon	0.0015	0.0384615	0.0	0.0	0.0	0.0	0.0	0.0	0.0	0.0	0.0	0.0	0.0	0.0	0.0	0.0	0.0	0.0	0.0	0.0	0.0	0.0	0.0	0.0	0.0	0.0	0.0	0.0	0.0	0.0	0.0	0.0	0.0	0.0	0.0	0.0	0.0	0.03125	0.0	0.0	0.0	0.0357143	0.1333333	0.0	0.0	0.0	0.0015	0.0015	
Faucon hobereau	0.0	0.0	0.0	0.0	0.0	0.0	0.0	0.0	0.0	0.0	0.0	0.0	0.0	0.0	0.0363636	0.0117647	0.0535714	0.0961538	0.0869565	0.0151515	0.0	0.0512821	0.0	0.0	0.0015	0.0147059	0.0178571	0.0	0.03125	0.04	0.0212766	0.0232558	0.0384615	0.0263158	0.0384615	0.1081081	0.0285714	0.0	0.0	0.0	0.0	0.0	0.0	0.0	0.0	0.0	0.0	0.0	
Faucon pèlerin	0.0	0.0	0.0	0.0384615	0.0208333	0.1025641	0.0769231	0.0972222	0.0	0.030303	0.0	0.0	0.016129	0.0266667	0.0	0.0	0.0	0.0	0.0289855	0.0151515	0.0015	0.025641	0.0	0.04	0.0	0.0294118	0.0	0.025	0.0104167	0.0	0.0015	0.0015	0.0384615	0.0131579	0.0769231	0.0	0.0	0.03125	0.0263158	0.0392157	0.0384615	0.0	0.0666667	0.0	0.0666667	0.0769231	0.0588235	0.0	
petit faucon sp.	0.0	0.0	0.0	0.0	0.0	0.0	0.0	0.0	0.0	0.0	0.0	0.0	0.0	0.0	0.0	0.0	0.0	0.0	0.0	0.0	0.0	0.0	0.0	0.0	0.0	0.0	0.0	0.0	0.0104167	0.0	0.0	0.0	0.0	0.0	0.0	0.0	0.0	0.0	0.0	0.0	0.0	0.0	0.0	0.0	0.0	0.0	0.0	0.0	
Falco sp.	0.0	0.0	0.0	0.0	0.0	0.0	0.0	0.0	0.0	0.0	0.0	0.0	0.0	0.0	0.0	0.0235294	0.0	0.0	0.0	0.0	0.0	0.0	0.0	0.0	0.0	0.0	0.0	0.025	0.0	0.0	0.0	0.0	0.0384615	0.0	0.0	0.0	0.0	0.0	0.0	0.0	0.0	0.0	0.0	0.0	0.0	0.0	0.0	0.0	
Perruche à collier	0.0	0.0	0.0	0.0	0.0	0.0	0.0	0.0	0.0	0.0	0.0	0.0	0.0	0.0	0.0	0.0	0.0	0.0	0.0015	0.0	0.0	0.0	0.0	0.0	0.0	0.0	0.0	0.0	0.0	0.0	0.0	0.0	0.0	0.0	0.0	0.0	0.0	0.0	0.0	0.0	0.0	0.0	0.0	0.0	0.0	0.0	0.0	0.0	
Loriot d'Europe	0.0	0.0	0.0	0.0	0.0	0.0	0.0	0.0	0.0	0.0	0.0	0.0	0.016129	0.0	0.1090909	0.0705882	0.1607143	0.25	0.1304348	0.1515152	0.0238095	0.1025641	0.173913	0.02	0.125	0.1617647	0.0178571	0.025	0.03125	0.04	0.0851064	0.1395349	0.0	0.0131579	0.0	0.0	0.0	0.0	0.0	0.0	0.0	0.0	0.0	0.0	0.0	0.0	0.0	0.0	
Pie-grièche écorcheur	0.0	0.0	0.0	0.0	0.0	0.0	0.0	0.0	0.0	0.0	0.0	0.0	0.0	0.0	0.0	0.0	0.0178571	0.0576923	0.0144928	0.030303	0.047619	0.0512821	0.0217391	0.06	0.078125	0.0588235	0.0357143	0.025	0.0729167	0.1	0.0851064	0.0232558	0.0769231	0.0131579	0.0	0.0	0.0	0.0	0.0	0.0	0.0	0.0	0.0	0.0	0.0	0.0	0.0	0.0	
Pie-grièche méridionale	0.0	0.0384615	0.0	0.0	0.0208333	0.0	0.0	0.0	0.0	0.0	0.0	0.0	0.0	0.0	0.0	0.0	0.0	0.0	0.0	0.0	0.0	0.0	0.0	0.0	0.0	0.0	0.0	0.0	0.0	0.0	0.0	0.0	0.0384615	0.0131579	0.0	0.0	0.0285714	0.0	0.0	0.0196078	0.0384615	0.0714286	0.0	0.0	0.0666667	0.0	0.0	0.0015	
Pie-grièche à tête rousse	0.0	0.0	0.0	0.0	0.0	0.0	0.0	0.0	0.0	0.0	0.0	0.0	0.0	0.0	0.0	0.0	0.0178571	0.0	0.0	0.0	0.0	0.0	0.0	0.0	0.0	0.0	0.0	0.0	0.0	0.0	0.0	0.0232558	0.0	0.0263158	0.0	0.0	0.0	0.0	0.0	0.0	0.0	0.0	0.0	0.0	0.0	0.0	0.0	0.0	
Geai des chênes	0.1935484	0.5	0.4	0.2692308	0.2291667	0.3589744	0.2820513	0.2361111	0.2571429	0.3636364	0.3061224	0.26	0.3225806	0.1866667	0.2545455	0.1882353	0.1607143	0.2019231	0.2028986	0.1666667	0.2619048	0.2051282	0.3043478	0.22	0.25	0.2058824	0.3392857	0.225	0.2604167	0.26	0.212766	0.2790698	0.1923077	0.1973684	0.3846154	0.2702703	0.3142857	0.46875	0.3947368	0.4117647	0.5	0.3571429	0.3333333	0.2666667	0.4666667	0.3846154	0.1764706	0.15	
Pie bavarde	0.7096774	0.5384615	0.6666667	0.3076923	0.2916667	0.4102564	0.4615385	0.2222222	0.4	0.6060606	0.4489796	0.38	0.4354839	0.3333333	0.3818182	0.2941176	0.25	0.3653846	0.3768116	0.2878788	0.2142857	0.1282051	0.2608696	0.24	0.15625	0.25	0.2678571	0.1375	0.1145833	0.14	0.1914894	0.3255814	0.1538462	0.3815789	0.1923077	0.4054054	0.4285714	0.375	0.3157895	0.372549	0.5	0.3571429	0.6666667	0.4666667	0.5	0.3846154	0.5294118	0.3	
Crave à bec rouge	0.0	0.0	0.0015	0.0	0.0	0.0512821	0.025641	0.0694444	0.0571429	0.0	0.0204082	0.01	0.0483871	0.04	0.0	0.0	0.0535714	0.0288462	0.0434783	0.0606061	0.0714286	0.1025641	0.0434783	0.02	0.046875	0.0294118	0.0714286	0.025	0.0625	0.08	0.1276596	0.1395349	0.1153846	0.0131579	0.1153846	0.0810811	0.0285714	0.03125	0.0263158	0.0392157	0.0	0.0	0.0	0.0666667	0.0	0.0384615	0.0	0.0	
Chocard à bec jaune	0.0	0.0	0.0	0.0	0.0	0.0	0.0	0.0138889	0.0015	0.0	0.0204082	0.01	0.016129	0.0266667	0.0181818	0.0015	0.0178571	0.0015	0.0144928	0.1212121	0.0238095	0.0512821	0.0217391	0.08	0.03125	0.0294118	0.1428571	0.05	0.03125	0.04	0.0851064	0.0697674	0.0769231	0.0131579	0.2307692	0.027027	0.0285714	0.0625	0.0789474	0.0980392	0.1153846	0.0357143	0.0	0.0	0.0	0.0	0.0	0.0	
Choucas des tours	0.0967742	0.1538462	0.0666667	0.0384615	0.0416667	0.1282051	0.0512821	0.0416667	0.1142857	0.0909091	0.0	0.04	0.0483871	0.08	0.0363636	0.0588235	0.0535714	0.0673077	0.057971	0.0454545	0.0238095	0.0512821	0.0652174	0.04	0.0	0.0441176	0.0357143	0.0015	0.0208333	0.02	0.0015	0.0	0.0769231	0.0263158	0.0769231	0.0810811	0.1142857	0.0	0.0526316	0.0	0.2307692	0.1785714	0.1333333	0.0666667	0.0333333	0.1153846	0.0	0.05	
Corbeau freux	0.0322581	0.0	0.0	0.0	0.0	0.0	0.0	0.0	0.0	0.0	0.0	0.0	0.0	0.0	0.0	0.0	0.0	0.0192308	0.0144928	0.0	0.0	0.0	0.0	0.0015	0.0	0.0	0.0	0.0	0.0104167	0.02	0.0212766	0.0	0.0	0.0	0.0	0.0	0.0	0.0	0.0	0.0	0.0	0.0	0.0	0.0	0.0	0.0	0.0	0.0	
Corneille noire	0.7096774	0.6153846	0.4666667	0.5	0.5	0.7692308	0.5897436	0.4027778	0.6571429	0.6060606	0.5714286	0.56	0.5483871	0.5066667	0.5272727	0.3294118	0.3928571	0.5	0.4637681	0.3484848	0.3809524	0.3076923	0.2826087	0.36	0.40625	0.3382353	0.2321429	0.2	0.25	0.34	0.2978723	0.3953488	0.3846154	0.4210526	0.5	0.4324324	0.5142857	0.59375	0.5	0.6078431	0.5	0.4285714	0.6	0.4666667	0.7333333	0.5	0.4117647	0.45	
corneille sp.	0.0	0.0	0.0	0.0	0.0	0.0	0.0	0.0	0.0	0.0	0.0	0.0	0.0	0.0015	0.0	0.0	0.0	0.0	0.0	0.0	0.0	0.0	0.0	0.0	0.0	0.0	0.0	0.0	0.0	0.0	0.0	0.0	0.0	0.0	0.0	0.027027	0.0	0.0	0.0	0.0	0.0	0.0	0.0	0.0	0.0	0.0	0.0	0.0	
Grand Corbeau	0.1612903	0.1153846	0.0015	0.0769231	0.1666667	0.2564103	0.2051282	0.1666667	0.1428571	0.1515152	0.0816327	0.16	0.1290323	0.1333333	0.1454545	0.1058824	0.1071429	0.1057692	0.1014493	0.1666667	0.1904762	0.1538462	0.0869565	0.02	0.125	0.0882353	0.1071429	0.15	0.1770833	0.06	0.2340426	0.1162791	0.1923077	0.1710526	0.1538462	0.2702703	0.0857143	0.25	0.2368421	0.1764706	0.3076923	0.0714286	0.0666667	0.2	0.1666667	0.1538462	0.0588235	0.15	
corvidé sp.	0.0	0.0	0.0	0.0	0.0	0.0	0.0	0.0	0.0	0.0	0.0	0.0	0.0	0.0	0.0	0.0	0.0	0.0	0.0	0.0	0.0	0.0	0.0	0.0	0.0	0.0	0.0	0.0	0.0104167	0.0	0.0	0.0	0.0	0.0	0.0	0.0	0.0	0.0	0.0	0.0	0.0	0.0	0.0	0.0	0.0	0.0	0.0	0.0	
Mésange noire	0.1290323	0.0	0.0666667	0.0384615	0.0833333	0.0512821	0.0769231	0.0416667	0.0	0.0909091	0.0612245	0.07	0.1451613	0.1333333	0.0727273	0.1058824	0.0535714	0.0576923	0.057971	0.1363636	0.1190476	0.1794872	0.1521739	0.06	0.125	0.0735294	0.1964286	0.1375	0.1770833	0.22	0.2553191	0.1162791	0.0769231	0.0526316	0.2307692	0.1081081	0.1142857	0.09375	0.1315789	0.2352941	0.0769231	0.0357143	0.0015	0.0666667	0.0333333	0.0769231	0.0015	0.1	
Mésange huppée	0.0645161	0.0384615	0.0666667	0.0384615	0.0833333	0.0512821	0.0512821	0.0416667	0.0	0.030303	0.0408163	0.02	0.0322581	0.0015	0.0363636	0.0352941	0.0178571	0.0288462	0.0289855	0.030303	0.0238095	0.1025641	0.0217391	0.12	0.046875	0.0882353	0.0535714	0.0875	0.09375	0.18	0.1914894	0.0465116	0.0384615	0.0394737	0.1538462	0.0810811	0.0857143	0.0625	0.0789474	0.1764706	0.0	0.0357143	0.0	0.0666667	0.0666667	0.0	0.0015	0.05	
Mésange nonnette	0.0322581	0.2307692	0.1333333	0.0769231	0.2083333	0.1794872	0.1794872	0.1944444	0.2	0.1212121	0.0612245	0.04	0.1129032	0.0266667	0.0545455	0.0941176	0.0535714	0.0288462	0.0144928	0.0454545	0.047619	0.0512821	0.0217391	0.04	0.03125	0.0441176	0.0357143	0.1125	0.0833333	0.04	0.106383	0.0465116	0.0384615	0.0131579	0.0384615	0.1081081	0.1428571	0.03125	0.0526316	0.0392157	0.1153846	0.0714286	0.0666667	0.2	0.1666667	0.1153846	0.0	0.0015	
Mésange bleue	0.3225806	0.4615385	0.8	0.6538462	0.5208333	0.5128205	0.5128205	0.5138889	0.6571429	0.6363636	0.6326531	0.59	0.5	0.4266667	0.2909091	0.3294118	0.25	0.2980769	0.3478261	0.2424242	0.2142857	0.2820513	0.0869565	0.32	0.21875	0.1470588	0.1785714	0.2375	0.3125	0.36	0.1489362	0.2325581	0.2692308	0.25	0.2692308	0.2972973	0.3428571	0.28125	0.5263158	0.254902	0.3076923	0.3571429	0.4	0.4666667	0.5333333	0.5	0.2941176	0.55	
Mésange charbonnière	0.3225806	0.4230769	0.8	0.6153846	0.5625	0.7179487	0.7692308	0.6666667	0.7142857	0.7878788	0.6734694	0.67	0.7419355	0.5466667	0.4	0.5058824	0.3928571	0.4326923	0.5362319	0.3939394	0.3571429	0.0769231	0.1956522	0.42	0.328125	0.3088235	0.3214286	0.3125	0.3333333	0.26	0.2553191	0.3953488	0.1923077	0.2631579	0.3076923	0.3513514	0.4571429	0.4375	0.3684211	0.3529412	0.3846154	0.2857143	0.6	0.5333333	0.5666667	0.5	0.4117647	0.7	
Rémiz penduline	0.0	0.0	0.0	0.0	0.0	0.0	0.0	0.0	0.0	0.0	0.0	0.01	0.0	0.0	0.0	0.0	0.0	0.0	0.0	0.0	0.0	0.0	0.0	0.0	0.0	0.0	0.0	0.0	0.0	0.0	0.0	0.0	0.0	0.0	0.0	0.0	0.0	0.0	0.0	0.0196078	0.0	0.0	0.0	0.0	0.0	0.0	0.0	0.0	
Alouette lulu	0.0645161	0.0384615	0.0	0.0	0.0208333	0.0	0.0	0.0	0.0	0.0	0.0408163	0.02	0.0483871	0.0015	0.0363636	0.0235294	0.0357143	0.0192308	0.0144928	0.0151515	0.0015	0.0	0.0	0.02	0.015625	0.0	0.0	0.0	0.0	0.04	0.0	0.0	0.0	0.0	0.0	0.0	0.0571429	0.03125	0.0	0.0588235	0.0769231	0.1071429	0.0666667	0.0	0.0	0.0	0.0	0.0	
Alouette des champs	0.2258065	0.1923077	0.0666667	0.0015	0.125	0.0	0.0769231	0.0	0.1142857	0.0	0.0	0.0	0.0483871	0.0533333	0.0545455	0.0235294	0.1071429	0.1057692	0.0434783	0.0606061	0.0714286	0.1025641	0.1304348	0.04	0.03125	0.0441176	0.0178571	0.025	0.0	0.0	0.0	0.0	0.0384615	0.0	0.0	0.0	0.0571429	0.0	0.0789474	0.1960784	0.1923077	0.3214286	0.3333333	0.1333333	0.2333333	0.0384615	0.2352941	0.05	
Cochevis huppé	0.0	0.0384615	0.0015	0.0384615	0.0208333	0.0	0.0	0.0	0.0	0.0	0.0	0.0	0.0	0.0	0.0	0.0117647	0.0	0.0192308	0.0	0.0	0.0	0.0	0.0	0.0	0.0	0.0	0.0178571	0.0	0.0	0.0	0.0015	0.0	0.0	0.0131579	0.0	0.027027	0.0	0.0	0.0	0.0	0.0	0.0357143	0.0	0.0	0.0	0.0	0.0	0.0	
Cisticole des joncs	0.0967742	0.1538462	0.1333333	0.0384615	0.0208333	0.025641	0.025641	0.0	0.0285714	0.1212121	0.0	0.09	0.0645161	0.1866667	0.2	0.0470588	0.1964286	0.1634615	0.0869565	0.1060606	0.0	0.025641	0.1304348	0.06	0.078125	0.1029412	0.0357143	0.05	0.0104167	0.08	0.1489362	0.2790698	0.1153846	0.1052632	0.0769231	0.027027	0.0285714	0.03125	0.0263158	0.0784314	0.2692308	0.1785714	0.4	0.0	0.1333333	0.0769231	0.1764706	0.05	
Hypolaïs polyglotte	0.0	0.0	0.0	0.0	0.0	0.0	0.0	0.0	0.0	0.0	0.0	0.0	0.0	0.0133333	0.0363636	0.0470588	0.125	0.1826923	0.1449275	0.1212121	0.0	0.0769231	0.1086957	0.08	0.03125	0.0147059	0.0	0.0375	0.0104167	0.02	0.0212766	0.0	0.0	0.0015	0.0	0.0	0.0	0.0	0.0	0.0	0.0	0.0	0.0	0.0	0.0	0.0	0.0	0.0	
Phragmite des joncs	0.0	0.0	0.0	0.0	0.0	0.0	0.0	0.0	0.0	0.0	0.0	0.0	0.0	0.0	0.0181818	0.0	0.0	0.0	0.0	0.0	0.0	0.0	0.0	0.0	0.0	0.0	0.0	0.0	0.0	0.0	0.0	0.0	0.0	0.0	0.0	0.0	0.0	0.0	0.0	0.0	0.0	0.0	0.0	0.0	0.0	0.0	0.0	0.0	
Rousserolle effarvatte	0.0	0.0	0.0	0.0	0.0	0.0	0.0	0.0	0.0	0.0	0.0	0.0	0.0	0.0015	0.0	0.0	0.0357143	0.0096154	0.0289855	0.0151515	0.0	0.0	0.0	0.0	0.0	0.0147059	0.0	0.0125	0.0	0.02	0.0	0.0232558	0.0	0.0	0.0	0.0	0.0	0.0	0.0	0.0	0.0	0.0	0.0	0.0	0.0	0.0	0.0	0.0	
Rousserolle turdoïde	0.0	0.0	0.0	0.0	0.0	0.0	0.0	0.0	0.0	0.0	0.0	0.0	0.0	0.0	0.0	0.0	0.0	0.0	0.0	0.0	0.0	0.0	0.0	0.02	0.015625	0.0	0.0	0.0	0.0	0.0	0.0	0.0	0.0	0.0	0.0	0.0	0.0	0.0	0.0	0.0	0.0	0.0	0.0	0.0	0.0	0.0	0.0	0.0	
Acrocephalus sp.	0.0	0.0	0.0	0.0	0.0	0.0	0.0	0.0	0.0	0.0	0.0	0.0	0.0	0.0133333	0.0	0.0	0.0	0.0	0.0	0.0	0.0	0.0	0.0	0.0	0.0	0.0	0.0	0.0	0.0	0.0	0.0	0.0	0.0	0.0	0.0	0.0	0.0	0.0	0.0	0.0	0.0	0.0	0.0	0.0	0.0	0.0	0.0	0.0	
Hirondelle de rivage	0.0	0.0	0.0	0.0	0.0	0.0	0.0	0.0	0.0	0.0	0.0	0.02	0.0645161	0.0266667	0.0909091	0.0	0.0357143	0.0769231	0.0289855	0.0454545	0.0	0.0	0.0	0.0	0.0	0.0	0.0	0.0	0.0104167	0.0	0.0	0.0232558	0.0	0.0394737	0.0384615	0.0540541	0.0	0.0	0.0	0.0	0.0	0.0	0.0	0.0	0.0	0.0	0.0	0.0	
Hirondelle de rochers	0.0	0.0015	0.0	0.0015	0.0	0.1025641	0.1025641	0.0972222	0.0571429	0.1212121	0.0408163	0.09	0.1451613	0.0533333	0.0909091	0.0705882	0.0535714	0.0769231	0.0869565	0.0757576	0.047619	0.0769231	0.0652174	0.04	0.03125	0.1617647	0.1785714	0.1	0.1770833	0.2	0.0425532	0.1395349	0.0384615	0.1315789	0.2307692	0.1081081	0.0285714	0.0625	0.0263158	0.0392157	0.0	0.0	0.0	0.0	0.0666667	0.0384615	0.0015	0.0	
Hirondelle rustique	0.0	0.0	0.0	0.0	0.0	0.0	0.0	0.0	0.0	0.0909091	0.0612245	0.2	0.2258065	0.24	0.3272727	0.2470588	0.2857143	0.3365385	0.2173913	0.2272727	0.1666667	0.1538462	0.2173913	0.3	0.234375	0.1617647	0.125	0.0875	0.1458333	0.28	0.1489362	0.3255814	0.2692308	0.3157895	0.1923077	0.4054054	0.2285714	0.09375	0.0526316	0.0	0.0	0.0	0.0	0.0	0.0	0.0	0.0	0.0	
Hirondelle de fenêtre	0.0	0.0	0.0	0.0	0.0	0.0	0.0	0.0	0.0	0.0015	0.0015	0.07	0.1451613	0.12	0.1818182	0.1294118	0.1964286	0.25	0.1884058	0.1969697	0.1904762	0.2564103	0.1956522	0.16	0.140625	0.2352941	0.1964286	0.1	0.2083333	0.34	0.2765957	0.3023256	0.2307692	0.3289474	0.1153846	0.2162162	0.1142857	0.0	0.0526316	0.0	0.0	0.0	0.0	0.0	0.0	0.0	0.0	0.0	
Hirondelle rousseline	0.0	0.0	0.0	0.0	0.0	0.0	0.0	0.0	0.0	0.0	0.0	0.0015	0.0	0.0133333	0.0	0.0	0.0	0.0	0.0	0.0	0.0	0.0	0.0	0.0	0.0	0.0	0.0	0.0	0.0	0.0	0.0	0.0	0.0	0.0	0.0	0.0	0.0	0.0	0.0	0.0	0.0	0.0	0.0	0.0	0.0	0.0	0.0	0.0	
hirondelle sp.	0.0	0.0	0.0	0.0	0.0	0.0	0.0	0.0	0.0	0.0	0.0204082	0.0	0.0322581	0.0	0.0	0.0	0.0178571	0.0	0.0	0.0	0.0238095	0.0	0.0	0.0	0.0	0.0147059	0.0	0.0	0.0	0.02	0.0	0.0	0.0	0.0	0.0	0.0	0.0	0.0	0.0	0.0	0.0	0.0	0.0	0.0	0.0	0.0	0.0	0.0	
Pouillot siffleur	0.0	0.0	0.0	0.0	0.0	0.0	0.0	0.0	0.0	0.0	0.0	0.0	0.0	0.0	0.0	0.0	0.0178571	0.0096154	0.0144928	0.0	0.0238095	0.0	0.0	0.0	0.0	0.0147059	0.0178571	0.0	0.0	0.0	0.0	0.0	0.0	0.0	0.0	0.0	0.0	0.0	0.0	0.0	0.0	0.0	0.0	0.0	0.0	0.0	0.0	0.0	
Pouillot de Bonelli	0.0	0.0	0.0	0.0	0.0	0.0	0.0	0.0	0.0	0.0	0.0	0.01	0.0322581	0.0666667	0.0	0.0117647	0.0714286	0.0	0.0144928	0.0015	0.047619	0.0	0.0652174	0.04	0.0	0.0	0.0178571	0.0125	0.0416667	0.04	0.0638298	0.0	0.0	0.0263158	0.0	0.0	0.0	0.0	0.0	0.0	0.0	0.0	0.0	0.0	0.0	0.0	0.0	0.0	
Pouillot fitis	0.0	0.0	0.0	0.0	0.0	0.0	0.0	0.0	0.0	0.0	0.0	0.02	0.016129	0.0666667	0.0545455	0.0117647	0.0178571	0.0096154	0.057971	0.0	0.0	0.0	0.0	0.0	0.0	0.0	0.0	0.025	0.03125	0.06	0.0	0.0465116	0.0384615	0.0	0.1153846	0.0540541	0.0015	0.0	0.0	0.0	0.0	0.0	0.0	0.0	0.0	0.0	0.0	0.0	
Pouillot véloce	0.1935484	0.3461538	0.4	0.2692308	0.2916667	0.1794872	0.3589744	0.3055556	0.4857143	0.6363636	0.6938776	0.63	0.7258065	0.56	0.4909091	0.4470588	0.4821429	0.4038462	0.3623188	0.4242424	0.3571429	0.4358974	0.3043478	0.3	0.328125	0.2205882	0.125	0.2	0.25	0.32	0.1914894	0.2325581	0.0769231	0.1447368	0.4230769	0.2972973	0.4	0.28125	0.3684211	0.1960784	0.4615385	0.1785714	0.4	0.0666667	0.1333333	0.0769231	0.1764706	0.15	
pouillot sp.	0.0	0.0	0.0	0.0	0.0	0.0	0.0	0.0	0.0	0.0	0.0	0.0	0.0	0.0	0.0	0.0	0.0	0.0	0.0	0.0	0.0	0.0	0.0	0.0	0.015625	0.0	0.0	0.0125	0.0	0.0	0.0	0.0232558	0.0	0.0	0.0	0.0	0.0	0.0	0.0	0.0	0.0	0.0	0.0	0.0	0.0	0.0	0.0	0.0	
Bouscarle de Cetti	0.0322581	0.1153846	0.3333333	0.0	0.0833333	0.0512821	0.0769231	0.0	0.2	0.2121212	0.1020408	0.12	0.0645161	0.1733333	0.2181818	0.1058824	0.125	0.1634615	0.0869565	0.1060606	0.047619	0.0769231	0.0869565	0.06	0.078125	0.0441176	0.0	0.0	0.0	0.06	0.106383	0.2325581	0.0769231	0.1184211	0.1153846	0.1081081	0.0857143	0.1875	0.2894737	0.2156863	0.2307692	0.1428571	0.2	0.0666667	0.1	0.1538462	0.0588235	0.05	
Orite à longue queue	0.0	0.3461538	0.4	0.1538462	0.25	0.3333333	0.4358974	0.4166667	0.5428571	0.4545455	0.244898	0.25	0.2096774	0.12	0.1454545	0.1058824	0.1607143	0.1442308	0.1449275	0.0909091	0.0714286	0.0512821	0.0217391	0.06	0.0625	0.0882353	0.125	0.125	0.1041667	0.04	0.106383	0.1162791	0.0769231	0.0789474	0.1538462	0.1351351	0.2857143	0.25	0.2894737	0.2941176	0.2692308	0.1785714	0.0666667	0.1333333	0.2	0.1923077	0.1764706	0.2	
Fauvette à tête noire	0.0645161	0.0384615	0.2666667	0.1538462	0.1041667	0.0512821	0.1025641	0.1527778	0.2571429	0.4545455	0.5918367	0.65	0.6612903	0.5733333	0.4	0.5176471	0.4464286	0.4711538	0.4637681	0.4393939	0.3809524	0.4871795	0.4565217	0.48	0.59375	0.4705882	0.2678571	0.175	0.2604167	0.3	0.212766	0.2325581	0.0769231	0.1973684	0.2692308	0.1891892	0.2571429	0.21875	0.1842105	0.0784314	0.1923077	0.0357143	0.1333333	0.0	0.0	0.0384615	0.0588235	0.0015	
Fauvette des jardins	0.0	0.0	0.0	0.0	0.0	0.0	0.0	0.0	0.0	0.0	0.0	0.0	0.0	0.0	0.0	0.0117647	0.0	0.0	0.0289855	0.0	0.047619	0.0	0.0217391	0.02	0.0	0.0	0.0	0.0015	0.0104167	0.04	0.0015	0.0232558	0.0384615	0.0263158	0.0	0.0015	0.0	0.0	0.0	0.0	0.0	0.0	0.0	0.0	0.0	0.0	0.0	0.0	
Fauvette orphée	0.0	0.0	0.0	0.0	0.0	0.0	0.0	0.0	0.0	0.0	0.0	0.0	0.0	0.0	0.0	0.0015	0.0	0.0	0.0015	0.0	0.0	0.0	0.0	0.0	0.0	0.0	0.0	0.0	0.0	0.0	0.0	0.0	0.0	0.0	0.0	0.0	0.0	0.0	0.0	0.0	0.0	0.0	0.0	0.0	0.0	0.0	0.0	0.0	
Fauvette mélanocéphale	0.0322581	0.0384615	0.0	0.0	0.0	0.0	0.025641	0.0	0.0	0.0015	0.0	0.01	0.016129	0.0266667	0.0181818	0.0	0.0	0.0	0.0289855	0.0	0.0	0.0	0.0217391	0.02	0.0	0.0	0.0	0.0125	0.0	0.04	0.0212766	0.0465116	0.0	0.0	0.0384615	0.027027	0.0	0.0625	0.0263158	0.0	0.0	0.2142857	0.1333333	0.0	0.1	0.0	0.0	0.05	
Fauvette passerinette	0.0	0.0	0.0	0.0	0.0	0.0	0.0	0.0	0.0	0.0	0.0	0.0	0.0	0.0	0.0	0.0	0.0	0.0	0.0	0.0	0.0	0.0	0.0217391	0.0	0.0	0.0	0.0	0.0	0.0	0.0	0.0	0.0	0.0	0.0	0.0	0.0	0.0	0.0	0.0	0.0	0.0	0.0	0.0	0.0	0.0	0.0	0.0	0.0	
Fauvette grisette	0.0	0.0	0.0	0.0	0.0	0.0	0.0	0.0	0.0	0.0	0.0	0.0	0.016129	0.0133333	0.0727273	0.0705882	0.125	0.1538462	0.115942	0.0757576	0.0238095	0.025641	0.0217391	0.02	0.03125	0.0294118	0.0	0.025	0.0	0.02	0.0425532	0.0697674	0.0	0.0	0.0	0.0	0.0	0.0	0.0	0.0	0.0	0.0	0.0	0.0	0.0	0.0	0.0	0.0	
Fauvette pitchou	0.0322581	0.0769231	0.0015	0.0	0.0	0.0	0.0	0.0	0.0	0.0	0.0	0.0	0.0	0.0	0.0	0.0	0.0	0.0	0.0	0.0	0.0	0.0	0.0	0.0	0.0	0.0	0.0	0.0	0.0	0.0	0.0	0.0	0.0	0.0	0.0	0.0	0.0	0.0	0.0	0.0392157	0.0384615	0.0357143	0.0666667	0.0	0.0333333	0.0	0.0	0.05	
Léiothrix jaune	0.0	0.0	0.0	0.0	0.0	0.0	0.0	0.0138889	0.0285714	0.0	0.0	0.0	0.0	0.0	0.0181818	0.0	0.0	0.0	0.0	0.0	0.0	0.0	0.0	0.0	0.0	0.0	0.0	0.0	0.0104167	0.0	0.0	0.0	0.0	0.0	0.0	0.0	0.0	0.0	0.0	0.0	0.0	0.0	0.0666667	0.0	0.0	0.0	0.0	0.0	
Roitelet huppé	0.0322581	0.0	0.0	0.0	0.0416667	0.0015	0.025641	0.0138889	0.0	0.030303	0.0204082	0.06	0.0322581	0.0266667	0.0181818	0.0470588	0.0178571	0.0192308	0.0289855	0.030303	0.047619	0.0769231	0.0434783	0.02	0.046875	0.0588235	0.0535714	0.0625	0.09375	0.08	0.1276596	0.0232558	0.0384615	0.0131579	0.1153846	0.0540541	0.0857143	0.09375	0.0789474	0.1568627	0.0384615	0.0357143	0.1333333	0.0666667	0.0015	0.0769231	0.0588235	0.05	
Roitelet à triple bandeau	0.0645161	0.1153846	0.2666667	0.0384615	0.2083333	0.2820513	0.2307692	0.2777778	0.1428571	0.1212121	0.2857143	0.32	0.2741935	0.24	0.1636364	0.1764706	0.1428571	0.1538462	0.115942	0.1363636	0.0952381	0.0512821	0.0434783	0.14	0.046875	0.0294118	0.0178571	0.0375	0.1041667	0.08	0.0851064	0.0465116	0.0	0.0394737	0.1153846	0.1351351	0.2571429	0.09375	0.1052632	0.1372549	0.1153846	0.0357143	0.0666667	0.0666667	0.1333333	0.1153846	0.0	0.2	
Roitelet huppé ou R. à triple bandeau	0.0	0.0	0.0	0.0	0.0	0.0	0.0	0.0277778	0.0	0.0	0.0	0.0	0.0	0.0	0.0	0.0	0.0	0.0	0.0	0.0151515	0.0	0.0	0.0	0.0	0.0	0.0	0.0	0.0	0.0	0.0	0.0	0.0	0.0	0.0	0.0769231	0.0	0.0	0.0	0.0	0.0	0.0	0.0	0.0	0.0	0.0	0.0	0.0	0.1	
Tichodrome échelette	0.0	0.0	0.0	0.0015	0.0	0.0	0.0	0.0	0.0	0.0	0.0	0.0	0.0	0.0	0.0	0.0	0.0	0.0	0.0	0.0	0.0	0.0	0.0	0.0	0.0	0.0	0.0	0.0	0.0	0.0	0.0	0.0	0.0	0.0	0.0015	0.0	0.0	0.0	0.0	0.0	0.0	0.0	0.0666667	0.0	0.0	0.0769231	0.0	0.0	
Sittelle torchepot	0.0967742	0.1923077	0.4	0.1923077	0.2708333	0.3333333	0.2820513	0.3472222	0.4	0.3636364	0.244898	0.32	0.2903226	0.2	0.2363636	0.1882353	0.0892857	0.1634615	0.1304348	0.1515152	0.0952381	0.1794872	0.0869565	0.24	0.1875	0.0882353	0.0714286	0.1625	0.2604167	0.26	0.1702128	0.1395349	0.0	0.1447368	0.1538462	0.1621622	0.1428571	0.25	0.2631579	0.2156863	0.1923077	0.1785714	0.2666667	0.3333333	0.2666667	0.2692308	0.0588235	0.3	
Grimpereau des bois	0.0645161	0.0	0.0	0.0	0.0208333	0.0	0.0	0.0	0.0	0.0	0.0	0.0	0.016129	0.0	0.0015	0.0117647	0.0178571	0.0096154	0.0	0.030303	0.0	0.0	0.0434783	0.1	0.015625	0.0147059	0.0	0.05	0.0520833	0.06	0.106383	0.0232558	0.0	0.0131579	0.0384615	0.027027	0.0285714	0.03125	0.0263158	0.0196078	0.0384615	0.0357143	0.0	0.0666667	0.0015	0.0	0.0	0.0	
Grimpereau des jardins	0.1290323	0.1538462	0.2	0.1923077	0.1666667	0.1794872	0.2307692	0.1527778	0.2285714	0.1515152	0.1836735	0.13	0.0483871	0.1333333	0.1272727	0.1647059	0.0892857	0.1442308	0.1594203	0.0454545	0.1190476	0.1025641	0.0652174	0.14	0.09375	0.1029412	0.0178571	0.1	0.1666667	0.12	0.0425532	0.0930233	0.0	0.0263158	0.0	0.1081081	0.0857143	0.0015	0.2105263	0.0588235	0.1153846	0.0	0.0666667	0.0666667	0.2333333	0.1538462	0.0588235	0.05	
Grimpereau des bois ou G. des jardins	0.0	0.0	0.0	0.0	0.0208333	0.025641	0.0	0.0138889	0.0	0.0	0.0	0.0015	0.016129	0.0	0.0181818	0.0	0.0	0.0096154	0.0	0.0	0.0	0.0	0.0	0.0	0.0	0.0	0.0	0.0	0.0015	0.04	0.0	0.0	0.0	0.0	0.0384615	0.0	0.0015	0.0	0.0	0.0	0.0	0.0357143	0.0	0.0	0.0666667	0.0	0.0	0.05	
Troglodyte mignon	0.2258065	0.1538462	0.3333333	0.0384615	0.0416667	0.3589744	0.2307692	0.2916667	0.3428571	0.3939394	0.3061224	0.35	0.2096774	0.2666667	0.2727273	0.3058824	0.25	0.2115385	0.2463768	0.2424242	0.1904762	0.2564103	0.1956522	0.28	0.3125	0.1764706	0.1071429	0.15	0.1041667	0.08	0.1276596	0.1162791	0.0769231	0.0263158	0.1153846	0.0540541	0.1428571	0.09375	0.1052632	0.0980392	0.1538462	0.0714286	0.1333333	0.2	0.1666667	0.2307692	0.1176471	0.25	
Cincle plongeur	0.0645161	0.1538462	0.1333333	0.1538462	0.0625	0.1282051	0.1538462	0.3055556	0.1428571	0.1818182	0.0204082	0.08	0.1290323	0.0533333	0.0181818	0.0470588	0.0178571	0.0576923	0.057971	0.030303	0.0015	0.1282051	0.1086957	0.06	0.109375	0.0441176	0.0714286	0.0375	0.0833333	0.04	0.0425532	0.1395349	0.0769231	0.0921053	0.1538462	0.1891892	0.1714286	0.125	0.0263158	0.0980392	0.0384615	0.0357143	0.0666667	0.0666667	0.0015	0.1153846	0.0015	0.1	
Étourneau sansonnet	0.483871	0.5	0.4	0.1923077	0.3333333	0.1282051	0.2564103	0.0972222	0.2571429	0.2424242	0.1836735	0.18	0.1612903	0.1866667	0.1454545	0.1882353	0.2678571	0.3846154	0.1884058	0.1818182	0.047619	0.1282051	0.1521739	0.12	0.109375	0.0882353	0.0535714	0.025	0.0625	0.16	0.106383	0.3023256	0.2692308	0.25	0.2307692	0.1891892	0.4	0.21875	0.2105263	0.3137255	0.3461538	0.4285714	0.5333333	0.2666667	0.3	0.1538462	0.4705882	0.2	
Grive draine	0.0322581	0.0769231	0.0015	0.0384615	0.1041667	0.0512821	0.0512821	0.0555556	0.0571429	0.030303	0.0408163	0.08	0.0645161	0.0266667	0.0181818	0.0588235	0.0357143	0.0961538	0.0434783	0.0757576	0.0714286	0.0769231	0.0652174	0.08	0.109375	0.1029412	0.0357143	0.1	0.0833333	0.1	0.0638298	0.0232558	0.1153846	0.0131579	0.1153846	0.0540541	0.0285714	0.03125	0.0263158	0.1960784	0.1153846	0.0015	0.0666667	0.2	0.1	0.0384615	0.0	0.05	
Grive musicienne	0.0645161	0.1153846	0.3333333	0.0769231	0.1041667	0.2564103	0.2307692	0.1388889	0.3714286	0.2727273	0.2857143	0.29	0.2419355	0.2266667	0.2363636	0.2588235	0.2142857	0.1826923	0.2028986	0.1818182	0.1190476	0.2051282	0.1521739	0.12	0.140625	0.0735294	0.0178571	0.05	0.0520833	0.02	0.0212766	0.0015	0.0384615	0.0015	0.0384615	0.0	0.0285714	0.03125	0.1578947	0.0588235	0.1538462	0.1428571	0.1333333	0.0666667	0.2	0.0769231	0.0588235	0.1	
Grive mauvis	0.0	0.0015	0.0666667	0.0384615	0.0208333	0.0	0.025641	0.0277778	0.0	0.0	0.0	0.0	0.0	0.0	0.0	0.0	0.0	0.0	0.0	0.0	0.0	0.0	0.0	0.0	0.0	0.0	0.0	0.0	0.0	0.0	0.0	0.0	0.0	0.0	0.0	0.0	0.0	0.0	0.0263158	0.0196078	0.0	0.0357143	0.0	0.0	0.0	0.0384615	0.0	0.0015	
Merle noir	0.483871	0.5769231	0.6666667	0.5384615	0.4583333	0.6410256	0.6666667	0.5972222	0.7142857	0.7272727	0.6734694	0.61	0.7258065	0.52	0.5272727	0.7411765	0.6428571	0.7019231	0.6086957	0.6060606	0.5238095	0.7435897	0.5217391	0.52	0.453125	0.4852941	0.4107143	0.275	0.25	0.42	0.2340426	0.372093	0.2692308	0.3684211	0.2692308	0.3513514	0.4571429	0.4375	0.4473684	0.372549	0.6153846	0.3928571	0.5333333	0.3333333	0.5666667	0.6153846	0.3529412	0.7	
Grive litorne	0.0	0.0015	0.0	0.0	0.0208333	0.0	0.0	0.0	0.0	0.0	0.0	0.0	0.0	0.0	0.0	0.0	0.0	0.0	0.0	0.0	0.0	0.0	0.0	0.0	0.0	0.0	0.0	0.0	0.0	0.0	0.0	0.0	0.0	0.0	0.0	0.0	0.0	0.0	0.0	0.0	0.0384615	0.0	0.0	0.0	0.0	0.0	0.0	0.0	
Merle à plastron	0.0	0.0	0.0666667	0.0	0.0	0.0	0.0	0.0	0.0	0.0	0.0	0.01	0.0015	0.0533333	0.0181818	0.0015	0.0178571	0.0096154	0.0015	0.0151515	0.0	0.0769231	0.0217391	0.02	0.046875	0.0294118	0.0714286	0.0125	0.0015	0.0015	0.0425532	0.0232558	0.0384615	0.0	0.0769231	0.027027	0.0	0.0	0.0	0.0	0.0	0.0	0.0	0.0	0.0	0.0	0.0	0.0	
Turdus sp.	0.0	0.0384615	0.0666667	0.0	0.0	0.025641	0.0	0.0	0.0	0.0	0.0	0.0	0.0	0.0	0.0	0.0	0.0	0.0	0.0	0.0015	0.0	0.0	0.0	0.0	0.0	0.0	0.0	0.0	0.0	0.0	0.0	0.0	0.0	0.0	0.0	0.0	0.0	0.0	0.0	0.0	0.0	0.0	0.0	0.0	0.0	0.0	0.0	0.0	
Gobemouche gris	0.0	0.0	0.0	0.0	0.0	0.0	0.0	0.0	0.0	0.0	0.0	0.0	0.0	0.0	0.0	0.0352941	0.0178571	0.0192308	0.1014493	0.0757576	0.047619	0.025641	0.0434783	0.12	0.0625	0.0735294	0.1071429	0.075	0.0729167	0.08	0.0851064	0.0232558	0.0384615	0.0526316	0.0015	0.027027	0.0	0.0	0.0	0.0	0.0	0.0	0.0	0.0	0.0	0.0	0.0	0.0	
Rougegorge familier	0.4516129	0.4615385	0.6666667	0.5	0.3333333	0.4871795	0.5641026	0.5277778	0.6571429	0.8484848	0.6938776	0.68	0.6612903	0.52	0.3818182	0.4941176	0.2321429	0.4038462	0.4057971	0.5151515	0.2857143	0.3589744	0.2173913	0.32	0.34375	0.2647059	0.1607143	0.1875	0.3958333	0.32	0.2765957	0.2093023	0.1153846	0.1842105	0.2692308	0.2432432	0.4571429	0.4375	0.6578947	0.5490196	0.6538462	0.5714286	0.4666667	0.4	0.5333333	0.4615385	0.3529412	0.45	
Rossignol philomèle	0.0	0.0	0.0	0.0	0.0	0.0	0.0	0.0	0.0	0.0	0.0	0.0	0.0	0.1333333	0.1636364	0.2	0.3035714	0.4326923	0.2028986	0.1363636	0.0238095	0.1538462	0.1304348	0.1	0.140625	0.0588235	0.0178571	0.0375	0.0208333	0.04	0.0425532	0.1162791	0.0	0.0015	0.0	0.0	0.0	0.0	0.0	0.0	0.0	0.0	0.0	0.0	0.0	0.0	0.0	0.0	
Gorgebleue à miroir	0.0	0.0	0.0	0.0	0.0	0.0	0.0	0.0	0.0	0.0	0.0	0.01	0.0	0.0	0.0	0.0	0.0	0.0	0.0	0.0	0.0	0.0	0.0	0.0	0.0	0.0	0.0	0.0	0.0	0.0	0.0	0.0015	0.0	0.0	0.0	0.0	0.0	0.0	0.0	0.0	0.0	0.0	0.0	0.0	0.0	0.0	0.0	0.0	
Gobemouche noir	0.0	0.0	0.0	0.0	0.0	0.0	0.0	0.0	0.0	0.0	0.0	0.0	0.0	0.0266667	0.0363636	0.0117647	0.0	0.0	0.057971	0.0	0.0238095	0.0	0.0	0.04	0.0	0.0147059	0.0178571	0.025	0.0104167	0.06	0.1702128	0.3488372	0.2692308	0.2631579	0.2307692	0.0540541	0.0857143	0.03125	0.0	0.0	0.0	0.0	0.0	0.0	0.0	0.0	0.0	0.0	
Rougequeue à front blanc	0.0	0.0	0.0	0.0	0.0	0.0	0.0	0.0	0.0	0.0	0.0	0.02	0.0	0.04	0.0181818	0.0235294	0.0015	0.0576923	0.057971	0.0454545	0.0238095	0.0512821	0.0434783	0.02	0.03125	0.0	0.0178571	0.075	0.03125	0.04	0.0851064	0.0697674	0.0384615	0.0394737	0.0384615	0.027027	0.0571429	0.0	0.0	0.0	0.0	0.0	0.0	0.0	0.0	0.0	0.0	0.0	
Rougequeue noir	0.0967742	0.1153846	0.1333333	0.1153846	0.125	0.2051282	0.1282051	0.125	0.1714286	0.2727273	0.122449	0.29	0.3548387	0.1866667	0.1454545	0.2117647	0.125	0.1923077	0.2608696	0.2121212	0.1666667	0.2820513	0.4130435	0.5	0.421875	0.2941176	0.4107143	0.225	0.2395833	0.2	0.2765957	0.1860465	0.2692308	0.3421053	0.3076923	0.2972973	0.2857143	0.3125	0.2631579	0.2745098	0.3846154	0.0714286	0.0666667	0.3333333	0.1	0.0769231	0.1176471	0.05	
Monticole de roche	0.0	0.0	0.0	0.0	0.0	0.0	0.0	0.0	0.0	0.0	0.0	0.0	0.0	0.0	0.0	0.0	0.0178571	0.0	0.0	0.0	0.0	0.025641	0.0652174	0.04	0.0625	0.0147059	0.0357143	0.0125	0.0104167	0.02	0.0212766	0.0	0.0384615	0.0	0.0	0.0	0.0	0.0	0.0	0.0	0.0	0.0	0.0	0.0	0.0	0.0	0.0	0.0	
Tarier des prés	0.0	0.0	0.0	0.0	0.0	0.0	0.0	0.0	0.0	0.0	0.0	0.0	0.0	0.0133333	0.0181818	0.0235294	0.0178571	0.0	0.0144928	0.030303	0.047619	0.0	0.0652174	0.02	0.0	0.0294118	0.0178571	0.0015	0.0104167	0.0015	0.0212766	0.0232558	0.0384615	0.0131579	0.0384615	0.0	0.0	0.0	0.0	0.0	0.0384615	0.0	0.0	0.0	0.0	0.0	0.0	0.0	
Tarier pâtre	0.2580645	0.1923077	0.1333333	0.0015	0.125	0.025641	0.0769231	0.0555556	0.2	0.1818182	0.0816327	0.09	0.0322581	0.0533333	0.1272727	0.1176471	0.1428571	0.1730769	0.1304348	0.1363636	0.0714286	0.1282051	0.1521739	0.14	0.140625	0.0294118	0.0178571	0.0125	0.03125	0.08	0.106383	0.1162791	0.1153846	0.0657895	0.0384615	0.0810811	0.1142857	0.0625	0.1315789	0.1372549	0.1923077	0.25	0.3333333	0.1333333	0.2333333	0.1153846	0.2352941	0.05	
Traquet motteux	0.0	0.0	0.0	0.0	0.0	0.0	0.0	0.0	0.0	0.0	0.0	0.0	0.0	0.0133333	0.0	0.0235294	0.0535714	0.0096154	0.0144928	0.030303	0.0238095	0.025641	0.1086957	0.06	0.078125	0.0294118	0.1071429	0.0625	0.0520833	0.04	0.106383	0.0930233	0.0769231	0.0394737	0.1153846	0.1351351	0.0857143	0.0015	0.0015	0.0	0.0384615	0.0	0.0	0.0	0.0	0.0	0.0	0.0	
Traquet oreillard	0.0	0.0	0.0	0.0	0.0	0.0	0.0	0.0	0.0	0.0	0.0	0.0	0.0	0.0	0.0	0.0117647	0.0	0.0	0.0	0.0	0.0	0.0	0.0	0.0	0.0	0.0	0.0	0.0	0.0	0.0	0.0	0.0	0.0	0.0	0.0	0.0	0.0	0.0	0.0	0.0	0.0	0.0	0.0	0.0	0.0	0.0	0.0	0.0	
Accenteur alpin	0.0015	0.0015	0.0015	0.0384615	0.0	0.0	0.025641	0.0	0.0	0.0	0.0	0.0	0.0	0.0	0.0	0.0	0.0	0.0	0.0	0.0	0.0	0.0	0.0217391	0.0015	0.015625	0.0015	0.0357143	0.0015	0.0208333	0.02	0.0425532	0.0697674	0.0769231	0.0	0.0769231	0.0015	0.0285714	0.0	0.0015	0.0015	0.0	0.0015	0.0015	0.0	0.0333333	0.0769231	0.0	0.05	
Accenteur mouchet	0.0967742	0.1153846	0.1333333	0.0	0.1041667	0.025641	0.0512821	0.0972222	0.0571429	0.1515152	0.1020408	0.04	0.0806452	0.08	0.0909091	0.0705882	0.0535714	0.0384615	0.0724638	0.0909091	0.1428571	0.0512821	0.2173913	0.1	0.15625	0.0441176	0.1071429	0.0375	0.0520833	0.06	0.1914894	0.0465116	0.0	0.0	0.2692308	0.0	0.0857143	0.03125	0.0526316	0.1372549	0.1538462	0.25	0.2	0.1333333	0.1333333	0.2307692	0.2941176	0.3	
Moineau domestique	0.2903226	0.5	0.6666667	0.3846154	0.3125	0.2307692	0.3589744	0.2222222	0.4	0.5757576	0.4693878	0.38	0.3548387	0.2	0.1090909	0.3529412	0.2321429	0.3942308	0.3768116	0.4242424	0.2857143	0.4102564	0.4347826	0.46	0.296875	0.4705882	0.3035714	0.3625	0.34375	0.32	0.212766	0.3488372	0.2692308	0.3684211	0.2307692	0.1351351	0.3714286	0.21875	0.2631579	0.2352941	0.3461538	0.1785714	0.2666667	0.2	0.1	0.1923077	0.3529412	0.15	
Moineau friquet	0.0	0.2307692	0.0	0.0	0.0	0.0	0.025641	0.0	0.0285714	0.0	0.0	0.0	0.0322581	0.0	0.0181818	0.0015	0.0178571	0.0288462	0.0144928	0.0	0.0	0.0015	0.0	0.02	0.0	0.0015	0.0	0.0015	0.0416667	0.02	0.0	0.0465116	0.0384615	0.0	0.0	0.0	0.0857143	0.0	0.0	0.0	0.0769231	0.0	0.0	0.0	0.0	0.0	0.0	0.0	
Moineau soulcie	0.0322581	0.0	0.0	0.0	0.0	0.0	0.0	0.0138889	0.0	0.0	0.0	0.0	0.0	0.0	0.0	0.0	0.0535714	0.0576923	0.0434783	0.0	0.0	0.0	0.0015	0.06	0.0	0.0	0.0178571	0.025	0.03125	0.0	0.0212766	0.0	0.0	0.0	0.0384615	0.0540541	0.0	0.0	0.0	0.0392157	0.0	0.0357143	0.0666667	0.0	0.0	0.0	0.0588235	0.0	
Niverolle alpine	0.0	0.0	0.0	0.0	0.0	0.0	0.0	0.0	0.0285714	0.0	0.0015	0.0	0.016129	0.0	0.0	0.0	0.0	0.0	0.0	0.0	0.0	0.0	0.0	0.0	0.0	0.0	0.0	0.0	0.0	0.0	0.0	0.0	0.0	0.0	0.0	0.0	0.0	0.03125	0.0	0.0	0.0	0.0	0.0	0.0	0.0	0.0	0.0	0.0	
Bergeronnette des ruisseaux	0.1290323	0.1923077	0.0666667	0.0769231	0.125	0.1282051	0.2051282	0.3472222	0.3428571	0.2727273	0.0816327	0.12	0.0967742	0.0533333	0.0727273	0.1058824	0.1607143	0.0865385	0.1449275	0.1666667	0.0238095	0.2051282	0.173913	0.14	0.171875	0.1323529	0.1428571	0.125	0.1145833	0.14	0.0425532	0.255814	0.1538462	0.1842105	0.2307692	0.1351351	0.1428571	0.28125	0.1578947	0.0980392	0.2307692	0.0714286	0.2	0.2	0.1	0.1153846	0.2352941	0.15	
Bergeronnette printanière	0.0	0.0	0.0	0.0	0.0	0.0	0.0	0.0	0.0	0.0	0.0	0.01	0.016129	0.08	0.0909091	0.0352941	0.1428571	0.1057692	0.0289855	0.0454545	0.0	0.025641	0.0217391	0.02	0.015625	0.0	0.0178571	0.0125	0.0208333	0.02	0.0212766	0.1627907	0.1538462	0.0131579	0.1923077	0.0540541	0.0285714	0.0	0.0263158	0.0	0.0	0.0	0.0	0.0	0.0	0.0	0.0	0.0	
Bergeronnette grise	0.2258065	0.4615385	0.4	0.2307692	0.2916667	0.3076923	0.3589744	0.3194444	0.2857143	0.4848485	0.1836735	0.34	0.3064516	0.2533333	0.2909091	0.2588235	0.1785714	0.1826923	0.1884058	0.2575758	0.0714286	0.2564103	0.2608696	0.38	0.265625	0.2647059	0.2678571	0.0875	0.1666667	0.14	0.1489362	0.1860465	0.0769231	0.3289474	0.1923077	0.2162162	0.4857143	0.34375	0.3157895	0.2745098	0.5384615	0.3571429	0.3333333	0.2	0.2666667	0.1923077	0.2352941	0.25	
bergeronette sp.	0.0	0.0	0.0	0.0	0.0	0.0	0.0	0.0	0.0	0.0	0.0	0.0	0.0	0.0	0.0	0.0	0.0	0.0	0.0	0.0	0.0	0.0	0.0	0.0	0.0	0.0147059	0.0	0.0	0.0104167	0.0	0.0212766	0.0	0.0	0.0	0.0	0.0	0.0	0.0	0.0	0.0	0.0	0.0	0.0	0.0	0.0	0.0	0.0	0.0	
Pipit de Richard	0.0322581	0.0	0.0	0.0	0.0	0.0	0.025641	0.0	0.0	0.0	0.0	0.0	0.0	0.0	0.0	0.0	0.0	0.0	0.0	0.0	0.0	0.0	0.0	0.0	0.0	0.0	0.0	0.0	0.0	0.0	0.0	0.0	0.0	0.0	0.0	0.0	0.0	0.0	0.0	0.0015	0.0	0.0714286	0.0	0.0	0.0333333	0.0	0.0	0.0	
Pipit rousseline	0.0	0.0	0.0	0.0	0.0	0.0	0.0	0.0	0.0	0.0	0.0	0.0	0.0	0.0	0.0181818	0.0	0.0	0.0192308	0.0	0.0	0.0	0.0	0.0	0.0	0.0	0.0	0.0	0.0	0.0	0.0	0.0	0.0	0.0	0.0	0.0	0.0	0.0	0.0	0.0	0.0	0.0	0.0	0.0	0.0	0.0	0.0	0.0	0.0	
Pipit farlouse	0.2580645	0.3461538	0.2	0.0	0.0625	0.0512821	0.1282051	0.0555556	0.0571429	0.030303	0.0204082	0.01	0.016129	0.0133333	0.0181818	0.0015	0.0	0.0	0.0	0.0151515	0.0238095	0.0	0.0217391	0.0	0.015625	0.0	0.0357143	0.0	0.0	0.0	0.0212766	0.0	0.0384615	0.0	0.0015	0.027027	0.0285714	0.0	0.1842105	0.254902	0.2692308	0.25	0.2	0.0666667	0.1666667	0.0	0.1176471	0.05	
Pipit des arbres	0.0	0.0	0.0	0.0	0.0	0.0	0.0	0.0	0.0	0.0	0.0	0.0	0.0015	0.0133333	0.0363636	0.0235294	0.0535714	0.0192308	0.0289855	0.1060606	0.1428571	0.025641	0.0434783	0.02	0.0625	0.0441176	0.0357143	0.025	0.0104167	0.02	0.1489362	0.0	0.0384615	0.0015	0.1153846	0.027027	0.0571429	0.0	0.0	0.0	0.0	0.0	0.0	0.0	0.0	0.0	0.0	0.0	
Pipit spioncelle	0.0	0.0	0.0	0.0	0.0	0.0	0.0	0.0	0.0	0.0	0.0	0.05	0.0806452	0.0533333	0.0363636	0.0588235	0.0357143	0.0015	0.0289855	0.0757576	0.0238095	0.1025641	0.1521739	0.06	0.140625	0.0735294	0.1964286	0.0625	0.0833333	0.12	0.2340426	0.1395349	0.1538462	0.0263158	0.3461538	0.1081081	0.0571429	0.03125	0.0263158	0.0392157	0.0384615	0.0714286	0.0	0.0	0.0333333	0.0384615	0.0	0.05	
Pipit farlouse ou P. spioncelle	0.0	0.0	0.0	0.0	0.0	0.0	0.0	0.0	0.0	0.0	0.0	0.0	0.0	0.0	0.0	0.0	0.0	0.0	0.0	0.0	0.0	0.0	0.0	0.0	0.0	0.0	0.0	0.0	0.0	0.0015	0.0	0.0	0.0	0.0	0.0384615	0.0	0.0	0.0	0.0	0.0	0.0	0.0	0.0	0.0	0.0	0.0	0.0	0.0	
Anthus sp.	0.0	0.0	0.0	0.0	0.0	0.0	0.0	0.0	0.0	0.0	0.0	0.0	0.0	0.0	0.0	0.0	0.0	0.0	0.0	0.0	0.0	0.0	0.0	0.02	0.0	0.0	0.0	0.0	0.0	0.0	0.0212766	0.0232558	0.0	0.0	0.0	0.0	0.0	0.0	0.0	0.0	0.0	0.0	0.0	0.0	0.0	0.0	0.0	0.0	
Pinson des arbres	0.5806452	0.5384615	0.6666667	0.5384615	0.5416667	0.4871795	0.5128205	0.4583333	0.6285714	0.5757576	0.3877551	0.43	0.2741935	0.32	0.2	0.2941176	0.3214286	0.3076923	0.3333333	0.3787879	0.3809524	0.3076923	0.3913043	0.36	0.328125	0.2794118	0.2678571	0.1375	0.2291667	0.26	0.2978723	0.0697674	0.1538462	0.1315789	0.3076923	0.1351351	0.2857143	0.28125	0.5263158	0.5098039	0.4615385	0.5	0.4666667	0.6	0.6333333	0.5	0.3529412	0.45	
Pinson du Nord	0.0322581	0.1538462	0.1333333	0.0384615	0.125	0.025641	0.1282051	0.0277778	0.0285714	0.0	0.0408163	0.02	0.0	0.0	0.0	0.0	0.0	0.0	0.0	0.0	0.0	0.0	0.0	0.0	0.0	0.0	0.0	0.0	0.0	0.0	0.0	0.0	0.0	0.0	0.0	0.0	0.0	0.0	0.0526316	0.0588235	0.0769231	0.1071429	0.0666667	0.0666667	0.0015	0.1153846	0.0588235	0.1	
Grosbec casse-noyaux	0.0	0.0769231	0.0666667	0.0015	0.0416667	0.0512821	0.0769231	0.0416667	0.1428571	0.0606061	0.0408163	0.03	0.0	0.0	0.0	0.0	0.0	0.0	0.0	0.0	0.0	0.0	0.0	0.0	0.015625	0.0	0.0178571	0.025	0.0	0.02	0.0212766	0.0465116	0.0	0.0	0.0	0.0	0.0	0.0	0.0	0.0588235	0.1153846	0.0357143	0.0	0.0	0.1	0.0769231	0.0	0.05	
Bouvreuil pivoine	0.0645161	0.0015	0.0666667	0.0384615	0.0833333	0.1025641	0.0512821	0.1111111	0.0285714	0.030303	0.0612245	0.07	0.0645161	0.0533333	0.0545455	0.0352941	0.0535714	0.0769231	0.057971	0.0757576	0.0238095	0.0512821	0.0434783	0.08	0.078125	0.0882353	0.0357143	0.075	0.1041667	0.1	0.1702128	0.0	0.0	0.0131579	0.1153846	0.0540541	0.0285714	0.0625	0.0015	0.0392157	0.0015	0.0357143	0.0	0.0666667	0.1	0.0	0.0	0.05	
Verdier d'Europe	0.2258065	0.2692308	0.4	0.0769231	0.0625	0.0512821	0.025641	0.0833333	0.1142857	0.3333333	0.244898	0.23	0.1612903	0.1866667	0.2	0.0470588	0.0714286	0.2115385	0.2028986	0.0606061	0.0952381	0.0769231	0.2173913	0.18	0.109375	0.1176471	0.0714286	0.0625	0.0625	0.18	0.0638298	0.0930233	0.0769231	0.0789474	0.0384615	0.0	0.0857143	0.09375	0.0526316	0.1960784	0.1538462	0.1428571	0.2666667	0.0	0.1	0.2307692	0.1764706	0.25	
Linotte mélodieuse	0.0967742	0.1923077	0.0666667	0.0	0.0208333	0.025641	0.025641	0.0	0.0	0.0909091	0.0408163	0.1	0.0483871	0.1066667	0.2	0.0470588	0.1071429	0.0673077	0.115942	0.1212121	0.047619	0.1282051	0.1521739	0.06	0.09375	0.0588235	0.1071429	0.0875	0.03125	0.1	0.1702128	0.1395349	0.0769231	0.0657895	0.1153846	0.1081081	0.0571429	0.09375	0.0789474	0.0784314	0.1538462	0.1785714	0.1333333	0.0666667	0.1333333	0.0384615	0.0588235	0.1	
Sizerin flammé	0.0	0.0	0.0666667	0.0015	0.0	0.0	0.0	0.0	0.0	0.0	0.0	0.0	0.0	0.0	0.0	0.0	0.0	0.0	0.0	0.0	0.0	0.0	0.0	0.0	0.0	0.0	0.0	0.0	0.0	0.0	0.0	0.0	0.0	0.0	0.0	0.0	0.0	0.0	0.0	0.0	0.0	0.0357143	0.0	0.0	0.0	0.0	0.0	0.0	
Bec-croisé des sapins	0.0645161	0.0	0.0015	0.0	0.0	0.025641	0.0	0.0	0.0	0.0	0.0	0.0	0.016129	0.0133333	0.0	0.0	0.0	0.0096154	0.0289855	0.0	0.0	0.0	0.0	0.04	0.015625	0.0588235	0.0357143	0.025	0.0416667	0.04	0.0	0.0232558	0.0384615	0.0131579	0.0769231	0.0	0.0285714	0.03125	0.0015	0.0784314	0.0384615	0.0	0.0	0.0666667	0.0	0.0	0.0	0.0	
Chardonneret élégant	0.2903226	0.4615385	0.3333333	0.1153846	0.1041667	0.1794872	0.1025641	0.0416667	0.0857143	0.1515152	0.1428571	0.24	0.1774194	0.28	0.1454545	0.2352941	0.2321429	0.2884615	0.2028986	0.2272727	0.0952381	0.1794872	0.3043478	0.22	0.203125	0.2352941	0.1964286	0.125	0.1354167	0.22	0.2978723	0.255814	0.1538462	0.1842105	0.1923077	0.0810811	0.2571429	0.09375	0.0789474	0.2745098	0.1923077	0.4285714	0.4	0.1333333	0.2	0.1923077	0.1764706	0.25	
Venturon montagnard	0.0	0.0	0.0666667	0.0	0.0	0.0	0.0	0.0138889	0.0285714	0.0	0.0	0.0	0.0	0.0	0.0	0.0015	0.0	0.0096154	0.0289855	0.0	0.0	0.025641	0.0	0.0015	0.015625	0.0294118	0.0714286	0.0125	0.0015	0.02	0.0212766	0.0015	0.0	0.0131579	0.0384615	0.0	0.0	0.03125	0.0	0.0015	0.0	0.0015	0.0	0.0	0.0	0.0	0.0	0.0	
Serin cini	0.0	0.0	0.0	0.0	0.0208333	0.0	0.0	0.0	0.0285714	0.0	0.0408163	0.11	0.1290323	0.1333333	0.0545455	0.1294118	0.1071429	0.2115385	0.173913	0.0606061	0.0952381	0.2307692	0.1956522	0.28	0.21875	0.1323529	0.1071429	0.0875	0.09375	0.22	0.0638298	0.0465116	0.0769231	0.0394737	0.0769231	0.0	0.0285714	0.0625	0.0263158	0.0196078	0.0	0.0	0.0	0.0	0.0	0.0384615	0.0	0.0	
Tarin des aulnes	0.0322581	0.0769231	0.0666667	0.0769231	0.0416667	0.1025641	0.0769231	0.0138889	0.0	0.0909091	0.0204082	0.05	0.0322581	0.0	0.0	0.0235294	0.0178571	0.0192308	0.0015	0.0	0.0	0.0	0.0	0.02	0.015625	0.0147059	0.0178571	0.0125	0.0104167	0.02	0.0	0.0	0.0	0.0	0.0	0.0	0.0	0.0625	0.1578947	0.1176471	0.1153846	0.0714286	0.0	0.0666667	0.1	0.0769231	0.1764706	0.1	
Bruant proyer	0.1290323	0.1538462	0.0015	0.0	0.0416667	0.0	0.1025641	0.0	0.0	0.030303	0.0015	0.01	0.0483871	0.0133333	0.0181818	0.0470588	0.1607143	0.2115385	0.0724638	0.030303	0.0714286	0.0512821	0.1086957	0.02	0.0	0.0	0.0357143	0.0	0.0	0.0	0.0	0.0465116	0.0	0.0394737	0.0769231	0.027027	0.0285714	0.0625	0.1052632	0.0784314	0.1538462	0.1428571	0.2	0.0666667	0.1333333	0.0384615	0.1176471	0.05	
Bruant fou	0.0	0.0	0.0015	0.0	0.0	0.0512821	0.0	0.0416667	0.0285714	0.0	0.0	0.0	0.0015	0.0133333	0.0	0.0117647	0.0178571	0.0	0.0289855	0.0	0.0238095	0.0	0.0015	0.02	0.0	0.0	0.0357143	0.0	0.0104167	0.02	0.0212766	0.0	0.0384615	0.0	0.0	0.027027	0.0285714	0.0	0.0263158	0.0	0.0	0.0357143	0.0	0.0	0.0	0.0	0.0	0.0	
Bruant zizi	0.1612903	0.1923077	0.2	0.0384615	0.0416667	0.0512821	0.025641	0.0277778	0.0857143	0.3030303	0.0612245	0.15	0.0322581	0.1466667	0.1454545	0.0705882	0.1071429	0.0769231	0.0869565	0.1818182	0.0015	0.1025641	0.1956522	0.14	0.125	0.0735294	0.0178571	0.05	0.0416667	0.08	0.0425532	0.0930233	0.0384615	0.0394737	0.0384615	0.0540541	0.0857143	0.03125	0.1052632	0.1568627	0.3076923	0.1428571	0.2666667	0.0666667	0.0333333	0.1153846	0.1176471	0.0	
Bruant jaune	0.0	0.0384615	0.0	0.0	0.0	0.0	0.025641	0.0	0.0	0.0606061	0.0204082	0.02	0.0322581	0.0133333	0.0545455	0.0015	0.0357143	0.0384615	0.0434783	0.0757576	0.0952381	0.0769231	0.0217391	0.08	0.09375	0.0588235	0.0714286	0.075	0.0520833	0.0015	0.0212766	0.0	0.0384615	0.0	0.1153846	0.027027	0.0	0.0	0.0	0.0196078	0.0384615	0.0	0.0	0.0	0.0333333	0.0	0.0	0.0	
Bruant ortolan	0.0	0.0	0.0	0.0	0.0	0.0	0.0	0.0	0.0	0.0	0.0	0.0	0.0	0.0	0.0015	0.0015	0.0	0.0	0.0015	0.0	0.0	0.0	0.0	0.0	0.0	0.0	0.0	0.0125	0.0	0.0	0.0	0.0	0.0	0.0	0.0	0.0	0.0	0.0	0.0	0.0	0.0	0.0	0.0	0.0	0.0	0.0	0.0	0.0	
Bruant des roseaux	0.3225806	0.2692308	0.3333333	0.1153846	0.1458333	0.0	0.0769231	0.0	0.0571429	0.1515152	0.0408163	0.02	0.0	0.0	0.0	0.0	0.0	0.0	0.0	0.0	0.0	0.0	0.0	0.0	0.0	0.0	0.0	0.0	0.0	0.0	0.0	0.0	0.0	0.0	0.0	0.0	0.0	0.0	0.0263158	0.1372549	0.2692308	0.25	0.1333333	0.0666667	0.2	0.1153846	0.2352941	0.15	
Bruant nain	0.0	0.0769231	0.0	0.0	0.0	0.0	0.0	0.0	0.0	0.0	0.0	0.0	0.0	0.0	0.0	0.0	0.0	0.0	0.0	0.0	0.0	0.0	0.0	0.0	0.0	0.0	0.0	0.0	0.0	0.0	0.0	0.0	0.0	0.0	0.0	0.0	0.0	0.0	0.0	0.0	0.0	0.0	0.0	0.0	0.0	0.0	0.0	0.0	
Emberiza sp.	0.0	0.0	0.0	0.0	0.0	0.0	0.0	0.0	0.0	0.0	0.0	0.0	0.0	0.0	0.0	0.0	0.0	0.0096154	0.0	0.0	0.0	0.0	0.0	0.0	0.0	0.0	0.0	0.0	0.0	0.0	0.0	0.0	0.0	0.0	0.0	0.0	0.0	0.0	0.0	0.0	0.0	0.0	0.0	0.0	0.0	0.0	0.0	0.0	
passereau sp.	0.0	0.0	0.0	0.0769231	0.0	0.0	0.0	0.0	0.0285714	0.0	0.0	0.0	0.0	0.0	0.0	0.0	0.0	0.0	0.0	0.0	0.0	0.0015	0.0	0.0	0.0	0.0294118	0.0178571	0.0125	0.0	0.0	0.0	0.0232558	0.0	0.0	0.0	0.0	0.0	0.0	0.0	0.0196078	0.0	0.0	0.0	0.0	0.0	0.0	0.0588235	0.05	

