









Frequency of observations in the selected location(s).:
Number of taxa: 	235

	Jan				Feb				Mar				Apr				May				Jun				Jul				Aug				Sep				Oct				Nov				Dec				
Sample Size:	16.0	4.0	4.0	8.0	4.0	4.0	12.0	10.0	15.0	7.0	11.0	14.0	23.0	20.0	19.0	26.0	27.0	29.0	25.0	13.0	10.0	17.0	9.0	6.0	15.0	30.0	19.0	29.0	15.0	16.0	15.0	11.0	8.0	10.0	17.0	19.0	28.0	18.0	20.0	16.0	4.0	5.0	4.0	10.0	13.0	8.0	4.0	20.0	

Dendrocygne fauve	0.0	0.0	0.0	0.0	0.0	0.0	0.0	0.0	0.0	0.0	0.0	0.0	0.0	0.0	0.0	0.0384615	0.0	0.0344828	0.0	0.0	0.0	0.0	0.0	0.0	0.0	0.0333333	0.0	0.0	0.0	0.0	0.0	0.0	0.0	0.0	0.0	0.0	0.0	0.0	0.0	0.0	0.0	0.0	0.0	0.0	0.0	0.125	0.0	0.0	
Oie à tête barrée	0.0	0.0	0.0	0.0	0.0	0.0	0.0	0.0	0.0	0.0	0.0	0.0	0.0	0.0	0.0	0.0	0.0	0.0344828	0.0	0.0	0.0	0.0	0.0	0.0	0.0	0.0	0.0	0.0	0.0	0.0	0.0	0.0	0.0	0.0	0.0	0.0	0.0	0.0	0.0	0.0	0.0	0.0	0.0	0.0	0.0	0.0	0.0	0.0	
Oie cendrée	0.0	0.0	0.25	0.0015	0.0	0.0	0.0	0.0	0.0	0.1428571	0.0	0.0	0.0	0.05	0.0	0.0	0.0	0.0344828	0.0	0.0769231	0.0	0.1176471	0.0	0.0	0.0666667	0.0333333	0.0	0.0689655	0.0	0.0	0.0	0.0	0.0	0.0	0.0	0.0	0.0	0.0	0.0	0.0625	0.0	0.0	0.0	0.0	0.0	0.0	0.0	0.0	
Oie rieuse	0.0	0.0	0.0	0.0	0.0	0.0	0.0833333	0.0	0.0	0.0	0.0	0.0	0.0	0.0	0.0	0.0	0.0	0.0	0.0	0.0	0.0	0.0	0.0	0.0	0.0	0.0	0.0	0.0	0.0	0.0	0.0	0.0	0.0	0.0	0.0	0.0	0.0	0.0	0.0	0.0	0.0	0.0	0.0	0.0	0.0	0.0	0.0	0.0	
Bernache du Canada	0.0	0.0	0.0	0.0	0.0	0.0	0.0	0.0	0.0	0.0	0.0	0.0	0.0	0.0	0.0	0.0	0.037037	0.0	0.0	0.0	0.0	0.0588235	0.1111111	0.0	0.0	0.0	0.0	0.0344828	0.0	0.0	0.0	0.0	0.0	0.0	0.0	0.0	0.0	0.0	0.0	0.0	0.0	0.0	0.0	0.0	0.0	0.0	0.0	0.0	
Hybride Oie cendrée x Bernache du Canada	0.0	0.0	0.0	0.0015	0.0	0.0	0.0	0.0	0.0	0.1428571	0.0909091	0.0	0.0	0.0	0.0	0.1153846	0.0	0.1034483	0.0	0.0	0.0	0.1176471	0.0	0.0	0.0	0.1333333	0.1052632	0.137931	0.0	0.0	0.0	0.0	0.0	0.0	0.0	0.0	0.0	0.0	0.0	0.0	0.0	0.0	0.0	0.0	0.0	0.0	0.0	0.0	
Bernache à cou roux	0.0	0.0015	0.25	0.0	0.0	0.0	0.0	0.0	0.0	0.0	0.0	0.0	0.0	0.0	0.0	0.0	0.0	0.0	0.0	0.0	0.0	0.0	0.0	0.0	0.0	0.0	0.0	0.0	0.0	0.0	0.0	0.0	0.0	0.0	0.0	0.0	0.0	0.0	0.0	0.0	0.0	0.0	0.0	0.0	0.0	0.0	0.0	0.05	
Cygne tuberculé	0.25	0.25	0.5	0.25	0.25	0.25	0.4166667	0.0	0.2666667	0.1428571	0.3636364	0.3571429	0.0434783	0.25	0.1052632	0.1923077	0.0740741	0.2413793	0.0	0.3846154	0.2	0.3529412	0.0	0.1666667	0.0666667	0.3	0.1578947	0.1724138	0.2666667	0.0	0.0	0.0	0.125	0.1	0.2352941	0.1052632	0.0357143	0.0555556	0.1	0.0625	0.0	0.0	0.25	0.2	0.0769231	0.375	0.0	0.2	
Cygne noir	0.0	0.0	0.0	0.0	0.0	0.0	0.0	0.0	0.0	0.0	0.0	0.0	0.0	0.0	0.0	0.0	0.0	0.0	0.0	0.0	0.0	0.0	0.0	0.0	0.0	0.0333333	0.0	0.0	0.0	0.0	0.0	0.0	0.0	0.0	0.0	0.0	0.0	0.0	0.0	0.0	0.0	0.0	0.0	0.0	0.0	0.0	0.0	0.0	
Tadorne casarca	0.0	0.0	0.0	0.0	0.0015	0.0	0.0	0.0	0.0	0.0	0.0	0.0	0.0	0.0	0.0	0.0	0.0	0.0344828	0.0	0.0	0.0	0.1176471	0.0	0.0	0.0666667	0.0333333	0.0526316	0.0	0.0	0.0	0.0	0.0	0.0	0.1	0.0	0.0	0.0	0.0	0.0	0.0	0.0	0.0	0.0	0.0	0.0	0.0	0.0	0.0015	
Tadorne de Belon	0.0625	0.25	0.25	0.25	0.25	0.25	0.4166667	0.0	0.1333333	0.1428571	0.2727273	0.2857143	0.0434783	0.15	0.0	0.2307692	0.037037	0.2068966	0.0	0.1538462	0.1	0.1764706	0.0	0.1666667	0.0666667	0.1333333	0.1578947	0.1034483	0.1333333	0.0	0.0	0.0	0.0	0.0	0.1176471	0.0526316	0.0	0.0	0.0	0.0	0.0	0.2	0.0	0.1	0.0769231	0.25	0.0	0.25	
Canard musqué	0.0	0.0	0.0	0.0	0.0	0.0	0.0	0.0	0.0	0.0	0.0	0.0	0.0	0.0	0.0	0.0	0.0	0.0	0.0	0.0	0.0	0.0	0.0	0.0	0.0	0.0	0.0	0.0	0.0	0.0	0.0	0.0	0.0	0.0	0.0	0.0	0.0357143	0.0	0.0	0.0	0.0	0.2	0.0	0.0	0.0	0.0	0.0	0.0	
Sarcelle d'été	0.0	0.0	0.0	0.0	0.0	0.0	0.0	0.0	0.0	0.0	0.0909091	0.0	0.0	0.05	0.0	0.0384615	0.0	0.0	0.0	0.0	0.0	0.0	0.0	0.0	0.0	0.0333333	0.0	0.0	0.0666667	0.0	0.0	0.0	0.0	0.0	0.0	0.0	0.0	0.0	0.05	0.0	0.0	0.0	0.0	0.0	0.0	0.0	0.0	0.0	
Canard souchet	0.0625	0.0	0.0	0.0015	0.0015	0.0	0.0	0.0	0.0	0.1428571	0.1818182	0.0714286	0.0	0.05	0.0	0.0384615	0.0	0.0	0.0	0.0769231	0.0	0.0	0.0	0.0	0.0	0.0333333	0.0	0.0	0.2	0.0	0.0666667	0.0	0.0	0.1	0.0588235	0.1052632	0.0	0.0555556	0.0	0.0625	0.0	0.0	0.25	0.1	0.0769231	0.25	0.0	0.2	
Canard chipeau	0.25	0.25	0.25	0.25	0.25	0.25	0.1666667	0.0	0.1333333	0.1428571	0.2727273	0.1428571	0.0434783	0.2	0.0	0.1538462	0.0015	0.1724138	0.0	0.0769231	0.0	0.1764706	0.0	0.0	0.0	0.1333333	0.0	0.1034483	0.0666667	0.0	0.0666667	0.0	0.0	0.1	0.1176471	0.1052632	0.0	0.0555556	0.05	0.125	0.0	0.0	0.0	0.0	0.0769231	0.375	0.0	0.15	
Canard siffleur	0.25	0.0	0.0	0.125	0.0	0.25	0.0	0.0	0.0	0.0	0.0909091	0.0	0.0	0.0	0.0	0.0	0.0	0.0	0.0	0.0	0.0	0.0	0.0	0.0	0.0	0.0	0.0	0.0	0.0	0.0	0.0	0.0	0.0	0.0	0.0	0.0	0.0	0.0	0.0	0.0625	0.0	0.0	0.25	0.0	0.0769231	0.125	0.0	0.05	
Canard colvert	0.3125	0.25	0.5	0.25	0.25	0.5	0.4166667	0.0015	0.4	0.2857143	0.4545455	0.5	0.1304348	0.3	0.3157895	0.5	0.1851852	0.2068966	0.08	0.3846154	0.2	0.3529412	0.0	0.1666667	0.1333333	0.3333333	0.2105263	0.2758621	0.4	0.0	0.2	0.0909091	0.0015	0.2	0.2352941	0.1052632	0.1428571	0.2222222	0.15	0.25	0.5	0.6	0.25	0.1	0.0769231	0.75	0.25	0.35	
Canard pilet	0.0	0.0	0.0	0.125	0.0	0.0	0.0833333	0.0	0.0	0.1428571	0.1818182	0.0	0.0434783	0.0	0.0	0.0015	0.037037	0.0689655	0.0	0.0	0.0	0.0	0.0	0.0	0.0	0.0	0.0	0.0	0.0	0.0	0.0	0.0	0.0	0.1	0.0	0.0	0.0	0.0	0.0	0.0	0.0	0.0	0.0	0.0	0.0769231	0.125	0.0	0.05	
Sarcelle d'hiver	0.1875	0.25	0.25	0.25	0.25	0.25	0.3333333	0.0	0.2	0.1428571	0.0909091	0.2857143	0.0434783	0.1	0.0	0.1153846	0.0	0.0344828	0.0	0.0	0.0	0.0	0.0	0.0	0.0	0.0	0.0	0.0689655	0.0666667	0.0	0.0	0.0	0.0	0.2	0.1176471	0.0526316	0.0	0.0555556	0.0	0.125	0.0	0.2	0.25	0.2	0.0769231	0.25	0.0	0.2	
anatidé sp. (canard barboteur sp.)	0.0	0.0	0.0	0.0	0.0	0.0	0.0	0.0	0.0	0.0	0.0	0.0	0.0	0.0	0.0	0.0	0.0	0.0	0.0	0.0	0.0	0.0588235	0.0	0.0	0.0	0.0333333	0.0	0.0	0.0	0.0	0.0	0.0	0.0	0.0	0.0	0.0	0.0	0.0	0.0	0.0	0.0	0.0	0.0	0.0	0.0	0.0	0.0	0.0	
Nette rousse	0.0	0.0	0.0	0.0015	0.0	0.0	0.0	0.0	0.0	0.0	0.0	0.0714286	0.0	0.0	0.1052632	0.0769231	0.0	0.0344828	0.04	0.0769231	0.0	0.0	0.0	0.0	0.0	0.0	0.0	0.0	0.0	0.0	0.0	0.0	0.0	0.0	0.0	0.0	0.0	0.0	0.0	0.0	0.0	0.0	0.0	0.0	0.0	0.0	0.0	0.0	
Fuligule milouin	0.125	0.0	0.25	0.0	0.0	0.0	0.0	0.0	0.0	0.0	0.0	0.0	0.0434783	0.0	0.0	0.0	0.0	0.0689655	0.0	0.0	0.0	0.0	0.0	0.0	0.0	0.0	0.0	0.0	0.0	0.0	0.0	0.0	0.0	0.0	0.0588235	0.0	0.0357143	0.1111111	0.0	0.0	0.0	0.0	0.0	0.0	0.0	0.0	0.0	0.0	
Fuligule morillon	0.0625	0.0	0.25	0.0	0.0	0.0	0.0	0.0	0.0	0.0	0.0	0.0	0.0	0.0	0.0	0.0	0.0	0.0	0.0	0.0	0.0	0.0	0.0	0.0	0.0	0.0	0.0	0.0	0.0	0.0	0.0	0.0	0.0	0.0	0.0	0.0	0.0	0.0	0.0	0.0	0.0	0.0	0.0	0.0	0.0	0.0	0.0	0.0	
Eider à duvet	0.0	0.0	0.0	0.0	0.0	0.0	0.0	0.0	0.0	0.0	0.0	0.0	0.0	0.0	0.0	0.0	0.0	0.0	0.0	0.0	0.0	0.0	0.0	0.0	0.0	0.0	0.0	0.0	0.0	0.0	0.0	0.0	0.0	0.0	0.0	0.0	0.0	0.0	0.0	0.0	0.0	0.0	0.0	0.0	0.0	0.0	0.0	0.05	
anatidé sp. (canard sp.)	0.0	0.0	0.0	0.0	0.0	0.0	0.0	0.0	0.0	0.0	0.0909091	0.0	0.0	0.0	0.0	0.0	0.0	0.0	0.0	0.0	0.0	0.0	0.0	0.0	0.0	0.0	0.0	0.0	0.0	0.0	0.0	0.0	0.0	0.0	0.0	0.0	0.0	0.0	0.0	0.0	0.0	0.0	0.0	0.0	0.0	0.0	0.0	0.0	
Perdrix grise	0.0	0.0	0.0	0.0	0.0	0.0	0.0	0.0	0.0	0.0	0.0	0.0	0.0	0.0	0.0	0.0	0.0	0.0689655	0.0	0.0	0.0	0.0	0.0	0.0	0.0	0.0	0.0	0.0	0.0	0.0	0.0	0.0	0.0	0.0	0.0	0.0	0.0	0.0	0.0	0.0	0.0	0.0	0.0	0.0	0.0	0.0	0.0	0.0	
Faisan de Colchide	0.0625	0.0	0.0	0.0	0.0	0.0	0.0	0.2	0.0666667	0.0	0.0	0.0714286	0.0015	0.1	0.1052632	0.0	0.0	0.0344828	0.0	0.0	0.3	0.0588235	0.0	0.0	0.0	0.0666667	0.0526316	0.0344828	0.0666667	0.0	0.0	0.0	0.0	0.0015	0.0	0.0	0.0015	0.0015	0.0	0.0	0.0	0.0015	0.0015	0.0	0.0	0.0	0.0	0.1	
Paon bleu	0.0	0.0	0.0	0.0	0.0	0.0	0.0	0.0	0.0	0.0	0.0	0.0	0.0	0.0	0.0	0.0	0.0	0.0	0.0	0.0	0.0	0.0	0.0	0.0	0.0	0.0	0.0	0.0	0.0	0.0	0.0	0.0	0.0	0.0	0.0	0.0	0.0015	0.0	0.0	0.0	0.0	0.0	0.0	0.0	0.0	0.0	0.0	0.0	
Caille des blés	0.0	0.0	0.0	0.0	0.0	0.0	0.0	0.0	0.0	0.0	0.0	0.0	0.0	0.0	0.0	0.0384615	0.0	0.0	0.0	0.0015	0.0	0.0588235	0.0	0.0	0.0	0.0	0.0	0.0	0.0	0.0625	0.0	0.0	0.0	0.0	0.0	0.0	0.0	0.0	0.0	0.0	0.0	0.0	0.0	0.0	0.0	0.0	0.0	0.0	
Perdrix rouge	0.0	0.0	0.0	0.0	0.25	0.0	0.0	0.0	0.0666667	0.1428571	0.0015	0.0015	0.0434783	0.0	0.0	0.0384615	0.0015	0.0689655	0.0	0.0015	0.0	0.0	0.0	0.0	0.1333333	0.0	0.1052632	0.0015	0.0666667	0.125	0.0666667	0.0	0.0	0.0	0.0	0.0	0.0	0.0015	0.05	0.0	0.0	0.0	0.0	0.0	0.0	0.0	0.0	0.15	
Pigeon biset	0.0	0.0	0.25	0.0	0.25	0.75	0.25	0.6	0.1333333	0.2857143	0.0015	0.0015	0.2173913	0.2	0.1052632	0.1923077	0.1851852	0.2068966	0.0015	0.2307692	0.3	0.0588235	0.1111111	0.0	0.4666667	0.1333333	0.3157895	0.2068966	0.0666667	0.125	0.0666667	0.0015	0.0	0.0	0.2352941	0.4210526	0.4285714	0.1666667	0.05	0.125	0.25	0.0	0.0015	0.1	0.1538462	0.125	0.75	0.05	
Pigeon colombin	0.0015	0.0	0.0	0.0015	0.0015	0.0	0.0	0.0	0.0	0.0	0.0909091	0.0	0.0	0.0	0.0	0.0	0.037037	0.0	0.0	0.0769231	0.0	0.0	0.0	0.0	0.0	0.0333333	0.0	0.0344828	0.0666667	0.0	0.0	0.0015	0.0	0.1	0.0	0.0526316	0.0357143	0.1666667	0.05	0.0	0.0	0.0	0.0	0.0	0.1538462	0.25	0.0	0.05	
Pigeon ramier	0.5625	0.5	0.5	0.625	0.75	0.75	0.5833333	0.8	0.6	0.8571429	0.7272727	0.7142857	0.4347826	0.65	0.6315789	0.8461538	0.5555556	0.7586207	0.6	0.6923077	0.6	0.6470588	0.4444444	0.8333333	0.8	0.6666667	0.5789474	0.6551724	0.6666667	0.5	0.4	0.4545455	0.625	0.7	0.7058824	0.4736842	0.5714286	0.5555556	0.55	0.3125	0.25	0.4	0.25	0.5	0.4615385	0.75	0.25	0.45	
Tourterelle des bois	0.0	0.0	0.0	0.0	0.0	0.0	0.0	0.0	0.0	0.0	0.0	0.0	0.0	0.05	0.0	0.0384615	0.0740741	0.1724138	0.12	0.1538462	0.2	0.1176471	0.1111111	0.1666667	0.2	0.3333333	0.1052632	0.2413793	0.3333333	0.0	0.0015	0.0015	0.0	0.0	0.0	0.0	0.0	0.0	0.0	0.0	0.0	0.0	0.0	0.0	0.0	0.0	0.0	0.0	
Tourterelle turque	0.375	0.25	0.5	0.5	0.5	0.25	0.25	0.5	0.2666667	0.2857143	0.1818182	0.1428571	0.2608696	0.3	0.1578947	0.5769231	0.2592593	0.5517241	0.52	0.4615385	0.7	0.4117647	0.1111111	0.8333333	0.2	0.3666667	0.1578947	0.4827586	0.4	0.4375	0.1333333	0.0015	0.5	0.3	0.3529412	0.4736842	0.4285714	0.5	0.4	0.4375	0.5	0.2	0.25	0.1	0.0769231	0.25	0.5	0.3	
Coucou gris	0.0	0.0	0.0	0.0	0.0	0.0	0.0	0.0	0.0	0.0	0.0	0.0714286	0.0434783	0.05	0.1578947	0.1538462	0.037037	0.2068966	0.04	0.0769231	0.0	0.0	0.0	0.0	0.0	0.0333333	0.0526316	0.0	0.0	0.0015	0.0	0.0	0.0	0.1	0.0	0.0	0.0	0.0	0.0	0.0	0.0	0.0	0.0	0.0	0.0	0.0	0.0	0.0	
Engoulevent d'Europe	0.0	0.0	0.0	0.0	0.0	0.0	0.0	0.0	0.0	0.0	0.0	0.0	0.0	0.0	0.0	0.0	0.0	0.0	0.0	0.0	0.0	0.0588235	0.1111111	0.0	0.0	0.0	0.0	0.0015	0.0015	0.0015	0.0	0.0	0.0	0.0	0.0	0.0	0.0	0.0	0.0	0.0	0.0	0.0	0.0	0.0	0.0	0.0	0.0	0.0	
Martinet à ventre blanc	0.0	0.0	0.0	0.0	0.0	0.0	0.0	0.0	0.0	0.0	0.0	0.0	0.0	0.0015	0.0	0.0	0.0	0.0	0.04	0.0	0.1	0.0015	0.0	0.0	0.0	0.0	0.0	0.0344828	0.0	0.0	0.0	0.0015	0.0	0.0	0.0	0.0526316	0.0	0.0	0.0	0.0	0.0	0.0	0.0	0.0	0.0	0.0	0.0	0.0	
Martinet noir	0.0	0.0	0.0	0.0	0.0	0.0	0.0	0.0	0.0	0.0	0.0	0.0	0.0434783	0.05	0.0	0.4615385	0.3703704	0.3103448	0.32	0.3846154	0.2	0.2941176	0.1111111	0.1666667	0.2666667	0.2333333	0.2105263	0.2758621	0.0015	0.0	0.0666667	0.0	0.0	0.0	0.0015	0.0	0.0	0.0	0.0	0.0	0.0	0.0	0.0	0.0	0.0	0.0	0.0	0.0	
Râle d'eau	0.0	0.0	0.0	0.0	0.0	0.0	0.0	0.0	0.0	0.0	0.0	0.0	0.0	0.0	0.0	0.0	0.0	0.0	0.0	0.0	0.0	0.0	0.0	0.0	0.0	0.0	0.0	0.0344828	0.0	0.0	0.0666667	0.0	0.0	0.0	0.0	0.0	0.0	0.0	0.0	0.0	0.0	0.0	0.0	0.0	0.0	0.0	0.0	0.0	
Marouette ponctuée	0.0	0.0	0.0	0.0	0.0	0.0	0.0	0.0	0.0666667	0.0	0.0	0.0	0.0	0.0	0.0	0.0	0.0	0.0	0.0	0.0	0.0	0.0	0.0	0.0	0.0	0.0	0.0	0.0	0.0	0.0	0.0	0.0	0.0	0.0	0.0	0.0	0.0	0.0	0.0	0.0	0.0	0.0	0.0	0.0	0.0	0.0	0.0	0.0	
Gallinule poule-d'eau	0.0625	0.25	0.25	0.125	0.25	0.0	0.1666667	0.0	0.2	0.0	0.1818182	0.0714286	0.0869565	0.1	0.2105263	0.1153846	0.0740741	0.0689655	0.0	0.0	0.1	0.1176471	0.1111111	0.1666667	0.0	0.2	0.1052632	0.2068966	0.2666667	0.0625	0.0	0.0	0.0	0.2	0.0	0.0	0.0015	0.0555556	0.05	0.125	0.0	0.0	0.25	0.0	0.1538462	0.375	0.25	0.15	
Foulque macroule	0.375	0.25	0.5	0.25	0.25	0.25	0.4166667	0.0	0.4666667	0.2857143	0.2727273	0.1428571	0.0434783	0.15	0.0526316	0.2307692	0.0740741	0.2068966	0.0	0.3846154	0.2	0.2941176	0.0	0.1666667	0.1333333	0.4333333	0.1578947	0.1724138	0.3333333	0.0625	0.0	0.0	0.0	0.2	0.2352941	0.1052632	0.0357143	0.2222222	0.05	0.125	0.25	0.4	0.0015	0.3	0.0769231	0.625	0.0	0.45	
Talève sultane	0.0	0.0	0.0	0.0	0.0	0.0	0.0	0.0	0.0	0.0	0.0	0.0	0.0	0.0	0.0	0.0	0.0	0.0	0.0	0.0	0.0	0.0	0.0	0.0	0.0	0.0	0.0	0.0344828	0.0	0.0	0.0	0.0	0.0	0.0	0.0	0.0	0.0	0.0	0.0	0.0	0.0	0.0	0.0	0.0	0.0	0.0	0.0	0.0	
Grue cendrée	0.0	0.0	0.0	0.0015	0.0	0.0	0.0833333	0.1	0.0	0.0	0.0909091	0.0	0.0	0.0	0.0	0.0	0.0	0.0	0.0	0.0	0.0	0.0	0.0	0.0	0.0	0.0	0.0	0.0	0.0	0.0	0.0	0.0	0.0	0.0	0.0	0.0	0.0	0.0	0.0015	0.0015	0.0	0.2	0.0	0.0	0.0769231	0.0	0.0	0.0	
Oedicnème criard	0.0	0.0	0.0	0.0	0.0	0.0	0.0	0.0	0.0	0.0	0.0	0.0	0.0	0.0015	0.0	0.0015	0.0	0.0	0.0015	0.0	0.0	0.0	0.0	0.0	0.0	0.0	0.0	0.0	0.0015	0.0015	0.0015	0.0	0.0	0.0	0.0	0.0	0.0	0.0	0.0	0.0	0.0	0.0	0.0	0.0	0.0	0.0	0.0	0.0	
Échasse blanche	0.0	0.0	0.0	0.0	0.0	0.0	0.0	0.0	0.0	0.0	0.0	0.0	0.0	0.05	0.0	0.0769231	0.0	0.0344828	0.0	0.0	0.1	0.2941176	0.0	0.1666667	0.0666667	0.2	0.1052632	0.2068966	0.3333333	0.0	0.0015	0.0	0.0	0.1	0.0	0.0	0.0	0.0	0.0	0.0	0.0	0.0	0.0	0.0	0.0	0.0	0.0	0.0	
Avocette élégante	0.0	0.0	0.0	0.0	0.0	0.0	0.0	0.0	0.0	0.0	0.0	0.0714286	0.0	0.0	0.0	0.0	0.0	0.0344828	0.0	0.0	0.0	0.0	0.0	0.0	0.0	0.0	0.0	0.0	0.0	0.0	0.0	0.0	0.0	0.1	0.0	0.0	0.0	0.0	0.0	0.0	0.0	0.0	0.0	0.0	0.0	0.0	0.0	0.0	
Pluvier argenté	0.0	0.0	0.0	0.0	0.0	0.0	0.0	0.0	0.0	0.0	0.0	0.0	0.0	0.0	0.0	0.0	0.0	0.0344828	0.0	0.0	0.0	0.0	0.0	0.0	0.0	0.0	0.0	0.0	0.0	0.0	0.0	0.0	0.0	0.0	0.0	0.0	0.0	0.0	0.0	0.0	0.0	0.0	0.0	0.0	0.0	0.0	0.0	0.0	
Pluvier doré	0.0	0.0	0.0	0.0	0.0	0.0	0.0	0.0	0.0	0.0	0.0	0.0	0.0	0.0	0.0	0.0	0.0	0.0	0.0	0.0	0.0	0.0	0.0	0.0	0.0	0.0	0.0	0.0	0.0	0.0	0.0	0.0	0.0	0.0	0.0	0.0	0.0	0.0	0.0	0.0	0.0	0.0	0.0	0.0	0.0	0.125	0.0	0.05	
Grand Gravelot	0.0	0.0	0.0	0.0	0.0	0.0	0.0	0.0	0.0	0.1428571	0.0	0.0	0.0	0.0	0.0	0.0	0.0	0.0	0.0	0.0	0.0	0.0	0.0	0.0	0.0	0.0	0.0	0.0	0.0	0.0	0.0	0.0	0.0	0.0	0.0	0.0	0.0	0.0	0.0	0.0	0.0	0.0	0.0	0.0	0.0	0.0	0.0	0.0	
Petit Gravelot	0.0	0.0	0.0	0.0	0.0	0.0	0.0	0.0	0.0	0.0	0.0	0.0	0.0	0.0	0.0	0.0384615	0.0	0.0344828	0.0	0.0	0.1	0.1176471	0.0	0.0	0.0	0.1333333	0.0	0.0	0.0666667	0.0	0.0	0.0	0.0	0.1	0.0	0.0	0.0	0.0	0.0	0.0	0.0	0.0	0.0	0.0	0.0	0.0	0.0	0.0	
Vanneau huppé	0.1875	0.0	0.25	0.25	0.25	0.25	0.25	0.0	0.0	0.1428571	0.0	0.0	0.0	0.0	0.0	0.0	0.0	0.0	0.0	0.0	0.0	0.0588235	0.0	0.0	0.0	0.2	0.0526316	0.0344828	0.1333333	0.0	0.0015	0.0	0.0	0.1	0.0	0.0526316	0.0	0.0555556	0.05	0.125	0.0	0.2	0.25	0.2	0.1538462	0.25	0.0	0.15	
Courlis corlieu	0.0	0.0	0.0	0.0	0.0	0.0	0.0	0.0	0.0	0.0	0.0	0.0	0.0	0.0	0.0	0.0384615	0.0	0.0	0.0	0.0	0.0	0.0	0.0	0.0	0.0	0.0	0.0	0.0	0.0	0.0	0.0	0.0	0.0	0.0	0.0	0.0	0.0	0.0	0.0	0.0	0.0	0.0	0.0	0.0	0.0	0.0	0.0	0.0	
Courlis cendré	0.125	0.0	0.0	0.25	0.25	0.25	0.3333333	0.0	0.1333333	0.1428571	0.0	0.0714286	0.0	0.0	0.0	0.0	0.0	0.1034483	0.0	0.0	0.0	0.0	0.0	0.0	0.0	0.1	0.0	0.1724138	0.2	0.0	0.0	0.0	0.0	0.1	0.0588235	0.1052632	0.0	0.0	0.05	0.125	0.0	0.0	0.25	0.1	0.0	0.0	0.0	0.0015	
Barge à queue noire	0.0	0.0	0.0	0.0	0.0	0.25	0.0	0.0	0.0666667	0.1428571	0.0909091	0.0	0.0	0.0	0.0	0.0	0.0	0.0344828	0.0	0.0	0.1	0.0	0.0	0.0	0.0	0.0666667	0.0	0.1034483	0.1333333	0.0	0.0	0.0	0.0	0.1	0.0	0.0	0.0	0.0	0.0	0.0	0.0	0.0	0.0	0.0	0.0	0.125	0.0	0.05	
Bécassine sourde	0.0	0.0	0.0	0.0	0.0	0.0	0.0	0.0	0.0666667	0.0	0.0	0.0	0.0	0.0	0.0	0.0	0.0	0.0	0.0	0.0	0.0	0.0	0.0	0.0	0.0	0.0	0.0	0.0	0.0	0.0	0.0	0.0	0.0	0.0	0.0	0.0	0.0	0.0	0.0	0.0	0.0	0.0	0.25	0.0	0.0	0.0	0.0	0.0	
Bécassine des marais	0.0015	0.0	0.0	0.0	0.25	0.25	0.0833333	0.0	0.0666667	0.1428571	0.0909091	0.0	0.0434783	0.0	0.0	0.0	0.0	0.0344828	0.0	0.0	0.0	0.0	0.0	0.0	0.0	0.0333333	0.0	0.0344828	0.1333333	0.0	0.0666667	0.0	0.0	0.1	0.1176471	0.0526316	0.0	0.0555556	0.05	0.0625	0.0	0.0	0.25	0.0	0.0	0.125	0.0	0.05	
Chevalier guignette	0.0	0.25	0.0	0.125	0.0	0.0	0.0	0.0	0.0	0.0	0.0	0.0	0.0	0.1	0.0	0.3076923	0.1481481	0.1724138	0.04	0.0	0.0	0.0	0.0	0.0	0.0666667	0.0333333	0.1578947	0.137931	0.0666667	0.0625	0.0666667	0.0	0.125	0.1	0.0588235	0.0	0.0	0.0	0.0	0.0	0.0	0.0	0.0	0.0	0.0769231	0.25	0.0	0.15	
Chevalier culblanc	0.0	0.0	0.0	0.125	0.0	0.0	0.0	0.0	0.0	0.0	0.0909091	0.0714286	0.0	0.05	0.0	0.0384615	0.037037	0.0344828	0.0	0.0	0.0	0.0	0.0	0.0	0.0	0.0333333	0.0	0.0344828	0.0666667	0.0	0.0666667	0.0	0.0	0.0	0.0588235	0.0	0.0357143	0.0	0.0	0.0	0.25	0.0	0.0015	0.0	0.0	0.0	0.0	0.0	
Chevalier sylvain	0.0	0.0	0.0	0.0	0.0	0.0	0.0	0.0	0.0	0.0	0.0	0.0	0.0	0.0	0.0	0.0769231	0.0	0.0344828	0.0	0.0	0.0	0.0	0.0	0.0	0.0	0.1333333	0.0	0.0344828	0.2	0.0	0.0	0.0	0.0	0.1	0.0	0.0	0.0	0.0	0.0	0.0	0.0	0.0	0.0	0.0	0.0	0.0	0.0	0.0	
Chevalier gambette	0.0	0.0	0.0	0.0	0.0	0.0	0.0	0.0	0.0	0.1428571	0.0	0.0714286	0.0	0.05	0.0	0.1153846	0.037037	0.1724138	0.0	0.0	0.1	0.0	0.0	0.0	0.0	0.0	0.0	0.0344828	0.0666667	0.0	0.0	0.0	0.0	0.0	0.0	0.0	0.0	0.0	0.0	0.0	0.0	0.0	0.0	0.0	0.0	0.0	0.0	0.0	
Chevalier arlequin	0.0	0.0	0.0	0.0	0.0	0.0	0.0	0.0	0.0	0.0	0.0	0.0	0.0	0.0	0.0	0.0015	0.037037	0.0	0.0	0.0	0.0	0.0	0.0	0.0	0.0	0.0	0.0	0.0	0.0	0.0	0.0	0.0	0.0	0.0	0.1176471	0.0	0.0	0.0555556	0.0	0.0625	0.0	0.0	0.0	0.0	0.0	0.0	0.0	0.0	
Chevalier aboyeur	0.0	0.0	0.0	0.0	0.0	0.0	0.0	0.0	0.0	0.0	0.0	0.0	0.0	0.05	0.0	0.1538462	0.0740741	0.137931	0.0	0.0	0.0	0.1764706	0.0	0.0	0.0	0.0333333	0.0526316	0.0344828	0.0	0.0	0.0	0.0	0.0	0.0	0.0	0.1052632	0.0	0.0555556	0.05	0.0	0.0	0.0	0.0	0.1	0.0	0.0	0.0	0.0	
Combattant varié	0.0	0.0	0.0	0.0	0.0	0.25	0.0	0.0	0.0666667	0.0	0.0	0.0	0.0	0.1	0.0	0.0384615	0.0	0.0	0.0	0.0	0.0	0.0	0.0	0.0	0.0	0.0333333	0.0	0.0	0.1333333	0.0	0.0	0.0	0.0	0.0	0.0	0.0	0.0	0.0	0.0	0.0	0.0	0.0	0.0	0.0	0.0	0.0	0.0	0.0	
Bécasseau sanderling	0.0	0.0	0.0	0.0	0.0	0.0	0.0	0.0	0.0	0.0	0.0	0.0	0.0	0.0	0.0	0.0	0.0	0.0344828	0.0	0.0	0.0	0.0	0.0	0.0	0.0	0.0	0.0	0.0	0.0	0.0	0.0	0.0	0.0	0.0	0.0	0.0	0.0	0.0	0.0	0.0	0.0	0.0	0.0	0.0	0.0	0.0	0.0	0.0	
Bécasseau variable	0.0	0.0	0.0	0.0	0.0	0.25	0.0833333	0.0	0.0	0.0	0.0	0.0	0.0	0.0	0.0	0.0384615	0.0	0.0344828	0.0	0.0	0.0	0.0	0.0	0.0	0.0	0.0	0.0	0.0344828	0.0666667	0.0	0.0	0.0	0.0	0.0	0.0	0.0	0.0	0.0555556	0.0	0.0	0.0	0.0	0.0	0.0	0.0	0.125	0.0	0.05	
Mouette pygmée	0.0	0.0	0.0	0.0	0.0	0.0	0.0	0.0	0.0	0.0	0.0	0.0	0.0	0.0	0.0	0.0	0.0	0.0	0.0	0.0	0.0	0.0	0.0	0.0	0.0	0.0	0.0	0.0	0.0	0.0	0.0	0.0	0.0	0.0	0.0	0.0	0.0	0.0	0.0	0.0	0.0	0.0	0.0	0.0	0.0	0.375	0.0	0.05	
Mouette tridactyle	0.0	0.0	0.0	0.0	0.0	0.0	0.0	0.0	0.0	0.0	0.0	0.0	0.0	0.0	0.0	0.0	0.0	0.0	0.0	0.0	0.0	0.0	0.0	0.0	0.0	0.0	0.0	0.0	0.0	0.0	0.0	0.0	0.0	0.0	0.0	0.0	0.0	0.0	0.0	0.0	0.0	0.0	0.0	0.0	0.0	0.125	0.0	0.0	
Mouette rieuse	0.25	0.25	0.25	0.25	0.25	0.75	0.3333333	0.0015	0.2666667	0.1428571	0.3636364	0.3571429	0.0434783	0.2	0.0526316	0.3461538	0.037037	0.2413793	0.0	0.2307692	0.1	0.3529412	0.0	0.1666667	0.0666667	0.2333333	0.1578947	0.2068966	0.3333333	0.0	0.0666667	0.0	0.125	0.3	0.1764706	0.1052632	0.0714286	0.1111111	0.1	0.25	0.0	0.2	0.25	0.2	0.0769231	0.5	0.0	0.2	
Mouette mélanocéphale	0.0	0.0	0.0	0.0	0.0	0.0	0.0	0.0	0.0015	0.0	0.0	0.0	0.0	0.0	0.0	0.0	0.037037	0.0	0.0	0.0	0.0	0.0	0.0	0.1666667	0.0	0.0	0.0	0.0	0.0	0.0	0.0	0.0	0.0	0.0	0.0	0.0	0.0	0.0	0.0	0.0	0.0	0.0	0.0	0.0	0.0	0.0	0.0	0.0	
Goéland cendré	0.0	0.0	0.0	0.0	0.0	0.0	0.0	0.0	0.0	0.0	0.0	0.0	0.0	0.0	0.0	0.0769231	0.0	0.1034483	0.0	0.0	0.0	0.0588235	0.0	0.0	0.0	0.0333333	0.0	0.0	0.0	0.0	0.0	0.0	0.0	0.0	0.0	0.0	0.0	0.0	0.0	0.0	0.0	0.0	0.0	0.0	0.0	0.0	0.0	0.0	
Goéland leucophée	0.3125	0.25	0.25	0.125	0.0015	0.25	0.25	0.1	0.3333333	0.2857143	0.3636364	0.2857143	0.0434783	0.15	0.2105263	0.3846154	0.0740741	0.2068966	0.0	0.3076923	0.1	0.2941176	0.0	0.1666667	0.0666667	0.3	0.1052632	0.1724138	0.2	0.0625	0.0	0.0	0.0	0.2	0.1176471	0.1578947	0.1071429	0.3888889	0.1	0.125	0.25	0.0	0.0	0.2	0.1538462	0.625	0.0	0.4	
Goéland brun	0.0	0.0	0.0	0.0	0.0	0.0	0.0	0.0	0.0	0.0	0.0909091	0.0714286	0.0	0.05	0.0	0.0	0.0	0.0	0.0	0.0	0.0	0.0	0.0	0.0	0.0	0.0	0.0	0.0	0.0	0.0	0.0	0.0	0.0	0.0	0.0	0.0526316	0.0	0.0	0.0	0.0	0.0	0.0	0.0	0.0	0.0	0.125	0.0	0.05	
goéland sp. (Larus sp.)	0.0	0.0	0.0	0.0	0.25	0.0	0.0	0.0	0.0	0.0	0.0	0.0	0.0	0.0	0.0	0.0	0.0	0.0	0.0	0.0	0.0	0.0	0.0	0.0	0.0	0.0	0.0	0.0689655	0.0	0.0	0.0	0.0	0.0	0.0	0.0	0.0	0.0	0.0	0.0	0.0	0.0	0.0	0.0	0.0	0.0	0.0	0.0	0.0	
goéland ou mouette sp.	0.0	0.0	0.0	0.0	0.0	0.0	0.0	0.0	0.0	0.0	0.0	0.0	0.0	0.0	0.0	0.0	0.0	0.0015	0.0	0.0	0.0	0.0588235	0.0	0.0	0.0	0.0	0.0	0.0	0.0	0.0	0.0	0.0	0.0	0.0	0.0	0.0	0.0357143	0.0	0.0	0.0	0.0	0.0	0.0	0.0	0.0	0.0	0.0	0.0	
Sterne naine	0.0	0.0	0.0	0.0	0.0	0.0	0.0	0.0	0.0	0.0	0.0	0.0	0.0	0.0	0.0	0.0	0.0	0.0	0.0	0.0	0.0	0.1764706	0.0	0.0	0.0	0.0	0.0	0.0015	0.0	0.0	0.0	0.0	0.0	0.0	0.0	0.0	0.0	0.0	0.0	0.0	0.0	0.0	0.0	0.0	0.0	0.0	0.0	0.0	
Sterne hansel	0.0	0.0	0.0	0.0	0.0	0.0	0.0	0.0	0.0	0.0	0.0	0.0	0.0	0.0	0.0	0.0	0.0	0.0	0.0	0.0	0.0	0.0	0.0	0.0	0.0	0.0	0.0	0.0689655	0.0	0.0	0.0	0.0	0.0	0.0	0.0	0.0	0.0	0.0	0.0	0.0	0.0	0.0	0.0	0.0	0.0	0.0	0.0	0.0	
Sterne caspienne	0.0	0.0	0.0	0.0	0.0	0.0	0.0	0.0	0.0	0.0	0.0	0.0	0.0	0.0	0.0	0.0	0.0	0.0	0.0	0.0	0.0	0.0	0.0	0.1666667	0.0	0.0	0.0	0.0	0.0	0.0	0.0	0.0	0.0	0.0	0.0	0.0	0.0	0.0	0.0	0.0	0.0	0.0	0.0	0.0	0.0	0.0	0.0	0.0	
Guifette moustac	0.0	0.0	0.0	0.0	0.0	0.0	0.0	0.0	0.0	0.0	0.0	0.0	0.0	0.0015	0.0	0.0384615	0.0	0.1034483	0.0	0.0	0.0	0.0588235	0.0	0.1666667	0.0666667	0.0333333	0.0	0.0	0.0	0.0	0.0	0.0	0.0	0.0	0.0	0.0	0.0	0.0	0.0	0.0	0.0	0.0	0.0	0.0	0.0	0.0	0.0	0.0	
Guifette noire	0.0	0.0	0.0	0.0	0.0	0.0	0.0	0.0	0.0	0.0	0.0	0.0	0.0	0.0	0.0	0.0	0.0	0.0344828	0.0	0.0	0.0	0.0	0.0	0.0	0.0	0.0	0.0	0.0344828	0.0	0.0	0.0	0.0	0.0	0.1	0.0	0.0	0.0	0.0	0.0	0.0	0.0	0.0	0.0	0.0	0.0	0.0	0.0	0.0	
Sterne pierregarin	0.0	0.0	0.0	0.0	0.0	0.0	0.0	0.0	0.0	0.0	0.0	0.0	0.0	0.1	0.0	0.1923077	0.0740741	0.2413793	0.0	0.3076923	0.1	0.3529412	0.0	0.1666667	0.0666667	0.2666667	0.2105263	0.2413793	0.2666667	0.0625	0.0666667	0.0	0.0	0.0	0.0	0.0	0.0	0.0	0.0	0.0	0.0	0.0	0.0	0.0	0.0	0.0	0.0	0.0	
Flamant rose	0.0	0.0	0.0	0.0	0.0	0.0	0.0	0.0	0.0	0.0	0.0	0.0	0.0	0.0	0.0	0.0	0.0	0.0	0.0	0.0	0.0	0.0	0.0	0.0	0.0	0.0	0.0	0.0	0.0	0.0	0.0	0.0	0.0	0.0	0.0	0.0	0.0	0.0	0.0	0.0	0.0	0.0	0.0	0.1	0.0	0.0	0.0	0.0015	
Grèbe castagneux	0.0625	0.0	0.0	0.25	0.0015	0.0	0.1666667	0.0	0.0666667	0.2857143	0.1818182	0.0714286	0.0	0.0	0.2105263	0.0	0.0	0.1034483	0.0	0.0	0.1	0.1176471	0.1111111	0.0	0.1333333	0.1333333	0.1052632	0.1034483	0.2	0.0	0.0	0.0	0.0	0.1	0.1176471	0.0526316	0.0	0.0	0.05	0.0625	0.0	0.0	0.0015	0.2	0.0	0.5	0.0	0.2	
Grèbe huppé	0.25	0.0	0.75	0.25	0.25	0.25	0.25	0.0	0.2666667	0.2857143	0.1818182	0.2857143	0.0434783	0.15	0.0	0.1923077	0.0740741	0.137931	0.0	0.0769231	0.0	0.0588235	0.0	0.0	0.0	0.1333333	0.0	0.0344828	0.0666667	0.0625	0.0	0.0	0.0	0.2	0.0588235	0.0	0.0357143	0.1111111	0.05	0.0	0.0	0.4	0.25	0.1	0.0769231	0.5	0.0	0.4	
Grèbe à cou noir	0.0	0.0	0.0	0.125	0.0	0.0	0.0	0.0	0.0	0.0	0.0	0.0	0.0	0.0	0.0	0.0	0.0	0.0	0.0	0.0	0.0	0.0	0.0	0.0	0.0	0.0	0.0	0.0	0.0	0.0	0.0	0.0	0.0	0.0	0.0	0.0	0.0	0.0	0.0	0.0	0.0	0.0	0.0	0.0	0.0	0.0	0.0	0.0	
Cigogne blanche	0.0	0.0	0.0	0.0	0.0	0.0	0.0	0.0	0.0	0.0	0.0909091	0.0	0.0	0.0	0.0	0.0	0.0	0.0	0.0	0.0	0.1	0.0588235	0.0	0.0	0.0	0.0666667	0.0	0.0	0.0	0.0	0.0	0.0	0.0	0.0	0.0	0.0	0.0	0.0	0.0	0.0	0.0	0.0	0.0	0.0	0.0769231	0.0	0.0	0.0	
Grand Cormoran	0.5	0.25	0.75	0.25	0.25	1.0	0.5	0.2	0.5333333	0.2857143	0.4545455	0.4285714	0.0869565	0.15	0.1578947	0.1923077	0.037037	0.2068966	0.04	0.2307692	0.1	0.2941176	0.0	0.0	0.0666667	0.2	0.1578947	0.2068966	0.3333333	0.0	0.0	0.0	0.0	0.2	0.1764706	0.0526316	0.0714286	0.3333333	0.25	0.1875	0.25	0.4	0.5	0.3	0.0769231	0.75	0.25	0.55	
Ibis falcinelle	0.0	0.0	0.0	0.0015	0.0	0.0	0.0	0.0	0.0	0.0	0.0	0.0	0.0	0.0	0.0	0.0	0.0	0.0	0.0	0.0	0.0	0.0588235	0.0	0.0	0.0	0.1	0.0	0.0689655	0.1333333	0.0	0.0	0.0	0.0	0.1	0.0	0.0	0.0	0.0	0.0	0.0	0.0	0.0	0.0	0.0	0.0	0.0	0.0	0.0	
Spatule blanche	0.0	0.25	0.0	0.125	0.25	0.25	0.3333333	0.0	0.0666667	0.0	0.0909091	0.0	0.0434783	0.1	0.0	0.0769231	0.0	0.0344828	0.0	0.0	0.1	0.0588235	0.0	0.0	0.0	0.1	0.0526316	0.1034483	0.0666667	0.0	0.0	0.0	0.0	0.2	0.1176471	0.1052632	0.0	0.0555556	0.0	0.0625	0.0	0.2	0.25	0.1	0.0769231	0.125	0.0	0.1	
Blongios nain	0.0	0.0	0.0	0.0	0.0	0.0	0.0	0.0	0.0	0.0	0.0	0.0	0.0	0.0	0.0	0.0	0.0	0.0	0.0	0.0	0.0	0.0	0.0	0.0	0.0	0.0	0.0	0.0	0.0	0.0	0.0015	0.0	0.0	0.0	0.0	0.0	0.0	0.0	0.0	0.0	0.0	0.0	0.0	0.0	0.0	0.0	0.0	0.0	
Bihoreau gris	0.0	0.0	0.0	0.0	0.0	0.0	0.0	0.0	0.0	0.0	0.0015	0.0714286	0.0	0.0	0.0526316	0.1538462	0.0	0.1034483	0.08	0.1538462	0.0	0.2352941	0.0	0.1666667	0.0	0.2333333	0.1052632	0.1034483	0.2	0.125	0.0666667	0.0015	0.0	0.1	0.0	0.0	0.0	0.0555556	0.0	0.0625	0.0	0.0	0.0	0.0	0.0	0.0	0.0	0.0	
Aigrette garzette	0.25	0.5	0.25	0.25	0.25	0.75	0.4166667	0.0	0.2666667	0.1428571	0.1818182	0.3571429	0.0869565	0.25	0.0526316	0.2307692	0.1111111	0.2758621	0.04	0.3076923	0.2	0.3529412	0.0	0.1666667	0.0666667	0.3	0.2105263	0.3103448	0.2666667	0.0625	0.1333333	0.0015	0.125	0.3	0.1764706	0.1052632	0.1071429	0.0555556	0.15	0.125	0.25	0.6	0.25	0.3	0.0769231	0.375	0.25	0.3	
Crabier chevelu	0.0	0.0	0.0	0.0	0.0	0.0	0.0	0.0	0.0	0.0	0.0	0.0	0.0	0.0	0.0	0.0769231	0.0	0.0689655	0.0	0.0	0.0	0.1176471	0.0	0.1666667	0.0	0.1666667	0.1052632	0.1724138	0.2	0.0625	0.0666667	0.0	0.0	0.1	0.0588235	0.0	0.0	0.0	0.0	0.0	0.0	0.0	0.0	0.0	0.0	0.0	0.0	0.0	
Héron garde-boeufs	0.125	0.0	0.5	0.375	0.75	0.25	0.1666667	0.1	0.1333333	0.0015	0.0909091	0.1428571	0.1304348	0.0	0.1052632	0.1538462	0.037037	0.2068966	0.12	0.1538462	0.3	0.2941176	0.0	0.1666667	0.1333333	0.5	0.1052632	0.1724138	0.4	0.0015	0.1333333	0.0909091	0.25	0.4	0.1764706	0.0015	0.0015	0.1666667	0.15	0.0625	0.25	0.0015	0.0	0.0	0.0	0.25	0.0	0.2	
Grande Aigrette	0.375	0.5	0.25	0.25	0.5	0.25	0.5	0.0015	0.4666667	0.1428571	0.2727273	0.3571429	0.0434783	0.15	0.0	0.0769231	0.037037	0.1724138	0.0	0.1538462	0.2	0.2941176	0.0	0.1666667	0.0	0.2333333	0.1578947	0.2068966	0.3333333	0.0015	0.0	0.0015	0.125	0.2	0.1764706	0.2105263	0.1071429	0.2222222	0.1	0.1875	0.0015	0.6	0.5	0.1	0.1538462	0.625	0.25	0.35	
Héron cendré	0.4375	0.5	0.25	0.375	0.5	0.5	0.5	0.1	0.5333333	0.2857143	0.1818182	0.3571429	0.0869565	0.2	0.1578947	0.2692308	0.2222222	0.3103448	0.0	0.3076923	0.2	0.4705882	0.1111111	0.1666667	0.0666667	0.4333333	0.2631579	0.3103448	0.4	0.0625	0.1333333	0.0909091	0.25	0.4	0.1764706	0.2105263	0.3214286	0.2777778	0.25	0.25	0.25	0.8	0.5	0.3	0.0769231	0.5	0.0	0.5	
Héron pourpré	0.0	0.0	0.0	0.0	0.0	0.0	0.0	0.0	0.0	0.0	0.0	0.0	0.0	0.0	0.1578947	0.0769231	0.037037	0.137931	0.04	0.0	0.1	0.1764706	0.1111111	0.1666667	0.0666667	0.2333333	0.1578947	0.137931	0.2666667	0.0	0.0	0.0	0.0	0.0	0.0588235	0.0	0.0	0.0	0.0	0.0	0.0	0.0	0.0	0.0	0.0	0.0	0.0	0.0	
Balbuzard pêcheur	0.0	0.0	0.0	0.0	0.0	0.0	0.0	0.0	0.0666667	0.0	0.0909091	0.0015	0.0	0.1	0.0	0.0384615	0.037037	0.0	0.0	0.0	0.0	0.0	0.0	0.0	0.0	0.0	0.0	0.0344828	0.0	0.0	0.1333333	0.0	0.0015	0.2	0.1764706	0.0526316	0.0	0.0	0.05	0.0	0.0	0.0	0.0	0.0	0.0	0.0	0.0	0.0015	
Élanion blanc	0.0625	0.0	0.0	0.375	0.0015	0.0015	0.0833333	0.0	0.0666667	0.0	0.2727273	0.2142857	0.0	0.0	0.0526316	0.1153846	0.0	0.0344828	0.0	0.0015	0.1	0.0015	0.0	0.0	0.0	0.0333333	0.0	0.0689655	0.0015	0.0015	0.0666667	0.0015	0.125	0.1	0.0588235	0.0526316	0.0357143	0.0555556	0.15	0.0015	0.0	0.0015	0.0015	0.0	0.0015	0.25	0.0015	0.35	
Bondrée apivore	0.0	0.0	0.0	0.0	0.0	0.0	0.0	0.0	0.0	0.0	0.0	0.0	0.0	0.0	0.0	0.0	0.0	0.0689655	0.0	0.0	0.1	0.0015	0.0	0.0	0.1333333	0.0666667	0.1052632	0.1724138	0.0015	0.0015	0.0666667	0.0	0.0	0.0	0.0	0.0	0.0	0.0	0.0	0.0	0.0	0.0	0.0	0.0	0.0	0.0	0.0	0.0	
Vautour fauve	0.0	0.0	0.0	0.0	0.0	0.0	0.0	0.0	0.0	0.0	0.0	0.0	0.0	0.0	0.0	0.0	0.0	0.0	0.0	0.0	0.0	0.0	0.0	0.0	0.0	0.0	0.0	0.0	0.0	0.0	0.0	0.0	0.0	0.0	0.0	0.0	0.0357143	0.0	0.0	0.0	0.0	0.0	0.0	0.0	0.0	0.0	0.0	0.0	
Circaète Jean-le-Blanc	0.0	0.0	0.0	0.0	0.0	0.0	0.0	0.0	0.0	0.0	0.0909091	0.0714286	0.0	0.1	0.0	0.0	0.0	0.0	0.0	0.0	0.0	0.0	0.0	0.0	0.2	0.0333333	0.0526316	0.0689655	0.0015	0.0	0.0	0.0015	0.0	0.1	0.0	0.0	0.0	0.0	0.0	0.0	0.0	0.0	0.0	0.0	0.0	0.0	0.0	0.0	
Aigle botté	0.0	0.0	0.0	0.0	0.0	0.0	0.0	0.0	0.0	0.0	0.0	0.0	0.0434783	0.05	0.0	0.0384615	0.0	0.0	0.0	0.0	0.0	0.0	0.0015	0.0	0.0	0.0333333	0.0	0.0344828	0.0	0.0	0.0015	0.0015	0.0	0.0	0.0	0.0	0.0	0.0	0.0	0.0	0.0	0.0	0.0	0.0	0.0	0.0	0.0	0.0	
Épervier d'Europe	0.0625	0.25	0.25	0.125	0.0	0.0	0.0	0.0	0.2666667	0.0	0.2727273	0.0	0.0434783	0.1	0.0	0.0384615	0.0	0.0689655	0.0	0.0015	0.0	0.0	0.0	0.0	0.0	0.0	0.0526316	0.0689655	0.0666667	0.0015	0.0015	0.0909091	0.375	0.2	0.0	0.0	0.0714286	0.0	0.0	0.0	0.0	0.0	0.0	0.1	0.0	0.125	0.0	0.05	
Autour des palombes	0.0	0.0	0.0	0.0	0.0	0.0	0.0	0.0	0.0	0.0	0.0	0.0	0.0	0.0	0.0015	0.0	0.0	0.0344828	0.0	0.0	0.0	0.0	0.0	0.0	0.0	0.0	0.0	0.0	0.0	0.0	0.0666667	0.0	0.0	0.0	0.0	0.0	0.0	0.0	0.0	0.0	0.0	0.0	0.0	0.0	0.0	0.0	0.0	0.0	
Busard des roseaux	0.1875	0.0	0.0	0.0	0.0	0.0	0.0	0.0	0.0	0.0	0.0	0.0	0.0	0.0	0.0	0.0	0.0	0.0	0.0	0.0	0.1	0.0	0.0	0.0	0.0	0.0	0.0	0.0	0.0666667	0.0	0.0	0.0	0.0	0.1	0.0	0.0	0.0	0.0555556	0.0	0.0	0.0	0.0	0.0	0.0	0.0	0.0	0.0	0.05	
Busard Saint-Martin	0.125	0.0	0.0	0.125	0.0	0.0	0.0	0.0	0.0666667	0.0	0.0	0.0714286	0.0	0.0	0.0	0.0	0.0	0.0344828	0.0	0.0	0.0	0.0	0.0	0.0	0.0	0.0	0.0	0.0	0.0666667	0.0	0.0	0.0	0.0	0.0	0.0588235	0.0	0.0	0.0555556	0.0	0.0	0.0	0.0	0.0015	0.0	0.0	0.125	0.0	0.2	
Busard cendré	0.0	0.0	0.0	0.0	0.0	0.0	0.0	0.0	0.0	0.0	0.0	0.0	0.0	0.05	0.0	0.0384615	0.0	0.0	0.04	0.0	0.0	0.0	0.0	0.0	0.0	0.0	0.0	0.0344828	0.0	0.0	0.0	0.0	0.0	0.0	0.0	0.0	0.0	0.0	0.0	0.0	0.0	0.0	0.0	0.0	0.0	0.0	0.0	0.0	
busard sp.	0.0	0.0	0.0	0.0	0.0	0.0	0.0	0.0	0.0	0.0	0.0	0.0	0.0	0.0	0.0	0.0	0.0	0.0	0.0	0.0	0.0	0.0	0.0	0.0	0.0	0.0	0.0	0.0015	0.0	0.0	0.0	0.0	0.0	0.0	0.0	0.0	0.0	0.0	0.0	0.0	0.0	0.0	0.0	0.0	0.0	0.0	0.0	0.0	
Milan royal	0.125	0.0	0.0	0.0015	0.0015	0.5	0.25	0.4	0.1333333	0.0015	0.1818182	0.0714286	0.0434783	0.0	0.0015	0.0	0.0015	0.0344828	0.12	0.0769231	0.0	0.0	0.0	0.0	0.1333333	0.0333333	0.1578947	0.0689655	0.0015	0.0625	0.0	0.0	0.0015	0.0	0.0588235	0.0	0.0357143	0.0555556	0.2	0.0015	0.0	0.2	0.25	0.1	0.0769231	0.25	0.0	0.05	
Milan noir	0.0	0.0	0.0	0.0	0.0	0.0	0.0	0.0015	0.2666667	0.2857143	0.4545455	0.3571429	0.0869565	0.4	0.2105263	0.6153846	0.2222222	0.4482759	0.2	0.1538462	0.2	0.2941176	0.4444444	0.1666667	0.2666667	0.3666667	0.3157895	0.2068966	0.0666667	0.0625	0.0	0.0	0.0	0.0	0.0	0.0	0.0	0.0	0.0	0.0	0.0	0.0	0.0	0.0	0.0	0.0	0.0	0.0	
Milan royal ou M. noir	0.0	0.0	0.0	0.0	0.0	0.0	0.0	0.0	0.0	0.0	0.0	0.0	0.0	0.0	0.0	0.0	0.0	0.0	0.0	0.0	0.0	0.0	0.0	0.0	0.0	0.0	0.0	0.0	0.0	0.0	0.0	0.0	0.125	0.0	0.0	0.0	0.0015	0.0	0.0	0.0	0.0	0.0	0.0	0.0	0.0	0.0	0.0	0.0	
Pygargue à queue blanche	0.0	0.0	0.25	0.0015	0.0	0.0	0.0	0.0	0.0	0.0	0.0	0.0	0.0	0.0	0.0	0.0	0.0	0.0	0.0	0.0	0.0	0.0	0.0	0.0	0.0	0.0	0.0	0.0	0.0	0.0	0.0	0.0	0.0	0.0	0.0	0.0	0.0	0.0	0.0	0.0	0.0	0.0	0.0	0.0	0.0	0.0	0.0	0.0	
Buse variable	0.5	0.5	0.0	0.625	0.25	0.25	0.1666667	0.6	0.4666667	0.2857143	0.3636364	0.5	0.2608696	0.3	0.2105263	0.2307692	0.2222222	0.3448276	0.04	0.1538462	0.2	0.1764706	0.0	0.1666667	0.3333333	0.1666667	0.2105263	0.3103448	0.2666667	0.25	0.3333333	0.0909091	0.5	0.3	0.1764706	0.1052632	0.1428571	0.1666667	0.2	0.125	0.25	0.0015	0.0015	0.5	0.1538462	0.25	0.25	0.4	
Buteo sp.	0.0	0.0	0.25	0.0	0.0	0.0	0.0	0.0	0.0	0.0	0.0	0.0	0.0	0.0	0.0	0.0	0.0	0.0	0.0	0.0	0.0	0.0	0.0	0.0	0.0	0.0	0.0	0.0	0.0	0.0	0.0	0.0	0.0	0.0	0.0	0.0	0.0	0.0	0.0	0.0	0.0	0.0	0.0	0.0	0.0	0.0	0.0	0.0	
rapace sp.	0.0	0.0	0.0	0.0	0.0	0.0	0.0	0.0	0.0	0.0	0.0	0.0	0.0	0.0	0.0	0.0	0.0	0.0344828	0.0	0.0	0.0	0.0	0.0	0.0	0.0	0.0333333	0.0	0.0	0.0	0.0	0.0	0.0	0.0	0.0	0.0	0.0	0.0	0.0	0.0	0.0	0.0	0.0	0.0	0.0	0.0	0.0	0.0	0.0	
Effraie des clochers	0.0	0.0	0.0015	0.0	0.0	0.0	0.0833333	0.0	0.0	0.0015	0.0	0.0	0.0	0.0	0.0	0.0	0.0	0.0344828	0.0	0.0	0.0	0.0	0.0	0.0015	0.0	0.0015	0.0	0.0	0.0666667	0.1875	0.2666667	0.0015	0.0	0.0	0.0	0.0	0.0357143	0.0	0.0015	0.0	0.0	0.0	0.0	0.0	0.0	0.0	0.0	0.0015	
Petit-duc scops	0.0	0.0	0.0	0.0	0.0	0.0	0.0	0.0	0.0	0.0	0.0	0.0	0.0	0.0	0.0	0.0	0.0	0.1724138	0.0	0.0	0.0	0.0588235	0.0	0.0	0.0015	0.0015	0.0	0.0344828	0.0666667	0.0625	0.0	0.0	0.0	0.0	0.0	0.0	0.0	0.0	0.0	0.0	0.0	0.0	0.0	0.0	0.0	0.0	0.0	0.0	
Grand-duc d'Europe	0.0	0.0	0.0	0.0	0.0	0.0	0.0	0.0	0.0	0.0	0.0	0.0	0.0	0.0	0.0	0.0015	0.0	0.0	0.0	0.0	0.0	0.0	0.0	0.0	0.0	0.0	0.0	0.0	0.0	0.0	0.0	0.0	0.0	0.0	0.0	0.0	0.0	0.0	0.0	0.0	0.0	0.0	0.0	0.0	0.0	0.0	0.0	0.0	
Chevêche d'Athéna	0.0	0.0	0.0	0.0	0.0	0.0	0.0	0.0	0.0	0.0	0.0	0.0714286	0.0	0.0015	0.0	0.0	0.0	0.0	0.0	0.0015	0.1	0.0588235	0.1111111	0.0	0.2	0.0015	0.1052632	0.0015	0.0666667	0.125	0.4	0.0015	0.0	0.0	0.0	0.0	0.1071429	0.0555556	0.0	0.0	0.0	0.0	0.0	0.0	0.0	0.0	0.0	0.0	
Chouette hulotte	0.0	0.0	0.0	0.0015	0.0	0.0	0.0	0.0	0.0666667	0.0	0.0	0.0	0.0015	0.0	0.0	0.0	0.037037	0.1034483	0.0	0.0015	0.0	0.0	0.0	0.0	0.0	0.0015	0.0015	0.0	0.0666667	0.0015	0.0666667	0.0	0.0	0.0	0.1176471	0.0	0.0357143	0.0	0.0	0.0	0.0	0.0	0.0	0.0	0.0015	0.0	0.0	0.0015	
Hibou moyen-duc	0.0	0.0	0.0	0.0	0.0	0.0	0.0	0.0	0.0	0.0	0.0	0.0	0.0	0.0	0.0	0.0	0.0	0.0	0.0	0.0	0.0	0.0	0.0	0.0	0.0	0.0	0.0	0.0	0.0015	0.0625	0.0	0.0015	0.0	0.0	0.0	0.0	0.0	0.0	0.0	0.0	0.0	0.0	0.0015	0.0	0.0	0.0	0.0	0.0	
Huppe fasciée	0.0	0.0	0.0	0.0	0.0	0.0	0.0	0.0	0.0	0.0	0.0909091	0.0	0.0434783	0.05	0.0526316	0.1923077	0.037037	0.0689655	0.16	0.1538462	0.2	0.0588235	0.1111111	0.1666667	0.1333333	0.0015	0.2105263	0.137931	0.1333333	0.125	0.0666667	0.0	0.0	0.0	0.0	0.0	0.0	0.0	0.0	0.0	0.0	0.0	0.0	0.0	0.0	0.0	0.0	0.0	
Guêpier d'Europe	0.0	0.0	0.0	0.0	0.0	0.0	0.0	0.0	0.0	0.0	0.0	0.0	0.0	0.0	0.0	0.0	0.037037	0.137931	0.0	0.0769231	0.0	0.0588235	0.1111111	0.0	0.0666667	0.0666667	0.0	0.0	0.0666667	0.0625	0.0	0.0	0.0	0.0	0.0	0.0	0.0	0.0	0.0	0.0	0.0	0.0	0.0	0.0	0.0	0.0	0.0	0.0	
Martin-pêcheur d'Europe	0.0625	0.25	0.25	0.125	0.0	0.25	0.1666667	0.0015	0.0666667	0.0	0.2727273	0.0015	0.0015	0.1	0.0	0.0769231	0.0740741	0.1724138	0.04	0.0769231	0.2	0.1764706	0.0	0.1666667	0.0	0.2666667	0.1578947	0.3103448	0.2666667	0.1875	0.2	0.0015	0.0015	0.3	0.1176471	0.1052632	0.1071429	0.2222222	0.15	0.25	0.25	0.6	0.25	0.3	0.0769231	0.375	0.0	0.15	
Rollier d'Europe	0.0	0.0	0.0	0.0	0.0	0.0	0.0	0.0	0.0	0.0	0.0	0.0	0.0	0.0	0.0	0.0	0.0	0.0	0.0	0.0	0.0	0.0	0.0	0.0	0.0	0.0	0.0	0.0	0.0	0.0	0.0	0.0	0.0	0.1	0.0	0.0	0.0	0.0	0.0	0.0	0.0	0.0	0.0	0.0	0.0	0.0	0.0	0.0	
Torcol fourmilier	0.0	0.0	0.0	0.0	0.0	0.0	0.0	0.0	0.0	0.0	0.0	0.0	0.0	0.0	0.0	0.0	0.0	0.0	0.0	0.0	0.0	0.0	0.0	0.0	0.0	0.0	0.0	0.0	0.0015	0.0	0.0	0.0	0.0	0.0	0.0	0.0	0.0	0.0	0.0	0.0	0.0	0.0	0.0	0.0	0.0	0.0	0.0	0.0	
Pic mar	0.0	0.0	0.0	0.0	0.25	0.0	0.0	0.0015	0.0	0.0	0.0909091	0.0	0.0	0.0	0.0	0.0	0.0	0.0	0.0	0.0	0.1	0.0	0.0	0.0	0.0	0.0333333	0.0015	0.0344828	0.0015	0.0	0.0	0.0	0.0	0.0	0.0	0.0	0.0	0.0	0.0	0.0	0.0	0.0	0.0	0.0	0.0	0.0	0.0	0.0	
Pic épeiche	0.1875	0.5	0.25	0.125	0.25	0.25	0.3333333	0.2	0.0	0.0015	0.2727273	0.3571429	0.2608696	0.25	0.1052632	0.1538462	0.1481481	0.2758621	0.16	0.0769231	0.1	0.0588235	0.0	0.1666667	0.2666667	0.2333333	0.2631579	0.2758621	0.4	0.1875	0.0	0.0	0.125	0.1	0.0015	0.0526316	0.0714286	0.1666667	0.0	0.125	0.25	0.2	0.0015	0.0	0.0769231	0.125	0.0	0.15	
Pic épeichette	0.0	0.0	0.0	0.0	0.25	0.0	0.0833333	0.0	0.0	0.0	0.0	0.0	0.0434783	0.05	0.0	0.0	0.037037	0.0015	0.0	0.0	0.0	0.0	0.0	0.0	0.0	0.0	0.0	0.0344828	0.0	0.0625	0.0	0.0	0.0015	0.0	0.0	0.0	0.0	0.0	0.0	0.0	0.0	0.0	0.0	0.0	0.0	0.0	0.0	0.0	
Pic vert	0.25	0.5	0.5	0.375	0.25	0.0	0.3333333	0.2	0.5333333	0.7142857	0.4545455	0.6428571	0.3043478	0.4	0.1578947	0.1923077	0.3333333	0.3103448	0.24	0.1538462	0.0	0.1764706	0.1111111	0.5	0.5333333	0.4	0.3684211	0.4482759	0.5333333	0.1875	0.1333333	0.0909091	0.0015	0.3	0.2941176	0.2105263	0.1428571	0.5	0.35	0.0625	0.25	0.4	0.25	0.3	0.1538462	0.375	0.0	0.5	
Pic de Sharpe	0.0	0.0	0.0	0.0	0.0	0.0	0.0	0.0	0.0	0.0	0.0	0.0	0.0	0.0	0.0	0.0	0.0	0.0	0.0	0.0	0.0	0.0	0.0	0.0	0.0	0.0	0.0	0.0	0.0	0.0	0.0	0.0	0.0	0.0	0.0	0.0	0.0015	0.0	0.0	0.0	0.0	0.0	0.0	0.0	0.0	0.0	0.0	0.0	
Pic vert ou P. de Sharpe	0.0	0.0	0.0	0.0	0.0	0.0	0.0	0.0	0.0	0.0	0.0	0.0	0.0	0.0	0.0	0.0	0.0	0.0	0.0	0.0	0.0	0.0	0.1111111	0.0	0.0	0.0	0.0	0.0	0.0	0.0	0.0	0.0	0.0	0.0	0.0	0.0	0.0	0.0	0.0	0.0	0.0	0.0	0.0	0.0	0.0	0.0	0.0	0.0	
Pic noir	0.0	0.0	0.0	0.0	0.0	0.0	0.0	0.0	0.0015	0.0	0.0909091	0.0	0.0	0.0	0.0	0.0015	0.0	0.0	0.04	0.0015	0.0	0.0	0.0	0.0	0.0	0.0333333	0.0	0.0	0.0	0.0	0.0	0.0	0.0015	0.0	0.0015	0.0	0.0	0.0	0.0	0.0	0.0	0.0	0.0	0.0	0.0	0.0	0.0	0.05	
pic sp.	0.0	0.0	0.0	0.0	0.0	0.0	0.0	0.0	0.0	0.0	0.0	0.0	0.0	0.0	0.0	0.0	0.0	0.0	0.0	0.0	0.0	0.0	0.0	0.0	0.0	0.0	0.0	0.0	0.0	0.0	0.0	0.0	0.0	0.0	0.0588235	0.0	0.0	0.0	0.0	0.0	0.0	0.0	0.0	0.0	0.0	0.0	0.0	0.0	
Faucon crécerelle	0.25	0.25	0.0	0.25	0.25	0.0	0.0	0.0015	0.2666667	0.1428571	0.2727273	0.2857143	0.173913	0.15	0.2105263	0.2307692	0.1481481	0.3448276	0.08	0.0769231	0.2	0.0588235	0.0015	0.0015	0.3333333	0.1333333	0.1578947	0.2068966	0.0015	0.125	0.1333333	0.0015	0.125	0.2	0.1764706	0.0526316	0.1428571	0.1111111	0.25	0.0625	0.0	0.0015	0.0015	0.2	0.1538462	0.5	0.25	0.25	
Faucon émerillon	0.0	0.0	0.0	0.0	0.0	0.0	0.0	0.0	0.0	0.0	0.0	0.0	0.0	0.0	0.0	0.0	0.0	0.0	0.0	0.0	0.0	0.0	0.0	0.0	0.0	0.0	0.0	0.0	0.0	0.0	0.0	0.0	0.0	0.0	0.0	0.0	0.0	0.0	0.0	0.0	0.0	0.0	0.0	0.0	0.0	0.0	0.0	0.05	
Faucon hobereau	0.0	0.0	0.0	0.0	0.0	0.0	0.0	0.0	0.0	0.0	0.0	0.0	0.0	0.0	0.0015	0.0	0.037037	0.0	0.04	0.0	0.1	0.0	0.0	0.0	0.0	0.0666667	0.0015	0.137931	0.1333333	0.0015	0.0015	0.0909091	0.0	0.0	0.0	0.0526316	0.0714286	0.0	0.0	0.0	0.0	0.0	0.0	0.0	0.0	0.0	0.0	0.0	
Faucon pèlerin	0.0	0.0	0.0	0.125	0.0	0.0	0.0	0.0	0.0	0.0	0.0	0.0	0.0	0.0	0.0	0.0384615	0.0740741	0.0	0.04	0.0769231	0.1	0.0	0.0	0.0	0.0	0.0	0.0	0.0015	0.0666667	0.0	0.0	0.0	0.0	0.0	0.0	0.0	0.0	0.0	0.0	0.0	0.0	0.0	0.0	0.0	0.0	0.125	0.0	0.0	
Falco sp.	0.0	0.0	0.0	0.0	0.0	0.0	0.0	0.1	0.0	0.0	0.0	0.0	0.0	0.0	0.0	0.0	0.0	0.0	0.0	0.0	0.0	0.0	0.0	0.0	0.0	0.0	0.0	0.0	0.0	0.0	0.0	0.0	0.0	0.0	0.0	0.0	0.0	0.0	0.0	0.0	0.0	0.0	0.0	0.0	0.0	0.0	0.0	0.0	
Loriot d'Europe	0.0	0.0	0.0	0.0	0.0	0.0	0.0	0.0	0.0	0.0	0.0	0.0	0.0	0.0	0.0526316	0.1538462	0.1481481	0.4137931	0.24	0.3846154	0.2	0.2941176	0.3333333	0.5	0.2666667	0.5	0.1578947	0.2758621	0.4666667	0.1875	0.1333333	0.0909091	0.0	0.0	0.0	0.0	0.0	0.0	0.0	0.0	0.0	0.0	0.0	0.0	0.0	0.0	0.0	0.0	
Pie-grièche écorcheur	0.0	0.0	0.0	0.0	0.0	0.0	0.0	0.0	0.0	0.0	0.0	0.0	0.0	0.0	0.0	0.0	0.0	0.0344828	0.0	0.0	0.1	0.0	0.0	0.0	0.0	0.0666667	0.0526316	0.0689655	0.0015	0.0	0.0	0.0	0.0	0.1	0.0	0.0	0.0	0.0	0.0	0.0	0.0	0.0	0.0	0.0	0.0	0.0	0.0	0.0	
Pie-grièche méridionale	0.0625	0.0	0.0	0.0	0.0	0.0	0.0	0.0	0.0666667	0.0	0.0	0.0714286	0.0	0.0	0.0	0.0	0.0	0.0	0.0	0.0	0.0	0.0	0.0	0.0	0.0	0.0	0.0	0.0	0.0	0.0	0.0	0.0	0.0	0.0	0.0	0.0	0.0	0.0	0.0	0.0	0.0	0.0	0.0	0.0	0.0	0.125	0.0	0.05	
Pie-grièche grise	0.0	0.0	0.0	0.125	0.0	0.0	0.0	0.0	0.0	0.0	0.0	0.0	0.0	0.0	0.0	0.0	0.0	0.0	0.0	0.0	0.0	0.0	0.0	0.0	0.0	0.0	0.0	0.0	0.0	0.0	0.0	0.0	0.0	0.0	0.0	0.0	0.0	0.0	0.0	0.0	0.0	0.0	0.0	0.0	0.0	0.0	0.0	0.0	
Geai des chênes	0.375	0.75	0.25	0.5	0.5	0.0	0.3333333	0.2	0.2666667	0.2857143	0.1818182	0.4285714	0.4347826	0.55	0.5263158	0.3076923	0.2222222	0.4482759	0.36	0.6153846	0.2	0.2941176	0.0015	0.5	0.2	0.2666667	0.2631579	0.4137931	0.4666667	0.1875	0.3333333	0.0015	0.25	0.3	0.1764706	0.3157895	0.3928571	0.4444444	0.4	0.1875	0.25	0.6	0.25	0.6	0.3846154	0.625	0.5	0.5	
Pie bavarde	0.5625	0.5	0.5	0.25	0.25	1.0	0.5	0.7	0.6	0.1428571	0.2727273	0.4285714	0.173913	0.3	0.3684211	0.5384615	0.3703704	0.5172414	0.32	0.5384615	0.4	0.3529412	0.4444444	0.5	0.5333333	0.1333333	0.4210526	0.4137931	0.3333333	0.1875	0.1333333	0.0	0.375	0.6	0.4705882	0.3684211	0.6428571	0.7222222	0.6	0.25	0.5	0.0015	0.25	0.5	0.5384615	0.5	0.5	0.35	
Chocard à bec jaune	0.0	0.0	0.0	0.0	0.0	0.0	0.0	0.1	0.0	0.0	0.0	0.0	0.0	0.0	0.0	0.0	0.0	0.0	0.0	0.0	0.0	0.0	0.0	0.0	0.0	0.0	0.0	0.0	0.0	0.0	0.0	0.0	0.0	0.0	0.0	0.0	0.0	0.0	0.0	0.0	0.0	0.0	0.0	0.0	0.0	0.0	0.0	0.0	
Choucas des tours	0.125	0.25	0.25	0.125	0.25	0.5	0.1666667	0.1	0.4	0.2857143	0.1818182	0.0714286	0.0869565	0.1	0.0526316	0.1153846	0.0740741	0.137931	0.16	0.1538462	0.2	0.2352941	0.1111111	0.0015	0.0666667	0.0	0.0	0.1724138	0.0	0.0	0.2666667	0.0015	0.0015	0.1	0.0015	0.2631579	0.0357143	0.2222222	0.15	0.0015	0.0	0.2	0.0	0.0015	0.0	0.625	0.25	0.3	
Corbeau freux	0.0625	0.0	0.0	0.125	0.0015	0.0	0.0	0.0	0.0	0.0	0.0	0.0	0.0	0.0	0.0015	0.0384615	0.0	0.0	0.0015	0.0	0.0	0.0	0.0	0.0	0.0	0.0	0.0	0.0	0.0015	0.0	0.0	0.0015	0.0	0.0015	0.0015	0.2105263	0.1071429	0.1111111	0.05	0.0	0.0	0.2	0.0	0.0015	0.0	0.0	0.0	0.0015	
Corneille noire	0.5625	0.75	0.5	0.625	0.0015	0.75	0.5	0.7	0.6666667	0.4285714	0.7272727	0.6428571	0.3478261	0.45	0.4736842	0.6538462	0.3703704	0.6551724	0.32	0.3846154	0.2	0.4117647	0.2222222	0.3333333	0.4666667	0.5666667	0.3684211	0.5172414	0.5333333	0.4375	0.4	0.0909091	0.5	0.9	0.5882353	0.6315789	0.6785714	0.6111111	0.5	0.4375	0.5	0.8	0.5	0.4	0.4615385	0.875	0.5	0.6	
corneille sp.	0.0	0.0	0.25	0.0	0.0	0.0	0.0	0.0	0.0	0.0	0.0	0.0	0.0	0.0	0.0	0.0	0.0	0.0	0.0	0.0	0.0	0.0	0.0	0.0	0.0	0.0	0.0	0.0	0.0	0.0	0.0	0.0	0.0	0.0	0.0	0.0	0.0015	0.0	0.0	0.0	0.0	0.0	0.0	0.0	0.0	0.0	0.0	0.0	
Grand Corbeau	0.0	0.0	0.0	0.125	0.0	0.0	0.0	0.0	0.0	0.0	0.0	0.0714286	0.0434783	0.0015	0.1052632	0.0769231	0.037037	0.0	0.0	0.0	0.0	0.0	0.0	0.0	0.0	0.0	0.0526316	0.0344828	0.0	0.0015	0.0666667	0.0909091	0.0	0.0	0.0015	0.0015	0.0015	0.0	0.0	0.125	0.0	0.0015	0.0	0.0	0.0	0.0	0.0	0.05	
Mésange noire	0.0	0.0	0.0	0.125	0.25	0.0	0.0	0.0	0.0	0.0	0.0	0.0	0.0	0.05	0.0	0.0	0.0015	0.0	0.0	0.0	0.0	0.0	0.0	0.0	0.0	0.0	0.0	0.0	0.0	0.0	0.0	0.0	0.0	0.0	0.0	0.0	0.0	0.0	0.0	0.0	0.0	0.0	0.0	0.0	0.0	0.0	0.0	0.0	
Mésange huppée	0.0	0.0	0.0	0.0	0.0	0.0	0.0	0.0	0.0	0.0	0.0	0.0	0.0	0.0	0.0	0.0	0.0	0.0	0.0	0.0	0.0	0.0	0.0	0.0	0.0666667	0.0	0.0526316	0.0	0.0	0.0	0.0	0.0	0.0	0.0	0.0	0.0	0.0	0.0	0.0	0.0	0.0	0.0	0.0	0.0	0.0	0.0	0.0	0.0	
Mésange nonnette	0.0625	0.0	0.0	0.0	0.0	0.0	0.0833333	0.0	0.0015	0.0015	0.0	0.0	0.0434783	0.0	0.0526316	0.0015	0.0	0.0015	0.0	0.0	0.0	0.0	0.0	0.0	0.0	0.0	0.0	0.0	0.0015	0.0015	0.0015	0.0	0.0015	0.0	0.0	0.0	0.0	0.0555556	0.0	0.0	0.0	0.0	0.0	0.0	0.0	0.0	0.0	0.05	
Mésange bleue	0.25	0.25	0.5	0.5	0.75	0.5	0.5833333	0.5	0.5333333	0.2857143	0.5454545	0.2857143	0.5217391	0.4	0.4210526	0.4615385	0.2962963	0.4137931	0.12	0.3076923	0.0	0.2352941	0.2222222	0.6666667	0.4666667	0.3666667	0.2105263	0.4827586	0.4666667	0.3125	0.3333333	0.1818182	0.25	0.2	0.0015	0.2105263	0.25	0.3888889	0.2	0.3125	0.25	0.0	0.25	0.5	0.3846154	0.125	0.5	0.35	
Mésange charbonnière	0.4375	1.0	0.5	0.625	0.5	0.5	0.8333333	0.7	0.6	0.5714286	0.3636364	0.5714286	0.5652174	0.6	0.5263158	0.5769231	0.2592593	0.4482759	0.28	0.6153846	0.3	0.2352941	0.2222222	0.5	0.4666667	0.2	0.3684211	0.4482759	0.4666667	0.1875	0.2	0.1818182	0.125	0.3	0.2352941	0.4736842	0.6071429	0.5	0.4	0.5	0.0	0.6	0.75	0.7	0.4615385	0.375	0.75	0.35	
Alouette lulu	0.0015	0.0	0.0	0.125	0.0	0.0	0.0833333	0.0	0.0	0.1428571	0.0909091	0.1428571	0.0869565	0.1	0.1052632	0.0384615	0.037037	0.2068966	0.0	0.0769231	0.0	0.0	0.0	0.0	0.1333333	0.0	0.0526316	0.0	0.0666667	0.0	0.0	0.0	0.0	0.1	0.0	0.0526316	0.0357143	0.0555556	0.0	0.0	0.0	0.0	0.0015	0.0	0.0	0.125	0.0	0.05	
Alouette des champs	0.0625	0.0	0.0	0.125	0.0	0.0	0.0015	0.0	0.0666667	0.0	0.0	0.2142857	0.0015	0.05	0.0	0.0384615	0.0	0.137931	0.0	0.0769231	0.1	0.0	0.0	0.0	0.2666667	0.0	0.1052632	0.0344828	0.0666667	0.0	0.0015	0.0	0.0	0.0	0.0	0.1052632	0.0714286	0.2777778	0.2	0.0	0.0	0.0	0.0015	0.0	0.0	0.125	0.0	0.05	
Cochevis huppé	0.0	0.0	0.0	0.0	0.0	0.0	0.0	0.0	0.0	0.0	0.0	0.0	0.0	0.0	0.0	0.0	0.0	0.0	0.0	0.0015	0.0	0.0	0.0	0.0	0.0	0.0	0.0	0.0015	0.0	0.0	0.0	0.0	0.0	0.0	0.0	0.0	0.0357143	0.2222222	0.0	0.0	0.0	0.0	0.0015	0.0	0.0	0.125	0.0	0.0	
alaudidé sp.	0.0	0.0	0.0	0.0	0.0	0.0	0.0	0.0	0.0	0.0	0.0	0.0	0.0	0.0	0.0	0.0	0.0	0.0	0.0	0.0	0.0	0.0	0.0	0.0	0.0666667	0.0	0.0	0.0	0.0	0.0	0.0	0.0	0.0	0.0	0.0	0.0	0.0	0.0	0.0	0.0	0.0	0.0	0.0	0.0	0.0	0.0	0.0	0.0	
Cisticole des joncs	0.0	0.0	0.0	0.0	0.0	0.0	0.0	0.1	0.0666667	0.0	0.0	0.1428571	0.0869565	0.2	0.1052632	0.1923077	0.3333333	0.4482759	0.12	0.2307692	0.1	0.1176471	0.1111111	0.0	0.1333333	0.3333333	0.1578947	0.2068966	0.2	0.125	0.0	0.0	0.125	0.3	0.0	0.0526316	0.0714286	0.1111111	0.1	0.0	0.0	0.0	0.0015	0.0	0.0	0.125	0.0	0.0015	
Hypolaïs polyglotte	0.0	0.0	0.0	0.0	0.0	0.0	0.0	0.0	0.0	0.0	0.0	0.0	0.0	0.0	0.0526316	0.0384615	0.0740741	0.3448276	0.12	0.2307692	0.1	0.1764706	0.1111111	0.0	0.1333333	0.1333333	0.1578947	0.0689655	0.1333333	0.0	0.0	0.0	0.0	0.0	0.0	0.0	0.0	0.0	0.0	0.0	0.0	0.0	0.0	0.0	0.0	0.0	0.0	0.0	
Rousserolle effarvatte	0.0	0.0	0.0	0.0	0.0	0.0	0.0	0.0	0.0	0.0	0.0	0.0	0.0	0.0	0.0	0.0	0.0	0.0015	0.04	0.0	0.0	0.0	0.0015	0.0	0.0	0.0	0.0	0.0	0.0	0.0	0.0	0.0	0.0	0.0	0.0	0.0	0.0	0.0	0.0	0.0	0.0	0.0	0.0	0.0	0.0	0.0	0.0	0.0	
Locustelle tachetée	0.0	0.0	0.0	0.0	0.0	0.0	0.0	0.0	0.0	0.0	0.0	0.0	0.0	0.0	0.0	0.0384615	0.0	0.0	0.0	0.0	0.0	0.0	0.0	0.0	0.0	0.0	0.0	0.0	0.0	0.0	0.0	0.0	0.0	0.0	0.0	0.0	0.0	0.0	0.0	0.0	0.0	0.0	0.0	0.0	0.0	0.0	0.0	0.0	
Hirondelle de rivage	0.0	0.0	0.0	0.0	0.0	0.0	0.0	0.0	0.0	0.0	0.0	0.0	0.0	0.0	0.0	0.0384615	0.0	0.0344828	0.0	0.0	0.1	0.0588235	0.0	0.0	0.0	0.1666667	0.0	0.0689655	0.1333333	0.0	0.0	0.0015	0.0	0.0	0.0	0.0	0.0	0.0	0.0	0.0	0.0	0.0	0.0	0.0	0.0	0.0	0.0	0.0	
Hirondelle de rochers	0.0	0.0	0.0	0.0	0.0	0.0	0.0	0.0015	0.0	0.0	0.0	0.0	0.0	0.0	0.0	0.0384615	0.037037	0.0	0.04	0.0769231	0.0	0.0015	0.0	0.0	0.0666667	0.0	0.0	0.0344828	0.0015	0.0	0.0015	0.0	0.0	0.0	0.0	0.0	0.0357143	0.0	0.0	0.0	0.0	0.0	0.0	0.0	0.0	0.0	0.0	0.0015	
Hirondelle rustique	0.0	0.0	0.0	0.0	0.0	0.0	0.0	0.0	0.0	0.0	0.0	0.0714286	0.2173913	0.4	0.1578947	0.5	0.4074074	0.5172414	0.24	0.3846154	0.3	0.1764706	0.1111111	0.0015	0.2	0.4333333	0.4210526	0.4827586	0.4666667	0.375	0.2666667	0.3636364	0.25	0.3	0.0588235	0.1578947	0.0714286	0.1111111	0.05	0.0	0.0	0.0	0.0	0.0	0.0	0.0	0.0	0.0	
Hirondelle de fenêtre	0.0	0.0	0.0	0.0	0.0	0.0	0.0	0.0	0.0	0.0	0.0	0.0	0.0434783	0.2	0.0526316	0.1538462	0.1111111	0.1724138	0.2	0.4615385	0.4	0.0588235	0.1111111	0.0	0.0015	0.2	0.2105263	0.3448276	0.0666667	0.1875	0.2	0.0015	0.375	0.0	0.0015	0.1052632	0.0	0.0	0.0	0.0	0.0	0.0	0.0	0.0	0.0	0.0	0.0	0.0	
hirondelle sp.	0.0	0.0	0.0	0.0	0.0	0.0	0.0	0.0	0.0	0.0	0.0	0.0	0.0	0.0	0.0	0.0	0.0	0.0	0.0	0.0	0.0	0.0	0.0	0.0	0.0666667	0.0	0.0	0.0	0.0	0.0	0.0	0.0	0.0	0.0	0.0	0.0	0.0	0.0	0.0	0.0	0.0	0.0	0.0	0.0	0.0	0.0	0.0	0.0	
Pouillot siffleur	0.0	0.0	0.0	0.0	0.0	0.0	0.0	0.0	0.0	0.0	0.0	0.0	0.0	0.0	0.0	0.0	0.0	0.0	0.0	0.0	0.0	0.0	0.0	0.0	0.0	0.0	0.0	0.0	0.0	0.0	0.0	0.0015	0.0	0.0	0.0	0.0	0.0	0.0	0.0	0.0	0.0	0.0	0.0	0.0	0.0	0.0	0.0	0.0	
Pouillot de Bonelli	0.0	0.0	0.0	0.0	0.0	0.0	0.0	0.0	0.0	0.0	0.0	0.0	0.0434783	0.15	0.2105263	0.0769231	0.037037	0.0689655	0.0	0.1538462	0.0	0.0588235	0.1111111	0.1666667	0.0666667	0.0	0.1052632	0.0	0.0015	0.0015	0.0015	0.0015	0.0	0.0	0.0	0.0	0.0	0.0	0.0	0.0	0.0	0.0	0.0	0.0	0.0	0.0	0.0	0.0	
Pouillot fitis	0.0	0.0	0.0	0.0	0.0	0.0	0.0	0.0	0.0	0.0	0.0	0.0	0.0	0.0	0.1052632	0.0384615	0.0	0.0344828	0.0	0.0769231	0.0	0.0	0.0	0.0	0.0	0.0	0.0	0.0	0.0015	0.0	0.0666667	0.0015	0.0	0.0	0.0	0.0	0.0	0.0	0.0	0.0	0.0	0.0	0.0	0.0	0.0	0.0	0.0	0.0	
Pouillot véloce	0.0625	0.0	0.0	0.125	0.0015	0.25	0.25	0.5	0.6666667	0.2857143	0.6363636	0.5	0.4347826	0.5	0.3157895	0.6923077	0.2962963	0.3448276	0.08	0.3846154	0.2	0.4117647	0.2222222	0.5	0.1333333	0.2333333	0.1578947	0.137931	0.2	0.125	0.0	0.0015	0.0	0.2	0.0015	0.1578947	0.5	0.2777778	0.3	0.25	0.25	0.2	0.25	0.1	0.0	0.125	0.25	0.1	
pouillot sp.	0.0	0.0	0.0	0.0	0.0	0.0	0.0	0.0	0.0	0.0	0.0	0.0	0.0	0.0	0.0	0.0	0.0	0.0	0.0	0.0	0.0	0.0	0.0	0.0	0.0666667	0.0	0.0	0.0	0.0	0.0	0.0	0.0	0.0	0.0	0.0	0.0	0.0	0.0	0.0	0.0	0.0	0.0	0.0	0.0	0.0	0.0	0.0	0.0	
Bouscarle de Cetti	0.125	0.0	0.0	0.25	0.0015	0.25	0.25	0.0	0.2	0.1428571	0.3636364	0.2142857	0.0869565	0.15	0.3157895	0.5769231	0.2222222	0.3103448	0.08	0.1538462	0.0	0.1764706	0.1111111	0.1666667	0.0666667	0.0666667	0.1052632	0.1034483	0.2666667	0.0	0.1333333	0.0	0.0	0.3	0.1176471	0.2631579	0.2857143	0.4444444	0.2	0.125	0.25	0.0	0.5	0.0	0.0	0.25	0.0	0.3	
Orite à longue queue	0.125	0.25	0.0	0.125	0.5	0.5	0.3333333	0.1	0.4	0.1428571	0.2727273	0.0714286	0.2608696	0.3	0.1052632	0.1538462	0.1851852	0.1724138	0.04	0.3076923	0.1	0.1176471	0.2222222	0.3333333	0.2	0.1	0.2105263	0.1034483	0.1333333	0.0625	0.0015	0.0015	0.125	0.1	0.0015	0.1578947	0.2857143	0.1111111	0.15	0.1875	0.25	0.2	0.25	0.1	0.0769231	0.375	0.0	0.3	
Fauvette à tête noire	0.0	0.0	0.0	0.0	0.5	0.25	0.0	0.2	0.1333333	0.2857143	0.1818182	0.6428571	0.4782609	0.65	0.5789474	0.5384615	0.3703704	0.4137931	0.36	0.6153846	0.3	0.7058824	0.3333333	0.6666667	0.5333333	0.3333333	0.5263158	0.3793103	0.5333333	0.0625	0.0015	0.0015	0.0015	0.2	0.0588235	0.2631579	0.3214286	0.1666667	0.1	0.0625	0.0	0.0	0.0	0.0	0.0	0.0	0.25	0.1	
Fauvette des jardins	0.0	0.0	0.0	0.0	0.0	0.0	0.0	0.0	0.0	0.0	0.0	0.0	0.0	0.0	0.0526316	0.0	0.0	0.0	0.04	0.0769231	0.0	0.0	0.0	0.0	0.0	0.0	0.0	0.0	0.0015	0.0015	0.0	0.0	0.0	0.0	0.0	0.0	0.0	0.0	0.0	0.0	0.0	0.0	0.0	0.0	0.0	0.0	0.0	0.0	
Fauvette mélanocéphale	0.0	0.0	0.0	0.0	0.0	0.0	0.0	0.0	0.0	0.0	0.0	0.0	0.0	0.0	0.0	0.0	0.0	0.0	0.0	0.0	0.0	0.0	0.0	0.0	0.0	0.0	0.0526316	0.0344828	0.0	0.0	0.0	0.0	0.0	0.0	0.0	0.0526316	0.0	0.0	0.1	0.0	0.0	0.0	0.0	0.0	0.0	0.0	0.25	0.0	
Fauvette passerinette	0.0	0.0	0.0	0.0	0.0	0.0	0.0	0.0	0.0	0.0	0.0	0.0	0.0	0.0	0.0	0.0384615	0.0	0.0	0.0	0.0	0.0	0.0	0.0	0.0	0.0	0.0	0.0	0.0	0.0	0.0	0.0	0.0	0.0	0.0	0.0	0.0	0.0	0.0	0.0	0.0	0.0	0.0	0.0	0.0	0.0	0.0	0.0	0.0	
Fauvette grisette	0.0	0.0	0.0	0.0	0.0	0.0	0.0	0.0	0.0	0.0	0.0	0.0	0.0	0.05	0.0526316	0.0769231	0.1111111	0.2413793	0.08	0.0769231	0.1	0.0588235	0.0015	0.0	0.0666667	0.0666667	0.0	0.0	0.1333333	0.0015	0.0	0.0	0.0015	0.0	0.0	0.0	0.0357143	0.0555556	0.0	0.0	0.0	0.0	0.0	0.0	0.0	0.0	0.0	0.0	
Sylvia ou Curruca sp.	0.0	0.0	0.0	0.0	0.0	0.0	0.0	0.0	0.0	0.0	0.0	0.0	0.0	0.0	0.0	0.0	0.0	0.0	0.0	0.0	0.0	0.0	0.0	0.0	0.0015	0.0	0.0	0.0	0.0	0.0	0.0	0.0	0.0	0.0	0.0	0.0	0.0	0.0	0.0	0.0	0.0	0.0	0.0	0.0	0.0	0.0	0.0	0.0	
Roitelet huppé	0.0	0.25	0.0	0.25	0.0	0.25	0.0	0.0	0.0666667	0.0	0.0909091	0.0	0.0	0.05	0.0	0.0384615	0.0	0.0	0.0	0.0	0.0	0.0	0.0	0.0	0.0	0.0	0.0	0.0	0.0	0.0	0.0	0.0	0.0	0.0	0.0015	0.0	0.0357143	0.0555556	0.05	0.0	0.0	0.0	0.25	0.1	0.0769231	0.125	0.25	0.05	
Roitelet à triple bandeau	0.0625	0.25	0.25	0.125	0.25	0.0	0.1666667	0.1	0.1333333	0.0015	0.0909091	0.0714286	0.0869565	0.05	0.1052632	0.1153846	0.037037	0.0	0.04	0.0769231	0.1	0.0588235	0.0	0.0	0.0	0.0333333	0.0526316	0.0344828	0.1333333	0.0015	0.0015	0.0	0.0	0.0	0.0588235	0.1578947	0.0357143	0.0555556	0.05	0.0	0.0	0.0	0.0015	0.2	0.0769231	0.25	0.0	0.15	
Tichodrome échelette	0.0	0.0	0.0	0.0	0.0015	0.0	0.0	0.0	0.0	0.0	0.0	0.0	0.0	0.0	0.0	0.0	0.0	0.0	0.0	0.0	0.0	0.0	0.0	0.0	0.0	0.0	0.0	0.0	0.0	0.0	0.0	0.0	0.0	0.0	0.0	0.0	0.0	0.0	0.0	0.0	0.0	0.0	0.0	0.0	0.0	0.0	0.0	0.0	
Sittelle torchepot	0.0	0.0	0.0	0.125	0.75	0.0	0.1666667	0.1	0.2	0.1428571	0.0909091	0.0714286	0.173913	0.2	0.0	0.0769231	0.1111111	0.2413793	0.04	0.0769231	0.1	0.1176471	0.1111111	0.3333333	0.2666667	0.0666667	0.2105263	0.0689655	0.2	0.1875	0.2	0.2727273	0.125	0.1	0.0015	0.0	0.0714286	0.1666667	0.15	0.0625	0.0	0.4	0.25	0.0	0.0	0.0	0.25	0.1	
Grimpereau des bois	0.0	0.0	0.0	0.0	0.0	0.0	0.0	0.0	0.0	0.0	0.0	0.0	0.0	0.0	0.0	0.0	0.0	0.0	0.0	0.0	0.0	0.0	0.0	0.0015	0.0	0.0	0.0	0.0	0.0	0.0	0.0	0.0	0.0015	0.0015	0.0	0.0	0.0	0.0	0.0	0.0	0.0	0.0	0.0	0.0	0.0	0.0	0.0	0.0	
Grimpereau des jardins	0.3125	0.25	0.25	0.25	0.0015	0.0	0.1666667	0.1	0.3333333	0.1428571	0.0909091	0.2142857	0.1304348	0.25	0.2631579	0.1538462	0.2592593	0.2758621	0.24	0.2307692	0.2	0.1764706	0.1111111	0.3333333	0.0666667	0.1666667	0.1052632	0.1034483	0.4	0.0625	0.1333333	0.0015	0.0015	0.3	0.0015	0.1052632	0.0714286	0.0555556	0.05	0.0625	0.0	0.4	0.0015	0.1	0.0	0.375	0.25	0.15	
Grimpereau des bois ou G. des jardins	0.0	0.0	0.0	0.0	0.0	0.0	0.0	0.1	0.0	0.0	0.0	0.0	0.0	0.0	0.0	0.0	0.0	0.0	0.0	0.0	0.0	0.0	0.0	0.0	0.0	0.0	0.0	0.0	0.0	0.0	0.0	0.0015	0.0	0.0	0.0	0.0	0.0	0.0	0.0	0.0625	0.0	0.0	0.0	0.0	0.0	0.0	0.0	0.0	
Troglodyte mignon	0.0	0.25	0.25	0.125	0.25	0.0	0.1666667	0.0	0.2666667	0.2857143	0.0015	0.5	0.3043478	0.3	0.1578947	0.4615385	0.1851852	0.137931	0.12	0.3846154	0.2	0.4117647	0.3333333	0.3333333	0.4666667	0.1666667	0.2631579	0.2068966	0.1333333	0.0625	0.1333333	0.0	0.0	0.0	0.0588235	0.1052632	0.1071429	0.0555556	0.05	0.25	0.0	0.4	0.25	0.1	0.0	0.25	0.0	0.1	
Cincle plongeur	0.0	0.0	0.0	0.0	0.0	0.0	0.0	0.0	0.0	0.0	0.0	0.0	0.0	0.0	0.0	0.0384615	0.0	0.0	0.0	0.0769231	0.0	0.0	0.0	0.0	0.0	0.0	0.0	0.0	0.0015	0.0	0.0	0.0015	0.0	0.0	0.0	0.0	0.0	0.0	0.05	0.0	0.0	0.0	0.0	0.0	0.0	0.0	0.0	0.0	
Étourneau sansonnet	0.3125	0.5	0.5	0.5	0.0015	0.75	0.5	0.7	0.3333333	0.1428571	0.3636364	0.3571429	0.2173913	0.45	0.2105263	0.5	0.2222222	0.5517241	0.28	0.2307692	0.3	0.2352941	0.4444444	0.1666667	0.2666667	0.1333333	0.3157895	0.2413793	0.0015	0.0015	0.0666667	0.0	0.125	0.4	0.0588235	0.2105263	0.5714286	0.4444444	0.3	0.1875	0.0	0.4	0.5	0.1	0.2307692	0.625	0.25	0.45	
Grive draine	0.125	0.0	0.0015	0.125	0.25	0.0	0.0833333	0.0	0.0	0.1428571	0.0909091	0.1428571	0.0015	0.05	0.0526316	0.0	0.0	0.0344828	0.0	0.0769231	0.0015	0.0	0.0	0.0	0.0666667	0.0	0.0015	0.0344828	0.0	0.0625	0.0	0.0	0.0	0.0	0.0	0.0	0.0	0.0555556	0.0	0.0	0.0	0.0	0.0015	0.0	0.0	0.125	0.0015	0.05	
Grive musicienne	0.125	0.25	0.0015	0.125	0.0	0.0	0.1666667	0.1	0.2666667	0.2857143	0.1818182	0.1428571	0.0434783	0.25	0.1052632	0.1923077	0.1851852	0.137931	0.12	0.3076923	0.1	0.0588235	0.0	0.0	0.0666667	0.0666667	0.1578947	0.0344828	0.0	0.0	0.0015	0.0	0.0	0.0	0.0	0.0	0.0714286	0.1666667	0.1	0.0	0.0	0.0	0.0	0.0	0.0	0.0	0.0	0.15	
Grive mauvis	0.0625	0.0	0.0	0.25	0.0	0.0	0.0833333	0.0	0.0	0.0	0.0909091	0.0	0.0	0.0	0.0	0.0	0.0	0.0	0.0	0.0	0.0	0.0	0.0	0.0	0.0	0.0	0.0	0.0	0.0	0.0	0.0	0.0	0.0	0.0	0.0	0.0	0.0	0.0	0.0	0.0015	0.0	0.0	0.0	0.0	0.0	0.125	0.0	0.0	
Merle noir	0.6875	0.5	0.5	0.625	0.5	0.5	0.75	0.7	0.5333333	0.8571429	0.4545455	0.5	0.5217391	0.75	0.4736842	0.8461538	0.5555556	0.7241379	0.64	0.7692308	0.8	0.5882353	0.4444444	0.8333333	0.6666667	0.4	0.3157895	0.5172414	0.5333333	0.3125	0.1333333	0.4545455	0.0015	0.3	0.1764706	0.2105263	0.5	0.6666667	0.45	0.4375	0.25	0.8	0.75	0.6	0.3076923	0.75	0.75	0.65	
Grive litorne	0.0625	0.0	0.0	0.0015	0.0	0.0	0.0	0.0	0.0	0.0	0.0	0.0	0.0	0.0	0.0	0.0	0.0	0.0	0.0	0.0	0.0	0.0	0.0	0.0	0.0	0.0	0.0	0.0015	0.0	0.0	0.0	0.0	0.0	0.0	0.0	0.0	0.0	0.0	0.0	0.0	0.0	0.0	0.0	0.0	0.0	0.0	0.0	0.0	
Gobemouche gris	0.0	0.0	0.0	0.0	0.0	0.0	0.0	0.0	0.0	0.0	0.0	0.0	0.0	0.0	0.0	0.0	0.037037	0.0344828	0.0	0.0	0.0	0.0	0.0	0.1666667	0.0666667	0.0666667	0.0526316	0.0344828	0.1333333	0.0015	0.0666667	0.0	0.0015	0.0015	0.0588235	0.0	0.0015	0.0	0.0	0.0	0.0	0.0	0.0	0.0	0.0	0.0	0.0	0.0	
Rougegorge familier	0.5625	0.5	0.75	0.5	0.75	0.75	0.6666667	0.5	0.6	0.8571429	0.4545455	0.5	0.2608696	0.5	0.3157895	0.4615385	0.1851852	0.3793103	0.16	0.3076923	0.1	0.2352941	0.2222222	0.5	0.4	0.2	0.1578947	0.1724138	0.0666667	0.125	0.1333333	0.0909091	0.125	0.1	0.2941176	0.6842105	0.6428571	0.7777778	0.65	0.5625	0.5	0.8	0.75	0.7	0.7692308	0.75	1.0	0.5	
Rossignol philomèle	0.0	0.0	0.0	0.0	0.0	0.0	0.0	0.0	0.0	0.0	0.0	0.0	0.0434783	0.1	0.4736842	0.5769231	0.4814815	0.6206897	0.2	0.3076923	0.1	0.3529412	0.3333333	0.0015	0.0	0.1666667	0.0526316	0.0689655	0.1333333	0.0015	0.0666667	0.0	0.0	0.1	0.0	0.0	0.0	0.0	0.0	0.0	0.0	0.0	0.0	0.0	0.0	0.0	0.0	0.0	
Gobemouche noir	0.0	0.0	0.0	0.0	0.0	0.0	0.0	0.0	0.0	0.0	0.0	0.0	0.0	0.0	0.0	0.0	0.0	0.0	0.0	0.0	0.0	0.0	0.0	0.0	0.0	0.0	0.0	0.0	0.0	0.0625	0.0666667	0.0015	0.25	0.5	0.1176471	0.1578947	0.0714286	0.0	0.0	0.0	0.0	0.0	0.0	0.0	0.0	0.0	0.0	0.0	
Rougequeue à front blanc	0.0	0.0	0.0	0.0	0.0	0.0	0.0	0.0	0.0	0.0	0.0	0.0	0.0	0.1	0.0526316	0.0384615	0.037037	0.0015	0.0015	0.0	0.0	0.0	0.0	0.0	0.0666667	0.0	0.0	0.0015	0.0666667	0.0015	0.0015	0.1818182	0.125	0.1	0.0	0.0	0.0357143	0.0	0.0	0.0	0.0	0.0	0.0	0.0	0.0	0.0	0.0	0.0	
Rougequeue noir	0.0625	0.0	0.0	0.0	0.25	0.25	0.25	0.3	0.0	0.2857143	0.2727273	0.3571429	0.2173913	0.3	0.3157895	0.2307692	0.3703704	0.4827586	0.32	0.3076923	0.4	0.2352941	0.2222222	0.1666667	0.4	0.1	0.3157895	0.2758621	0.0015	0.1875	0.0015	0.2727273	0.375	0.2	0.0588235	0.2105263	0.2142857	0.0	0.05	0.1875	0.0	0.2	0.25	0.1	0.0	0.125	0.25	0.1	
Tarier des prés	0.0	0.0	0.0	0.0	0.0	0.0	0.0	0.0	0.0	0.0	0.0	0.0	0.0	0.0	0.0	0.0769231	0.0	0.0689655	0.0	0.0	0.0	0.0	0.0	0.0	0.0	0.0	0.0	0.0	0.0015	0.0	0.0	0.0	0.0	0.1	0.0	0.0	0.0	0.0	0.0	0.0	0.0	0.0	0.0	0.0	0.0	0.0	0.0	0.0	
Tarier pâtre	0.1875	0.5	0.0	0.125	0.0	0.0	0.0015	0.0	0.1333333	0.0	0.1818182	0.3571429	0.0015	0.25	0.1578947	0.0769231	0.0740741	0.3103448	0.04	0.0769231	0.0	0.0	0.0	0.1666667	0.1333333	0.1333333	0.1578947	0.0344828	0.0666667	0.0625	0.0	0.0	0.0	0.2	0.0	0.0526316	0.2142857	0.2222222	0.25	0.0	0.0	0.0	0.0015	0.1	0.0	0.125	0.0	0.2	
Traquet motteux	0.0	0.0	0.0	0.0	0.0	0.0	0.0	0.0	0.0	0.0	0.0	0.0	0.0	0.0	0.0	0.0384615	0.0	0.0689655	0.0	0.0	0.0	0.0	0.0	0.0	0.0	0.0	0.0	0.0	0.0015	0.0	0.0	0.0	0.0	0.1	0.0	0.0	0.0357143	0.0	0.0	0.0	0.0	0.0	0.0	0.0	0.0	0.0	0.0	0.0	
Accenteur alpin	0.0	0.0	0.0	0.0	0.25	0.0	0.0	0.0	0.0	0.0	0.0	0.0	0.0	0.0	0.0	0.0	0.0	0.0	0.0	0.0	0.0	0.0	0.0	0.0	0.0	0.0	0.0	0.0	0.0	0.0	0.0	0.0	0.0	0.0	0.0	0.0	0.0	0.0	0.0	0.0	0.0	0.0	0.0	0.0	0.0	0.0	0.25	0.0	
Accenteur mouchet	0.0	0.25	0.0	0.0	0.25	0.0	0.0	0.2	0.2	0.0	0.0	0.0	0.0	0.0	0.0	0.0384615	0.0	0.0344828	0.0	0.0	0.0	0.0	0.0	0.0	0.0015	0.0333333	0.0	0.0	0.0	0.0	0.0666667	0.0	0.0	0.0	0.0	0.0	0.0	0.0	0.05	0.0	0.0	0.0	0.0	0.1	0.0769231	0.125	0.0	0.1	
Moineau domestique	0.0625	0.5	0.25	0.375	0.25	1.0	0.5833333	0.5	0.2666667	0.2857143	0.2727273	0.1428571	0.3913043	0.4	0.3684211	0.5	0.3333333	0.5517241	0.64	0.4615385	0.7	0.4705882	0.5555556	0.5	0.5333333	0.4666667	0.4736842	0.3793103	0.2	0.25	0.1333333	0.0	0.25	0.3	0.1764706	0.2105263	0.1785714	0.2777778	0.15	0.1875	0.0	0.0	0.25	0.1	0.0	0.25	0.25	0.25	
Moineau friquet	0.0	0.0	0.0	0.0	0.0	0.0	0.0	0.0	0.0666667	0.0	0.0	0.0	0.0	0.0	0.0	0.0	0.0	0.0	0.0	0.0769231	0.0	0.0	0.0	0.0	0.0	0.0	0.0	0.1034483	0.0	0.0	0.0	0.0	0.0	0.0	0.0	0.0	0.0	0.0	0.1	0.0	0.0	0.0	0.0015	0.0	0.0	0.0	0.0	0.05	
Moineau soulcie	0.0625	0.0	0.0	0.0	0.0	0.0	0.0	0.0	0.0666667	0.0	0.0	0.1428571	0.0434783	0.0	0.0	0.0	0.0	0.0	0.0	0.0015	0.0	0.0	0.1111111	0.0	0.0666667	0.0333333	0.0	0.0344828	0.0	0.0	0.0	0.0	0.0	0.0015	0.0	0.0	0.0	0.0	0.0	0.0	0.0	0.0	0.0	0.0	0.0	0.0	0.0	0.0	
Bergeronnette des ruisseaux	0.0625	0.0	0.25	0.0015	0.0	0.0	0.0833333	0.1	0.0	0.1428571	0.0	0.0	0.0434783	0.05	0.0526316	0.1153846	0.037037	0.1034483	0.04	0.0769231	0.0	0.0588235	0.0	0.0015	0.0	0.0333333	0.0526316	0.0344828	0.0015	0.0625	0.0666667	0.0	0.125	0.0	0.0588235	0.0526316	0.0714286	0.0	0.05	0.0	0.25	0.2	0.0015	0.3	0.0769231	0.25	0.0	0.05	
Bergeronnette printanière	0.0	0.0	0.0	0.0	0.0	0.0	0.0	0.0	0.0	0.0	0.0	0.0	0.0	0.0	0.0	0.0384615	0.0	0.1034483	0.04	0.0	0.0	0.0	0.0	0.0	0.0	0.0	0.0	0.0	0.0	0.0015	0.0	0.0015	0.0	0.0	0.0	0.1052632	0.0	0.0	0.0	0.0	0.0	0.0	0.0	0.0	0.0	0.0	0.0	0.0	
Bergeronnette grise	0.1875	0.25	0.0	0.25	0.0	0.25	0.3333333	0.2	0.2	0.5714286	0.1818182	0.4285714	0.173913	0.2	0.0526316	0.4230769	0.1111111	0.2068966	0.2	0.4615385	0.3	0.3529412	0.3333333	0.1666667	0.2	0.4	0.3157895	0.2413793	0.1333333	0.1875	0.1333333	0.1818182	0.125	0.1	0.1764706	0.1052632	0.2857143	0.4444444	0.2	0.1875	0.5	0.6	0.25	0.0	0.0769231	0.25	0.25	0.2	
bergeronette sp.	0.0	0.0	0.0	0.0	0.0	0.0	0.0	0.0	0.0	0.0	0.0	0.0	0.0	0.0	0.0526316	0.0	0.0	0.0	0.0	0.0	0.0	0.0	0.0	0.0	0.0	0.0	0.0	0.0	0.0	0.0	0.0	0.0	0.0	0.0	0.0	0.0	0.0	0.0555556	0.0	0.0	0.0	0.0	0.0	0.0	0.0	0.0	0.0	0.0	
Pipit farlouse	0.0	0.0	0.0	0.125	0.0	0.0	0.0	0.0	0.1333333	0.0	0.0	0.2142857	0.0	0.0	0.0	0.0	0.0	0.0	0.0	0.0	0.0	0.0	0.0	0.0	0.0	0.0	0.0	0.0	0.0	0.0	0.0	0.0	0.0	0.0	0.0	0.0526316	0.1071429	0.1666667	0.25	0.0625	0.25	0.0	0.0015	0.0	0.0769231	0.125	0.25	0.35	
Pipit des arbres	0.0	0.0	0.0	0.0	0.0	0.0	0.0	0.0	0.0	0.0	0.0	0.0	0.0	0.0	0.0	0.0015	0.037037	0.0	0.0	0.1538462	0.0	0.0	0.0	0.0	0.0666667	0.0	0.0	0.0	0.0	0.0	0.0	0.0015	0.0	0.1	0.0	0.1052632	0.0357143	0.1111111	0.0	0.0	0.0	0.0	0.0	0.0	0.0	0.0	0.0	0.0	
Pipit spioncelle	0.0	0.0	0.0	0.0015	0.0	0.0	0.0	0.0	0.0	0.0	0.0	0.0	0.0	0.0	0.0	0.0	0.0	0.0	0.0	0.0	0.0	0.0	0.0	0.0015	0.0	0.0	0.0	0.0	0.0	0.0	0.0	0.0	0.0	0.0	0.0	0.0	0.0	0.0	0.0	0.0	0.0	0.0	0.0	0.0	0.0	0.0	0.0	0.0	
Pinson des arbres	0.6875	0.75	0.5	0.75	0.25	0.25	0.5833333	0.5	0.6666667	0.2857143	0.6363636	0.5	0.2608696	0.35	0.2631579	0.3076923	0.1111111	0.4137931	0.16	0.3846154	0.3	0.2941176	0.2222222	0.5	0.5333333	0.1666667	0.2105263	0.3103448	0.0015	0.0015	0.1333333	0.0015	0.0015	0.2	0.0015	0.1578947	0.2857143	0.6111111	0.35	0.125	0.25	0.6	0.5	0.6	0.4615385	0.75	0.25	0.65	
Pinson du Nord	0.1875	0.0	0.0	0.125	0.25	0.0	0.0	0.0	0.0	0.0	0.0	0.0	0.0	0.0	0.0	0.0	0.0	0.0	0.0	0.0	0.0	0.0	0.0	0.0	0.0	0.0	0.0	0.0	0.0	0.0	0.0	0.0	0.0	0.0	0.0	0.0	0.0	0.0	0.05	0.0	0.0	0.2	0.0015	0.0	0.0769231	0.25	0.0	0.05	
Grosbec casse-noyaux	0.0	0.25	0.0	0.0015	0.0	0.0	0.0	0.1	0.0	0.0	0.0909091	0.0	0.0434783	0.0	0.0526316	0.0	0.0015	0.0	0.0	0.0	0.0	0.0	0.0	0.0	0.0	0.0	0.0526316	0.0	0.0	0.0	0.0	0.0	0.0	0.0	0.0	0.0	0.0	0.0	0.0	0.0	0.0	0.0	0.0015	0.0	0.0	0.0	0.0	0.0015	
Bouvreuil pivoine	0.125	0.0	0.0	0.0	0.25	0.0	0.0	0.0	0.0	0.0	0.0	0.0	0.0	0.0	0.0	0.0	0.0	0.0	0.0	0.0	0.0	0.0	0.0	0.0	0.0	0.0	0.0	0.0	0.0	0.0	0.0	0.0	0.0	0.0	0.0	0.0	0.0	0.0	0.0	0.0	0.0	0.0	0.0	0.0	0.0769231	0.0	0.0	0.0	
Verdier d'Europe	0.1875	0.0	0.0	0.25	0.25	0.0	0.25	0.1	0.0	0.2857143	0.0015	0.2142857	0.3478261	0.3	0.3157895	0.1538462	0.1111111	0.137931	0.16	0.2307692	0.3	0.1176471	0.1111111	0.1666667	0.2666667	0.1333333	0.1052632	0.0689655	0.2	0.0625	0.0	0.0	0.0	0.1	0.0015	0.0015	0.1785714	0.2777778	0.15	0.1875	0.0	0.0	0.0015	0.0015	0.1538462	0.0	0.0	0.15	
Linotte mélodieuse	0.0	0.0	0.0	0.0	0.0	0.0	0.0	0.0	0.0	0.1428571	0.0	0.2142857	0.0	0.0	0.0	0.0015	0.0	0.0	0.0	0.0	0.0	0.0	0.0	0.0	0.0666667	0.0	0.0526316	0.0344828	0.0	0.0015	0.0	0.0	0.0	0.0	0.0	0.0	0.0	0.0555556	0.1	0.0	0.0	0.2	0.0015	0.0	0.0	0.0	0.0	0.0	
Chardonneret élégant	0.25	0.0	0.25	0.375	0.25	0.25	0.4166667	0.4	0.4	0.5714286	0.2727273	0.3571429	0.2608696	0.45	0.2631579	0.3846154	0.2962963	0.3103448	0.24	0.1538462	0.4	0.3529412	0.3333333	0.5	0.3333333	0.2666667	0.3684211	0.4137931	0.2	0.125	0.1333333	0.0	0.125	0.1	0.0	0.1052632	0.2857143	0.5555556	0.1	0.1875	0.25	0.0	0.0015	0.1	0.0769231	0.5	0.0	0.25	
Serin cini	0.0	0.0	0.0	0.0	0.0	0.0	0.0	0.0	0.0	0.1428571	0.0	0.0714286	0.0869565	0.05	0.0015	0.1538462	0.1111111	0.0344828	0.04	0.0015	0.0	0.0588235	0.0	0.1666667	0.0666667	0.0333333	0.0	0.0689655	0.0015	0.0015	0.0666667	0.0	0.0	0.0	0.0	0.0	0.0357143	0.1111111	0.0	0.0	0.0	0.0	0.0	0.0	0.0	0.0	0.0	0.05	
Tarin des aulnes	0.1875	0.0	0.0	0.25	0.0	0.5	0.25	0.0	0.0666667	0.0	0.1818182	0.0	0.0	0.05	0.0	0.0	0.0	0.0	0.0	0.0	0.0	0.0	0.0	0.0	0.0	0.0	0.0	0.0344828	0.0	0.0	0.0	0.0	0.0	0.0	0.0	0.0	0.0	0.0	0.05	0.0	0.0	0.2	0.25	0.1	0.0	0.0	0.0	0.1	
Bruant proyer	0.0	0.0	0.0	0.125	0.25	0.0	0.0	0.0	0.0	0.0	0.0015	0.2142857	0.0	0.15	0.1052632	0.0384615	0.0015	0.137931	0.04	0.0769231	0.1	0.0588235	0.0	0.0	0.0666667	0.0333333	0.0526316	0.0015	0.0	0.0625	0.0	0.0	0.0	0.0	0.0	0.0	0.1071429	0.0555556	0.05	0.0	0.0	0.0	0.0	0.1	0.0	0.125	0.0	0.1	
Bruant fou	0.0	0.0	0.0	0.0	0.0	0.0	0.0	0.0	0.0	0.0	0.0	0.0015	0.0	0.0	0.0	0.0	0.0	0.0	0.0	0.0	0.0	0.0	0.0	0.0	0.0	0.0	0.0	0.0	0.0015	0.0	0.0	0.0	0.0	0.0	0.0	0.0	0.0	0.0	0.0	0.0	0.0	0.0	0.0	0.0	0.0	0.0	0.0	0.0	
Bruant zizi	0.125	0.0	0.0	0.0	0.0015	0.25	0.0833333	0.1	0.0	0.1428571	0.0909091	0.1428571	0.1304348	0.35	0.1578947	0.1923077	0.1851852	0.2413793	0.12	0.0769231	0.0	0.0	0.0	0.0	0.3333333	0.1	0.1052632	0.1724138	0.1333333	0.0625	0.0666667	0.0	0.0	0.0	0.0	0.0	0.0	0.0	0.1	0.0	0.0	0.0	0.0015	0.0	0.0769231	0.0	0.0	0.15	
Bruant jaune	0.0	0.0	0.0	0.0	0.0	0.0	0.0	0.0	0.0	0.0	0.0	0.0	0.0434783	0.0	0.0	0.0	0.0	0.0	0.0	0.0	0.0	0.0	0.0	0.0	0.0	0.0	0.0	0.0	0.0666667	0.0	0.0	0.0	0.0	0.0	0.0015	0.0	0.0	0.0	0.0	0.0	0.0	0.0	0.0	0.0	0.0	0.0	0.0	0.05	
Bruant des roseaux	0.25	0.0	0.0	0.125	0.0	0.0	0.0	0.0	0.0666667	0.0	0.0	0.0	0.0	0.0	0.0	0.0	0.0	0.0	0.0	0.0	0.0	0.0	0.0	0.0	0.0	0.0	0.0	0.0	0.0	0.0	0.0	0.0	0.0	0.0	0.0	0.0	0.0	0.0	0.05	0.0	0.0	0.0	0.0015	0.0	0.0	0.125	0.0	0.15	
passereau sp.	0.0	0.0	0.0	0.0	0.0	0.0	0.0	0.0	0.0	0.0	0.0	0.0	0.0	0.0	0.0	0.0	0.0	0.0	0.0	0.0	0.0	0.0	0.0	0.0	0.0	0.0	0.0	0.0	0.0	0.0	0.0	0.0909091	0.0	0.0	0.0	0.0	0.0	0.0	0.0	0.0	0.0	0.0	0.0	0.0	0.0	0.0	0.0	0.0	

