









Frequency of observations in the selected location(s).:
Number of taxa: 	263

	Jan				Feb				Mar				Apr				May				Jun				Jul				Aug				Sep				Oct				Nov				Dec				
Sample Size:	17.0	17.0	15.0	29.0	11.0	7.0	17.0	25.0	18.0	8.0	14.0	22.0	24.0	32.0	27.0	32.0	57.0	36.0	32.0	36.0	27.0	18.0	19.0	28.0	17.0	21.0	20.0	23.0	15.0	24.0	21.0	25.0	18.0	11.0	18.0	11.0	11.0	5.0	4.0	16.0	6.0	5.0	4.0	19.0	7.0	5.0	15.0	35.0	

Oie à tête barrée	0.0	0.0	0.0666667	0.0015	0.0015	0.0	0.0	0.0	0.0	0.0	0.0	0.0	0.0	0.0015	0.0	0.0	0.0	0.0	0.0	0.0	0.0	0.0	0.0	0.0015	0.0	0.0	0.0	0.0	0.0	0.0	0.0	0.0015	0.0	0.0	0.0	0.0	0.0	0.0	0.0	0.0	0.0	0.0	0.0	0.0	0.0	0.0	0.0	0.0	
Oie cendrée	0.1764706	0.0588235	0.1333333	0.3448276	0.2727273	0.1428571	0.0588235	0.44	0.0555556	0.0015	0.0714286	0.0909091	0.25	0.15625	0.1481481	0.125	0.2105263	0.2777778	0.15625	0.0555556	0.037037	0.1111111	0.1052632	0.1785714	0.1176471	0.047619	0.1	0.0	0.0015	0.0833333	0.3809524	0.08	0.1666667	0.0	0.2222222	0.0909091	0.2727273	0.4	0.25	0.375	0.1666667	0.2	0.0015	0.1052632	0.0015	0.0015	0.4	0.2	
Oie cygnoïde	0.0	0.0	0.0	0.0	0.0	0.0	0.0	0.0	0.0	0.0	0.0	0.0	0.0	0.0	0.0	0.0	0.0	0.0	0.0	0.0	0.0	0.0	0.0	0.0	0.0	0.0	0.0	0.0	0.0	0.0	0.0	0.0	0.0	0.0	0.0	0.0	0.0	0.0	0.25	0.0625	0.0	0.0	0.0	0.0015	0.0	0.0	0.0	0.0	
Oie rieuse	0.0588235	0.0015	0.0	0.0344828	0.0015	0.0015	0.0	0.0015	0.0015	0.0015	0.0714286	0.0	0.0	0.0	0.0	0.0	0.0	0.0	0.0	0.0	0.0	0.0	0.0	0.0015	0.0	0.0	0.0	0.0	0.0	0.0	0.0	0.0	0.0	0.0	0.0	0.0	0.0	0.0	0.0	0.0	0.0	0.0	0.0	0.0	0.0	0.0	0.0666667	0.0285714	
Oie de toundra	0.0	0.0	0.0	0.0344828	0.0015	0.0015	0.0588235	0.0	0.0	0.0	0.0	0.0	0.0	0.0	0.0	0.0	0.0	0.0	0.0	0.0	0.0	0.0	0.0	0.0	0.0	0.0	0.0	0.0	0.0	0.0	0.0	0.0	0.0	0.0	0.0	0.0	0.0	0.0	0.0	0.0	0.0015	0.0	0.0	0.0015	0.0	0.0	0.0015	0.0	
Oie de taïga ou O. de toundra	0.0	0.0	0.0	0.0015	0.0	0.0	0.0	0.0	0.0	0.0	0.0	0.0	0.0	0.0	0.0	0.0	0.0	0.0	0.0	0.0	0.0	0.0	0.0	0.0	0.0	0.0	0.0	0.0	0.0	0.0	0.0	0.0	0.0	0.0	0.0	0.0	0.0	0.0	0.0	0.0	0.0	0.0	0.0	0.0	0.0	0.0	0.0	0.0	
Bernache nonnette	0.0588235	0.0	0.0	0.0	0.0	0.0	0.0	0.0	0.0	0.0	0.0	0.0	0.0	0.0	0.0	0.0	0.0	0.0	0.0	0.0	0.0	0.0	0.0	0.0015	0.0	0.0	0.0	0.0	0.0	0.0	0.0	0.0	0.0	0.0	0.0	0.0909091	0.0	0.0	0.0015	0.0	0.0	0.0	0.0	0.0	0.0	0.0	0.0	0.0	
Bernache du Canada	0.0	0.0588235	0.1333333	0.0689655	0.2727273	0.0	0.0588235	0.0	0.0555556	0.0015	0.2142857	0.0454545	0.125	0.09375	0.1111111	0.0625	0.1403509	0.0277778	0.09375	0.0555556	0.037037	0.1111111	0.1052632	0.0357143	0.0588235	0.047619	0.2	0.0434783	0.1333333	0.0416667	0.0	0.0015	0.0555556	0.0909091	0.0	0.0	0.0909091	0.2	0.0	0.0015	0.0	0.0015	0.0	0.0015	0.0	0.0015	0.0	0.0015	
Cygne tuberculé	0.3529412	0.4117647	0.3333333	0.4482759	0.3636364	0.4285714	0.0588235	0.36	0.1111111	0.25	0.2142857	0.2727273	0.2916667	0.28125	0.2222222	0.3125	0.3333333	0.3055556	0.15625	0.0555556	0.1111111	0.3888889	0.2105263	0.1428571	0.1764706	0.2380952	0.15	0.173913	0.2	0.375	0.4761905	0.2	0.2222222	0.4545455	0.2777778	0.4545455	0.2727273	0.4	0.75	0.3125	0.0015	0.4	0.75	0.3157895	0.2857143	0.4	0.4	0.4	
Cygne noir	0.0	0.0	0.0	0.0	0.0	0.0	0.0	0.0	0.0	0.0015	0.0	0.0	0.0	0.0	0.0	0.0	0.0	0.0	0.0	0.0	0.0	0.0	0.0	0.0	0.0	0.0	0.0	0.0	0.0666667	0.0	0.0	0.0	0.0	0.0	0.0	0.0	0.0	0.0	0.25	0.0	0.0	0.0	0.0	0.0	0.0	0.0	0.0	0.0	
Cygne de Bewick	0.0015	0.0015	0.0666667	0.0689655	0.0	0.0015	0.0015	0.12	0.0555556	0.0	0.0	0.0	0.0	0.0	0.0	0.0	0.0	0.0	0.0	0.0	0.0	0.0	0.0	0.0	0.0	0.0	0.0	0.0	0.0	0.0	0.0	0.0	0.0	0.0	0.0	0.0	0.0	0.0	0.25	0.0	0.0	0.0	0.0	0.0526316	0.0	0.0	0.0015	0.0857143	
Cygne chanteur	0.1176471	0.0015	0.0015	0.0689655	0.0	0.0	0.0015	0.0	0.0015	0.0	0.0	0.0	0.0	0.0	0.0	0.0	0.0	0.0	0.0	0.0	0.0015	0.0	0.0	0.0	0.0	0.0	0.0	0.0	0.0	0.0	0.0015	0.0	0.0	0.0	0.0	0.0	0.0	0.0	0.0	0.0	0.0	0.0	0.0015	0.0526316	0.0	0.0	0.0015	0.0857143	
cygne sp.	0.0	0.0	0.0	0.0015	0.0	0.0	0.0	0.0	0.0	0.0	0.0	0.0	0.0	0.0	0.0	0.0	0.0	0.0	0.0	0.0	0.0	0.0	0.0	0.0	0.0	0.0	0.0	0.0	0.0	0.0	0.0	0.0	0.0	0.0	0.0	0.0	0.0	0.0	0.0	0.0	0.0	0.0	0.0	0.0	0.0	0.0	0.0	0.0	
Ouette d'Égypte	0.1176471	0.2941176	0.3333333	0.1034483	0.4545455	0.1428571	0.0015	0.08	0.1111111	0.25	0.1428571	0.1818182	0.1666667	0.09375	0.037037	0.125	0.1403509	0.2222222	0.15625	0.1111111	0.1111111	0.0555556	0.2105263	0.1071429	0.1764706	0.047619	0.2	0.0869565	0.1333333	0.125	0.2857143	0.0015	0.1111111	0.0909091	0.0555556	0.1818182	0.1818182	0.2	0.5	0.3125	0.3333333	0.4	0.0015	0.0526316	0.2857143	0.2	0.2666667	0.2571429	
Tadorne casarca	0.0588235	0.0	0.0	0.0344828	0.0	0.0	0.0015	0.08	0.0	0.0	0.0015	0.0454545	0.0833333	0.0	0.0740741	0.0015	0.0175439	0.0	0.0	0.0	0.0	0.0	0.0	0.0	0.0	0.0	0.0	0.0	0.0666667	0.0416667	0.0	0.0	0.0	0.0	0.0	0.0909091	0.0015	0.0	0.25	0.0015	0.0	0.0015	0.0	0.0	0.0015	0.0	0.1333333	0.0	
Tadorne de Belon	0.0015	0.0	0.0	0.0344828	0.0	0.0015	0.0	0.04	0.0015	0.0015	0.0	0.0	0.125	0.0625	0.037037	0.03125	0.0175439	0.0277778	0.0	0.0	0.0015	0.0	0.0	0.0	0.0	0.0	0.0	0.0	0.0	0.0	0.047619	0.0	0.0	0.0	0.0	0.0	0.0	0.0	0.0	0.0	0.0	0.0	0.0	0.0	0.0	0.0	0.0666667	0.0285714	
Canard à collier noir	0.0	0.0	0.0	0.0	0.0	0.0	0.0	0.0	0.0	0.0	0.0	0.0	0.0	0.0	0.0	0.0	0.0	0.0	0.0	0.0	0.0	0.0	0.0	0.0	0.0	0.0	0.0	0.0	0.0	0.0	0.0	0.0	0.0	0.0	0.0	0.0	0.0	0.0015	0.0	0.0	0.0	0.0	0.0	0.0	0.0	0.0015	0.0	0.0	
Sarcelle d'été	0.0	0.0	0.0	0.0	0.0	0.0	0.0	0.0	0.0	0.0	0.0015	0.0454545	0.0416667	0.0625	0.0015	0.0	0.0175439	0.0	0.0015	0.0015	0.0	0.0	0.0	0.0	0.0	0.0	0.0	0.0	0.0	0.0416667	0.1428571	0.0	0.0	0.0	0.0	0.0	0.0015	0.0	0.0	0.0	0.0	0.0	0.0	0.0	0.0	0.0	0.0	0.0	
Canard souchet	0.1176471	0.0	0.0666667	0.1034483	0.0909091	0.0015	0.0	0.2	0.0555556	0.0015	0.0714286	0.0	0.1666667	0.15625	0.0740741	0.03125	0.0526316	0.0833333	0.0015	0.0015	0.0	0.0555556	0.0	0.0	0.0	0.0	0.0	0.0	0.0	0.0416667	0.0952381	0.0	0.1111111	0.0015	0.0555556	0.1818182	0.2727273	0.0	0.0015	0.0625	0.0	0.0015	0.0015	0.1052632	0.0	0.2	0.2666667	0.1142857	
Canard chipeau	0.1764706	0.2352941	0.2	0.2413793	0.1818182	0.0015	0.0588235	0.36	0.0555556	0.0015	0.0714286	0.0909091	0.1666667	0.15625	0.1481481	0.03125	0.1052632	0.1388889	0.0625	0.0015	0.0	0.0555556	0.0	0.0714286	0.0588235	0.047619	0.0	0.0	0.0666667	0.0833333	0.2380952	0.04	0.1111111	0.0909091	0.0015	0.1818182	0.0909091	0.0	0.0015	0.125	0.0	0.2	0.0015	0.1052632	0.0015	0.2	0.2	0.2	
Canard siffleur	0.1764706	0.1764706	0.0666667	0.137931	0.0015	0.0015	0.0588235	0.24	0.0555556	0.0015	0.0	0.0	0.0833333	0.0	0.0	0.0	0.0175439	0.0	0.0	0.0	0.0	0.0	0.0	0.0	0.0	0.0	0.0	0.0	0.0	0.0	0.0	0.0	0.0	0.0	0.0015	0.0909091	0.0015	0.0	0.0015	0.0	0.0	0.0	0.0	0.1052632	0.0	0.2	0.3333333	0.1428571	
Canard colvert	0.4705882	0.7058824	0.2666667	0.4137931	0.6363636	0.2857143	0.1764706	0.44	0.3888889	0.625	0.2142857	0.4090909	0.25	0.375	0.2962963	0.34375	0.3684211	0.3888889	0.34375	0.2222222	0.2962963	0.1666667	0.1578947	0.1428571	0.2941176	0.1428571	0.3	0.1304348	0.2666667	0.4166667	0.5238095	0.32	0.3888889	0.4545455	0.2222222	0.6363636	0.7272727	0.6	0.75	0.4375	0.1666667	0.6	0.25	0.4736842	0.4285714	0.4	0.4666667	0.6	
Canard pilet	0.0588235	0.0588235	0.0666667	0.0689655	0.0	0.0015	0.0	0.0	0.0015	0.0	0.0	0.0	0.0416667	0.0	0.0	0.0	0.0	0.0	0.0	0.0	0.0	0.0	0.0	0.0	0.0	0.0	0.0	0.0	0.0	0.0	0.0	0.0	0.0	0.0	0.0	0.0909091	0.0015	0.2	0.0015	0.125	0.0	0.0	0.0	0.0526316	0.0	0.0	0.1333333	0.0571429	
Sarcelle d'hiver	0.2352941	0.1176471	0.0666667	0.1724138	0.0909091	0.0015	0.0588235	0.2	0.0555556	0.0015	0.0714286	0.0454545	0.125	0.125	0.0740741	0.0	0.0350877	0.0	0.0	0.0277778	0.0	0.0555556	0.0	0.0357143	0.0588235	0.0	0.0	0.0	0.0015	0.0833333	0.2857143	0.0	0.1111111	0.0	0.0555556	0.2727273	0.0015	0.4	0.25	0.1875	0.0015	0.4	0.0015	0.1578947	0.0015	0.0	0.3333333	0.1714286	
Nette rousse	0.0588235	0.0	0.0	0.0	0.0015	0.0	0.0	0.16	0.0015	0.0015	0.0714286	0.0	0.1666667	0.09375	0.1111111	0.0015	0.0526316	0.1666667	0.03125	0.0277778	0.0	0.0555556	0.0526316	0.0714286	0.0015	0.0	0.05	0.0	0.0015	0.0833333	0.2380952	0.08	0.0	0.0	0.0015	0.0	0.0015	0.0	0.25	0.0625	0.0	0.0	0.0	0.0	0.0015	0.0	0.0	0.0	
Fuligule milouin	0.2352941	0.0	0.2	0.1724138	0.1818182	0.0015	0.0588235	0.28	0.1111111	0.0015	0.1428571	0.0015	0.125	0.03125	0.0740741	0.03125	0.1403509	0.25	0.0625	0.0015	0.0	0.0555556	0.0526316	0.0714286	0.0588235	0.0	0.05	0.0015	0.0015	0.1666667	0.4285714	0.08	0.1666667	0.1818182	0.1111111	0.3636364	0.1818182	0.2	0.5	0.125	0.1666667	0.0	0.0	0.1578947	0.0015	0.2	0.2666667	0.2	
Fuligule à bec cerclé	0.0588235	0.0	0.0	0.0	0.0	0.0	0.0	0.0	0.0	0.0	0.0	0.0	0.0	0.0	0.0	0.0	0.0	0.0	0.0	0.0	0.0	0.0	0.0	0.0	0.0	0.0	0.0	0.0	0.0	0.0	0.0	0.0	0.0	0.0	0.0	0.0	0.0	0.0	0.0	0.0	0.0	0.0	0.0	0.0	0.0	0.0	0.0	0.0	
Fuligule nyroca	0.0588235	0.0	0.0	0.0	0.0	0.0015	0.0	0.0	0.0	0.0	0.0	0.0	0.0	0.0	0.0	0.0	0.0	0.0	0.0	0.0	0.0	0.0	0.0	0.0357143	0.0	0.0	0.0	0.0	0.0015	0.0	0.0	0.0	0.0	0.0	0.0	0.0	0.0	0.0	0.0	0.0	0.0	0.0	0.0	0.0	0.0	0.0	0.0	0.0	
Fuligule morillon	0.1764706	0.1176471	0.2	0.1034483	0.0909091	0.0015	0.1176471	0.36	0.1666667	0.0015	0.0714286	0.0	0.1666667	0.125	0.037037	0.03125	0.1052632	0.2222222	0.09375	0.0015	0.0	0.1111111	0.0526316	0.0714286	0.0588235	0.0	0.05	0.0015	0.0666667	0.0833333	0.2857143	0.2	0.1111111	0.2727273	0.0015	0.0909091	0.0909091	0.2	0.0	0.125	0.1666667	0.0015	0.0015	0.1052632	0.0015	0.2	0.1333333	0.0857143	
Fuligule milouinan	0.0015	0.0	0.0	0.0	0.0015	0.0	0.0588235	0.0	0.0015	0.0	0.0	0.0	0.0	0.0	0.0	0.0	0.0	0.0	0.0	0.0	0.0	0.0	0.0	0.0	0.0	0.0	0.0	0.0	0.0	0.0	0.0	0.0	0.0	0.0	0.0	0.0	0.0	0.0	0.0	0.0	0.0	0.0	0.0	0.0	0.0	0.0	0.0	0.0	
Eider à duvet	0.0	0.0	0.0	0.0015	0.0015	0.0	0.0	0.0	0.0	0.0	0.0	0.0	0.0	0.0	0.0	0.0	0.0	0.0	0.0	0.0	0.0	0.0	0.0	0.0	0.0	0.0	0.0	0.0	0.0	0.0	0.0	0.0	0.0	0.0	0.0	0.0	0.0	0.0	0.0	0.0	0.0	0.0	0.0	0.0	0.0	0.0	0.0	0.0	
Macreuse brune	0.0	0.0	0.0	0.0	0.0	0.0	0.0	0.0	0.0	0.0	0.0	0.0	0.0	0.0	0.0	0.0	0.0	0.0	0.0	0.0	0.0	0.0	0.0	0.0	0.0	0.0	0.0	0.0	0.0	0.0	0.0	0.0	0.0	0.0	0.0	0.0	0.0	0.0	0.0	0.0	0.0	0.0	0.0	0.0	0.0	0.0	0.0	0.0285714	
Harelde boréale	0.0015	0.0	0.0	0.0015	0.0015	0.0	0.0	0.0	0.0	0.0	0.0	0.0	0.0	0.0	0.0	0.0	0.0	0.0	0.0	0.0	0.0	0.0	0.0	0.0	0.0	0.0	0.0	0.0	0.0	0.0	0.0	0.0	0.0	0.0	0.0	0.0	0.0	0.0	0.0	0.0	0.0	0.0	0.0	0.0	0.0	0.0	0.0	0.0	
Garrot à oeil d'or	0.0015	0.0	0.0015	0.1034483	0.0909091	0.0015	0.0	0.08	0.0015	0.0015	0.0	0.0	0.0015	0.0	0.0	0.0	0.0	0.0	0.03125	0.0	0.0	0.0	0.0	0.0	0.0	0.0	0.0	0.0	0.1333333	0.0	0.0	0.0	0.0	0.0	0.0	0.0	0.0	0.0	0.0	0.0	0.0	0.4	0.0	0.0	0.0015	0.0	0.1333333	0.0857143	
Harle piette	0.0	0.0	0.0	0.0344828	0.0015	0.0015	0.0	0.0015	0.0	0.0015	0.0	0.0	0.0416667	0.0	0.0	0.0	0.0	0.0	0.0	0.0	0.0	0.0	0.0	0.0	0.0	0.0	0.0	0.0	0.0	0.0	0.0	0.0	0.0	0.0	0.0	0.0	0.0	0.0	0.0	0.0	0.0	0.0	0.0	0.0	0.0	0.0	0.0	0.0	
Harle bièvre	0.1764706	0.0588235	0.0015	0.1034483	0.1818182	0.0015	0.0	0.08	0.0015	0.0015	0.0	0.0	0.0	0.0	0.0	0.0	0.0	0.0	0.0	0.0	0.0	0.0	0.0	0.0357143	0.0	0.0	0.0	0.0	0.0	0.0	0.0	0.0	0.0	0.0	0.0	0.0	0.0	0.0	0.0	0.0	0.1666667	0.0	0.0	0.0526316	0.0	0.0015	0.1333333	0.1142857	
Harle huppé	0.0	0.0	0.0	0.0344828	0.0	0.0015	0.0	0.0	0.0	0.0	0.0	0.0	0.0	0.0	0.0	0.0	0.0	0.0	0.0	0.0	0.0	0.0	0.0	0.0	0.0	0.0	0.0	0.0	0.0	0.0	0.0	0.0	0.0	0.0	0.0	0.0	0.0	0.0	0.0	0.0	0.0	0.0	0.0	0.0	0.0	0.0015	0.0	0.0	
Érismature rousse	0.0	0.0	0.0	0.0015	0.0	0.0	0.0	0.0	0.0	0.0	0.0	0.0	0.0	0.0	0.0	0.0	0.0	0.0	0.0	0.0	0.0	0.0	0.0	0.0	0.0	0.0	0.0	0.0	0.0	0.0	0.0	0.0	0.0	0.0	0.0	0.0	0.0	0.0	0.0	0.0	0.0	0.0	0.0	0.0	0.0	0.0	0.0	0.0	
anatidé sp. (canard sp.)	0.0	0.0	0.0	0.0	0.0	0.0	0.0	0.0	0.0	0.0	0.0	0.0	0.0	0.0	0.0	0.0	0.0	0.0	0.0	0.0	0.0	0.0	0.0	0.0	0.0	0.0	0.0	0.0	0.0666667	0.0	0.0	0.0	0.0	0.0	0.0	0.0	0.0	0.0	0.0	0.0	0.0	0.0	0.0	0.0	0.0	0.0	0.0666667	0.0	
Perdrix grise	0.0	0.0	0.0	0.0	0.0	0.0	0.0	0.0	0.0555556	0.0	0.0	0.0	0.0	0.0	0.037037	0.0	0.0	0.0	0.03125	0.0277778	0.0	0.0	0.0	0.0	0.0	0.0	0.0	0.0	0.0	0.0	0.0	0.0	0.0	0.0	0.0	0.0	0.0	0.0	0.0	0.0625	0.0	0.0	0.0	0.0	0.0	0.0	0.0	0.0	
Faisan de Colchide	0.0	0.0588235	0.0666667	0.0344828	0.0	0.1428571	0.0015	0.0	0.0555556	0.25	0.1428571	0.0909091	0.0416667	0.0625	0.0015	0.03125	0.0175439	0.0277778	0.125	0.0833333	0.0740741	0.0	0.0526316	0.0357143	0.0015	0.0952381	0.0015	0.0015	0.0	0.0416667	0.0	0.04	0.0	0.0909091	0.0	0.0	0.0	0.4	0.0015	0.0625	0.0	0.0	0.0	0.0	0.0	0.0	0.0	0.0857143	
Caille des blés	0.0	0.0	0.0	0.0	0.0	0.0	0.0	0.0	0.0	0.0	0.0	0.0	0.0	0.0	0.0	0.0	0.0	0.0	0.0015	0.0277778	0.0	0.0015	0.0	0.0	0.0015	0.0	0.0	0.0015	0.0	0.0	0.0	0.0	0.0	0.0	0.0	0.0	0.0	0.0	0.0	0.0	0.0	0.0	0.0	0.0	0.0	0.0	0.0	0.0	
Pigeon biset	0.3529412	0.1176471	0.2	0.1034483	0.0	0.2857143	0.1764706	0.04	0.1111111	0.5	0.1428571	0.0909091	0.25	0.09375	0.1481481	0.3125	0.122807	0.2222222	0.09375	0.2222222	0.1851852	0.0555556	0.1052632	0.0714286	0.3529412	0.1428571	0.15	0.1304348	0.4	0.375	0.1904762	0.36	0.1111111	0.1818182	0.4444444	0.1818182	0.1818182	0.2	0.5	0.25	0.1666667	0.2	0.0	0.1578947	0.4285714	0.2	0.0666667	0.1142857	
Pigeon colombin	0.0	0.0	0.0	0.0	0.0	0.0	0.0	0.0	0.0555556	0.0	0.0	0.1363636	0.0	0.0015	0.0	0.0	0.0526316	0.0277778	0.0625	0.0277778	0.0	0.1111111	0.0	0.0714286	0.0588235	0.0	0.0	0.0	0.0015	0.0416667	0.047619	0.08	0.1666667	0.0909091	0.0015	0.0	0.0015	0.0	0.0	0.0015	0.0	0.0	0.0	0.0	0.0	0.0	0.0	0.0571429	
Pigeon ramier	0.1764706	0.5294118	0.4	0.2068966	0.4545455	0.2857143	0.7058824	0.4	0.7222222	0.875	0.6428571	0.5454545	0.5	0.65625	0.4444444	0.59375	0.5263158	0.5833333	0.5	0.5555556	0.3333333	0.6111111	0.5789474	0.6785714	0.5294118	0.5238095	0.55	0.4782609	0.5333333	0.5416667	0.4285714	0.64	0.5555556	0.5454545	0.3888889	0.1818182	0.2727273	0.4	0.5	0.25	0.5	0.6	0.0	0.3157895	0.5714286	0.2	0.2	0.2285714	
Columba sp.	0.0	0.0	0.0	0.0	0.0	0.0	0.0	0.0	0.0	0.0	0.0	0.0	0.0	0.0	0.0	0.0	0.0	0.0	0.0	0.0	0.0	0.0	0.0	0.0	0.0	0.0	0.0	0.0	0.0	0.0	0.0	0.0	0.0	0.0	0.0	0.0	0.0	0.0	0.0	0.0625	0.0	0.0	0.0	0.0	0.0	0.0	0.0	0.0	
Tourterelle des bois	0.0	0.0	0.0	0.0	0.0	0.0	0.0	0.0	0.0	0.0	0.0	0.0	0.0	0.0015	0.0	0.0	0.0175439	0.0833333	0.09375	0.0277778	0.037037	0.0555556	0.1052632	0.0357143	0.0588235	0.047619	0.05	0.0	0.0	0.0	0.0	0.0	0.0	0.0	0.0	0.0	0.0	0.0	0.0	0.0	0.0	0.0	0.0	0.0	0.0	0.0	0.0	0.0	
Tourterelle turque	0.2352941	0.1764706	0.1333333	0.1724138	0.0015	0.1428571	0.0588235	0.2	0.2777778	0.125	0.2857143	0.0909091	0.1666667	0.15625	0.1851852	0.28125	0.1929825	0.1944444	0.15625	0.2222222	0.037037	0.1666667	0.1578947	0.25	0.3529412	0.1904762	0.1	0.1304348	0.1333333	0.0833333	0.1904762	0.16	0.1666667	0.0015	0.0555556	0.2727273	0.0909091	0.0	0.25	0.1875	0.0015	0.2	0.0	0.1052632	0.0	0.0015	0.1333333	0.1428571	
Coucou gris	0.0	0.0	0.0	0.0	0.0	0.0	0.0	0.0	0.0	0.0	0.0	0.0	0.0416667	0.09375	0.1481481	0.25	0.4912281	0.3611111	0.4375	0.2222222	0.2592593	0.2222222	0.2105263	0.1428571	0.1176471	0.0	0.0	0.0	0.0	0.0	0.0	0.0	0.0	0.0	0.0	0.0	0.0	0.0	0.0	0.0	0.0	0.0	0.0	0.0	0.0	0.0	0.0	0.0	
Engoulevent d'Europe	0.0	0.0	0.0	0.0	0.0	0.0	0.0	0.0	0.0	0.0	0.0	0.0	0.0	0.0	0.0	0.0	0.0	0.0	0.0	0.0	0.0	0.0	0.0	0.0	0.0	0.0	0.0	0.0	0.0	0.0	0.0015	0.0	0.0	0.0	0.0	0.0	0.0	0.0	0.0	0.0	0.0	0.0	0.0	0.0	0.0	0.0	0.0	0.0	
Martinet noir	0.0	0.0	0.0	0.0	0.0	0.0	0.0	0.0	0.0	0.0	0.0	0.0	0.0	0.0	0.037037	0.21875	0.2982456	0.3888889	0.3125	0.3055556	0.1481481	0.2777778	0.3157895	0.3928571	0.3529412	0.2380952	0.25	0.173913	0.0	0.0	0.0	0.0	0.0	0.0	0.0	0.0	0.0	0.0	0.0	0.0	0.0	0.0	0.0	0.0	0.0	0.0	0.0	0.0	
Râle d'eau	0.0588235	0.0	0.0666667	0.0015	0.0015	0.0	0.0	0.0	0.0015	0.0015	0.0714286	0.0	0.0	0.03125	0.0	0.0	0.0350877	0.0555556	0.0	0.0277778	0.0	0.0	0.0015	0.0	0.0	0.0	0.0	0.0	0.0015	0.0	0.1904762	0.0015	0.0015	0.0909091	0.0	0.2727273	0.0909091	0.0	0.0	0.0	0.0015	0.0	0.0	0.0	0.0	0.0	0.0	0.0285714	
Râle des genêts	0.0	0.0	0.0	0.0	0.0	0.0	0.0	0.0	0.0	0.0	0.0	0.0	0.0	0.0	0.0	0.0	0.0	0.0	0.0	0.0	0.0	0.0	0.0	0.0	0.0015	0.0	0.0	0.0	0.0	0.0	0.0	0.0	0.0	0.0	0.0	0.0	0.0	0.0	0.0	0.0	0.0	0.0	0.0	0.0	0.0	0.0	0.0	0.0	
Marouette ponctuée	0.0	0.0	0.0	0.0	0.0	0.0	0.0	0.0	0.0	0.0	0.0	0.0	0.0	0.0	0.0015	0.0	0.0	0.0	0.0	0.0	0.0	0.0	0.0	0.0	0.0	0.0	0.0	0.0	0.0	0.0	0.0	0.0	0.0	0.0	0.0	0.0	0.0	0.0	0.0	0.0	0.0	0.0	0.0	0.0	0.0	0.0	0.0	0.0	
Gallinule poule-d'eau	0.0588235	0.0588235	0.1333333	0.0344828	0.1818182	0.1428571	0.0588235	0.0	0.2222222	0.25	0.0714286	0.0909091	0.0833333	0.15625	0.1481481	0.09375	0.1403509	0.1388889	0.15625	0.1388889	0.1111111	0.1111111	0.0526316	0.0357143	0.1176471	0.047619	0.25	0.0869565	0.0015	0.125	0.1428571	0.24	0.1111111	0.2727273	0.1111111	0.1818182	0.2727273	0.6	0.5	0.1875	0.0015	0.2	0.5	0.1578947	0.2857143	0.0	0.1333333	0.0857143	
Foulque macroule	0.2352941	0.2352941	0.1333333	0.3448276	0.4545455	0.0015	0.1764706	0.44	0.2222222	0.125	0.0714286	0.1818182	0.2916667	0.28125	0.1851852	0.15625	0.2105263	0.3333333	0.09375	0.0833333	0.1111111	0.2777778	0.1578947	0.1071429	0.1176471	0.1428571	0.25	0.1304348	0.0015	0.1666667	0.6666667	0.28	0.1666667	0.5454545	0.1111111	0.5454545	0.4545455	0.4	0.5	0.3125	0.1666667	0.4	0.25	0.3684211	0.4285714	0.2	0.2	0.2571429	
Grue cendrée	0.2352941	0.1176471	0.0666667	0.1724138	0.3636364	0.0015	0.0015	0.2	0.1666667	0.0015	0.0714286	0.0	0.0833333	0.0	0.0	0.03125	0.0015	0.0277778	0.0015	0.0	0.0	0.0555556	0.0	0.0015	0.0	0.0	0.0	0.0	0.0	0.0015	0.047619	0.04	0.0555556	0.0	0.0015	0.0	0.0909091	0.2	0.5	0.125	0.1666667	0.4	0.0015	0.1578947	0.1428571	0.2	0.3333333	0.3142857	
Échasse blanche	0.0	0.0	0.0	0.0	0.0	0.0	0.0	0.0	0.0	0.0	0.0	0.0	0.0416667	0.0015	0.0	0.0	0.0175439	0.0	0.0	0.0	0.0	0.0	0.0	0.0015	0.0	0.0	0.0	0.0	0.0	0.0	0.0	0.0	0.0	0.0	0.0	0.0	0.0	0.0	0.0	0.0	0.0	0.0	0.0	0.0	0.0	0.0	0.0	0.0	
Avocette élégante	0.0	0.0	0.0	0.0	0.0	0.0	0.0	0.0	0.0	0.0	0.0	0.0	0.0	0.0	0.0	0.0	0.0	0.0015	0.0	0.0	0.0	0.0	0.0	0.0	0.0	0.0	0.0	0.0	0.0	0.0	0.0	0.0	0.0	0.0	0.0	0.0	0.0	0.0	0.0	0.0	0.0	0.0	0.0	0.0	0.0	0.0	0.0	0.0	
Pluvier argenté	0.0	0.0	0.0	0.0	0.0	0.0	0.0	0.0	0.0	0.0	0.0	0.0	0.0	0.0	0.0	0.0	0.0	0.0	0.0	0.0	0.0	0.0	0.0	0.0	0.0	0.0	0.0	0.0	0.0	0.0	0.0	0.0	0.0	0.0	0.0015	0.0015	0.0015	0.0	0.0015	0.0	0.0	0.0	0.0	0.0	0.0	0.0	0.0	0.0	
Pluvier doré	0.0	0.0	0.0	0.0	0.0	0.0	0.0	0.08	0.0	0.0	0.0	0.0	0.0	0.0	0.0	0.0	0.0	0.0	0.0	0.0	0.0	0.0	0.0	0.0	0.0	0.0	0.0	0.0	0.0	0.0	0.0	0.0	0.0	0.0	0.0	0.0	0.0015	0.0	0.0	0.0	0.1666667	0.0	0.0	0.0	0.0	0.0	0.0015	0.0285714	
Guignard d’Eurasie	0.0	0.0	0.0	0.0	0.0	0.0	0.0	0.0	0.0	0.0	0.0	0.0	0.0	0.0	0.0	0.0	0.0	0.0	0.0	0.0	0.0	0.0	0.0	0.0	0.0	0.0	0.0	0.0	0.0	0.0	0.0	0.04	0.0	0.0	0.0	0.0015	0.0	0.0	0.0	0.0	0.0	0.0	0.0	0.0	0.0	0.0	0.0	0.0	
Grand Gravelot	0.0	0.0	0.0	0.0	0.0	0.0	0.0	0.0	0.0	0.0	0.0	0.0	0.0	0.0	0.0	0.0	0.0	0.0	0.0	0.0	0.0	0.0	0.0	0.0	0.0	0.0	0.0	0.0	0.0	0.0	0.0	0.0	0.0555556	0.0	0.0	0.0	0.0015	0.0	0.0	0.0	0.0	0.0	0.0	0.0	0.0	0.0	0.0	0.0	
Petit Gravelot	0.0	0.0	0.0	0.0	0.0	0.0	0.0	0.0	0.0	0.0	0.0	0.0	0.0	0.09375	0.0740741	0.0	0.0175439	0.0	0.0625	0.0015	0.0015	0.0	0.0	0.0357143	0.0	0.047619	0.05	0.0	0.0666667	0.0	0.0952381	0.0	0.0555556	0.0	0.0	0.0	0.0	0.0	0.0	0.0	0.0	0.0	0.0	0.0	0.0	0.0	0.0	0.0	
Grand Gravelot ou Petit Gravelot	0.0	0.0	0.0	0.0	0.0	0.0	0.0	0.0	0.0	0.0	0.0	0.0	0.0	0.0	0.0	0.0	0.0	0.0	0.0	0.0	0.0	0.0	0.0	0.0015	0.0	0.0	0.0	0.0	0.0	0.0	0.0	0.0	0.0	0.0	0.0	0.0	0.0	0.0	0.0	0.0	0.0	0.0	0.0	0.0	0.0	0.0	0.0	0.0	
Vanneau huppé	0.1176471	0.0588235	0.0015	0.0344828	0.0	0.0	0.0588235	0.08	0.0555556	0.0015	0.0015	0.0	0.125	0.0625	0.0740741	0.03125	0.0350877	0.0555556	0.0015	0.0277778	0.0	0.1111111	0.1052632	0.0357143	0.0588235	0.047619	0.05	0.0	0.0666667	0.0833333	0.1904762	0.0015	0.1111111	0.0	0.0555556	0.1818182	0.1818182	0.2	0.25	0.125	0.3333333	0.0015	0.0015	0.1578947	0.0	0.0	0.2666667	0.1428571	
Vanneau sociable	0.0	0.0	0.0	0.0	0.0	0.0	0.0	0.0	0.0	0.0	0.0	0.0	0.0	0.0	0.0	0.0	0.0	0.0	0.0	0.0	0.0	0.0	0.0	0.0	0.0	0.0	0.0	0.0	0.0	0.0	0.0	0.0	0.0	0.0	0.0	0.0	0.0015	0.0	0.0	0.0	0.0	0.0	0.0	0.0	0.0	0.0	0.0	0.0	
Courlis corlieu	0.0	0.0	0.0	0.0	0.0	0.0	0.0	0.0	0.0	0.0	0.0	0.0	0.0	0.0	0.0	0.0	0.0175439	0.0	0.0	0.0	0.0	0.0	0.0	0.0	0.0	0.0	0.0	0.0	0.0	0.0	0.0	0.0	0.0015	0.0	0.0	0.0	0.0	0.0	0.0	0.0	0.0	0.0	0.0	0.0	0.0	0.0	0.0	0.0	
Courlis cendré	0.0588235	0.0	0.0	0.0	0.0015	0.0015	0.0	0.04	0.0	0.0	0.0	0.0	0.0	0.0	0.0	0.0	0.0	0.0	0.0015	0.0277778	0.0	0.0	0.0	0.0	0.0	0.0	0.0	0.0	0.0015	0.0	0.0952381	0.04	0.0015	0.0	0.0	0.0909091	0.0	0.0	0.0	0.0625	0.0	0.0	0.0	0.0	0.0	0.0	0.0015	0.0285714	
Courlis corlieu ou C. cendré	0.0	0.0	0.0	0.0	0.0015	0.0	0.0	0.0	0.0	0.0	0.0	0.0	0.0	0.0	0.0	0.0	0.0	0.0	0.0	0.0	0.0	0.0	0.0	0.0	0.0	0.0	0.0	0.0	0.0	0.0	0.0	0.0	0.0	0.0	0.0	0.0	0.0	0.0	0.0	0.0	0.0	0.0	0.0	0.0	0.0	0.0	0.0	0.0	
Barge à queue noire	0.0	0.0	0.0	0.0	0.0	0.0	0.0	0.0	0.0	0.0	0.0	0.0	0.0416667	0.03125	0.0	0.0	0.0	0.0	0.0	0.0	0.0	0.0	0.0	0.0	0.0	0.0	0.0	0.0	0.0	0.0	0.047619	0.0	0.0	0.0	0.0	0.0	0.0	0.0	0.0	0.0	0.0	0.0	0.0	0.0	0.0	0.0	0.0	0.0	
Bécassine sourde	0.0015	0.0	0.0	0.0	0.0	0.0	0.0	0.0	0.0	0.0	0.0	0.0	0.0	0.0	0.0	0.0	0.0	0.0	0.0	0.0	0.0	0.0	0.0	0.0	0.0	0.0	0.0	0.0	0.0	0.0	0.0	0.0	0.0	0.0	0.0	0.0	0.0	0.0	0.0	0.0	0.0	0.0	0.0015	0.0	0.0	0.0	0.0	0.0	
Bécasse des bois	0.0	0.0	0.0015	0.0015	0.0	0.0	0.0	0.0	0.0	0.0	0.0	0.0	0.0	0.0	0.0	0.0	0.0015	0.0	0.0	0.0	0.0	0.0	0.0	0.0	0.0	0.0	0.0	0.0	0.0	0.0	0.0	0.0	0.0	0.0	0.0	0.0	0.0	0.0	0.0	0.0	0.0	0.0	0.0	0.0	0.0	0.0	0.0	0.0	
Bécassine des marais	0.0015	0.0	0.0	0.0	0.0	0.0	0.0	0.04	0.0	0.0	0.0	0.0	0.0	0.03125	0.0	0.0	0.0	0.0	0.0	0.0	0.0	0.0	0.0	0.0	0.0	0.0	0.0	0.0434783	0.0666667	0.0	0.1904762	0.0	0.0555556	0.0	0.0015	0.1818182	0.1818182	0.0	0.25	0.0	0.0	0.0	0.0	0.0	0.0	0.0	0.0	0.0	
Chevalier guignette	0.0	0.0	0.0	0.0	0.0	0.0	0.0	0.0	0.0	0.125	0.0	0.0454545	0.0015	0.0	0.0	0.09375	0.1052632	0.0833333	0.0	0.0	0.0	0.0	0.0	0.0357143	0.0	0.0952381	0.1	0.0015	0.0666667	0.0416667	0.1904762	0.04	0.2222222	0.0015	0.0015	0.0	0.0015	0.0	0.0	0.0	0.0	0.0	0.0	0.0	0.0	0.0	0.0666667	0.0	
Chevalier culblanc	0.0	0.0015	0.0	0.0	0.0	0.0	0.0015	0.04	0.0555556	0.0	0.0	0.0454545	0.0833333	0.0	0.0740741	0.03125	0.0	0.0	0.0	0.0	0.0	0.0555556	0.0	0.0	0.0588235	0.047619	0.0	0.0434783	0.0666667	0.0	0.047619	0.0015	0.0555556	0.0	0.0	0.0	0.0	0.0	0.0	0.0	0.0	0.0	0.0	0.0	0.0	0.0	0.0	0.0285714	
Chevalier sylvain	0.0	0.0	0.0	0.0	0.0	0.0	0.0	0.0	0.0	0.0	0.0	0.0	0.0	0.0	0.0	0.03125	0.0	0.0	0.0	0.0	0.0	0.0	0.0	0.0	0.0588235	0.047619	0.0	0.0434783	0.1333333	0.0015	0.1428571	0.0	0.0555556	0.0	0.0	0.0	0.0	0.0	0.0	0.0	0.0	0.0	0.0	0.0	0.0	0.0	0.0	0.0	
Chevalier gambette	0.0	0.0	0.0	0.0	0.0	0.0	0.0	0.0	0.0	0.0	0.0	0.0	0.0	0.0	0.0	0.03125	0.0175439	0.0	0.0015	0.0015	0.0	0.0	0.0	0.0	0.0	0.0	0.0	0.0	0.0015	0.0	0.047619	0.0	0.0555556	0.0	0.0	0.0	0.0	0.0	0.0	0.0	0.0	0.0	0.0	0.0	0.0	0.0	0.0	0.0	
Chevalier arlequin	0.0	0.0	0.0	0.0	0.0	0.0	0.0	0.0	0.0	0.0	0.0	0.0	0.0	0.0	0.0	0.0625	0.0	0.0	0.0	0.0	0.0	0.0	0.0	0.0	0.0	0.0	0.0	0.0	0.0	0.0416667	0.047619	0.0015	0.0555556	0.0	0.0555556	0.0	0.0	0.0	0.0	0.0625	0.1666667	0.0	0.0	0.0	0.0	0.0	0.0	0.0	
Chevalier aboyeur	0.0	0.0	0.0	0.0	0.0	0.0	0.0	0.0	0.0	0.0	0.0	0.0	0.0	0.03125	0.0	0.03125	0.0350877	0.0277778	0.0	0.0	0.0	0.0	0.0	0.0	0.0	0.047619	0.0	0.0434783	0.0666667	0.0416667	0.0952381	0.0	0.1111111	0.0	0.0555556	0.0015	0.0	0.0	0.0	0.0625	0.0	0.0	0.0	0.0	0.0015	0.0	0.0	0.0	
Tournepierre à collier	0.0	0.0	0.0	0.0	0.0	0.0	0.0	0.0	0.0	0.0	0.0	0.0	0.0	0.0	0.0	0.0	0.0	0.0	0.0	0.0	0.0	0.0	0.0	0.0	0.0	0.0	0.0	0.0	0.0	0.0	0.0	0.0	0.0	0.0	0.0015	0.0	0.0	0.0	0.0	0.0	0.0	0.0	0.0	0.0	0.0	0.0	0.0	0.0	
Combattant varié	0.0	0.0	0.0	0.0	0.0	0.0	0.0	0.0	0.0	0.0	0.0	0.0	0.0833333	0.0	0.0	0.03125	0.0175439	0.0	0.0	0.0	0.0	0.0	0.0	0.0	0.0588235	0.0	0.0	0.0	0.0	0.0416667	0.0	0.0	0.0	0.0	0.0	0.0015	0.0	0.0	0.0	0.0	0.0	0.0	0.0	0.0	0.0	0.0	0.0015	0.0	
Bécasseau sanderling	0.0	0.0	0.0	0.0	0.0	0.0	0.0	0.0	0.0	0.0	0.0	0.0	0.0	0.0	0.0	0.0	0.0	0.0	0.0	0.0	0.0	0.0	0.0	0.0	0.0	0.0	0.0	0.0	0.0	0.0	0.0	0.0	0.0	0.0	0.0	0.0	0.0015	0.0	0.0	0.0	0.0	0.0	0.0	0.0	0.0	0.0	0.0	0.0	
Bécasseau variable	0.0	0.0	0.0	0.0	0.0	0.0	0.0	0.04	0.0	0.0	0.0	0.0	0.0833333	0.0	0.0	0.03125	0.0	0.0	0.0	0.0	0.0	0.0	0.0	0.0	0.0	0.0	0.0	0.0	0.0	0.0	0.047619	0.0	0.0	0.0	0.0555556	0.0015	0.0015	0.0	0.0	0.0	0.0	0.0	0.0	0.0	0.0	0.0	0.0666667	0.0	
Bécasseau minute	0.0	0.0	0.0	0.0	0.0	0.0	0.0	0.0	0.0	0.0	0.0	0.0	0.0	0.0	0.0	0.0	0.0	0.0	0.0	0.0	0.0	0.0	0.0	0.0	0.0	0.0	0.0	0.0	0.0	0.0	0.0	0.0	0.0	0.0	0.0	0.0	0.0015	0.0	0.0	0.0	0.0	0.0	0.0	0.0	0.0	0.0	0.0	0.0	
Bécasseau tacheté	0.0	0.0	0.0	0.0	0.0	0.0	0.0	0.0	0.0	0.0	0.0	0.0	0.0	0.0	0.0	0.0	0.0	0.0	0.0	0.0	0.0	0.0	0.0	0.0	0.0	0.0	0.0	0.0	0.0	0.0	0.0	0.0	0.0	0.0	0.0	0.0	0.0	0.0	0.0015	0.0	0.0	0.0	0.0	0.0	0.0	0.0	0.0	0.0	
limicole sp.	0.0	0.0	0.0	0.0	0.0	0.0	0.0	0.0	0.0015	0.0	0.0	0.0	0.0	0.0	0.0	0.0	0.0	0.0	0.0015	0.0	0.0	0.0	0.0	0.0	0.0	0.0	0.0	0.0	0.0	0.0	0.0	0.0	0.0	0.0	0.0	0.0	0.0909091	0.0	0.0	0.0	0.0	0.0	0.0	0.0	0.0	0.0	0.0	0.0	
Mouette pygmée	0.0	0.0	0.0	0.0	0.0	0.0	0.0	0.0	0.0	0.0	0.0	0.0	0.0	0.0	0.0	0.03125	0.0	0.0	0.0	0.0	0.0	0.0	0.0	0.0	0.0	0.0	0.0	0.0	0.0	0.0	0.0	0.04	0.0	0.0	0.0	0.0	0.0	0.0	0.0	0.0	0.0	0.0	0.0	0.0	0.1428571	0.0	0.0	0.0	
Mouette rieuse	0.4117647	0.1764706	0.2	0.2068966	0.3636364	0.1428571	0.0015	0.2	0.1666667	0.0015	0.0714286	0.0909091	0.125	0.21875	0.0740741	0.0625	0.0877193	0.1388889	0.03125	0.0277778	0.1111111	0.2777778	0.1052632	0.1428571	0.1764706	0.0952381	0.15	0.0869565	0.0666667	0.2083333	0.3809524	0.16	0.1111111	0.0909091	0.2222222	0.3636364	0.3636364	0.0	0.5	0.375	0.3333333	0.4	0.0015	0.2105263	0.1428571	0.2	0.5333333	0.2285714	
Mouette mélanocéphale	0.0	0.0	0.0	0.0	0.0	0.0	0.0	0.0	0.0	0.0	0.0	0.0	0.0833333	0.0	0.0	0.03125	0.0	0.0	0.0015	0.0	0.0	0.0	0.0	0.0	0.0	0.0	0.0	0.0	0.0	0.0	0.0	0.0	0.0	0.0	0.0	0.0	0.0	0.0	0.0	0.0	0.0	0.0	0.0	0.0	0.0	0.0	0.0	0.0	
Goéland cendré	0.0588235	0.0	0.0	0.0	0.0	0.0015	0.0	0.04	0.0	0.0	0.0	0.0	0.0	0.0	0.0	0.03125	0.0	0.0	0.0	0.0	0.0	0.0555556	0.0	0.0	0.0	0.0	0.0	0.0	0.0	0.0	0.0	0.0	0.0	0.0	0.0	0.0	0.0	0.0	0.0	0.0	0.0	0.0	0.0	0.0	0.0	0.0015	0.0	0.0	
Goéland pontique	0.0588235	0.0	0.0	0.0344828	0.0	0.0015	0.0015	0.0	0.0555556	0.0	0.0	0.0	0.0	0.0	0.037037	0.0	0.0	0.0	0.0	0.0	0.0	0.0	0.0	0.0	0.0	0.0	0.0	0.0	0.0	0.0	0.0	0.0	0.0	0.0	0.0	0.0	0.0	0.0	0.0	0.0	0.0	0.0	0.0	0.0	0.0	0.0	0.0	0.0015	
Goéland argenté	0.0	0.0	0.0	0.0	0.0	0.0	0.0	0.0	0.0	0.0	0.0	0.0	0.0	0.0	0.0	0.0	0.0	0.0	0.0	0.0	0.0	0.0	0.0	0.0	0.0	0.0	0.0	0.0	0.0	0.0	0.0	0.0	0.0	0.0	0.0	0.0	0.0	0.0	0.0	0.0	0.0	0.0	0.0	0.0	0.0	0.0	0.0666667	0.0	
Goéland leucophée	0.0588235	0.1176471	0.0015	0.0689655	0.0	0.0015	0.0	0.12	0.0555556	0.0015	0.0	0.0	0.125	0.0625	0.0	0.03125	0.0015	0.0277778	0.0625	0.0015	0.0015	0.0	0.0526316	0.0357143	0.0	0.0015	0.0	0.0	0.0015	0.0	0.0015	0.0	0.0555556	0.0909091	0.0555556	0.0909091	0.0	0.0	0.25	0.0625	0.0	0.0	0.0015	0.1052632	0.0	0.0	0.3333333	0.0285714	
Goéland argenté ou G. leucophée	0.0015	0.0	0.0	0.0	0.0	0.0	0.0	0.0	0.0	0.0	0.0	0.0	0.0	0.0	0.0	0.03125	0.0	0.0	0.0	0.0	0.0	0.0	0.0	0.0	0.0	0.0	0.0	0.0	0.0	0.0	0.0	0.0	0.0	0.0	0.0	0.0	0.0	0.0	0.0	0.0	0.0	0.0	0.0	0.0	0.0	0.0	0.0	0.0	
Goéland pontique, G. argenté ou G. leucophée	0.0	0.0	0.0	0.0	0.0	0.0015	0.0	0.0	0.0	0.0	0.0	0.0	0.0	0.0	0.0	0.0	0.0	0.0	0.0	0.0	0.0	0.0	0.0	0.0	0.0	0.0	0.0	0.0	0.0	0.0	0.0	0.0	0.0	0.0	0.0	0.0	0.0	0.0	0.0	0.0	0.0	0.0	0.0	0.0	0.0	0.0	0.0	0.0	
Goéland brun	0.0	0.0	0.0	0.0	0.0	0.0015	0.0	0.0	0.0	0.0015	0.0	0.0	0.0	0.0015	0.0	0.0	0.0	0.0	0.0	0.0	0.0	0.0	0.0	0.0	0.0	0.0	0.0	0.0	0.0	0.0	0.0	0.0	0.0	0.0	0.0015	0.0	0.0	0.0	0.0	0.0	0.0	0.0	0.0	0.0	0.0	0.0	0.0	0.0	
goéland sp. (Larus sp.)	0.0588235	0.0	0.0	0.0	0.0909091	0.0	0.0	0.08	0.0015	0.125	0.0	0.0	0.0	0.0	0.0	0.0	0.0	0.0	0.0	0.0	0.0	0.0015	0.0	0.0	0.0	0.0015	0.0	0.0	0.0	0.0	0.0	0.0	0.0	0.0	0.0	0.0	0.0	0.0	0.0	0.0	0.0	0.0	0.0	0.0	0.0	0.0	0.0	0.0285714	
goéland ou mouette sp.	0.0	0.0	0.0015	0.0	0.0	0.0	0.0	0.0	0.0	0.0	0.0	0.0	0.0	0.0	0.0	0.0	0.0	0.0	0.0	0.0	0.0	0.0	0.0	0.0	0.0	0.0	0.0015	0.0	0.0	0.0	0.0	0.0	0.0	0.0	0.0	0.0	0.0	0.0	0.0	0.0	0.0	0.0	0.0	0.0	0.0	0.0	0.0	0.0	
Sterne caspienne	0.0	0.0	0.0	0.0	0.0	0.0	0.0	0.0	0.0	0.0	0.0	0.0	0.0	0.0	0.0	0.0015	0.0	0.0	0.0	0.0	0.0	0.0	0.0	0.0	0.0	0.0	0.0	0.0	0.0	0.0	0.0	0.0	0.0	0.0	0.0	0.0	0.0	0.0	0.0	0.0	0.0	0.0	0.0	0.0	0.0	0.0	0.0	0.0	
Guifette moustac	0.0	0.0	0.0	0.0	0.0	0.0	0.0	0.0	0.0	0.0	0.0	0.0	0.0	0.0	0.0	0.03125	0.0	0.0277778	0.0	0.0	0.0	0.0	0.0	0.0	0.0	0.0	0.0	0.0	0.0	0.0	0.0	0.0	0.0	0.0	0.0	0.0	0.0	0.0	0.0	0.0	0.0	0.0	0.0	0.0	0.0	0.0	0.0	0.0	
Guifette noire	0.0	0.0	0.0	0.0	0.0	0.0	0.0	0.0	0.0	0.0	0.0	0.0	0.0	0.0	0.0	0.0015	0.0015	0.0555556	0.0015	0.0015	0.0015	0.0	0.0	0.0	0.0	0.0	0.0	0.0	0.0	0.0	0.047619	0.0	0.0	0.0	0.0	0.0	0.0	0.0	0.0	0.0	0.0	0.0	0.0	0.0	0.0	0.0	0.0	0.0	
Sterne pierregarin	0.0	0.0	0.0	0.0	0.0	0.0	0.0	0.0	0.0	0.0	0.0	0.0	0.0	0.0015	0.0	0.0625	0.0350877	0.0015	0.0015	0.0015	0.037037	0.0555556	0.0015	0.0	0.0	0.047619	0.1	0.0434783	0.0	0.0416667	0.0015	0.0	0.0	0.0	0.0	0.0909091	0.0	0.0	0.0	0.0	0.0	0.0	0.0	0.0	0.0	0.0	0.0	0.0	
Flamant rose	0.0	0.0588235	0.0	0.0	0.0	0.0	0.0	0.0	0.0	0.0	0.0	0.0	0.0	0.0	0.0	0.0	0.0	0.0	0.0	0.0	0.0	0.0	0.0	0.0	0.0	0.0	0.0	0.0	0.0	0.0	0.0	0.0	0.0	0.0	0.0	0.0	0.0	0.0	0.0	0.0	0.0	0.0	0.0	0.0	0.0	0.0	0.0	0.0	
Grèbe castagneux	0.0588235	0.0588235	0.0015	0.0	0.0015	0.0	0.0588235	0.08	0.0015	0.0015	0.0714286	0.0909091	0.125	0.03125	0.1111111	0.0625	0.0526316	0.1388889	0.03125	0.0277778	0.1111111	0.0555556	0.0	0.0714286	0.0588235	0.0952381	0.15	0.0434783	0.0015	0.125	0.4285714	0.2	0.1111111	0.2727273	0.1666667	0.3636364	0.4545455	0.4	0.25	0.1875	0.0015	0.0015	0.0015	0.1052632	0.1428571	0.2	0.0666667	0.0285714	
Grèbe esclavon	0.0	0.0588235	0.0	0.0	0.0	0.0	0.0	0.0	0.0	0.0015	0.0	0.0	0.0	0.0015	0.0	0.0	0.0	0.0	0.0	0.0	0.0	0.0	0.0	0.0	0.0	0.0	0.0	0.0	0.0	0.0	0.0	0.0	0.0	0.0	0.0	0.0	0.0	0.0	0.0	0.0	0.0	0.0	0.0	0.0	0.0	0.0	0.0	0.0	
Grèbe jougris	0.0	0.0	0.0	0.0	0.0	0.0	0.0	0.0	0.0	0.0	0.0	0.0	0.0	0.0	0.0	0.0	0.0	0.0	0.0	0.0	0.0	0.0	0.0	0.0	0.0	0.0	0.0	0.0	0.0	0.0	0.0	0.0	0.0	0.0015	0.0	0.0	0.0	0.0	0.0015	0.0015	0.0	0.2	0.0	0.0	0.0	0.0	0.0	0.0	
Grèbe huppé	0.1764706	0.1176471	0.2	0.1724138	0.4545455	0.0015	0.1176471	0.36	0.1666667	0.125	0.0015	0.0454545	0.2083333	0.28125	0.1481481	0.15625	0.2631579	0.25	0.125	0.0833333	0.0015	0.1666667	0.1578947	0.0714286	0.1176471	0.047619	0.1	0.0	0.0015	0.0833333	0.4761905	0.08	0.1666667	0.1818182	0.2222222	0.5454545	0.4545455	0.0	0.5	0.375	0.1666667	0.4	0.0015	0.2105263	0.2857143	0.2	0.2	0.2	
Grèbe à cou noir	0.0	0.0	0.0	0.0015	0.0015	0.0	0.0	0.0	0.0015	0.0015	0.0015	0.0	0.0416667	0.03125	0.0	0.0625	0.0526316	0.0555556	0.0	0.0015	0.0	0.0	0.0	0.0015	0.0	0.0	0.0	0.0	0.0	0.0015	0.0	0.0	0.0555556	0.0	0.0015	0.0	0.0015	0.0	0.0	0.0	0.0	0.2	0.0	0.0	0.0	0.0	0.0	0.0	
Grèbe esclavon ou G. à cou noir	0.0	0.0	0.0	0.0	0.0	0.0	0.0	0.0	0.0	0.0	0.0	0.0	0.0	0.0015	0.0	0.0	0.0	0.0	0.0	0.0	0.0	0.0	0.0	0.0	0.0	0.0	0.0	0.0	0.0	0.0	0.0	0.0	0.0	0.0	0.0	0.0	0.0	0.0	0.0	0.0	0.0	0.0015	0.0	0.0	0.0	0.0	0.0	0.0	
Cigogne noire	0.0	0.0	0.0	0.0	0.0	0.0	0.0	0.0	0.0	0.0	0.0714286	0.0	0.0416667	0.03125	0.037037	0.03125	0.0	0.0015	0.0015	0.0555556	0.0	0.0015	0.0015	0.0	0.0015	0.0	0.0	0.0	0.0666667	0.0	0.047619	0.0	0.0555556	0.0	0.0	0.0	0.0	0.0	0.0	0.0	0.0	0.0	0.0	0.0	0.0	0.0	0.0	0.0	
Cigogne blanche	0.2352941	0.1176471	0.2	0.137931	0.0909091	0.0015	0.0588235	0.28	0.1666667	0.0015	0.0714286	0.1363636	0.2916667	0.28125	0.1111111	0.21875	0.1929825	0.25	0.21875	0.0833333	0.1481481	0.2222222	0.1578947	0.1785714	0.1176471	0.1904762	0.1	0.0015	0.2	0.0833333	0.2857143	0.12	0.1111111	0.0	0.0015	0.0909091	0.1818182	0.0	0.25	0.1875	0.1666667	0.0	0.0	0.0	0.0015	0.0015	0.2	0.1714286	
Grand Cormoran	0.5882353	0.2941176	0.2	0.3793103	0.5454545	0.1428571	0.1764706	0.6	0.2777778	0.375	0.1428571	0.1363636	0.2083333	0.3125	0.1481481	0.28125	0.1052632	0.25	0.125	0.0833333	0.0740741	0.2777778	0.1578947	0.1785714	0.1176471	0.1428571	0.1	0.1304348	0.1333333	0.2083333	0.2857143	0.16	0.2222222	0.3636364	0.2222222	0.3636364	0.4545455	0.4	0.5	0.5	0.3333333	0.4	0.0015	0.4736842	0.5714286	0.2	0.6	0.4857143	
Spatule blanche	0.0	0.0	0.0	0.0	0.0	0.0	0.0	0.0	0.0	0.0	0.0	0.0	0.0416667	0.0	0.0	0.0	0.0	0.0	0.0	0.0	0.0	0.0555556	0.0	0.0	0.0	0.0	0.0	0.0	0.0	0.0	0.047619	0.0	0.0555556	0.0	0.0	0.0909091	0.0	0.0	0.0	0.0	0.0	0.0	0.0	0.0	0.0	0.0	0.0	0.0285714	
Butor étoilé	0.0	0.0	0.0	0.0	0.0	0.0	0.0	0.0	0.0	0.0	0.0	0.0	0.0	0.0	0.0	0.0	0.0	0.0	0.0	0.0	0.0	0.0	0.0	0.0	0.0	0.0	0.0	0.0	0.0	0.0	0.0	0.0	0.0	0.0	0.0	0.0	0.0	0.0	0.0	0.0	0.0	0.0	0.0	0.0	0.0015	0.0	0.0	0.0	
Blongios nain	0.0	0.0	0.0	0.0	0.0	0.0	0.0	0.0	0.0	0.0	0.0	0.0	0.0	0.0	0.0	0.0	0.0175439	0.0277778	0.0015	0.0277778	0.0015	0.0555556	0.0	0.0015	0.0015	0.0	0.0	0.0015	0.0	0.0015	0.0	0.0	0.0	0.0	0.0	0.0	0.0	0.0	0.0	0.0	0.0	0.0	0.0	0.0	0.0	0.0	0.0	0.0	
Bihoreau gris	0.0	0.0	0.0	0.0	0.0	0.0	0.0	0.0	0.0	0.0	0.0	0.0	0.0	0.0015	0.0	0.0	0.0175439	0.0015	0.0625	0.0277778	0.0	0.0555556	0.0	0.0	0.0588235	0.0952381	0.0	0.0	0.0	0.0	0.0	0.0	0.0	0.0	0.0	0.0	0.0	0.0	0.0	0.0	0.0	0.0015	0.0	0.0	0.0	0.0	0.0	0.0	
Aigrette garzette	0.0	0.0	0.0	0.0	0.0	0.0	0.0	0.04	0.0	0.0	0.0714286	0.0	0.0	0.0	0.0	0.03125	0.0175439	0.0277778	0.0	0.0015	0.0	0.1111111	0.0526316	0.0357143	0.0	0.0	0.0	0.0	0.0015	0.0416667	0.0952381	0.08	0.1111111	0.0015	0.0015	0.0909091	0.0015	0.0	0.0015	0.0	0.0	0.0	0.0	0.0	0.0	0.0	0.0	0.0	
Crabier chevelu	0.0	0.0	0.0	0.0	0.0	0.0	0.0	0.0	0.0	0.0	0.0	0.0	0.0	0.0	0.0	0.0	0.0015	0.0	0.0	0.0	0.0	0.0	0.0015	0.0	0.0	0.0	0.0	0.0	0.0	0.0	0.0	0.0	0.0	0.0	0.0	0.0	0.0	0.0	0.0	0.0	0.0	0.0	0.0	0.0	0.0	0.0	0.0	0.0	
Héron garde-boeufs	0.0	0.0	0.0	0.0	0.0	0.0015	0.0	0.0	0.0	0.0	0.0	0.0	0.0	0.0	0.0	0.03125	0.0	0.0277778	0.0015	0.0	0.0	0.0	0.0526316	0.0357143	0.0	0.0	0.0	0.0	0.0	0.0	0.0	0.0015	0.0555556	0.0	0.0	0.0	0.0	0.0	0.0	0.0015	0.0	0.0	0.0	0.0	0.0	0.0	0.0	0.0	
Grande Aigrette	0.3529412	0.4117647	0.2666667	0.4482759	0.4545455	0.2857143	0.1764706	0.44	0.2222222	0.0015	0.0714286	0.1363636	0.1666667	0.0625	0.1481481	0.0625	0.1052632	0.1111111	0.0015	0.0015	0.0	0.0555556	0.0526316	0.0	0.1176471	0.0952381	0.1	0.0434783	0.1333333	0.2083333	0.5714286	0.24	0.2222222	0.1818182	0.3333333	0.4545455	0.5454545	0.4	0.5	0.4375	0.1666667	0.4	0.0015	0.4736842	0.2857143	0.6	0.5333333	0.5142857	
Héron cendré	0.4705882	0.5294118	0.4	0.4137931	0.4545455	0.0015	0.1176471	0.4	0.2222222	0.5	0.2142857	0.3636364	0.375	0.25	0.3333333	0.40625	0.3508772	0.3055556	0.34375	0.25	0.2222222	0.4444444	0.3157895	0.25	0.3529412	0.2857143	0.3	0.2173913	0.2666667	0.4583333	0.6666667	0.36	0.3888889	0.5454545	0.3333333	0.6363636	0.4545455	0.6	0.5	0.5625	0.5	0.6	0.25	0.3684211	0.7142857	0.4	0.6	0.4857143	
Héron pourpré	0.0	0.0	0.0	0.0	0.0	0.0	0.0	0.0	0.0	0.0	0.0	0.0	0.0	0.0	0.0740741	0.0625	0.0350877	0.1388889	0.03125	0.0015	0.0015	0.0555556	0.0526316	0.0714286	0.0588235	0.047619	0.0015	0.0434783	0.0666667	0.1666667	0.2857143	0.04	0.1111111	0.1818182	0.0015	0.0909091	0.0	0.0	0.0	0.0	0.0	0.0	0.0	0.0	0.0	0.0	0.0	0.0	
Balbuzard pêcheur	0.0	0.0	0.0	0.0	0.0	0.0	0.0	0.0	0.0	0.0	0.0	0.0454545	0.0416667	0.0625	0.037037	0.0625	0.0350877	0.0015	0.0	0.0277778	0.0	0.0	0.0526316	0.0015	0.0	0.0015	0.0	0.0015	0.0015	0.0	0.1428571	0.04	0.1666667	0.0	0.0015	0.3636364	0.0909091	0.0015	0.0015	0.0	0.0	0.0015	0.0	0.0	0.0	0.0	0.0	0.0	
Bondrée apivore	0.0	0.0	0.0	0.0	0.0	0.0	0.0	0.0	0.0	0.0	0.0	0.0	0.0	0.0	0.0	0.0	0.0350877	0.0277778	0.03125	0.0015	0.0	0.0015	0.0	0.0357143	0.1176471	0.0	0.0	0.0869565	0.0015	0.0	0.047619	0.08	0.0	0.0	0.0015	0.0	0.0	0.0	0.0	0.0	0.0	0.0	0.0	0.0	0.0	0.0	0.0	0.0	
Vautour fauve	0.0	0.0	0.0	0.0	0.0	0.0	0.0	0.0	0.0	0.0	0.0	0.0	0.0	0.0	0.0	0.0	0.0	0.0	0.0	0.0	0.0015	0.0	0.0	0.0	0.0	0.0	0.0	0.0	0.0	0.0	0.0	0.0	0.0	0.0	0.0	0.0	0.0	0.0	0.0	0.0	0.0	0.0	0.0	0.0	0.0	0.0	0.0	0.0	
Aigle botté	0.0	0.0	0.0	0.0	0.0	0.0	0.0	0.0	0.0	0.0	0.0	0.0	0.0	0.0	0.0	0.0	0.0	0.0	0.0	0.0	0.037037	0.0	0.0	0.0	0.0	0.0	0.0	0.0	0.0	0.0	0.0	0.0	0.0	0.0	0.0	0.0	0.0	0.0	0.0	0.0	0.0	0.0	0.0	0.0	0.0	0.0	0.0	0.0	
Épervier d'Europe	0.0588235	0.1176471	0.0666667	0.137931	0.0015	0.2857143	0.0	0.0	0.1111111	0.0	0.0714286	0.1363636	0.0	0.0	0.0	0.09375	0.0526316	0.0277778	0.0	0.0277778	0.0015	0.0	0.1052632	0.0015	0.1176471	0.047619	0.05	0.0015	0.0666667	0.0416667	0.0952381	0.04	0.0555556	0.0	0.0015	0.0909091	0.0	0.0	0.0015	0.0625	0.0015	0.0	0.0	0.1578947	0.1428571	0.2	0.0666667	0.0857143	
Autour des palombes	0.0	0.0	0.0015	0.0	0.0	0.0015	0.0	0.0	0.0	0.0	0.0	0.0	0.0	0.0	0.0	0.0	0.0	0.0	0.0	0.0	0.0	0.0	0.0015	0.0357143	0.0	0.0	0.05	0.0015	0.0	0.0	0.047619	0.0	0.0	0.0	0.0	0.0	0.0015	0.0	0.0	0.0015	0.0	0.0	0.0	0.0	0.0	0.2	0.0666667	0.0	
Busard des roseaux	0.0015	0.0	0.0	0.0	0.0015	0.0	0.0	0.0	0.0	0.0015	0.0	0.0015	0.0015	0.09375	0.1111111	0.0625	0.1052632	0.0833333	0.125	0.0833333	0.037037	0.0555556	0.1052632	0.0714286	0.2352941	0.047619	0.0015	0.0434783	0.0015	0.0833333	0.2857143	0.12	0.0555556	0.0	0.0555556	0.1818182	0.1818182	0.2	0.0	0.0	0.0	0.0	0.0	0.0015	0.1428571	0.0015	0.0	0.0	
Busard Saint-Martin	0.1176471	0.0	0.0	0.0	0.0015	0.0015	0.0015	0.0	0.0015	0.0	0.0	0.0015	0.0416667	0.03125	0.0	0.0	0.0	0.0277778	0.0	0.0015	0.0	0.0	0.0	0.0	0.0	0.0	0.0015	0.0	0.0	0.0015	0.0	0.0	0.0555556	0.0	0.0	0.0	0.0	0.0	0.0	0.0625	0.0	0.0	0.0	0.0	0.0015	0.0	0.0	0.0015	
Busard pâle	0.0	0.0	0.0	0.0	0.0	0.0	0.0	0.0	0.0	0.0	0.0	0.0	0.0	0.0	0.0	0.0	0.0015	0.0	0.0	0.0	0.0	0.0	0.0	0.0	0.0	0.0	0.0	0.0	0.0	0.0	0.0	0.0	0.0	0.0	0.0	0.0	0.0	0.0	0.0	0.0	0.0	0.0	0.0	0.0	0.0	0.0	0.0	0.0	
Busard cendré	0.0	0.0	0.0	0.0	0.0	0.0	0.0	0.0	0.0	0.0	0.0	0.0	0.0	0.0015	0.0	0.03125	0.0526316	0.0277778	0.0625	0.0555556	0.0	0.0555556	0.0526316	0.0015	0.0	0.0	0.1	0.0434783	0.0	0.0	0.0	0.0	0.0	0.0	0.0	0.0	0.0	0.0	0.0	0.0	0.0	0.0	0.0	0.0	0.0	0.0	0.0	0.0	
Milan royal	0.0	0.0015	0.0666667	0.0344828	0.0015	0.0015	0.1176471	0.04	0.3333333	0.125	0.2857143	0.1363636	0.0833333	0.0625	0.1481481	0.21875	0.0877193	0.2222222	0.1875	0.1111111	0.0015	0.2222222	0.1052632	0.1071429	0.2352941	0.1428571	0.1	0.0869565	0.0666667	0.0833333	0.0952381	0.16	0.1111111	0.0909091	0.0555556	0.0909091	0.4545455	0.2	0.5	0.125	0.0015	0.0015	0.0015	0.0526316	0.1428571	0.0	0.0	0.0285714	
Milan noir	0.0	0.0	0.0	0.0	0.0	0.0	0.0	0.0015	0.0	0.25	0.2142857	0.2272727	0.4166667	0.375	0.1851852	0.375	0.5438596	0.4166667	0.5	0.2222222	0.1851852	0.3333333	0.2105263	0.3571429	0.2941176	0.1428571	0.15	0.2608696	0.1333333	0.0833333	0.047619	0.04	0.0	0.0	0.0	0.0909091	0.0	0.0	0.0	0.0	0.0	0.0	0.0	0.0	0.0	0.0	0.0	0.0	
Milan royal ou M. noir	0.0	0.0	0.0	0.0	0.0	0.0	0.0	0.0	0.0	0.0	0.0	0.0	0.0	0.0	0.0	0.0	0.0350877	0.0277778	0.0	0.0	0.0	0.0	0.0	0.0	0.0	0.0	0.0	0.0	0.0	0.0	0.0	0.0	0.0	0.0	0.0	0.0	0.0	0.0	0.0	0.0	0.0	0.0	0.0	0.0	0.0	0.0	0.0	0.0	
Pygargue à queue blanche	0.1176471	0.0	0.0666667	0.0015	0.0909091	0.0	0.0	0.0	0.0555556	0.0	0.0	0.0	0.0416667	0.0015	0.0015	0.0	0.0175439	0.0277778	0.0015	0.0	0.0	0.0555556	0.0	0.0015	0.0015	0.0	0.05	0.0	0.0015	0.0	0.0	0.0	0.0015	0.0	0.0015	0.0909091	0.0909091	0.0015	0.0	0.0	0.0	0.0	0.0	0.0	0.0015	0.0	0.0666667	0.0857143	
Buse pattue	0.0	0.0	0.0	0.0	0.0	0.0	0.0	0.0015	0.0	0.0	0.0	0.0	0.0	0.0015	0.0	0.0	0.0	0.0	0.0	0.0	0.0	0.0	0.0	0.0	0.0	0.0	0.0	0.0	0.0	0.0	0.0	0.0	0.0	0.0	0.0	0.0	0.0	0.0	0.0	0.0	0.0	0.0	0.0	0.0	0.0	0.0	0.0	0.0	
Buse variable	0.3529412	0.2941176	0.2	0.2068966	0.5454545	0.4285714	0.1176471	0.48	0.3888889	0.375	0.4285714	0.3181818	0.25	0.25	0.1851852	0.34375	0.2280702	0.2222222	0.46875	0.1944444	0.1481481	0.3888889	0.1578947	0.25	0.2941176	0.0952381	0.35	0.2173913	0.1333333	0.2083333	0.3809524	0.36	0.3888889	0.4545455	0.2777778	0.2727273	0.5454545	0.6	0.25	0.25	0.3333333	0.0015	0.25	0.2105263	0.2857143	0.4	0.3333333	0.3428571	
Buteo sp.	0.0	0.0	0.0	0.0	0.0	0.0	0.0	0.0	0.0	0.0	0.0	0.0	0.0	0.0	0.0	0.0	0.0	0.0	0.0	0.0	0.0	0.0	0.0	0.0	0.0	0.0	0.0	0.0	0.0	0.0	0.0	0.0	0.0	0.0	0.0	0.0	0.0	0.0	0.0	0.0	0.0	0.0	0.0	0.0	0.0	0.0	0.0	0.0285714	
rapace sp.	0.0	0.0588235	0.0	0.0	0.0	0.0	0.0	0.0	0.0	0.0	0.0	0.0	0.0	0.0	0.0	0.0	0.0	0.0	0.0	0.0	0.0	0.0	0.0	0.0	0.0	0.0	0.05	0.0	0.0	0.0	0.0	0.0	0.0	0.0909091	0.0	0.0	0.0	0.0	0.0	0.0	0.0	0.0	0.0	0.0	0.0	0.0	0.0	0.0	
Effraie des clochers	0.0	0.0	0.0	0.0	0.0	0.0	0.0	0.04	0.0015	0.0015	0.0015	0.0	0.0015	0.0	0.0015	0.0	0.0	0.0	0.0	0.0	0.0	0.0015	0.0526316	0.0015	0.0	0.0015	0.0	0.0	0.0	0.0	0.0	0.0	0.0	0.0	0.0	0.0	0.0	0.0	0.0	0.0625	0.0	0.0	0.0	0.0	0.0	0.0	0.0	0.0015	
Petit-duc scops	0.0	0.0	0.0	0.0	0.0	0.0	0.0	0.0	0.0	0.0	0.0	0.0	0.0	0.0	0.0	0.0	0.0	0.0	0.0	0.0	0.0	0.0015	0.0	0.0	0.0	0.0	0.0	0.0	0.0	0.0	0.0	0.0	0.0	0.0	0.0	0.0	0.0	0.0	0.0	0.0	0.0	0.0	0.0	0.0	0.0	0.0	0.0	0.0	
Grand-duc d'Europe	0.0	0.0	0.0	0.0	0.0	0.0	0.0	0.0	0.0	0.0	0.0	0.0	0.0	0.0	0.0	0.0015	0.0	0.0277778	0.0	0.0	0.0	0.0	0.0	0.0	0.0	0.0	0.0	0.0	0.0	0.0	0.0	0.0	0.0	0.0	0.0	0.0	0.0	0.0	0.0	0.0	0.0	0.0	0.0	0.0	0.0	0.0	0.0	0.0	
Chevêche d'Athéna	0.0	0.0	0.0	0.0015	0.0015	0.0	0.0	0.0	0.0	0.0	0.0	0.0	0.0	0.0	0.0740741	0.0	0.0175439	0.0	0.03125	0.0015	0.0	0.0	0.0	0.0	0.0	0.0	0.0	0.0	0.0	0.0	0.0	0.0	0.0	0.0	0.0	0.0	0.0	0.0015	0.0	0.0	0.0	0.0	0.0	0.0	0.0	0.0	0.0	0.0015	
Chouette hulotte	0.0	0.0	0.0015	0.0	0.0	0.0	0.0	0.0	0.0555556	0.0	0.0	0.0	0.0	0.0	0.037037	0.0015	0.0	0.0277778	0.0	0.0015	0.0	0.0	0.0	0.0	0.0	0.0	0.0015	0.0015	0.0	0.0	0.0015	0.0015	0.0015	0.0015	0.0015	0.0	0.0	0.0	0.0015	0.0	0.0	0.0	0.0	0.0	0.0	0.0	0.0	0.0	
Hibou moyen-duc	0.0	0.0588235	0.0	0.0344828	0.0	0.0	0.0	0.0015	0.0015	0.0	0.0714286	0.0	0.0	0.0	0.0	0.0	0.0	0.0	0.0	0.0277778	0.0	0.0	0.0	0.0357143	0.0	0.0	0.0	0.0	0.0	0.0	0.0	0.0	0.0	0.0	0.0	0.0	0.0	0.0	0.0	0.0	0.0	0.0	0.0	0.0	0.0	0.0	0.0	0.0015	
Huppe fasciée	0.0	0.0	0.0	0.0	0.0	0.0	0.0	0.0	0.0	0.0	0.0	0.0	0.0	0.0	0.0	0.0015	0.0	0.0	0.0	0.0015	0.0	0.0555556	0.0	0.0	0.0	0.0	0.0	0.0	0.0	0.0	0.0	0.0015	0.0	0.0	0.0	0.0	0.0	0.0	0.0	0.0	0.0	0.0	0.0	0.0	0.0	0.0	0.0	0.0	
Guêpier d'Europe	0.0	0.0	0.0	0.0	0.0	0.0	0.0	0.0	0.0	0.0	0.0	0.0	0.0	0.0	0.0	0.0	0.0	0.0	0.0015	0.0015	0.0	0.0	0.0	0.0	0.0	0.0	0.05	0.0869565	0.0015	0.0	0.0	0.0	0.0015	0.0	0.0	0.0	0.0	0.0	0.0	0.0	0.0	0.0	0.0	0.0	0.0	0.0	0.0	0.0	
Martin-pêcheur d'Europe	0.1764706	0.1176471	0.1333333	0.1034483	0.1818182	0.0	0.0588235	0.08	0.0015	0.125	0.0714286	0.0	0.0	0.03125	0.1111111	0.09375	0.0701754	0.0555556	0.03125	0.0277778	0.0	0.1111111	0.0	0.0015	0.0588235	0.047619	0.15	0.0434783	0.0015	0.0833333	0.2380952	0.2	0.1111111	0.2727273	0.2222222	0.2727273	0.3636364	0.4	0.0015	0.1875	0.1666667	0.6	0.0015	0.1052632	0.1428571	0.2	0.2	0.1142857	
Torcol fourmilier	0.0	0.0	0.0	0.0	0.0	0.0	0.0	0.0	0.0	0.0	0.0	0.0	0.0	0.0625	0.037037	0.0015	0.0350877	0.0015	0.0625	0.0277778	0.037037	0.0	0.0	0.0357143	0.0	0.0	0.0015	0.0	0.0	0.0	0.0	0.0	0.0	0.0	0.0	0.0	0.0	0.0	0.0	0.0	0.0	0.0	0.0	0.0	0.0	0.0	0.0	0.0	
Pic mar	0.0	0.1176471	0.0	0.0	0.0909091	0.0	0.0	0.0	0.0	0.0	0.0	0.0454545	0.0416667	0.03125	0.037037	0.0625	0.0175439	0.0	0.0625	0.0277778	0.037037	0.0555556	0.1578947	0.1071429	0.2352941	0.047619	0.2	0.0434783	0.0015	0.0	0.0952381	0.0	0.1111111	0.0909091	0.0015	0.0	0.0015	0.2	0.25	0.0625	0.0	0.0	0.0	0.0	0.0	0.0	0.0	0.0	
Pic épeiche	0.3529412	0.1764706	0.2	0.2413793	0.1818182	0.1428571	0.3529412	0.16	0.3333333	0.25	0.3571429	0.3636364	0.2916667	0.125	0.1851852	0.125	0.3157895	0.1111111	0.3125	0.2222222	0.1111111	0.3333333	0.1052632	0.25	0.4117647	0.1428571	0.3	0.2608696	0.0666667	0.2083333	0.2857143	0.28	0.3333333	0.1818182	0.2222222	0.1818182	0.4545455	0.8	0.25	0.3125	0.1666667	0.2	0.25	0.3684211	0.4285714	0.0015	0.1333333	0.3714286	
Pic épeichette	0.0	0.0	0.0	0.0	0.0	0.0	0.0	0.0	0.0	0.0015	0.0	0.0454545	0.0	0.0	0.0	0.0	0.0	0.0	0.0	0.0277778	0.0	0.0	0.0	0.0	0.0	0.0	0.05	0.0	0.0015	0.0	0.047619	0.04	0.0	0.0	0.0015	0.0	0.0	0.0	0.0	0.0	0.0	0.2	0.0	0.0	0.0	0.0	0.0	0.0	
Pic cendré	0.0	0.0	0.0015	0.0	0.0	0.0	0.0	0.0	0.0	0.0015	0.0	0.0015	0.0	0.03125	0.0015	0.0	0.0350877	0.0277778	0.03125	0.0	0.0	0.0	0.0526316	0.0	0.0588235	0.0	0.05	0.0	0.0015	0.0	0.0	0.0	0.0	0.0	0.0	0.0	0.0	0.0	0.0015	0.0	0.0	0.0	0.0	0.0	0.0	0.0	0.0	0.0	
Pic vert	0.1764706	0.1176471	0.0015	0.0344828	0.4545455	0.1428571	0.1176471	0.36	0.2222222	0.25	0.1428571	0.2272727	0.2916667	0.0625	0.0740741	0.09375	0.2280702	0.1388889	0.1875	0.1666667	0.037037	0.1666667	0.1052632	0.1428571	0.1764706	0.0952381	0.3	0.1304348	0.0015	0.125	0.2380952	0.24	0.1666667	0.2727273	0.0555556	0.0909091	0.1818182	0.4	0.25	0.125	0.0015	0.0015	0.0	0.0526316	0.1428571	0.0015	0.2	0.3142857	
Pic noir	0.0588235	0.0	0.0015	0.0689655	0.0909091	0.0	0.0588235	0.04	0.0555556	0.0015	0.0	0.0909091	0.0416667	0.0	0.037037	0.0625	0.1052632	0.0833333	0.09375	0.0833333	0.037037	0.0	0.0	0.0357143	0.0588235	0.0952381	0.05	0.0015	0.0015	0.0416667	0.0	0.0015	0.1111111	0.0	0.0015	0.0	0.0909091	0.0	0.25	0.0	0.0	0.0	0.0	0.0526316	0.0	0.0	0.0	0.1142857	
Faucon crécerelle	0.2352941	0.1764706	0.2	0.0344828	0.1818182	0.1428571	0.0015	0.16	0.1111111	0.125	0.0714286	0.0909091	0.2083333	0.125	0.1481481	0.25	0.2807018	0.3333333	0.25	0.2222222	0.1111111	0.2222222	0.1052632	0.25	0.1764706	0.1904762	0.15	0.1304348	0.0015	0.1666667	0.1904762	0.16	0.3333333	0.3636364	0.1666667	0.2727273	0.2727273	0.2	0.25	0.1875	0.1666667	0.2	0.0015	0.1052632	0.1428571	0.4	0.0666667	0.2	
Faucon kobez	0.0	0.0	0.0	0.0	0.0	0.0	0.0	0.0	0.0	0.0	0.0	0.0	0.0	0.0	0.0	0.0	0.0175439	0.0	0.0	0.0	0.0	0.0	0.0	0.0	0.0	0.0	0.0	0.0	0.0	0.0	0.0	0.0	0.0	0.0	0.0	0.0	0.0	0.0	0.0	0.0	0.0	0.0	0.0	0.0	0.0	0.0	0.0	0.0	
Faucon émerillon	0.0	0.0	0.0	0.0	0.0	0.0	0.0	0.0	0.0	0.0	0.0	0.0	0.0	0.0	0.0	0.0	0.0	0.0	0.0	0.0	0.0	0.0	0.0	0.0	0.0	0.0	0.0	0.0	0.0	0.0	0.0	0.0	0.0	0.0	0.0015	0.0	0.0	0.0015	0.0015	0.0	0.0	0.0	0.0	0.0	0.0	0.0	0.0	0.0	
Faucon hobereau	0.0	0.0	0.0	0.0	0.0	0.0	0.0	0.0	0.0	0.0	0.0	0.0	0.0	0.0	0.0	0.03125	0.0175439	0.0833333	0.03125	0.0015	0.0	0.0	0.0	0.0714286	0.1176471	0.047619	0.05	0.0	0.0015	0.0015	0.2380952	0.04	0.0555556	0.0909091	0.0015	0.0	0.0909091	0.0	0.0	0.0	0.0	0.0	0.0	0.0	0.0	0.0	0.0	0.0	
Faucon pèlerin	0.0	0.0	0.0	0.0015	0.0015	0.0	0.0	0.0	0.0015	0.0015	0.0	0.0015	0.0	0.0	0.0	0.125	0.0	0.0277778	0.0	0.0	0.0740741	0.0015	0.0	0.0	0.0015	0.0	0.0	0.0	0.0	0.0	0.0952381	0.04	0.0	0.0	0.0555556	0.0	0.0909091	0.0	0.25	0.0	0.0	0.0	0.0	0.0015	0.0	0.2	0.0	0.0285714	
Falco sp.	0.0	0.0	0.0	0.0	0.0	0.0	0.0	0.0	0.0	0.0	0.0	0.0	0.0	0.0	0.0	0.0	0.0	0.0	0.0	0.0	0.0	0.0	0.0	0.0	0.0	0.0	0.0	0.0	0.0	0.0	0.0	0.04	0.0	0.0	0.0	0.0	0.0	0.0	0.0	0.0	0.0	0.0	0.0	0.0	0.0	0.0	0.0	0.0	
rapace diurne sp.	0.0	0.0	0.0	0.0	0.0	0.0	0.0	0.0	0.0	0.0	0.0	0.0	0.0	0.0	0.0	0.0	0.0	0.0	0.0	0.0	0.0	0.0	0.0526316	0.0	0.0	0.0	0.0	0.0	0.0	0.0	0.0	0.0	0.0	0.0	0.0	0.0	0.0	0.0	0.0	0.0	0.0	0.0	0.0	0.0	0.0	0.0	0.0	0.0	
Perruche à collier	0.0588235	0.0	0.0	0.0015	0.0	0.0	0.1176471	0.0	0.0015	0.0	0.1428571	0.0	0.0	0.0	0.0	0.03125	0.0	0.0	0.03125	0.0555556	0.1111111	0.0555556	0.0526316	0.0357143	0.0588235	0.0015	0.0015	0.0434783	0.0	0.0416667	0.0	0.04	0.0	0.0	0.0555556	0.0	0.0	0.0	0.0	0.0	0.0	0.0	0.0	0.0015	0.2857143	0.0	0.0	0.0285714	
Loriot d'Europe	0.0	0.0	0.0	0.0	0.0	0.0	0.0	0.0	0.0	0.0	0.0	0.0	0.0	0.0	0.0	0.03125	0.1052632	0.1388889	0.125	0.0833333	0.0740741	0.1666667	0.0526316	0.1428571	0.1764706	0.0952381	0.3	0.0	0.0015	0.0	0.0952381	0.0	0.0	0.0	0.0	0.0	0.0	0.0	0.0	0.0	0.0	0.0	0.0	0.0	0.0	0.0	0.0	0.0	
Pie-grièche écorcheur	0.0	0.0	0.0	0.0	0.0	0.0	0.0	0.0	0.0	0.0	0.0	0.0	0.0	0.0	0.0	0.03125	0.0701754	0.1388889	0.15625	0.0833333	0.0740741	0.1666667	0.1578947	0.1071429	0.0588235	0.047619	0.1	0.2173913	0.0	0.0416667	0.1428571	0.12	0.0555556	0.0	0.0	0.0909091	0.0	0.0	0.0	0.0	0.0	0.0	0.0	0.0	0.0	0.0	0.0	0.0	
Pie-grièche grise	0.0	0.0	0.0	0.0015	0.0	0.0	0.0	0.0	0.0555556	0.0	0.0	0.0	0.0	0.0	0.0	0.0	0.0	0.0	0.0	0.0	0.0	0.0	0.0	0.0	0.0588235	0.0	0.0	0.0	0.0	0.0	0.0	0.0	0.0	0.0	0.0	0.0	0.0	0.0015	0.0	0.0	0.0	0.0	0.0	0.0	0.0	0.0	0.0	0.0015	
Geai des chênes	0.1764706	0.1176471	0.0666667	0.137931	0.6363636	0.0015	0.1176471	0.08	0.2777778	0.125	0.1428571	0.1818182	0.1666667	0.1875	0.1851852	0.09375	0.2631579	0.1111111	0.1875	0.1388889	0.0740741	0.1666667	0.1052632	0.1071429	0.2352941	0.1428571	0.45	0.0869565	0.0015	0.1666667	0.047619	0.4	0.3888889	0.5454545	0.1666667	0.3636364	0.4545455	0.6	0.25	0.3125	0.0015	0.2	0.0	0.2105263	0.1428571	0.0015	0.1333333	0.2857143	
Pie bavarde	0.4705882	0.4705882	0.6	0.2413793	0.5454545	0.4285714	0.2352941	0.44	0.3888889	0.375	0.5	0.3181818	0.25	0.25	0.1851852	0.3125	0.3684211	0.2777778	0.125	0.2222222	0.1111111	0.5	0.2105263	0.3571429	0.4117647	0.1904762	0.4	0.173913	0.0666667	0.125	0.1428571	0.24	0.2777778	0.0909091	0.2222222	0.4545455	0.0909091	0.8	0.5	0.375	0.3333333	0.2	0.0015	0.5263158	0.2857143	0.4	0.4666667	0.3428571	
Choucas des tours	0.2352941	0.2352941	0.1333333	0.1034483	0.0	0.1428571	0.1176471	0.0015	0.1111111	0.375	0.1428571	0.0909091	0.0833333	0.09375	0.1111111	0.1875	0.122807	0.25	0.15625	0.1666667	0.037037	0.0555556	0.1052632	0.1071429	0.0588235	0.047619	0.05	0.0434783	0.0015	0.0015	0.0952381	0.24	0.2222222	0.0015	0.1666667	0.1818182	0.0015	0.0015	0.5	0.375	0.0	0.2	0.0	0.2105263	0.0	0.0	0.2	0.2285714	
Corbeau freux	0.1764706	0.0	0.0666667	0.0344828	0.0909091	0.0	0.2352941	0.08	0.0555556	0.125	0.2857143	0.1363636	0.125	0.0625	0.0015	0.0625	0.0526316	0.1111111	0.0	0.0833333	0.0740741	0.0	0.0526316	0.0	0.0	0.047619	0.1	0.0015	0.0	0.0	0.0015	0.04	0.0	0.0909091	0.1666667	0.1818182	0.1818182	0.0015	0.0	0.25	0.0	0.2	0.0015	0.2105263	0.0015	0.0	0.0666667	0.0857143	
Corneille noire	0.7058824	0.7647059	0.7333333	0.5862069	0.7272727	0.7142857	0.7058824	0.52	0.8333333	0.875	0.5	0.6363636	0.5833333	0.5625	0.5185185	0.4375	0.6140351	0.6388889	0.59375	0.3888889	0.3333333	0.6666667	0.4736842	0.4285714	0.4117647	0.3333333	0.55	0.4347826	0.4	0.4583333	0.5238095	0.56	0.5555556	0.6363636	0.6111111	0.5454545	0.4545455	0.8	0.75	0.625	0.6666667	1.0	0.25	0.6315789	0.7142857	0.8	0.7333333	0.6857143	
corneille sp.	0.0	0.0	0.0	0.0	0.0	0.0	0.0	0.0	0.0	0.0	0.0	0.0	0.0	0.0	0.0	0.0	0.0	0.0	0.0	0.0	0.0	0.0	0.0	0.0	0.0	0.0	0.0	0.0	0.0	0.0416667	0.0	0.04	0.0	0.0	0.0	0.0	0.0	0.0	0.0	0.0	0.1666667	0.0	0.0	0.0	0.0	0.0	0.0	0.0	
Grand Corbeau	0.0	0.0	0.0666667	0.0015	0.0	0.0	0.0	0.04	0.0555556	0.0	0.0015	0.1363636	0.0015	0.0015	0.0015	0.15625	0.0175439	0.0277778	0.0015	0.0833333	0.037037	0.0015	0.0015	0.0714286	0.0015	0.0	0.0015	0.0869565	0.0	0.0	0.047619	0.04	0.1666667	0.0	0.0	0.0	0.1818182	0.0	0.0015	0.0	0.0	0.0	0.0015	0.0	0.1428571	0.0	0.0666667	0.0571429	
Mésange noire	0.0	0.0588235	0.0	0.0	0.0909091	0.0	0.0588235	0.04	0.0	0.0	0.0714286	0.0	0.0	0.0	0.037037	0.03125	0.0350877	0.0	0.0	0.0833333	0.0	0.0555556	0.0526316	0.0	0.0588235	0.0952381	0.05	0.0	0.0015	0.0833333	0.047619	0.08	0.1666667	0.0	0.0	0.0	0.0909091	0.0015	0.0	0.0625	0.0	0.0	0.0	0.2105263	0.0	0.0	0.0	0.0	
Mésange huppée	0.0	0.0	0.0	0.0	0.0015	0.0	0.0	0.04	0.0015	0.0	0.0714286	0.0	0.0	0.03125	0.037037	0.0	0.0350877	0.0	0.0	0.0	0.0	0.0555556	0.1052632	0.0	0.0	0.0	0.05	0.0	0.0015	0.0416667	0.0	0.08	0.2222222	0.0909091	0.0555556	0.0	0.0909091	0.0015	0.0	0.0625	0.0	0.0	0.0	0.0	0.0	0.0	0.0	0.0571429	
Mésange nonnette	0.1176471	0.1176471	0.0015	0.0344828	0.0015	0.2857143	0.1764706	0.0015	0.1666667	0.0	0.0714286	0.0909091	0.0416667	0.03125	0.037037	0.0625	0.122807	0.0277778	0.03125	0.0277778	0.0740741	0.1111111	0.0526316	0.0357143	0.1176471	0.0015	0.15	0.0434783	0.0015	0.1666667	0.0952381	0.04	0.2777778	0.0909091	0.1111111	0.0015	0.1818182	0.0	0.0015	0.125	0.1666667	0.0	0.0	0.0	0.4285714	0.0	0.0666667	0.1428571	
Mésange boréale	0.0	0.0	0.0	0.0015	0.0015	0.0	0.0	0.0	0.0	0.0015	0.0	0.0	0.0	0.0	0.0	0.0	0.0	0.0	0.0	0.0	0.0	0.0	0.0526316	0.0	0.0	0.0	0.05	0.0434783	0.0015	0.0	0.0952381	0.04	0.0	0.0	0.0	0.0	0.0	0.2	0.0	0.0	0.0	0.0	0.0	0.0	0.0	0.0	0.0	0.0015	
Mésange nonnette ou M. boréale	0.0	0.0	0.0	0.0	0.0	0.0	0.0	0.0	0.0555556	0.0	0.0	0.0	0.0	0.0	0.0	0.0	0.0	0.0	0.0	0.0277778	0.0	0.0	0.0	0.0	0.0	0.0	0.0	0.0	0.0	0.0	0.0	0.0	0.0	0.0	0.0	0.0	0.0	0.0	0.0	0.0	0.0	0.0	0.0	0.0	0.0	0.0	0.0	0.0	
Mésange bleue	0.4705882	0.4705882	0.4	0.4137931	0.6363636	0.5714286	0.5294118	0.56	0.6111111	0.75	0.5	0.4545455	0.5416667	0.5625	0.5925926	0.34375	0.5614035	0.5277778	0.25	0.3888889	0.3703704	0.4444444	0.3157895	0.5357143	0.5294118	0.4285714	0.55	0.3478261	0.1333333	0.2916667	0.3333333	0.44	0.5	0.6363636	0.3333333	0.4545455	0.1818182	0.8	0.5	0.4375	0.0015	0.2	0.25	0.4736842	0.7142857	0.4	0.6666667	0.6	
Mésange charbonnière	0.7058824	0.4117647	0.4	0.4137931	0.7272727	0.8571429	0.5882353	0.6	0.5	0.875	0.5	0.5454545	0.4583333	0.65625	0.4444444	0.53125	0.5964912	0.5833333	0.40625	0.5	0.2592593	0.3888889	0.1578947	0.4285714	0.3529412	0.2857143	0.6	0.3913043	0.1333333	0.1666667	0.2857143	0.44	0.2777778	0.5454545	0.3333333	0.3636364	0.4545455	0.6	0.75	0.5625	0.5	0.4	0.25	0.5263158	0.8571429	0.4	0.4666667	0.4285714	
Rémiz penduline	0.0	0.0	0.0	0.0	0.0	0.0	0.0	0.0	0.0	0.0	0.0	0.0	0.0	0.0	0.037037	0.0	0.0	0.0	0.0	0.0	0.0	0.0	0.0	0.0	0.0	0.0	0.0	0.0	0.0	0.0	0.0	0.0	0.0	0.0	0.0	0.0	0.0	0.0	0.0	0.0	0.0	0.0	0.0	0.0	0.0	0.0	0.0	0.0	
Alouette lulu	0.0	0.0	0.0	0.0	0.0	0.0	0.0	0.0	0.0	0.0	0.0714286	0.0	0.0	0.03125	0.037037	0.0015	0.0175439	0.0277778	0.0	0.0	0.0	0.0	0.0015	0.0	0.0	0.0	0.05	0.0	0.0	0.0	0.0	0.0	0.0	0.0	0.0	0.0	0.0	0.0	0.0	0.0	0.0	0.0	0.0	0.0	0.0	0.0	0.0	0.0	
Alouette des champs	0.0588235	0.0	0.0	0.0015	0.0015	0.0	0.1176471	0.12	0.1666667	0.125	0.2857143	0.1818182	0.1666667	0.15625	0.1481481	0.0625	0.245614	0.25	0.1875	0.1111111	0.1481481	0.2777778	0.1578947	0.2857143	0.2352941	0.0952381	0.1	0.0015	0.0	0.0	0.047619	0.0	0.0	0.0	0.0015	0.0	0.0909091	0.0	0.25	0.25	0.0	0.0	0.0	0.0	0.0	0.0	0.0666667	0.0571429	
Panure à moustaches	0.0	0.0	0.0	0.0	0.0	0.0	0.0015	0.0	0.0	0.0015	0.0015	0.0	0.0	0.0	0.0	0.0	0.0	0.0	0.0	0.0	0.0	0.0	0.0	0.0	0.0	0.0	0.0	0.0	0.0	0.0	0.0	0.0	0.0	0.0	0.0	0.0	0.0	0.0	0.0	0.0	0.0	0.0	0.0	0.0	0.0	0.0	0.0	0.0	
Hypolaïs polyglotte	0.0	0.0	0.0	0.0	0.0	0.0	0.0	0.0	0.0	0.0	0.0	0.0	0.0	0.0	0.0	0.0	0.0175439	0.0555556	0.09375	0.0277778	0.0015	0.0555556	0.0	0.0714286	0.0015	0.047619	0.0	0.0434783	0.0	0.0	0.0	0.0	0.0	0.0	0.0	0.0	0.0	0.0	0.0	0.0	0.0	0.0	0.0	0.0	0.0	0.0	0.0	0.0	
Hypolaïs ictérine	0.0	0.0	0.0	0.0	0.0	0.0	0.0	0.0	0.0	0.0	0.0	0.0	0.0	0.0	0.0	0.0	0.0	0.0015	0.0	0.0	0.0	0.0	0.0	0.0	0.0	0.0	0.0	0.0	0.0	0.0	0.0	0.0	0.0	0.0	0.0	0.0	0.0	0.0	0.0	0.0	0.0	0.0	0.0	0.0	0.0	0.0	0.0	0.0	
Phragmite des joncs	0.0	0.0	0.0	0.0	0.0	0.0	0.0	0.0	0.0	0.0	0.0	0.0	0.125	0.1875	0.1111111	0.0625	0.0877193	0.1388889	0.0625	0.0277778	0.0015	0.0555556	0.0	0.0357143	0.1176471	0.0	0.0	0.0	0.0	0.0	0.0	0.0	0.0555556	0.0	0.0	0.0	0.0	0.0	0.0	0.0	0.0	0.0	0.0	0.0	0.0	0.0	0.0	0.0	
Rousserolle verderolle	0.0	0.0	0.0	0.0	0.0	0.0	0.0	0.0	0.0	0.0	0.0	0.0	0.0	0.0	0.0	0.0	0.0175439	0.0555556	0.03125	0.0555556	0.037037	0.0555556	0.0526316	0.0357143	0.2352941	0.0	0.05	0.0	0.0	0.0	0.0	0.0	0.0	0.0	0.0	0.0	0.0	0.0	0.0	0.0	0.0	0.0	0.0	0.0	0.0	0.0	0.0	0.0	
Rousserolle effarvatte	0.0	0.0	0.0	0.0	0.0	0.0	0.0	0.0	0.0	0.0	0.0	0.0	0.0	0.0	0.0740741	0.125	0.2807018	0.1944444	0.25	0.1111111	0.2222222	0.1111111	0.0526316	0.1071429	0.1176471	0.0952381	0.2	0.0015	0.0015	0.125	0.3333333	0.0015	0.0	0.0015	0.0015	0.0	0.0	0.0	0.0	0.0625	0.0	0.0	0.0	0.0	0.0	0.0	0.0	0.0	
Rousserolle turdoïde	0.0	0.0	0.0	0.0	0.0	0.0	0.0	0.0	0.0	0.0	0.0	0.0	0.0	0.0	0.037037	0.125	0.245614	0.25	0.125	0.1111111	0.1111111	0.1666667	0.0526316	0.0714286	0.0588235	0.0	0.0	0.0	0.0015	0.0416667	0.047619	0.0	0.0	0.0	0.0	0.0	0.0	0.0	0.0	0.0	0.0	0.0	0.0	0.0	0.0	0.0	0.0	0.0	
Locustelle luscinioïde	0.0	0.0	0.0	0.0	0.0	0.0	0.0	0.0	0.0	0.0	0.0	0.0	0.0	0.0	0.0	0.03125	0.0175439	0.0	0.0	0.0015	0.0015	0.0	0.0	0.0	0.0	0.0015	0.0	0.0	0.0	0.0	0.0	0.0	0.0	0.0	0.0	0.0	0.0	0.0	0.0	0.0	0.0	0.0	0.0	0.0	0.0	0.0	0.0	0.0	
Locustelle tachetée	0.0	0.0	0.0	0.0	0.0	0.0	0.0	0.0	0.0	0.0	0.0	0.0	0.0	0.0	0.0015	0.0625	0.0350877	0.0277778	0.0	0.0277778	0.037037	0.0	0.0	0.0	0.0015	0.0	0.0	0.0015	0.0	0.0	0.0	0.0	0.0	0.0	0.0	0.0	0.0	0.0	0.0	0.0	0.0	0.0	0.0	0.0	0.0	0.0	0.0	0.0	
Hirondelle de rivage	0.0	0.0	0.0	0.0	0.0	0.0	0.0	0.0	0.0	0.0	0.0	0.0	0.0	0.03125	0.0	0.03125	0.0350877	0.0277778	0.03125	0.0015	0.0	0.1111111	0.0	0.0015	0.0	0.0	0.0015	0.0434783	0.0015	0.0	0.0952381	0.0	0.0	0.0	0.0	0.0	0.0	0.0	0.0	0.0	0.0	0.0	0.0	0.0	0.0	0.0	0.0	0.0	
Hirondelle rustique	0.0	0.0	0.0	0.0	0.0	0.0	0.0	0.0	0.0	0.0	0.0714286	0.0909091	0.25	0.28125	0.1481481	0.34375	0.3859649	0.4166667	0.28125	0.25	0.1111111	0.3333333	0.1578947	0.25	0.4117647	0.2380952	0.3	0.173913	0.1333333	0.2083333	0.3809524	0.48	0.2777778	0.3636364	0.0555556	0.0909091	0.1818182	0.0015	0.0	0.0625	0.0	0.0	0.0	0.0	0.0	0.0	0.0	0.0	
Hirondelle de fenêtre	0.0	0.0	0.0	0.0	0.0	0.0	0.0	0.0	0.0	0.0	0.0	0.0	0.0416667	0.15625	0.1111111	0.1875	0.3157895	0.3333333	0.125	0.1944444	0.0740741	0.1666667	0.1578947	0.25	0.2352941	0.1904762	0.3	0.3043478	0.2666667	0.1666667	0.1904762	0.48	0.5555556	0.3636364	0.1666667	0.0015	0.0909091	0.2	0.0	0.0	0.0	0.0	0.0	0.0	0.0	0.0	0.0	0.0	
hirondelle sp.	0.0	0.0	0.0	0.0	0.0	0.0	0.0	0.0	0.0	0.0	0.0	0.0	0.0	0.0	0.0	0.0	0.0175439	0.0	0.0	0.0	0.0	0.0	0.0	0.0	0.0	0.047619	0.05	0.0	0.0	0.0	0.0	0.0	0.0555556	0.0	0.0	0.0	0.0	0.0	0.0	0.0	0.0	0.0	0.0	0.0	0.0	0.0	0.0	0.0	
Pouillot siffleur	0.0	0.0	0.0	0.0	0.0	0.0	0.0	0.0	0.0	0.0	0.0	0.0	0.0	0.0	0.0	0.0	0.0350877	0.0	0.0625	0.0015	0.0	0.0555556	0.0526316	0.0	0.0	0.0	0.05	0.0	0.0	0.0	0.0	0.0	0.0	0.0	0.0	0.0	0.0	0.0	0.0	0.0	0.0	0.0	0.0	0.0	0.0	0.0	0.0	0.0	
Pouillot fitis	0.0	0.0	0.0	0.0	0.0	0.0	0.0	0.0	0.0	0.0	0.0	0.0	0.0015	0.09375	0.1481481	0.09375	0.1403509	0.0833333	0.15625	0.1111111	0.0015	0.1111111	0.0015	0.0	0.0588235	0.0	0.0	0.0434783	0.0	0.0015	0.0	0.0015	0.1111111	0.0	0.0555556	0.0909091	0.0	0.0015	0.0	0.0	0.0	0.0	0.0	0.0	0.0	0.0	0.0	0.0	
Pouillot véloce	0.0015	0.0	0.0	0.0015	0.0	0.0	0.0	0.04	0.1111111	0.375	0.4285714	0.4090909	0.3333333	0.5	0.4814815	0.53125	0.6140351	0.5	0.59375	0.4444444	0.4074074	0.5555556	0.3157895	0.4642857	0.4705882	0.3333333	0.35	0.1304348	0.0666667	0.1666667	0.1904762	0.36	0.6666667	0.5454545	0.3333333	0.2727273	0.3636364	0.4	0.5	0.0625	0.0015	0.0	0.0	0.0526316	0.0015	0.0	0.0	0.0857143	
Pouillot fitis ou P. véloce	0.0	0.0	0.0	0.0	0.0	0.0	0.0	0.0	0.0	0.0	0.0	0.0	0.0	0.0	0.0	0.0	0.0175439	0.0	0.0	0.0	0.0	0.0	0.0	0.0	0.0	0.0	0.0	0.0	0.0	0.0	0.0	0.0	0.0	0.0	0.0	0.0	0.0	0.0	0.0	0.0	0.0	0.0	0.0	0.0	0.0	0.0	0.0	0.0	
Bouscarle de Cetti	0.0	0.0	0.0	0.0	0.0	0.0	0.0	0.0	0.0	0.0	0.0	0.0	0.0	0.0	0.037037	0.0	0.0	0.0	0.0	0.0	0.0	0.0	0.0	0.0	0.0	0.0	0.0	0.0	0.0	0.0	0.0	0.0	0.0	0.0	0.0	0.0	0.0	0.0	0.0	0.0	0.0	0.0	0.0	0.0	0.0	0.0	0.0	0.0	
Orite à longue queue	0.1764706	0.2352941	0.0666667	0.0344828	0.2727273	0.2857143	0.1176471	0.2	0.3333333	0.5	0.2142857	0.0454545	0.0416667	0.0625	0.0740741	0.03125	0.2280702	0.0555556	0.09375	0.1388889	0.0740741	0.2222222	0.1578947	0.1785714	0.1764706	0.047619	0.3	0.0869565	0.0015	0.125	0.0952381	0.12	0.1666667	0.1818182	0.0015	0.1818182	0.0909091	0.2	0.25	0.25	0.0015	0.0	0.25	0.0526316	0.1428571	0.2	0.0666667	0.1714286	
Fauvette à tête noire	0.0	0.0	0.0	0.0	0.0	0.0	0.0	0.0	0.0	0.0	0.1428571	0.2272727	0.3333333	0.625	0.3333333	0.53125	0.6491228	0.5277778	0.625	0.5	0.4814815	0.5	0.4736842	0.6071429	0.5294118	0.4285714	0.4	0.173913	0.0666667	0.125	0.2380952	0.24	0.1111111	0.3636364	0.1666667	0.0909091	0.0	0.0	0.25	0.0	0.0	0.0	0.0	0.0	0.0	0.0	0.0	0.0	
Fauvette des jardins	0.0	0.0	0.0	0.0	0.0	0.0	0.0	0.0	0.0	0.0	0.0	0.0	0.0416667	0.0	0.0	0.0625	0.2807018	0.1111111	0.15625	0.1666667	0.1111111	0.1666667	0.1578947	0.1428571	0.1764706	0.0	0.0015	0.0	0.0	0.0	0.0	0.0	0.0555556	0.0909091	0.0	0.0	0.0	0.0	0.0	0.0	0.0	0.0	0.0	0.0	0.0	0.0	0.0	0.0	
Fauvette babillarde	0.0	0.0	0.0	0.0	0.0	0.0	0.0	0.0	0.0	0.0	0.0	0.0	0.0	0.0	0.1111111	0.09375	0.1052632	0.1111111	0.09375	0.1111111	0.037037	0.0	0.0	0.0357143	0.0588235	0.0	0.0	0.0434783	0.0666667	0.0	0.047619	0.0	0.0	0.0	0.0015	0.0	0.0	0.0	0.0	0.0	0.0	0.0	0.0	0.0	0.0	0.0	0.0	0.0	
Fauvette grisette	0.0	0.0	0.0	0.0	0.0	0.0	0.0	0.0	0.0	0.0	0.0	0.0	0.0	0.0	0.1111111	0.25	0.2982456	0.2777778	0.25	0.1111111	0.0740741	0.0555556	0.2105263	0.1071429	0.0588235	0.047619	0.05	0.0434783	0.0	0.0	0.0	0.0	0.0555556	0.0	0.0015	0.0	0.0	0.0	0.0	0.0	0.0	0.0	0.0	0.0	0.0	0.0	0.0	0.0	
Sylvia ou Curruca sp.	0.0	0.0	0.0	0.0	0.0	0.0	0.0	0.0	0.0	0.0	0.0	0.0	0.0	0.0	0.0	0.0	0.0175439	0.0	0.0	0.0	0.0	0.0	0.0	0.0	0.0	0.0	0.0	0.0	0.0	0.0	0.0	0.0	0.0	0.0	0.0	0.0	0.0909091	0.0	0.0	0.0	0.0	0.0	0.0	0.0	0.0	0.0	0.0	0.0	
Roitelet huppé	0.0015	0.1176471	0.0666667	0.0	0.1818182	0.0	0.2941176	0.04	0.0	0.0	0.0714286	0.0454545	0.0	0.03125	0.0015	0.0	0.0350877	0.0	0.03125	0.0277778	0.0	0.0	0.0526316	0.0	0.0	0.047619	0.05	0.0	0.0015	0.0416667	0.0	0.12	0.1666667	0.0	0.0015	0.0015	0.0	0.0	0.25	0.1875	0.0015	0.0	0.0	0.0526316	0.1428571	0.0015	0.0	0.0571429	
Roitelet à triple bandeau	0.0588235	0.0	0.0	0.0344828	0.0015	0.0015	0.0	0.04	0.0015	0.0	0.0714286	0.0454545	0.0416667	0.0625	0.0015	0.0625	0.0701754	0.0277778	0.09375	0.0277778	0.0	0.1111111	0.0526316	0.0	0.0	0.0	0.05	0.0434783	0.0	0.0833333	0.0	0.04	0.1111111	0.0909091	0.0	0.0909091	0.0	0.0	0.0	0.0	0.0015	0.0	0.0	0.0526316	0.1428571	0.0	0.0	0.0285714	
Roitelet huppé ou R. à triple bandeau	0.0	0.0	0.0	0.0	0.0	0.0	0.0	0.0	0.0	0.0	0.0714286	0.0	0.0	0.0	0.037037	0.0	0.0175439	0.0	0.0	0.0	0.0	0.0	0.0	0.0	0.0	0.0	0.0	0.0	0.0	0.0	0.0	0.0	0.0	0.0	0.0	0.0	0.0	0.0	0.0	0.0	0.0	0.0	0.0	0.0	0.0	0.0	0.0	0.0	
Sittelle torchepot	0.0588235	0.1176471	0.0015	0.0689655	0.2727273	0.4285714	0.2941176	0.12	0.2222222	0.375	0.2142857	0.1818182	0.125	0.03125	0.1481481	0.03125	0.122807	0.1111111	0.125	0.0833333	0.0	0.2222222	0.1052632	0.1428571	0.2352941	0.1428571	0.3	0.0434783	0.0015	0.125	0.2380952	0.12	0.2222222	0.3636364	0.0555556	0.0015	0.2727273	0.2	0.5	0.3125	0.1666667	0.0	0.0	0.0526316	0.2857143	0.0	0.0666667	0.2285714	
Grimpereau des bois	0.0	0.0	0.0666667	0.0	0.0909091	0.1428571	0.0	0.0	0.0555556	0.0015	0.0714286	0.0454545	0.0416667	0.0015	0.0	0.0	0.0350877	0.0833333	0.09375	0.0277778	0.0	0.0555556	0.0	0.0	0.0	0.0	0.05	0.0434783	0.0015	0.0	0.0	0.0	0.1666667	0.0909091	0.0	0.0015	0.0	0.0	0.0	0.0625	0.0	0.0	0.0	0.0	0.0	0.0	0.0	0.0857143	
Grimpereau des jardins	0.1176471	0.1176471	0.0015	0.1034483	0.2727273	0.0	0.2941176	0.16	0.1666667	0.5	0.2857143	0.2272727	0.1666667	0.15625	0.1481481	0.15625	0.1754386	0.1666667	0.25	0.2222222	0.1111111	0.2777778	0.1052632	0.1428571	0.0588235	0.1428571	0.3	0.1304348	0.0015	0.1666667	0.1904762	0.08	0.1666667	0.1818182	0.1111111	0.2727273	0.0015	0.2	0.25	0.1875	0.1666667	0.0	0.25	0.1052632	0.4285714	0.2	0.0666667	0.1142857	
Grimpereau des bois ou G. des jardins	0.0	0.0	0.0	0.0	0.0909091	0.0	0.0	0.0	0.1111111	0.0	0.0714286	0.0	0.0	0.0	0.0	0.0	0.0350877	0.0	0.0	0.0	0.037037	0.0	0.0	0.0	0.0	0.047619	0.0	0.0	0.0	0.0	0.0	0.0	0.0	0.0	0.0555556	0.0	0.0	0.0	0.0	0.0625	0.0	0.0	0.0	0.1052632	0.0015	0.0	0.0	0.0285714	
Troglodyte mignon	0.1176471	0.2352941	0.2	0.1034483	0.1818182	0.2857143	0.2352941	0.28	0.4444444	0.5	0.4285714	0.3181818	0.2083333	0.375	0.4074074	0.21875	0.2982456	0.3333333	0.21875	0.3055556	0.2222222	0.2222222	0.1578947	0.1071429	0.2352941	0.047619	0.35	0.0869565	0.0015	0.0	0.1428571	0.24	0.1111111	0.3636364	0.1111111	0.0015	0.1818182	0.2	0.5	0.1875	0.0015	0.0	0.0	0.1578947	0.4285714	0.2	0.2666667	0.3714286	
Étourneau sansonnet	0.5882353	0.2941176	0.5333333	0.2413793	0.3636364	0.2857143	0.2941176	0.44	0.5555556	0.375	0.5	0.5	0.2916667	0.46875	0.3333333	0.4375	0.6140351	0.5277778	0.40625	0.3333333	0.1481481	0.3333333	0.3684211	0.3928571	0.4117647	0.0952381	0.1	0.1304348	0.1333333	0.125	0.4761905	0.32	0.3333333	0.0909091	0.2777778	0.5454545	0.5454545	0.6	0.75	0.625	0.3333333	0.0015	0.25	0.2105263	0.2857143	0.4	0.4	0.3714286	
Grive draine	0.0588235	0.0588235	0.0666667	0.1034483	0.2727273	0.0015	0.0588235	0.04	0.1111111	0.0015	0.0015	0.0454545	0.0416667	0.0	0.037037	0.0	0.0701754	0.0	0.0	0.0555556	0.0	0.1111111	0.1052632	0.0015	0.0	0.0	0.05	0.0	0.0015	0.0	0.0	0.04	0.0	0.0	0.0555556	0.0	0.0015	0.2	0.0015	0.125	0.0015	0.2	0.0	0.0526316	0.2857143	0.0	0.0	0.1428571	
Grive musicienne	0.0588235	0.0	0.0	0.0344828	0.0015	0.0015	0.2352941	0.08	0.2777778	0.375	0.2142857	0.3181818	0.0833333	0.28125	0.1111111	0.125	0.1403509	0.1944444	0.21875	0.1111111	0.1111111	0.3333333	0.0526316	0.3214286	0.3529412	0.0952381	0.25	0.0434783	0.0015	0.0833333	0.0	0.0	0.0	0.0	0.0	0.0	0.0909091	0.2	0.0	0.125	0.0	0.2	0.0	0.0526316	0.1428571	0.0	0.0	0.0285714	
Grive mauvis	0.0588235	0.0	0.0666667	0.0689655	0.0	0.0	0.0	0.04	0.0555556	0.0015	0.0714286	0.0	0.0015	0.0	0.0	0.0	0.0	0.0	0.0	0.0	0.0	0.0	0.0	0.0	0.0	0.0	0.0	0.0	0.0	0.0	0.0	0.0	0.0	0.0	0.0	0.0	0.0	0.0	0.0015	0.0015	0.1666667	0.0	0.0015	0.0526316	0.0	0.2	0.1333333	0.0285714	
Merle noir	0.5882353	0.5882353	0.4	0.4482759	0.6363636	0.7142857	0.3529412	0.28	0.5555556	0.75	0.3571429	0.4545455	0.375	0.46875	0.4074074	0.5	0.5964912	0.5555556	0.46875	0.6666667	0.5185185	0.5555556	0.5263158	0.6785714	0.5882353	0.4285714	0.65	0.3478261	0.0666667	0.125	0.1904762	0.24	0.3888889	0.1818182	0.1111111	0.0909091	0.1818182	0.4	0.5	0.3125	0.0015	0.2	0.25	0.5789474	0.7142857	0.2	0.2666667	0.5142857	
Grive litorne	0.2352941	0.2352941	0.1333333	0.137931	0.1818182	0.1428571	0.0588235	0.04	0.1111111	0.0015	0.0	0.0454545	0.0015	0.0	0.0	0.0	0.0350877	0.0	0.0	0.0	0.0	0.0	0.0	0.0	0.0	0.0	0.05	0.0	0.0	0.0	0.0	0.0	0.0	0.0	0.0	0.0	0.0	0.0	0.0015	0.0625	0.0	0.0	0.0015	0.2105263	0.0015	0.2	0.4	0.1714286	
Turdus sp.	0.0	0.0	0.0	0.0	0.0	0.0	0.0	0.0	0.0	0.0	0.0	0.0	0.0	0.0	0.0	0.0	0.0	0.0	0.0	0.0	0.0	0.0	0.0	0.0	0.0	0.0	0.0	0.0	0.0	0.0	0.0	0.0	0.0	0.0	0.0	0.0	0.0909091	0.0	0.0	0.0	0.0	0.0	0.0	0.0	0.0	0.0	0.0	0.0	
Gobemouche gris	0.0	0.0	0.0	0.0	0.0	0.0	0.0	0.0	0.0	0.0	0.0	0.0	0.0	0.0	0.0	0.0015	0.0175439	0.0833333	0.03125	0.0015	0.0	0.0015	0.0015	0.0	0.1176471	0.0015	0.05	0.0434783	0.0015	0.0416667	0.0	0.04	0.3333333	0.0909091	0.0015	0.0	0.0	0.0	0.0	0.0	0.0	0.0	0.0	0.0	0.0	0.0	0.0	0.0	
Rougegorge familier	0.2352941	0.2941176	0.2	0.0344828	0.2727273	0.4285714	0.2941176	0.36	0.3888889	0.625	0.3571429	0.4545455	0.3333333	0.4375	0.3703704	0.28125	0.2982456	0.2777778	0.28125	0.3888889	0.1111111	0.3333333	0.2105263	0.4285714	0.3529412	0.1904762	0.3	0.1304348	0.0015	0.0833333	0.1904762	0.2	0.1666667	0.1818182	0.0555556	0.1818182	0.2727273	0.4	0.5	0.5625	0.0015	0.2	0.25	0.2631579	0.4285714	0.2	0.1333333	0.3428571	
Rossignol philomèle	0.0	0.0	0.0	0.0	0.0	0.0	0.0	0.0	0.0	0.0	0.0	0.0	0.0015	0.1875	0.2962963	0.375	0.3508772	0.4166667	0.28125	0.2777778	0.1111111	0.3333333	0.0	0.0015	0.0588235	0.0952381	0.1	0.0	0.0015	0.0	0.0	0.04	0.0	0.0	0.0	0.0	0.0	0.0	0.0	0.0	0.0	0.0	0.0	0.0	0.0	0.0	0.0	0.0	
Gorgebleue à miroir	0.0	0.0	0.0	0.0	0.0	0.0	0.0	0.0	0.0	0.0	0.0	0.0	0.0	0.0625	0.0	0.0	0.0175439	0.0	0.0	0.0015	0.0015	0.0555556	0.0	0.0	0.0	0.0	0.0	0.0	0.0	0.0	0.0	0.08	0.0	0.0	0.0	0.0	0.0	0.0	0.0	0.0	0.0	0.0	0.0	0.0	0.0	0.0	0.0	0.0	
Gobemouche noir	0.0	0.0	0.0	0.0	0.0	0.0	0.0	0.0	0.0	0.0	0.0	0.0	0.0	0.0	0.037037	0.0015	0.0350877	0.0	0.03125	0.0015	0.0	0.0	0.0	0.0	0.0	0.0	0.05	0.0	0.0	0.0	0.0	0.04	0.0	0.0909091	0.0	0.0	0.0	0.0	0.0	0.0	0.0	0.0	0.0	0.0	0.0	0.0	0.0	0.0	
Gobemouche à collier	0.0	0.0	0.0	0.0	0.0	0.0	0.0	0.0	0.0	0.0	0.0	0.0	0.0	0.0	0.0	0.03125	0.0526316	0.0833333	0.09375	0.0277778	0.0015	0.0015	0.0015	0.0357143	0.0	0.0	0.0	0.0	0.0	0.0	0.0	0.0	0.0	0.0	0.0	0.0	0.0	0.0	0.0	0.0	0.0	0.0	0.0	0.0	0.0	0.0	0.0	0.0	
Rougequeue à front blanc	0.0	0.0	0.0	0.0	0.0	0.0	0.0	0.0	0.0	0.0	0.0	0.0	0.0416667	0.0625	0.0740741	0.1875	0.122807	0.1111111	0.15625	0.2222222	0.037037	0.0555556	0.0015	0.0714286	0.1176471	0.047619	0.25	0.0434783	0.0015	0.0	0.047619	0.0	0.0	0.0	0.0	0.0909091	0.0909091	0.0015	0.0	0.0	0.0	0.0	0.0	0.0	0.0	0.0	0.0	0.0	
Rougequeue noir	0.0	0.0588235	0.0	0.0	0.0	0.0	0.0	0.0	0.0555556	0.0	0.2142857	0.0909091	0.25	0.3125	0.2592593	0.25	0.2280702	0.25	0.21875	0.2777778	0.037037	0.2777778	0.0526316	0.1071429	0.2352941	0.1904762	0.1	0.173913	0.0666667	0.0416667	0.1428571	0.12	0.2222222	0.0015	0.2222222	0.0909091	0.4545455	0.4	0.25	0.0625	0.0	0.0	0.0	0.0	0.1428571	0.0	0.0666667	0.0	
Tarier des prés	0.0	0.0	0.0	0.0	0.0	0.0	0.0	0.0	0.0	0.0	0.0	0.0	0.0	0.0	0.037037	0.0	0.0175439	0.0277778	0.03125	0.0	0.0	0.0	0.0	0.0	0.0	0.0	0.0	0.0	0.0	0.0	0.0	0.0	0.0	0.0909091	0.0	0.0015	0.0	0.0	0.0	0.0	0.0	0.0	0.0	0.0	0.0	0.0	0.0	0.0	
Tarier pâtre	0.0	0.0	0.0	0.0	0.0	0.0	0.0	0.04	0.1111111	0.0015	0.2857143	0.0454545	0.0416667	0.125	0.1111111	0.0625	0.0877193	0.1111111	0.15625	0.1111111	0.037037	0.1666667	0.0526316	0.1071429	0.0015	0.047619	0.0	0.0015	0.0015	0.0416667	0.0952381	0.04	0.0555556	0.0909091	0.0	0.1818182	0.0909091	0.2	0.0	0.0	0.0	0.0	0.0	0.0	0.0	0.0	0.0	0.0	
Traquet motteux	0.0	0.0	0.0	0.0	0.0	0.0	0.0	0.0	0.0	0.0	0.0	0.0	0.0	0.0	0.0	0.0	0.0	0.0555556	0.0	0.0	0.0	0.0	0.0	0.0	0.0	0.0	0.0	0.0	0.0	0.0	0.0	0.04	0.0555556	0.0	0.0	0.0	0.0	0.0	0.0	0.0	0.0	0.0	0.0	0.0	0.0	0.0	0.0	0.0	
Accenteur mouchet	0.0	0.0	0.0666667	0.0	0.0	0.0	0.0	0.0	0.1111111	0.0015	0.1428571	0.1363636	0.0833333	0.0625	0.0740741	0.03125	0.0526316	0.1111111	0.03125	0.0555556	0.0015	0.1111111	0.0526316	0.0	0.0588235	0.0	0.05	0.0	0.0	0.0	0.0	0.0	0.0	0.0909091	0.0015	0.0	0.0	0.0	0.0	0.0015	0.0	0.0015	0.0	0.0	0.0	0.0	0.0	0.0	
Moineau domestique	0.3529412	0.2941176	0.4	0.2758621	0.1818182	0.1428571	0.1176471	0.28	0.2777778	0.625	0.2857143	0.0909091	0.3333333	0.21875	0.2222222	0.25	0.5789474	0.5	0.34375	0.2777778	0.2592593	0.3333333	0.1578947	0.3214286	0.3529412	0.2857143	0.2	0.173913	0.2	0.25	0.1904762	0.32	0.3333333	0.1818182	0.3333333	0.1818182	0.3636364	0.4	0.75	0.4375	0.1666667	0.0015	0.0	0.2105263	0.1428571	0.2	0.2	0.1714286	
Moineau friquet	0.0588235	0.0	0.0	0.0	0.0015	0.0015	0.0	0.0015	0.0555556	0.0015	0.0015	0.0	0.0416667	0.0	0.0	0.0	0.0175439	0.0277778	0.125	0.0015	0.0	0.0	0.0526316	0.0	0.0588235	0.0	0.0	0.0	0.0015	0.0	0.1428571	0.0	0.0015	0.0	0.0015	0.0	0.0015	0.0	0.25	0.0625	0.0	0.0015	0.0	0.0	0.0	0.0	0.0	0.0285714	
Bergeronnette des ruisseaux	0.0015	0.1764706	0.0	0.0	0.0	0.0	0.0	0.08	0.0	0.25	0.0714286	0.0	0.0833333	0.03125	0.0740741	0.09375	0.0701754	0.0015	0.0015	0.0833333	0.1481481	0.0015	0.0	0.0015	0.1176471	0.047619	0.2	0.0	0.0666667	0.0	0.0	0.0015	0.2777778	0.0909091	0.0	0.0	0.0909091	0.2	0.0	0.125	0.0015	0.2	0.0	0.0015	0.1428571	0.0	0.0	0.0	
Bergeronnette printanière	0.0	0.0	0.0	0.0	0.0	0.0	0.0	0.0	0.0	0.0	0.0	0.0	0.2083333	0.15625	0.037037	0.03125	0.0877193	0.1666667	0.125	0.0833333	0.037037	0.0555556	0.0526316	0.0714286	0.2352941	0.0	0.05	0.0	0.0666667	0.0416667	0.1428571	0.04	0.0555556	0.0	0.0	0.0	0.0	0.0	0.0	0.0	0.0	0.0	0.0	0.0	0.0	0.0	0.0	0.0	
Bergeronnette grise	0.0588235	0.0588235	0.0	0.0	0.0	0.0	0.0015	0.12	0.1111111	0.25	0.1428571	0.2272727	0.2916667	0.25	0.1851852	0.3125	0.4561404	0.2777778	0.34375	0.3333333	0.2222222	0.3333333	0.3157895	0.3571429	0.2352941	0.1428571	0.1	0.173913	0.2	0.125	0.3333333	0.2	0.1666667	0.0	0.1666667	0.0909091	0.2727273	0.8	0.75	0.375	0.1666667	0.2	0.0	0.0526316	0.0	0.0	0.0666667	0.0571429	
bergeronette sp.	0.0588235	0.0	0.0	0.0	0.0	0.0	0.0	0.0	0.0	0.0	0.0	0.0	0.0	0.0	0.0	0.0	0.0	0.0	0.0	0.0	0.0	0.0	0.0	0.0	0.0	0.0	0.0	0.0	0.0	0.0	0.0	0.0	0.0	0.0	0.0	0.0	0.0	0.0	0.0	0.0	0.0	0.0	0.0	0.0	0.0	0.0	0.0	0.0	
Pipit rousseline	0.0	0.0	0.0	0.0	0.0	0.0	0.0	0.0	0.0	0.0	0.0	0.0	0.0	0.0	0.0015	0.0	0.0	0.0	0.0	0.0	0.0	0.0	0.0	0.0	0.0	0.0	0.0	0.0	0.0	0.0	0.0	0.04	0.0	0.0015	0.0015	0.0	0.0	0.0	0.0	0.0	0.0	0.0	0.0	0.0	0.0	0.0	0.0	0.0	
Pipit farlouse	0.0	0.0	0.0	0.0	0.0	0.0	0.0	0.0	0.0	0.0	0.0	0.0454545	0.0416667	0.0	0.0	0.0015	0.0175439	0.0277778	0.0	0.0	0.0	0.0	0.0526316	0.0	0.0	0.0	0.0	0.0	0.0	0.0416667	0.0	0.0	0.0	0.0	0.0	0.0	0.0909091	0.0	0.25	0.0625	0.0	0.0	0.0	0.0	0.0015	0.0	0.0	0.1142857	
Pipit des arbres	0.0	0.0	0.0	0.0	0.0	0.0	0.0	0.0	0.0	0.0	0.0	0.0	0.0015	0.0015	0.0	0.0	0.0175439	0.0277778	0.03125	0.0833333	0.0015	0.0015	0.0526316	0.0357143	0.0588235	0.0	0.0	0.0	0.0015	0.0	0.0952381	0.0	0.0555556	0.0	0.0	0.0	0.0	0.0	0.0	0.0	0.0	0.0	0.0	0.0	0.0	0.0	0.0	0.0	
Pipit spioncelle	0.0	0.0	0.0	0.0015	0.0	0.0015	0.0015	0.0	0.0555556	0.0	0.0	0.0	0.0	0.0	0.0	0.0	0.0175439	0.0	0.0	0.0	0.0	0.0	0.0	0.0	0.0	0.0	0.0	0.0	0.0	0.0	0.0	0.0	0.0	0.0	0.0	0.0	0.0	0.0	0.0015	0.0	0.0	0.0	0.0	0.0015	0.0	0.0015	0.0	0.0571429	
Pinson des arbres	0.2941176	0.2352941	0.3333333	0.1724138	0.4545455	0.2857143	0.1764706	0.4	0.6111111	0.375	0.3571429	0.5	0.4166667	0.53125	0.3703704	0.40625	0.5263158	0.5833333	0.46875	0.3611111	0.4074074	0.5	0.3157895	0.3928571	0.4117647	0.3809524	0.35	0.173913	0.0666667	0.0833333	0.1428571	0.28	0.2777778	0.1818182	0.1111111	0.1818182	0.3636364	0.8	0.5	0.6875	0.0015	0.4	0.25	0.3157895	0.5714286	0.2	0.4	0.3142857	
Pinson du Nord	0.0	0.0	0.0666667	0.0015	0.0	0.0	0.0	0.04	0.0	0.0	0.0	0.1363636	0.0	0.0	0.0	0.0	0.0	0.0	0.0	0.0	0.0	0.0	0.0	0.0	0.0	0.0	0.0	0.0	0.0	0.0	0.0	0.0	0.0	0.0	0.0	0.0	0.0	0.0	0.0	0.0625	0.0	0.0	0.0	0.0	0.1428571	0.0	0.0	0.0	
Grosbec casse-noyaux	0.0015	0.1764706	0.0666667	0.0344828	0.0015	0.0015	0.0	0.0	0.0555556	0.0015	0.0	0.0454545	0.0	0.03125	0.1111111	0.03125	0.0701754	0.0555556	0.0625	0.0277778	0.0	0.0555556	0.0526316	0.1428571	0.0588235	0.0	0.1	0.0	0.0015	0.0	0.0	0.0	0.1111111	0.0	0.0	0.0	0.0	0.0	0.25	0.0625	0.0015	0.0	0.0	0.1052632	0.0	0.0	0.2	0.1142857	
Bouvreuil pivoine	0.0015	0.0	0.0	0.0015	0.0909091	0.0	0.0	0.0	0.0555556	0.0015	0.0714286	0.0454545	0.0	0.0	0.0015	0.0	0.0175439	0.0	0.03125	0.0833333	0.0015	0.0555556	0.0	0.0357143	0.0	0.0	0.15	0.0015	0.0015	0.0416667	0.047619	0.04	0.0555556	0.0	0.0015	0.0	0.0	0.0	0.0	0.0	0.0	0.0	0.0015	0.0526316	0.0	0.2	0.0666667	0.0571429	
Verdier d'Europe	0.1176471	0.0588235	0.0666667	0.0015	0.0	0.0015	0.1176471	0.16	0.1666667	0.25	0.2857143	0.1818182	0.2083333	0.0625	0.1851852	0.21875	0.1929825	0.25	0.25	0.1666667	0.0740741	0.2222222	0.3684211	0.25	0.2941176	0.1428571	0.15	0.0434783	0.0015	0.0416667	0.0952381	0.0	0.0015	0.0	0.0	0.0	0.0	0.2	0.5	0.0	0.0	0.0	0.0	0.0526316	0.0015	0.0	0.1333333	0.0857143	
Linotte mélodieuse	0.0	0.0	0.0	0.0	0.0	0.0	0.0	0.04	0.0	0.0015	0.0	0.1363636	0.0833333	0.03125	0.0740741	0.0625	0.1403509	0.1111111	0.125	0.1944444	0.0015	0.1666667	0.1578947	0.1785714	0.0588235	0.047619	0.15	0.0434783	0.0666667	0.0015	0.0	0.0	0.1666667	0.0	0.0	0.0	0.0909091	0.2	0.0	0.0	0.0	0.0	0.0	0.0	0.0	0.0	0.0	0.0	
Sizerin flammé	0.0	0.0588235	0.0	0.0015	0.0	0.0	0.0	0.0	0.0	0.0	0.0	0.0	0.0	0.0015	0.0	0.0	0.0	0.0	0.0	0.0	0.0	0.0	0.0	0.0	0.0	0.0	0.0	0.0	0.0	0.0	0.0	0.0	0.0	0.0	0.0	0.0	0.0	0.0	0.0	0.0	0.0	0.0	0.0015	0.0526316	0.0	0.0	0.0	0.0	
Bec-croisé des sapins	0.0	0.0	0.0	0.0	0.0	0.0	0.0	0.04	0.0	0.0	0.0	0.0	0.0	0.0	0.0	0.0	0.0	0.0	0.0	0.0	0.0	0.0	0.0	0.0357143	0.0	0.0	0.05	0.0	0.0015	0.0416667	0.0	0.0	0.0	0.0	0.0	0.0	0.0	0.0	0.0	0.0	0.0	0.0	0.0	0.0	0.0	0.0	0.0	0.0	
Chardonneret élégant	0.0588235	0.0588235	0.0666667	0.0344828	0.0015	0.0	0.0588235	0.04	0.1666667	0.0	0.1428571	0.0015	0.125	0.125	0.0740741	0.21875	0.2982456	0.2777778	0.15625	0.1944444	0.1111111	0.1666667	0.1052632	0.25	0.4117647	0.1904762	0.3	0.173913	0.0666667	0.0833333	0.1428571	0.04	0.0555556	0.0	0.0555556	0.0	0.1818182	0.0	0.25	0.25	0.0	0.0	0.0	0.0526316	0.1428571	0.0	0.1333333	0.0571429	
Serin cini	0.0	0.0	0.0	0.0	0.0	0.0	0.0	0.0	0.0	0.0	0.0	0.0454545	0.0	0.0625	0.037037	0.03125	0.0526316	0.0277778	0.0625	0.0555556	0.037037	0.0	0.0526316	0.0	0.0015	0.047619	0.1	0.0	0.0015	0.0	0.0	0.0	0.1111111	0.0	0.0	0.0	0.0	0.0	0.0	0.0	0.0	0.0	0.0	0.0526316	0.0	0.0	0.0	0.0	
Tarin des aulnes	0.0588235	0.0	0.0666667	0.0689655	0.0909091	0.0	0.0588235	0.04	0.0555556	0.0	0.0015	0.0454545	0.0	0.0	0.0	0.0	0.0	0.0277778	0.0	0.0	0.0	0.0	0.0	0.0357143	0.0	0.0	0.0	0.0	0.0	0.0	0.0	0.0	0.0	0.0	0.0	0.0	0.0015	0.0	0.0	0.125	0.0015	0.0	0.0	0.0526316	0.0	0.0	0.0666667	0.1428571	
Bruant proyer	0.0	0.0	0.0	0.0	0.0	0.0	0.0015	0.0	0.0	0.0	0.0	0.0	0.0	0.03125	0.0	0.03125	0.0526316	0.0833333	0.15625	0.1388889	0.0740741	0.0015	0.0	0.0015	0.0588235	0.0	0.0	0.0015	0.0	0.0416667	0.0	0.0	0.0	0.0	0.0	0.0	0.0	0.0	0.0	0.0	0.0	0.0	0.0	0.0	0.0	0.0	0.0	0.0	
Bruant zizi	0.0	0.0	0.0	0.0	0.0	0.0	0.0	0.0	0.0	0.0	0.0015	0.0	0.0	0.0	0.0	0.0	0.0	0.0	0.0	0.0	0.0	0.0	0.0015	0.0	0.0	0.0	0.05	0.0	0.0	0.0	0.0	0.0	0.0	0.0	0.0	0.0	0.0	0.0	0.0	0.0	0.0	0.0	0.0	0.0	0.0	0.0	0.0	0.0285714	
Bruant jaune	0.1176471	0.0	0.0666667	0.137931	0.1818182	0.1428571	0.1764706	0.08	0.2777778	0.0015	0.3571429	0.2272727	0.0416667	0.09375	0.2222222	0.125	0.1578947	0.1944444	0.1875	0.1944444	0.0740741	0.1666667	0.0526316	0.1428571	0.1764706	0.0952381	0.1	0.0434783	0.0015	0.0	0.047619	0.04	0.0555556	0.0	0.0555556	0.0909091	0.0909091	0.0	0.0015	0.0625	0.0	0.0	0.0	0.0015	0.0015	0.0	0.0	0.0285714	
Bruant ortolan	0.0	0.0	0.0	0.0	0.0	0.0	0.0	0.0	0.0	0.0	0.0	0.0	0.0	0.0	0.0	0.0	0.0	0.0	0.0	0.0	0.0	0.0	0.0	0.0	0.0	0.0	0.0	0.0	0.0	0.0	0.0	0.0	0.0	0.0	0.0015	0.0	0.0	0.0	0.0	0.0	0.0	0.0	0.0	0.0	0.0	0.0	0.0	0.0	
Bruant des roseaux	0.0588235	0.0	0.0	0.0	0.1818182	0.0015	0.0	0.08	0.1111111	0.0015	0.0714286	0.0454545	0.0416667	0.1875	0.1111111	0.0625	0.0526316	0.1666667	0.125	0.0833333	0.0740741	0.0555556	0.1052632	0.0714286	0.0	0.0	0.0015	0.0015	0.0015	0.0416667	0.0952381	0.08	0.1111111	0.0909091	0.0015	0.0	0.0015	0.0	0.0	0.0	0.1666667	0.2	0.0	0.0	0.0	0.0015	0.0	0.0285714	
passereau sp.	0.0	0.0	0.0	0.0	0.0	0.0	0.0	0.0	0.0	0.0	0.0	0.0	0.0	0.0	0.037037	0.0	0.0	0.0	0.0	0.0	0.0	0.0	0.0526316	0.0	0.0	0.0	0.0	0.0434783	0.0	0.0	0.0	0.0	0.0	0.0	0.0	0.0	0.0	0.0	0.0	0.0	0.0	0.0	0.0	0.0	0.0	0.0	0.0	0.0	

