









Frequency of observations in the selected location(s).:
Number of taxa: 	254

	Jan				Feb				Mar				Apr				May				Jun				Jul				Aug				Sep				Oct				Nov				Dec				
Sample Size:	239.0	277.0	295.0	498.0	462.0	492.0	382.0	395.0	441.0	426.0	438.0	623.0	345.0	491.0	509.0	730.0	408.0	464.0	501.0	643.0	412.0	587.0	533.0	504.0	445.0	490.0	401.0	571.0	333.0	367.0	426.0	423.0	338.0	409.0	471.0	484.0	422.0	422.0	323.0	525.0	345.0	332.0	367.0	494.0	345.0	391.0	362.0	467.0	

Oie cendrée	0.0	0.0	0.0033898	0.0	0.0	0.0	0.0	0.0	0.0	0.0015	0.0	0.0	0.0	0.0	0.0	0.0015	0.0	0.0	0.0	0.0	0.0	0.0	0.0	0.0019841	0.0	0.0	0.0	0.0	0.0	0.0	0.0023474	0.0	0.0029586	0.0	0.0	0.0	0.0	0.0	0.0	0.0	0.0	0.0	0.0	0.0	0.0	0.0	0.0	0.0021413	
Oie cygnoïde	0.0015	0.0036101	0.0	0.0015	0.0	0.0	0.0	0.0015	0.0	0.0	0.0	0.0	0.0015	0.0	0.0019646	0.0015	0.0	0.0	0.0	0.0015552	0.0048544	0.0017036	0.0018762	0.0	0.0022472	0.0020408	0.0049875	0.0	0.0	0.0	0.0	0.0023641	0.0029586	0.0	0.0021231	0.0	0.0	0.0	0.0	0.0019048	0.0028986	0.0	0.0	0.0	0.0015	0.0	0.0	0.0	
Cygne tuberculé	0.0	0.0	0.0	0.0	0.0	0.0	0.0	0.0	0.0	0.0	0.0	0.0016051	0.0	0.0020367	0.0	0.0	0.0	0.0	0.0	0.0	0.0	0.0	0.0	0.0	0.0	0.0	0.0	0.0	0.0	0.0	0.0	0.0	0.0029586	0.0	0.0015	0.0	0.0	0.0	0.0	0.0	0.0	0.0	0.0	0.0	0.0	0.0	0.0	0.0021413	
Ouette d'Égypte	0.0	0.0	0.0	0.0	0.0	0.0	0.0	0.0	0.0	0.0	0.0	0.0	0.0	0.0	0.0	0.0	0.0	0.0	0.0015	0.0	0.0	0.0	0.0	0.0	0.0	0.0	0.0	0.0	0.0	0.0	0.0	0.0	0.0	0.0	0.0	0.0	0.0	0.0	0.0	0.0	0.0	0.0	0.0	0.0	0.0	0.0	0.0	0.0	
Canard musqué	0.0083682	0.0108303	0.0033898	0.0060241	0.004329	0.004065	0.0078534	0.0151899	0.0015	0.0015	0.0	0.0080257	0.0057971	0.0040733	0.0	0.0027397	0.004902	0.0021552	0.0015	0.0031104	0.0048544	0.0136286	0.0018762	0.0019841	0.0022472	0.0040816	0.0074813	0.0017513	0.0015	0.0027248	0.0023474	0.0070922	0.0059172	0.0015	0.0042463	0.0	0.0023697	0.0023697	0.006192	0.007619	0.0028986	0.003012	0.0027248	0.0020243	0.0015	0.0	0.0027624	0.0042827	
Canard carolin	0.0	0.0	0.0	0.0	0.0	0.0	0.0	0.0	0.0022676	0.0	0.0022831	0.0	0.0	0.0	0.0	0.0013699	0.0	0.0	0.0	0.0	0.0	0.0017036	0.0	0.0	0.0	0.0	0.0	0.0	0.0	0.0	0.0	0.0	0.0	0.0	0.0	0.0	0.0023697	0.0	0.0	0.0	0.0	0.0	0.0	0.0	0.0	0.0	0.0	0.0	
Canard mandarin	0.0015	0.0108303	0.0033898	0.002008	0.0015	0.0020325	0.0	0.0025316	0.0045351	0.0	0.0045662	0.0015	0.0028986	0.00611	0.0019646	0.0	0.002451	0.0015	0.003992	0.0015552	0.0024272	0.0017036	0.0	0.0	0.0	0.0015	0.0074813	0.0017513	0.0	0.0	0.0	0.0047281	0.0029586	0.0	0.0021231	0.0	0.0	0.0023697	0.006192	0.0038095	0.0057971	0.0015	0.0027248	0.0020243	0.0015	0.0	0.0027624	0.0042827	
Canard souchet	0.0	0.0	0.0033898	0.0	0.0	0.0	0.0	0.0	0.0	0.0	0.0	0.0	0.0	0.0	0.0	0.0013699	0.0	0.0	0.0	0.0	0.0	0.0	0.0	0.0	0.0	0.0	0.0	0.0	0.0	0.0	0.0	0.0	0.0	0.002445	0.0	0.0	0.0	0.0	0.003096	0.0019048	0.0	0.003012	0.0	0.0020243	0.0	0.0025575	0.0	0.0	
Canard siffleur	0.0	0.0036101	0.0033898	0.002008	0.0064935	0.0	0.0	0.0	0.0	0.0	0.0	0.0	0.0	0.0020367	0.0	0.0	0.0	0.0	0.0	0.0	0.0	0.0	0.0	0.0	0.0	0.0	0.0	0.0	0.0	0.0	0.0	0.0	0.0	0.0	0.0	0.0020661	0.0	0.0047393	0.003096	0.0	0.0015	0.0090361	0.0	0.0060729	0.0	0.0025575	0.0027624	0.0	
Canard colvert	0.0878661	0.0469314	0.0508475	0.0341365	0.0454545	0.0264228	0.0471204	0.0253165	0.0430839	0.0399061	0.0365297	0.0304976	0.0724638	0.0427699	0.043222	0.0561644	0.0441176	0.049569	0.0299401	0.037325	0.0582524	0.044293	0.0281426	0.0257937	0.0202247	0.0244898	0.032419	0.0245184	0.048048	0.0354223	0.0469484	0.0165485	0.0414201	0.0366748	0.0552017	0.0413223	0.0402844	0.0592417	0.1021672	0.0647619	0.0637681	0.0512048	0.0326975	0.0323887	0.0202899	0.0255754	0.0497238	0.0406852	
Hybride Canard musqué x C. colvert	0.0	0.0	0.0	0.0	0.0	0.0	0.0	0.0	0.0	0.0	0.0	0.0	0.0	0.0	0.0	0.0	0.0	0.0	0.0	0.0	0.0	0.0	0.0	0.0	0.0	0.0	0.0	0.0	0.0	0.0	0.0	0.0	0.0	0.002445	0.0	0.0	0.0	0.0	0.0	0.0	0.0	0.0	0.0	0.0	0.0	0.0	0.0	0.0	
Canard pilet	0.0	0.0036101	0.0	0.0	0.0	0.0	0.0	0.0	0.0	0.0	0.0	0.0	0.0	0.0	0.0	0.0	0.0	0.0	0.0	0.0	0.0	0.0	0.0	0.0	0.0	0.0	0.0	0.0	0.0	0.0	0.0	0.0	0.0	0.0	0.0	0.0	0.0	0.0	0.0	0.0015	0.0057971	0.0	0.0	0.0040486	0.0	0.0	0.0027624	0.0	
Sarcelle d'hiver	0.0	0.0	0.0067797	0.0040161	0.0	0.0020325	0.0	0.0	0.0	0.0	0.0	0.0	0.0	0.0	0.0	0.0	0.0	0.0	0.0	0.0	0.0015	0.0	0.0	0.0	0.0	0.0	0.0	0.0017513	0.0	0.0	0.0023474	0.0	0.0	0.00489	0.0042463	0.0	0.0	0.0	0.006192	0.0038095	0.0086957	0.0060241	0.0054496	0.0080972	0.0	0.0	0.0082873	0.0021413	
Nette rousse	0.0041841	0.0	0.0	0.0	0.004329	0.0020325	0.0	0.0	0.0	0.0	0.0	0.0	0.0	0.0	0.0	0.0	0.0	0.0	0.0	0.0	0.0	0.0	0.0	0.0	0.0	0.0	0.0	0.0	0.0	0.0	0.0	0.0	0.0	0.0	0.0	0.0	0.0	0.0	0.0	0.0	0.0	0.0	0.0	0.0	0.0	0.0	0.0	0.0042827	
Hybride Canard colvert x Nette rousse	0.0	0.0015	0.0	0.002008	0.0021645	0.0020325	0.0026178	0.0	0.0	0.0	0.0	0.0016051	0.0	0.0	0.0	0.0	0.0	0.0	0.0	0.0	0.0	0.0	0.0	0.0	0.0	0.0	0.0	0.0	0.003003	0.0	0.0	0.0023641	0.0	0.0	0.0042463	0.0	0.007109	0.0	0.0	0.0019048	0.0015	0.0060241	0.0	0.0020243	0.0	0.0	0.0110497	0.0	
Fuligule morillon	0.0	0.0	0.0	0.0	0.0	0.0	0.0	0.0	0.0	0.0	0.0	0.0	0.0	0.0	0.0	0.0	0.0	0.0	0.0	0.0	0.0	0.0	0.0	0.0	0.0	0.0	0.0	0.0	0.0	0.0	0.0	0.0	0.0	0.0	0.0	0.0	0.0	0.0	0.0	0.0	0.0	0.003012	0.0	0.0020243	0.0	0.0	0.0	0.0	
anatidé sp. (canard sp.)	0.0	0.0	0.0033898	0.0	0.0	0.0	0.0	0.0	0.0	0.0	0.0	0.0	0.0	0.0	0.0	0.0	0.0	0.0	0.0	0.0	0.0	0.0	0.0	0.0	0.0	0.0	0.0	0.0	0.003003	0.0	0.0	0.0	0.0	0.0	0.0	0.0	0.0	0.0	0.0	0.0	0.0	0.0	0.0	0.0	0.0	0.0	0.0	0.0	
sauvagine sp.	0.0	0.0	0.0	0.0	0.0	0.0	0.0	0.0	0.0	0.0	0.0	0.0	0.0	0.0	0.0	0.0	0.0	0.0	0.0	0.0	0.0	0.0	0.0	0.0	0.0022472	0.0	0.0	0.0	0.0	0.0	0.0	0.0	0.0	0.0	0.0	0.0	0.0	0.0	0.0	0.0	0.0028986	0.0	0.0	0.0015	0.0	0.0	0.0	0.0	
Dindon sauvage	0.0	0.0	0.0	0.0	0.0	0.0	0.0	0.0	0.0	0.0	0.0	0.0	0.0015	0.0	0.0	0.0	0.0	0.0	0.0	0.0	0.0	0.0	0.0	0.0	0.0	0.0	0.0	0.0	0.0	0.0	0.0	0.0	0.0	0.0	0.0	0.0	0.0	0.0	0.0	0.0	0.0	0.0	0.0	0.0	0.0	0.0	0.0	0.0	
Faisan de Colchide	0.0	0.0	0.0	0.0	0.0	0.0	0.0	0.0	0.0	0.0015	0.0	0.0	0.0	0.0	0.0	0.0	0.0	0.0	0.0	0.0	0.0024272	0.0015	0.0	0.0	0.0	0.0	0.0015	0.0	0.0	0.0	0.0	0.0	0.0	0.0	0.0	0.0	0.0	0.0	0.0	0.0	0.0	0.0	0.0	0.0	0.0	0.0	0.0	0.0	
Paon bleu	0.0015	0.0036101	0.0	0.002008	0.0021645	0.0020325	0.0052356	0.0050633	0.0022676	0.0023474	0.0022831	0.0048154	0.0144928	0.0020367	0.0078585	0.0013699	0.002451	0.0021552	0.007984	0.0015	0.0024272	0.0102215	0.0018762	0.0	0.0044944	0.0040816	0.0024938	0.0017513	0.0	0.0	0.0	0.0	0.0	0.0	0.0	0.0	0.0015	0.0023697	0.0	0.0015	0.0	0.003012	0.0015	0.0020243	0.0	0.0	0.0015	0.0	
Caille des blés	0.0	0.0	0.0	0.0	0.0	0.0	0.0	0.0	0.0	0.0023474	0.0	0.0016051	0.0028986	0.0	0.0058939	0.0027397	0.0	0.0150862	0.005988	0.0062208	0.0169903	0.0562181	0.0619137	0.031746	0.0134831	0.0142857	0.0074813	0.0052539	0.0	0.0027248	0.0015	0.0	0.0	0.0	0.0	0.0	0.0	0.0	0.0	0.0	0.0	0.0	0.0	0.0	0.0	0.0	0.0	0.0	
Perdrix rouge	0.0	0.0072202	0.0067797	0.0040161	0.012987	0.0020325	0.0052356	0.0202532	0.0068027	0.0093897	0.0045662	0.0080257	0.0086957	0.00611	0.0137525	0.0136986	0.0147059	0.012931	0.007984	0.0062208	0.0024272	0.0068143	0.0093809	0.0178571	0.0022472	0.0061224	0.0024938	0.0017513	0.009009	0.0081744	0.0093897	0.0094563	0.0088757	0.0	0.0021231	0.0082645	0.0094787	0.0094787	0.0123839	0.0038095	0.0057971	0.0060241	0.0054496	0.0060729	0.0115942	0.0	0.0027624	0.0042827	
Pigeon biset	0.1589958	0.1732852	0.1322034	0.1546185	0.1666667	0.1544715	0.1518325	0.1848101	0.1768707	0.1643192	0.109589	0.2375602	0.1855072	0.2301426	0.21611	0.1835616	0.2156863	0.1853448	0.1976048	0.2301711	0.1966019	0.229983	0.1876173	0.2301587	0.2382022	0.2959184	0.3142145	0.3169877	0.2132132	0.2615804	0.2276995	0.2931442	0.2721893	0.2420538	0.1762208	0.2272727	0.1848341	0.1611374	0.1424149	0.1580952	0.2115942	0.1927711	0.1662125	0.1720648	0.1478261	0.1329923	0.1712707	0.1413276	
Pigeon ramier	0.0502092	0.0830325	0.0949153	0.0963855	0.1017316	0.0955285	0.1413613	0.1291139	0.1519274	0.1431925	0.1757991	0.1396469	0.1884058	0.191446	0.2318271	0.2013699	0.1764706	0.2198276	0.2195609	0.2161742	0.2427184	0.2793867	0.2514071	0.2579365	0.2022472	0.2020408	0.2543641	0.2119089	0.3243243	0.3487738	0.2605634	0.2340426	0.2248521	0.1344743	0.14862	0.1280992	0.0995261	0.1303318	0.123839	0.1085714	0.0956522	0.063253	0.0626703	0.0445344	0.0463768	0.028133	0.0635359	0.0749465	
Columba sp.	0.0	0.0	0.0	0.0	0.0	0.0	0.0026178	0.0025316	0.0	0.0	0.0	0.0064205	0.0028986	0.0020367	0.0	0.0013699	0.0	0.0	0.0	0.0	0.0	0.0	0.0	0.0	0.0	0.0	0.0024938	0.0	0.003003	0.0	0.0	0.0023641	0.0	0.0015	0.0	0.0	0.0	0.0	0.003096	0.0	0.0	0.003012	0.0	0.0020243	0.0	0.0	0.0	0.0	
Tourterelle des bois	0.0	0.0	0.0	0.0	0.0	0.0	0.0	0.0	0.0	0.0	0.0	0.0	0.0015	0.0	0.0117878	0.0273973	0.0490196	0.0818966	0.0718563	0.0730949	0.0631068	0.1073254	0.1031895	0.0734127	0.0966292	0.0428571	0.0473815	0.0297723	0.048048	0.0354223	0.0234742	0.0189125	0.0118343	0.002445	0.0021231	0.0020661	0.0	0.0	0.0	0.0	0.0	0.0	0.0	0.0	0.0	0.0	0.0	0.0	
Tourterelle turque	0.0460251	0.0469314	0.0440678	0.0582329	0.0562771	0.0345528	0.1282723	0.0531646	0.0544218	0.0375587	0.0502283	0.0754414	0.1275362	0.1038697	0.1139489	0.1150685	0.1029412	0.1034483	0.0878244	0.0777605	0.1067961	0.1005111	0.1144465	0.1190476	0.1146067	0.0897959	0.1371571	0.0858144	0.1141141	0.119891	0.1690141	0.1276596	0.1213018	0.0757946	0.029724	0.0392562	0.028436	0.0521327	0.0371517	0.0342857	0.026087	0.0421687	0.0326975	0.0101215	0.0231884	0.0179028	0.019337	0.0556745	
Streptopelia sp.	0.0	0.0	0.0	0.0	0.0	0.0	0.0	0.0	0.0	0.0	0.0	0.0	0.0028986	0.0	0.0	0.0	0.0	0.0	0.0	0.0	0.0	0.0	0.0015	0.0	0.0	0.0	0.0	0.0	0.0	0.0	0.0023474	0.0	0.0	0.0	0.0	0.0	0.0	0.0	0.0	0.0	0.0	0.0	0.0	0.0	0.0	0.0	0.0	0.0	
columbidé sp.	0.0	0.0	0.0033898	0.0	0.0	0.0020325	0.0	0.0	0.0022676	0.0	0.0	0.0	0.0028986	0.0040733	0.0	0.0	0.0	0.0021552	0.0	0.0	0.0	0.0	0.0	0.0	0.0	0.0	0.0	0.0	0.0	0.0	0.0	0.0	0.0	0.0	0.0	0.0015	0.0	0.0	0.0	0.0	0.0	0.0	0.0	0.0040486	0.0	0.0025575	0.0027624	0.0021413	
Coucou geai	0.0	0.0	0.0	0.0	0.0	0.0	0.0	0.0	0.0	0.0	0.0	0.0	0.0	0.0	0.0	0.0	0.0	0.0	0.0	0.0	0.0	0.0	0.0	0.0	0.0	0.0	0.0024938	0.0	0.0	0.0	0.0	0.0	0.0	0.0	0.0	0.0	0.0	0.0	0.0	0.0	0.0	0.0	0.0	0.0	0.0	0.0	0.0	0.0	
Coucou gris	0.0	0.0	0.0	0.0	0.0	0.0	0.0	0.0	0.0022676	0.0070423	0.0136986	0.0385233	0.1130435	0.0753564	0.1394892	0.0876712	0.1102941	0.0517241	0.0838323	0.0995334	0.0436893	0.0715503	0.0487805	0.0099206	0.0089888	0.0020408	0.0024938	0.0017513	0.0	0.0027248	0.0023474	0.0	0.0	0.0	0.0	0.0	0.0	0.0	0.0	0.0	0.0	0.0	0.0	0.0	0.0	0.0	0.0	0.0	
Engoulevent d'Europe	0.0	0.0	0.0	0.0	0.0	0.0	0.0	0.0	0.0	0.0	0.0	0.0	0.0	0.0015	0.0019646	0.0015	0.0015	0.0021552	0.007984	0.0217729	0.0072816	0.0187394	0.0093809	0.0178571	0.0224719	0.0102041	0.0199501	0.0105079	0.048048	0.0217984	0.0070423	0.0015	0.0015	0.0015	0.0042463	0.0061983	0.0	0.0023697	0.0	0.0	0.0	0.0	0.0	0.0	0.0	0.0	0.0	0.0	
Engoulevent à collier roux ou E. d'Europe	0.0	0.0	0.0	0.0	0.0	0.0	0.0	0.0	0.0	0.0	0.0	0.0	0.0	0.0	0.0	0.0	0.0	0.0	0.0	0.0	0.0	0.0	0.0	0.0	0.0	0.0	0.0	0.0	0.0	0.0	0.0046948	0.0	0.0	0.0	0.0	0.0	0.0	0.0	0.0	0.0	0.0	0.0	0.0	0.0	0.0	0.0	0.0	0.0	
Caprimulgus sp.	0.0	0.0	0.0	0.0	0.0	0.0	0.0	0.0	0.0	0.0	0.0	0.0	0.0	0.0	0.0	0.0	0.0	0.0	0.0	0.0	0.0	0.0	0.0	0.0	0.0	0.0	0.0	0.0	0.0	0.0	0.0	0.0015	0.0	0.0	0.0	0.0	0.0	0.0	0.0	0.0	0.0	0.0	0.0	0.0	0.0	0.0	0.0	0.0	
Martinet à ventre blanc	0.0	0.0	0.0	0.0	0.0	0.0	0.0	0.0	0.0	0.0	0.0015	0.0	0.0015	0.0020367	0.0019646	0.0027397	0.0	0.0086207	0.001996	0.007776	0.0048544	0.0068143	0.0018762	0.015873	0.0067416	0.0061224	0.0024938	0.0192644	0.009009	0.0027248	0.0046948	0.0	0.0	0.0	0.0021231	0.0	0.0	0.0	0.0	0.0	0.0	0.0	0.0	0.0	0.0	0.0	0.0	0.0	
Martinet noir	0.0	0.0	0.0	0.0	0.0	0.0	0.0	0.0	0.0	0.0046948	0.0	0.0128411	0.0202899	0.0610998	0.0785855	0.1068493	0.1789216	0.1810345	0.1776447	0.2161742	0.3033981	0.3526405	0.3452158	0.3789683	0.2966292	0.2265306	0.1995012	0.1628722	0.1051051	0.0762943	0.0938967	0.1040189	0.0384615	0.0171149	0.0233546	0.0206612	0.0	0.0023697	0.0	0.0	0.0	0.0	0.0	0.0	0.0	0.0	0.0	0.0	
Martinet pâle	0.0	0.0	0.0	0.0	0.0	0.0	0.0	0.0	0.0	0.0	0.0015	0.0080257	0.0015	0.0183299	0.0294695	0.0479452	0.0245098	0.075431	0.0978044	0.1104199	0.131068	0.0954003	0.1050657	0.0892857	0.0606742	0.1061224	0.084788	0.061296	0.0690691	0.0490463	0.0516432	0.035461	0.0532544	0.0415648	0.0233546	0.0144628	0.028436	0.0094787	0.0123839	0.0019048	0.0	0.0	0.0	0.0	0.0	0.0	0.0	0.0	
Martinet noir ou M. pâle	0.0	0.0	0.0	0.0	0.0	0.0	0.0	0.0	0.0	0.0023474	0.0	0.011236	0.0144928	0.0142566	0.0137525	0.0205479	0.0196078	0.0280172	0.0219561	0.0279938	0.0218447	0.0255537	0.0168856	0.0238095	0.0426966	0.0183673	0.0249377	0.0122592	0.021021	0.0190736	0.0211268	0.0189125	0.0029586	0.007335	0.0063694	0.0020661	0.0165877	0.0047393	0.003096	0.0	0.0	0.0	0.0	0.0	0.0	0.0	0.0	0.0	
Apus ou Tachymarptis sp.	0.0	0.0	0.0	0.0	0.0	0.0	0.0	0.0	0.0	0.0	0.0	0.0	0.0	0.0	0.0019646	0.0013699	0.0015	0.0021552	0.0	0.0015	0.0	0.0	0.0	0.0	0.0022472	0.0	0.0024938	0.0	0.0	0.0	0.0	0.0	0.0	0.0	0.0042463	0.0	0.0	0.0	0.0	0.0	0.0	0.0	0.0	0.0	0.0	0.0	0.0	0.0	
Râle d'eau	0.0	0.0	0.0	0.0	0.0	0.0	0.0	0.0	0.0	0.0	0.0	0.0	0.0	0.0	0.0	0.0	0.0	0.0021552	0.0	0.0	0.0	0.0	0.0	0.0019841	0.0	0.0	0.0049875	0.0	0.0	0.0	0.0	0.0	0.0	0.0	0.0	0.0	0.0	0.0	0.0	0.0	0.0	0.0	0.0	0.0	0.0	0.0	0.0	0.0	
Gallinule poule-d'eau	0.0167364	0.0288809	0.0169492	0.0040161	0.0151515	0.0081301	0.013089	0.0075949	0.0090703	0.0023474	0.0022831	0.011236	0.0057971	0.0081466	0.0098232	0.0123288	0.0073529	0.012931	0.003992	0.0062208	0.0194175	0.0204429	0.011257	0.0059524	0.0067416	0.0020408	0.0174564	0.0052539	0.009009	0.0081744	0.0070423	0.0165485	0.0236686	0.007335	0.0106157	0.018595	0.0118483	0.0118483	0.0154799	0.0057143	0.0144928	0.003012	0.0081744	0.0015	0.0057971	0.0025575	0.0110497	0.0107066	
Foulque macroule	0.0	0.0	0.0	0.0	0.0	0.0	0.0	0.0	0.0	0.0	0.0	0.0	0.0	0.0	0.0	0.0	0.0	0.0	0.0	0.0015552	0.0	0.0	0.0	0.0	0.0	0.0	0.0	0.0	0.0	0.0	0.0	0.0	0.0	0.0	0.0	0.0	0.0	0.0	0.006192	0.0	0.0	0.0	0.0	0.0	0.0	0.0	0.0	0.0	
Échasse blanche	0.0	0.0	0.0	0.0	0.0	0.0	0.0	0.0	0.0	0.0	0.0	0.0	0.0028986	0.0	0.0	0.0	0.0	0.0	0.0	0.0	0.0	0.0	0.0	0.0	0.0	0.0	0.0	0.0	0.0	0.0	0.0	0.0	0.0	0.0	0.0	0.0	0.0	0.0	0.0	0.0	0.0	0.0	0.0	0.0	0.0	0.0	0.0	0.0	
Avocette élégante	0.0	0.0	0.0	0.0	0.0	0.0	0.0	0.0	0.0	0.0	0.0	0.0	0.0	0.0	0.0	0.0	0.0	0.0	0.0	0.0	0.0	0.0	0.0	0.0	0.0	0.0	0.0	0.0	0.0	0.0	0.0	0.0	0.0	0.0	0.0	0.0	0.0	0.0	0.0	0.0	0.0	0.0	0.0027248	0.0	0.0	0.0	0.0	0.0	
Grand Gravelot	0.0	0.0	0.0	0.0	0.0	0.0	0.0	0.0	0.0	0.0	0.0	0.0	0.0	0.0	0.0	0.0	0.002451	0.0	0.0	0.0	0.0	0.0	0.0	0.0	0.0	0.0	0.0	0.0	0.003003	0.0	0.0	0.0	0.0015	0.002445	0.0021231	0.0020661	0.0	0.0	0.003096	0.0019048	0.0	0.0	0.0	0.0	0.0	0.0	0.0	0.0	
Petit Gravelot	0.0	0.0	0.0	0.0	0.0	0.0	0.0	0.0	0.0	0.0	0.0015	0.0015	0.0057971	0.0	0.0	0.0	0.0	0.0021552	0.0	0.0	0.0	0.0	0.0	0.0	0.0	0.0	0.0	0.0	0.0	0.0	0.0	0.0	0.0	0.0	0.0	0.0	0.0	0.0	0.0	0.0	0.0	0.0	0.0	0.0	0.0	0.0	0.0	0.0	
Grand Gravelot ou Petit Gravelot	0.0	0.0	0.0	0.0	0.0	0.0	0.0	0.0	0.0	0.0	0.0	0.0	0.0	0.0	0.0	0.0	0.0	0.0	0.0	0.0015552	0.0	0.0	0.0	0.0	0.0	0.0	0.0	0.0	0.0	0.0	0.0	0.0	0.0	0.0	0.0	0.0	0.0	0.0	0.0	0.0	0.0	0.0	0.0	0.0	0.0	0.0	0.0	0.0	
Vanneau huppé	0.0	0.0	0.0	0.0	0.0	0.0	0.0	0.0	0.0	0.0	0.0	0.0	0.0	0.0	0.0	0.0	0.0	0.0	0.0	0.0	0.0	0.0	0.0	0.0	0.0	0.0	0.0	0.0	0.0	0.0	0.0	0.0	0.0	0.0	0.0	0.0	0.0	0.0047393	0.003096	0.0	0.0028986	0.0	0.0	0.0020243	0.0	0.0	0.0	0.0	
Gravelot sp.	0.0	0.0	0.0	0.0	0.0	0.0	0.0	0.0	0.0	0.0	0.0	0.0	0.0	0.0	0.0	0.0	0.0	0.0	0.0	0.0	0.0	0.0	0.0	0.0	0.0	0.0	0.0	0.0	0.0	0.0	0.0	0.0	0.0	0.0	0.0	0.0	0.0	0.0	0.0	0.0019048	0.0	0.0	0.0	0.0	0.0	0.0	0.0	0.0	
Courlis corlieu	0.0	0.0	0.0	0.0	0.0	0.0	0.0	0.0	0.0	0.0	0.0	0.0	0.0	0.0015	0.0	0.0	0.0	0.0	0.0	0.0	0.0	0.0	0.0	0.0	0.0	0.0	0.0	0.0	0.0	0.0	0.0	0.0	0.0	0.0	0.0	0.0	0.0	0.0	0.0	0.0	0.0	0.0	0.0	0.0	0.0	0.0	0.0	0.0	
Bécasse des bois	0.0	0.0	0.0	0.002008	0.0	0.0	0.0	0.0	0.0	0.0	0.0	0.0	0.0	0.0	0.0	0.0	0.0	0.0	0.0	0.0	0.0	0.0	0.0	0.0	0.0	0.0	0.0	0.0	0.0	0.0	0.0	0.0	0.0	0.0	0.0	0.0	0.0	0.0	0.0	0.0	0.0	0.0	0.0	0.0	0.0028986	0.0	0.0015	0.0021413	
Bécassine des marais	0.0	0.0	0.0033898	0.0	0.0	0.0	0.0	0.0	0.0	0.0	0.0	0.0	0.0	0.0	0.0	0.0	0.0	0.0	0.0	0.0	0.0	0.0	0.0	0.0	0.0	0.0	0.0	0.0	0.0	0.0	0.0	0.0	0.0029586	0.00978	0.0021231	0.0	0.0023697	0.0	0.0	0.0	0.0	0.0	0.0	0.0	0.0	0.0	0.0	0.0	
Chevalier guignette	0.0167364	0.0036101	0.0101695	0.0060241	0.004329	0.0081301	0.0078534	0.0	0.0	0.0070423	0.0068493	0.0032103	0.0086957	0.0040733	0.0	0.0068493	0.0073529	0.0	0.0	0.0	0.0024272	0.0	0.0	0.0039683	0.0022472	0.0020408	0.0049875	0.0035026	0.015015	0.0190736	0.0258216	0.0236407	0.0266272	0.0195599	0.0339703	0.035124	0.0165877	0.0165877	0.0278638	0.0133333	0.0173913	0.0180723	0.0081744	0.0121457	0.0	0.0025575	0.0138122	0.0107066	
Chevalier culblanc	0.0	0.0036101	0.0	0.0	0.0015	0.0020325	0.0026178	0.0	0.0	0.0	0.0015	0.0016051	0.0028986	0.0	0.0	0.0	0.0	0.0	0.0	0.0	0.0	0.0	0.0	0.0015	0.0	0.0020408	0.0	0.0017513	0.012012	0.0108992	0.0117371	0.0047281	0.0118343	0.0122249	0.0063694	0.0041322	0.0023697	0.0047393	0.0123839	0.007619	0.0	0.003012	0.0015	0.0020243	0.0028986	0.0	0.0	0.0042827	
Chevalier sylvain	0.0	0.0	0.0	0.0	0.0	0.0	0.0	0.0	0.0	0.0	0.0	0.0	0.0	0.0	0.0	0.0	0.0	0.0	0.0	0.0	0.0	0.0	0.0	0.0	0.0	0.0	0.0	0.0	0.003003	0.0	0.0	0.0	0.0	0.0	0.0	0.0	0.0	0.0	0.0	0.0	0.0	0.0	0.0	0.0	0.0	0.0	0.0	0.0	
Chevalier gambette	0.0	0.0	0.0	0.0	0.0	0.0	0.0	0.0	0.0	0.0	0.0	0.0	0.0	0.0	0.0	0.0	0.0	0.0021552	0.0	0.0	0.0	0.0	0.0	0.0	0.0	0.0	0.0	0.0	0.0	0.0	0.0	0.0	0.0	0.0	0.0	0.0	0.0	0.0	0.0	0.0	0.0	0.0	0.0	0.0	0.0	0.0	0.0	0.0	
Chevalier aboyeur	0.0	0.0	0.0	0.0	0.0	0.0	0.0	0.0	0.0	0.0	0.0	0.0	0.0	0.0	0.0	0.0	0.0	0.0	0.0	0.0	0.0	0.0	0.0	0.0	0.0	0.0	0.0	0.0	0.0	0.0	0.0	0.0	0.0	0.002445	0.0042463	0.0	0.0	0.0	0.0	0.0	0.0	0.0	0.0	0.0	0.0	0.0	0.0	0.0	
Bécasseau sanderling	0.0	0.0	0.0	0.0	0.0	0.0	0.0	0.0	0.0	0.0	0.0	0.0	0.0	0.0	0.0	0.0	0.0	0.0	0.0	0.0	0.0	0.0	0.0	0.0	0.0	0.0	0.0	0.0	0.0	0.0	0.0	0.0	0.0	0.0	0.0	0.0	0.0	0.0	0.003096	0.0	0.0	0.0	0.0	0.0	0.0	0.0	0.0	0.0	
Bécasseau variable	0.0	0.0	0.0	0.0	0.0	0.0	0.0	0.0	0.0	0.0	0.0	0.0	0.0	0.0	0.0	0.0	0.002451	0.0	0.0	0.0	0.0	0.0	0.0	0.0	0.0	0.0	0.0	0.0017513	0.0	0.0	0.0	0.0	0.0029586	0.00489	0.0	0.0	0.0	0.0	0.003096	0.0019048	0.0	0.0	0.0	0.0	0.0	0.0	0.0	0.0	
Bécasseau minute	0.0	0.0	0.0	0.0	0.0	0.0	0.0	0.0	0.0	0.0	0.0	0.0	0.0	0.0	0.0	0.0	0.0	0.0	0.0	0.0	0.0	0.0	0.0	0.0	0.0	0.0	0.0	0.0	0.0	0.0	0.0	0.0	0.0	0.0	0.0021231	0.0	0.0	0.0	0.0	0.0	0.0	0.0	0.0	0.0	0.0	0.0	0.0	0.0	
limicole sp.	0.0	0.0	0.0	0.0	0.0	0.0	0.0	0.0	0.0	0.0	0.0	0.0	0.0	0.0	0.0	0.0	0.0	0.0	0.0	0.0	0.0	0.0	0.0	0.0	0.0	0.0	0.0	0.0	0.0	0.0	0.0	0.0	0.0	0.0	0.0	0.0	0.0	0.0	0.0	0.0	0.0028986	0.0	0.0	0.0	0.0	0.0	0.0	0.0	
Mouette rieuse	0.0041841	0.0072202	0.0015	0.002008	0.008658	0.004065	0.0026178	0.0025316	0.0022676	0.0023474	0.0022831	0.0015	0.0	0.0	0.0019646	0.0	0.0	0.0	0.0	0.0	0.0	0.0	0.0	0.0019841	0.0	0.0	0.0	0.0	0.0	0.0	0.0023474	0.0	0.0029586	0.002445	0.0021231	0.0061983	0.0023697	0.0094787	0.0123839	0.0019048	0.0086957	0.003012	0.0027248	0.0040486	0.0	0.0	0.0027624	0.0171306	
Goéland leucophée	0.0041841	0.0015	0.0033898	0.002008	0.0021645	0.0081301	0.0026178	0.0	0.0	0.0	0.0	0.0016051	0.0028986	0.0020367	0.0	0.0	0.004902	0.0	0.0	0.0	0.0	0.0017036	0.0	0.0019841	0.0	0.0020408	0.0	0.0	0.003003	0.0	0.0	0.0023641	0.0	0.00489	0.0	0.0	0.0023697	0.0023697	0.0154799	0.0057143	0.0115942	0.0090361	0.0	0.0	0.0	0.0025575	0.0	0.012848	
Goéland brun	0.0	0.0	0.0	0.0	0.0	0.0015	0.0026178	0.0	0.0	0.0023474	0.0022831	0.0	0.0	0.0	0.0	0.0	0.002451	0.0	0.0	0.0	0.0	0.0	0.0	0.0	0.0015	0.0	0.0	0.0	0.0	0.0	0.0	0.0	0.0	0.002445	0.0	0.0020661	0.0023697	0.0	0.0	0.0	0.0028986	0.0	0.0	0.0	0.0	0.0	0.0	0.0	
Goéland leucophée ou G. brun	0.0	0.0	0.0	0.0	0.0	0.0	0.0026178	0.0050633	0.0022676	0.0	0.0	0.0	0.0	0.0	0.0	0.0	0.0	0.0	0.0	0.0	0.0	0.0	0.0	0.0	0.0	0.0	0.0	0.0	0.0	0.0	0.0	0.0	0.0	0.002445	0.0	0.0	0.0015	0.0	0.0	0.0019048	0.0	0.0	0.0	0.0	0.0	0.0	0.0	0.0	
goéland sp. (Larus sp.)	0.0	0.0	0.0	0.0	0.0	0.0	0.0	0.0	0.0	0.0	0.0	0.0	0.0028986	0.0	0.0	0.0	0.0	0.0	0.0	0.0	0.0	0.0	0.0	0.0	0.0	0.0	0.0	0.0	0.0	0.0	0.0	0.0	0.0	0.0	0.0	0.0	0.0	0.0	0.0	0.0	0.0	0.0	0.0	0.0	0.0	0.0	0.0	0.0	
goéland ou mouette sp.	0.0	0.0	0.0	0.0	0.0	0.0	0.0	0.0	0.0	0.0	0.0	0.0	0.0	0.0	0.0	0.0	0.0	0.0	0.0	0.0	0.0	0.0	0.0	0.0	0.0	0.0	0.0	0.0	0.0	0.0	0.0	0.0	0.0	0.0	0.0	0.0	0.0023697	0.0023697	0.0	0.0	0.0	0.0	0.0	0.0	0.0	0.0	0.0	0.0	
Guifette noire	0.0	0.0	0.0	0.0	0.0	0.0	0.0	0.0	0.0	0.0	0.0	0.0	0.0	0.0	0.0	0.0	0.0	0.0	0.0	0.0	0.0	0.0	0.0	0.0	0.0	0.0	0.0	0.0	0.0	0.0	0.0023474	0.0	0.0	0.0	0.0	0.0	0.0	0.0	0.0	0.0	0.0	0.0	0.0	0.0	0.0	0.0	0.0	0.0	
Sterne pierregarin	0.0	0.0	0.0	0.0	0.0	0.0	0.0	0.0	0.0	0.0	0.0	0.0	0.0	0.0	0.0	0.0	0.0	0.0	0.0	0.0	0.0	0.0	0.0	0.0	0.0	0.0	0.0	0.0	0.0	0.0	0.0	0.0	0.0	0.0	0.0021231	0.0	0.0	0.0	0.0	0.0	0.0	0.0	0.0	0.0	0.0	0.0	0.0	0.0	
Sterna sp.	0.0	0.0	0.0	0.0	0.0	0.0	0.0	0.0	0.0	0.0	0.0	0.0	0.0	0.0	0.0	0.0	0.0	0.0	0.0	0.0	0.0	0.0	0.0	0.0	0.0	0.0	0.0	0.0	0.0	0.0	0.0	0.0	0.0	0.0	0.0021231	0.0	0.0	0.0	0.0	0.0	0.0	0.0	0.0	0.0	0.0	0.0	0.0	0.0	
Grèbe castagneux	0.0083682	0.0144404	0.0	0.0060241	0.0021645	0.0020325	0.0104712	0.0025316	0.0022676	0.0015	0.0022831	0.0048154	0.0057971	0.0040733	0.0117878	0.0054795	0.004902	0.0043103	0.0	0.0015552	0.0121359	0.0015	0.0056285	0.0019841	0.0022472	0.0040816	0.0024938	0.0015	0.018018	0.0081744	0.0093897	0.0047281	0.0118343	0.0220049	0.0106157	0.0103306	0.0165877	0.0165877	0.0123839	0.0209524	0.0144928	0.0090361	0.013624	0.0040486	0.0015	0.0015	0.0027624	0.0107066	
Grèbe huppé	0.0041841	0.0036101	0.0067797	0.0040161	0.004329	0.0	0.0078534	0.0050633	0.0022676	0.0023474	0.0	0.0016051	0.0086957	0.0020367	0.0	0.0082192	0.002451	0.0021552	0.001996	0.0031104	0.0072816	0.0034072	0.0018762	0.0039683	0.0015	0.0	0.0024938	0.0015	0.0	0.0	0.0046948	0.0	0.0029586	0.002445	0.0063694	0.0041322	0.0023697	0.0047393	0.0340557	0.007619	0.0028986	0.0	0.0027248	0.0060729	0.0028986	0.0025575	0.0027624	0.0021413	
Cigogne noire	0.0	0.0	0.0	0.0	0.0	0.0	0.0	0.0	0.0	0.0	0.0	0.0	0.0	0.0	0.0	0.0013699	0.0	0.0	0.0	0.0015552	0.0	0.0	0.0	0.0	0.0	0.0	0.0	0.0	0.0	0.0	0.0	0.0	0.0	0.0015	0.0	0.0	0.0	0.0	0.0	0.0019048	0.0	0.0	0.0	0.0	0.0	0.0	0.0	0.0	
Cigogne blanche	0.0	0.0	0.0	0.0015	0.0	0.0	0.0026178	0.0015	0.0	0.0023474	0.0022831	0.0032103	0.0	0.0015	0.0	0.0015	0.0	0.0	0.001996	0.0031104	0.0024272	0.0	0.0015	0.0099206	0.0022472	0.0015	0.0049875	0.0035026	0.009009	0.0	0.0	0.0023641	0.0029586	0.0	0.0	0.0015	0.0023697	0.0015	0.0	0.0	0.0	0.0	0.0	0.0	0.0	0.0	0.0	0.0	
Grand Cormoran	0.0920502	0.0794224	0.0677966	0.0381526	0.0519481	0.0365854	0.0575916	0.0405063	0.047619	0.0375587	0.043379	0.0304976	0.0608696	0.0244399	0.0235756	0.0219178	0.004902	0.0	0.003992	0.0031104	0.0072816	0.0051107	0.0	0.0039683	0.0044944	0.0061224	0.0	0.0035026	0.012012	0.013624	0.0046948	0.0047281	0.0266272	0.0195599	0.0233546	0.0247934	0.0260664	0.0450237	0.1083591	0.0628571	0.0608696	0.0813253	0.0463215	0.0303644	0.0376812	0.0127877	0.0441989	0.0449679	
Spatule blanche	0.0	0.0	0.0	0.0	0.0	0.0	0.0	0.0	0.0	0.0	0.0	0.0	0.0	0.0	0.0	0.0	0.0	0.0	0.0	0.0	0.0	0.0	0.0	0.0	0.0	0.0	0.0	0.0	0.0	0.0	0.0	0.0	0.0	0.0	0.0021231	0.0	0.0	0.0	0.003096	0.0	0.0	0.0	0.0	0.0	0.0	0.0	0.0	0.0	
Bihoreau gris	0.0	0.0	0.0	0.0	0.0	0.0	0.0	0.0	0.0	0.0	0.0	0.0	0.0	0.0	0.0	0.0	0.0	0.0	0.0	0.0	0.0	0.0	0.0	0.0	0.0	0.0	0.0015	0.0015	0.0015	0.0	0.0	0.0023641	0.0	0.0	0.0	0.0	0.0	0.0	0.0	0.0	0.0	0.0	0.0	0.0	0.0	0.0	0.0	0.0	
Aigrette garzette	0.0041841	0.0036101	0.0067797	0.0040161	0.0	0.0	0.0	0.0050633	0.0	0.0	0.0	0.0	0.0	0.0	0.0019646	0.0013699	0.002451	0.0	0.0	0.0015552	0.0	0.0	0.0	0.0	0.0	0.0	0.0	0.0	0.0	0.0027248	0.0023474	0.0	0.0	0.002445	0.0084926	0.0061983	0.007109	0.007109	0.003096	0.0057143	0.0057971	0.0060241	0.0027248	0.0015	0.0028986	0.0	0.0082873	0.0	
Héron garde-boeufs	0.0	0.0	0.0	0.0	0.0	0.0	0.0	0.0	0.0	0.0	0.0	0.0	0.0	0.0	0.0	0.0	0.0	0.0	0.0	0.0	0.0	0.0	0.0018762	0.0	0.0	0.0	0.0	0.0	0.0	0.0	0.0	0.0	0.0	0.0	0.0042463	0.0	0.0047393	0.0023697	0.0	0.0	0.0	0.0	0.0	0.0015	0.0	0.0	0.0	0.0	
Grande Aigrette	0.0041841	0.0108303	0.0135593	0.0040161	0.0021645	0.0	0.0	0.0025316	0.0	0.0	0.0022831	0.0	0.0	0.0	0.0	0.0	0.0	0.0	0.0	0.0	0.0	0.0	0.0	0.0	0.0	0.0	0.0	0.0	0.0	0.0	0.0	0.0	0.0029586	0.0	0.0	0.0	0.0	0.0047393	0.0123839	0.0038095	0.0173913	0.003012	0.0027248	0.0040486	0.0028986	0.0	0.0	0.0021413	
Héron cendré	0.0669456	0.0361011	0.0372881	0.0240964	0.030303	0.0142276	0.0340314	0.0227848	0.0249433	0.0070423	0.0182648	0.011236	0.0173913	0.01222	0.0137525	0.0109589	0.0171569	0.0086207	0.00998	0.0139969	0.026699	0.0102215	0.0093809	0.0119048	0.0134831	0.0163265	0.0174564	0.0192644	0.0510511	0.0435967	0.0492958	0.0401891	0.056213	0.0635697	0.0679406	0.053719	0.0473934	0.0734597	0.1021672	0.0780952	0.0637681	0.0662651	0.0299728	0.0323887	0.0231884	0.0127877	0.0220994	0.0364026	
Héron pourpré	0.0	0.0	0.0	0.0	0.0	0.0	0.0	0.0	0.0	0.0	0.0	0.0	0.0	0.0	0.0	0.0	0.0	0.0	0.0	0.0	0.0	0.0	0.0	0.0	0.0	0.0	0.0099751	0.0015	0.003003	0.0054496	0.0015	0.0015	0.0	0.0	0.0	0.0	0.0	0.0023697	0.0	0.0	0.0	0.0	0.0	0.0	0.0	0.0	0.0	0.0	
Ardea sp.	0.0	0.0	0.0	0.0	0.0	0.0	0.0026178	0.0	0.0015	0.0	0.0	0.0	0.0	0.0	0.0	0.0	0.0	0.0	0.0	0.0	0.0	0.0	0.0	0.0	0.0	0.0	0.0015	0.0	0.0	0.0	0.0	0.0	0.0	0.0	0.0	0.0	0.0	0.0	0.0	0.0	0.0	0.0	0.0	0.0	0.0	0.0	0.0	0.0	
Balbuzard pêcheur	0.0	0.0	0.0	0.0	0.0	0.0	0.0	0.0	0.0	0.0	0.0	0.0	0.0	0.0	0.0	0.0	0.0	0.0	0.0	0.0	0.0	0.0	0.0015	0.0	0.0	0.0	0.0	0.0	0.0	0.0027248	0.0	0.0	0.0059172	0.0015	0.0021231	0.0	0.0	0.0	0.0	0.0	0.0	0.0	0.0	0.0	0.0	0.0	0.0	0.0	
Percnoptère d'Égypte	0.0	0.0	0.0	0.0	0.0	0.0	0.0	0.0	0.0	0.0	0.0	0.0	0.0	0.0	0.0	0.0	0.0	0.0	0.0015	0.0015	0.0	0.0	0.0	0.0	0.0	0.0020408	0.0024938	0.0	0.0	0.0	0.0	0.0	0.0	0.0	0.0	0.0	0.0	0.0	0.0	0.0	0.0	0.0	0.0	0.0	0.0	0.0	0.0	0.0	
Bondrée apivore	0.0	0.0	0.0	0.0	0.0	0.0	0.0	0.0	0.0	0.0	0.0	0.0	0.0	0.0	0.0	0.0	0.002451	0.012931	0.0159681	0.007776	0.0097087	0.0221465	0.0262664	0.0138889	0.0067416	0.0204082	0.0249377	0.0070053	0.018018	0.0354223	0.0305164	0.0094563	0.0118343	0.00489	0.0015	0.0	0.0	0.0	0.0	0.0	0.0	0.0	0.0	0.0	0.0	0.0	0.0	0.0	
Vautour moine	0.0	0.0	0.0	0.0	0.0	0.0	0.0	0.0	0.0	0.0	0.0	0.0	0.0028986	0.0	0.0	0.0	0.0	0.0021552	0.0015	0.0015552	0.0015	0.0	0.0	0.0	0.0	0.0	0.0	0.0	0.003003	0.0	0.0	0.0	0.0	0.0	0.0021231	0.0	0.0	0.0	0.0	0.0	0.0	0.0	0.0	0.0	0.0	0.0	0.0	0.0	
Vautour de Rüppell	0.0	0.0	0.0	0.0	0.0	0.0	0.0	0.0	0.0	0.0	0.0	0.0	0.0	0.0	0.0	0.0	0.0	0.0	0.0	0.0	0.0	0.0	0.0	0.0	0.0	0.0	0.0	0.0	0.0	0.0	0.0	0.0	0.0015	0.0	0.0	0.0	0.0	0.0	0.0	0.0	0.0	0.0	0.0	0.0	0.0	0.0	0.0	0.0	
Vautour fauve	0.0	0.0144404	0.0033898	0.002008	0.0021645	0.0	0.0	0.0075949	0.0022676	0.0046948	0.0	0.0048154	0.0015	0.0020367	0.0078585	0.0123288	0.0073529	0.0043103	0.007984	0.0015552	0.0048544	0.0051107	0.0093809	0.0079365	0.0022472	0.0102041	0.0099751	0.0015	0.006006	0.0108992	0.0023474	0.0047281	0.0	0.002445	0.0106157	0.0020661	0.0023697	0.0	0.0	0.0	0.0	0.003012	0.0027248	0.0015	0.0028986	0.0	0.0	0.0021413	
Circaète Jean-le-Blanc	0.0	0.0	0.0	0.0	0.0	0.0	0.0	0.0015	0.0015	0.0164319	0.0114155	0.011236	0.0115942	0.0081466	0.0157171	0.0369863	0.0073529	0.0193966	0.011976	0.0171073	0.0169903	0.0289608	0.0337711	0.0297619	0.011236	0.0306122	0.0249377	0.0122592	0.036036	0.027248	0.0211268	0.0118203	0.0059172	0.00978	0.0233546	0.0020661	0.007109	0.0023697	0.0	0.0	0.0	0.0	0.0	0.0	0.0	0.0	0.0	0.0	
Aigle botté	0.0	0.0	0.0	0.0	0.0	0.0	0.0026178	0.0015	0.0015	0.0046948	0.0	0.0288925	0.0492754	0.0529532	0.0903733	0.0630137	0.0710784	0.0387931	0.0439122	0.0762053	0.0436893	0.0647359	0.065666	0.0694444	0.0494382	0.0653061	0.074813	0.0297723	0.0780781	0.1035422	0.1126761	0.0638298	0.0946746	0.0611247	0.0403397	0.0082645	0.0047393	0.0023697	0.0	0.0	0.0	0.0	0.0	0.0	0.0	0.0	0.0	0.0	
Aigle royal	0.0	0.0015	0.0	0.0	0.0	0.0	0.0	0.0	0.0	0.0	0.0	0.0	0.0	0.0	0.0	0.0	0.0	0.0	0.0	0.0	0.0	0.0	0.0	0.0	0.0	0.0	0.0	0.0	0.0	0.0	0.0	0.0	0.0	0.0	0.0	0.0	0.0	0.0	0.0	0.0	0.0	0.0	0.0	0.0	0.0	0.0	0.0	0.0	
Aigle de Bonelli	0.0	0.0	0.0	0.002008	0.0021645	0.0	0.0	0.0	0.0015	0.0	0.0	0.0	0.0	0.0020367	0.0019646	0.0027397	0.0	0.0	0.0	0.0015552	0.0	0.0017036	0.0	0.0	0.0	0.0081633	0.0	0.0	0.0	0.0027248	0.0015	0.0	0.0	0.0	0.0021231	0.0	0.0	0.0015	0.003096	0.0019048	0.0	0.003012	0.0	0.0	0.0057971	0.0	0.0	0.0	
Épervier d'Europe	0.0125523	0.0144404	0.0169492	0.0040161	0.0151515	0.0101626	0.0209424	0.0202532	0.0045351	0.0211268	0.0205479	0.0208668	0.0173913	0.0142566	0.0117878	0.009589	0.0122549	0.0043103	0.0179641	0.0139969	0.0169903	0.0221465	0.0168856	0.0178571	0.011236	0.0040816	0.0099751	0.0140105	0.036036	0.0190736	0.0258216	0.0189125	0.0207101	0.007335	0.0063694	0.0103306	0.0165877	0.0118483	0.0185759	0.0285714	0.0173913	0.0301205	0.0190736	0.01417	0.0057971	0.0076726	0.0110497	0.0171306	
Autour des palombes	0.0041841	0.0	0.0033898	0.0	0.0021645	0.0	0.0052356	0.0075949	0.0022676	0.0023474	0.0015	0.0032103	0.0028986	0.0020367	0.0058939	0.0054795	0.0	0.0064655	0.003992	0.0046656	0.0072816	0.0034072	0.0037523	0.0039683	0.0044944	0.0	0.0	0.0017513	0.012012	0.0015	0.0187793	0.0070922	0.0059172	0.00978	0.0063694	0.0020661	0.0	0.0047393	0.003096	0.0038095	0.0	0.003012	0.0054496	0.0	0.0028986	0.0015	0.0	0.0	
Aerospiza, Tachyspiza, Accipiter ou Astur sp.	0.0	0.0	0.0	0.002008	0.0021645	0.0	0.0	0.0	0.0022676	0.0	0.0	0.0032103	0.0	0.0020367	0.0	0.0	0.0	0.0	0.0	0.0	0.0	0.0	0.0	0.0	0.0	0.0	0.0	0.0017513	0.0	0.0027248	0.0	0.0	0.0	0.0	0.0	0.0	0.0	0.0023697	0.0015	0.0	0.0	0.0	0.0	0.0	0.0	0.0	0.0	0.0042827	
Busard des roseaux	0.0	0.0	0.0	0.0	0.0	0.0	0.0	0.0	0.0	0.0	0.0	0.0	0.0	0.0	0.0015	0.0	0.002451	0.0	0.0	0.0	0.0	0.0	0.0	0.0	0.0	0.0	0.0	0.0	0.0015	0.0	0.0	0.0	0.0029586	0.0	0.0	0.0	0.0	0.0	0.0	0.0	0.0	0.0	0.0	0.0	0.0	0.0	0.0	0.0	
Busard Saint-Martin	0.0	0.0	0.0	0.0	0.0	0.0	0.0	0.0	0.0	0.0	0.0	0.0016051	0.0	0.0	0.0	0.0	0.0	0.0	0.0	0.0	0.0	0.0	0.0	0.0	0.0	0.0	0.0	0.0	0.0	0.0	0.0	0.0	0.0	0.0	0.0	0.0	0.0	0.0	0.0	0.0	0.0015	0.0	0.0	0.0	0.0	0.0	0.0	0.0	
Busard cendré	0.0	0.0	0.0	0.0	0.0	0.0	0.0	0.0	0.0	0.0	0.0	0.0048154	0.0057971	0.0142566	0.0235756	0.0219178	0.0122549	0.012931	0.0139721	0.0233281	0.0194175	0.0153322	0.0450281	0.0337302	0.0134831	0.0183673	0.0199501	0.0105079	0.012012	0.0163488	0.0117371	0.0094563	0.0088757	0.0	0.0	0.0	0.0	0.0	0.0	0.0	0.0	0.0	0.0	0.0	0.0	0.0	0.0	0.0	
Busard Saint-Martin ou B. cendré	0.0	0.0	0.0	0.0	0.0	0.0	0.0	0.0	0.0	0.0	0.0	0.0	0.0	0.0	0.0	0.0	0.0	0.0	0.0	0.0	0.0	0.0	0.0	0.0	0.0	0.0	0.0	0.0	0.0	0.0	0.0015	0.0	0.0	0.0	0.0	0.0	0.0	0.0	0.0	0.0	0.0	0.0	0.0	0.0	0.0	0.0	0.0	0.0	
busard sp.	0.0	0.0	0.0	0.0	0.0	0.0	0.0	0.0	0.0	0.0	0.0	0.0	0.0	0.0	0.0	0.0	0.0	0.0	0.0	0.0	0.0	0.0	0.0	0.0	0.0	0.0	0.0	0.0	0.0	0.0	0.0023474	0.0	0.0	0.0	0.0	0.0	0.0	0.0	0.0	0.0	0.0	0.0	0.0	0.0	0.0	0.0	0.0	0.0	
Milan royal	0.0015	0.0036101	0.0033898	0.0015	0.0064935	0.0020325	0.0	0.0075949	0.0022676	0.0	0.0	0.0016051	0.0	0.0020367	0.0019646	0.0013699	0.002451	0.0	0.001996	0.0	0.0015	0.0015	0.0	0.0039683	0.0	0.0	0.0	0.0	0.003003	0.0	0.0	0.0	0.0	0.0015	0.0	0.0	0.0015	0.0047393	0.003096	0.0057143	0.0086957	0.0060241	0.0108992	0.0040486	0.0015	0.0025575	0.0015	0.006424	
Milan noir	0.0	0.0	0.0	0.0	0.0	0.0	0.0026178	0.0	0.0068027	0.0375587	0.0456621	0.0722311	0.0898551	0.0835031	0.1060904	0.1164384	0.0882353	0.1400862	0.0818363	0.118196	0.1553398	0.1601363	0.1500938	0.1527778	0.1168539	0.1469388	0.1197007	0.0858144	0.1051051	0.0490463	0.0258216	0.0094563	0.0015	0.0	0.0	0.0	0.0	0.0	0.0	0.0	0.0	0.0	0.0	0.0	0.0	0.0	0.0	0.0	
Milan royal ou M. noir	0.0	0.0015	0.0	0.0	0.0	0.0	0.0	0.0	0.0	0.0	0.0	0.0	0.0	0.0	0.0	0.0013699	0.0	0.0	0.001996	0.0	0.0	0.0	0.0	0.0	0.0	0.0	0.0	0.0	0.0015	0.0	0.0023474	0.0	0.0	0.0	0.0	0.0	0.0	0.0	0.0	0.0	0.0	0.0	0.0	0.0	0.0	0.0	0.0	0.0	
Buse variable	0.0878661	0.0974729	0.0983051	0.0803213	0.0930736	0.1036585	0.104712	0.1341772	0.1088435	0.0962441	0.1073059	0.117175	0.1188406	0.0773931	0.108055	0.1123288	0.1102941	0.1012931	0.1017964	0.0808709	0.1092233	0.1260647	0.1125704	0.1190476	0.0853933	0.0897959	0.1122195	0.0665499	0.1351351	0.1226158	0.1244131	0.0756501	0.1035503	0.0709046	0.089172	0.0743802	0.0758294	0.0971564	0.1114551	0.0990476	0.1217391	0.1174699	0.0899183	0.0789474	0.0782609	0.0383632	0.0662983	0.1049251	
Buteo sp.	0.0	0.0	0.0015	0.0	0.0	0.0	0.0	0.0	0.0	0.0	0.0	0.0016051	0.0	0.0	0.0	0.0	0.0	0.0	0.0	0.0	0.0	0.0	0.0	0.0	0.0	0.0	0.0	0.0	0.0	0.0	0.0	0.0	0.0	0.0	0.0	0.0	0.0	0.0	0.0	0.0	0.0	0.0	0.0	0.0	0.0	0.0	0.0	0.0	
rapace sp.	0.0	0.0	0.0	0.0	0.0	0.0	0.0	0.0	0.0022676	0.0	0.0	0.0	0.0086957	0.0	0.0019646	0.0	0.0015	0.0	0.003992	0.0	0.0	0.0017036	0.0015	0.0	0.0	0.0015	0.0024938	0.0	0.0	0.0054496	0.0023474	0.0023641	0.0	0.002445	0.0021231	0.0	0.0	0.0015	0.0	0.0	0.0	0.0	0.0	0.0	0.0	0.0	0.0	0.0	
Effraie des clochers	0.0015	0.0036101	0.0033898	0.002008	0.0015	0.0020325	0.0015	0.0	0.0015	0.0	0.0	0.0015	0.0028986	0.0020367	0.0039293	0.0015	0.002451	0.0	0.0	0.0015	0.0024272	0.0015	0.0	0.0019841	0.0044944	0.0	0.0024938	0.0	0.0015	0.0015	0.0023474	0.0015	0.0	0.0015	0.0015	0.0	0.0015	0.0	0.0015	0.0	0.0	0.0015	0.0015	0.0015	0.0	0.0	0.0015	0.0021413	
Petit-duc scops	0.0	0.0	0.0	0.0	0.0	0.0	0.0	0.0	0.0	0.0	0.0	0.0	0.0028986	0.0	0.0015	0.0	0.0	0.0	0.0	0.0015552	0.0048544	0.0034072	0.0037523	0.0	0.0	0.0	0.0015	0.0015	0.0	0.0	0.0	0.0	0.0	0.0	0.0	0.0	0.0	0.0	0.0	0.0	0.0	0.0	0.0	0.0	0.0	0.0	0.0	0.0	
Grand-duc d'Europe	0.0	0.0	0.0	0.0	0.0	0.0020325	0.0	0.0	0.0	0.0	0.0015	0.0	0.0	0.0	0.0	0.0	0.0	0.0	0.0	0.0	0.0	0.0	0.0	0.0	0.0	0.0	0.0	0.0	0.0	0.0	0.0	0.0	0.0	0.0	0.0	0.0	0.0	0.0	0.0	0.0	0.0	0.0	0.0	0.0	0.0	0.0	0.0	0.0	
Chevêche d'Athéna	0.0015	0.0036101	0.0033898	0.0015	0.004329	0.0060976	0.0104712	0.0050633	0.0022676	0.0023474	0.0068493	0.0016051	0.0028986	0.00611	0.0098232	0.0013699	0.004902	0.0064655	0.001996	0.0093313	0.0048544	0.0102215	0.0037523	0.0019841	0.0134831	0.0040816	0.0024938	0.0052539	0.0015	0.0027248	0.0015	0.0023641	0.0059172	0.002445	0.0021231	0.0041322	0.0023697	0.0047393	0.003096	0.0019048	0.0028986	0.0	0.0	0.0020243	0.0	0.0015	0.0015	0.0042827	
Chouette hulotte	0.0041841	0.0144404	0.0067797	0.0040161	0.0064935	0.0101626	0.0104712	0.0015	0.0022676	0.0046948	0.0045662	0.0016051	0.0028986	0.0020367	0.0117878	0.009589	0.004902	0.0021552	0.00998	0.0108865	0.0024272	0.0102215	0.0018762	0.0039683	0.0044944	0.0040816	0.0015	0.0105079	0.009009	0.013624	0.0140845	0.0094563	0.0118343	0.00978	0.0127389	0.0020661	0.0047393	0.0015	0.0015	0.0057143	0.0028986	0.003012	0.0054496	0.0080972	0.0028986	0.0051151	0.0138122	0.0278373	
Hibou moyen-duc	0.0	0.0	0.0	0.0	0.0	0.0	0.0	0.0	0.0	0.0	0.0	0.0	0.0	0.0	0.0	0.0	0.0	0.0	0.0	0.0	0.0	0.0	0.0	0.0019841	0.0	0.0015	0.0	0.0	0.0	0.0	0.0	0.0	0.0	0.0	0.0	0.0	0.0	0.0	0.0	0.0	0.0	0.0	0.0	0.0	0.0015	0.0	0.0	0.0	
Strigiformes sp.	0.0	0.0	0.0	0.0	0.0	0.0	0.0	0.0	0.0	0.0	0.0	0.0	0.0	0.0	0.0	0.0	0.0	0.0021552	0.0	0.0	0.0	0.0	0.0	0.0	0.0	0.0	0.0	0.0	0.003003	0.0	0.0	0.0	0.0	0.0	0.0	0.0	0.0	0.0	0.0	0.0	0.0	0.0	0.0	0.0	0.0	0.0	0.0	0.0	
Huppe fasciée	0.0041841	0.0036101	0.0033898	0.0040161	0.004329	0.0060976	0.0052356	0.0151899	0.015873	0.0258216	0.0159817	0.0417335	0.0434783	0.0244399	0.0530452	0.0506849	0.0441176	0.049569	0.0419162	0.0559876	0.0485437	0.0511073	0.0487805	0.0555556	0.0202247	0.0285714	0.032419	0.0227671	0.0510511	0.0490463	0.056338	0.0307329	0.0236686	0.00978	0.0084926	0.0082645	0.007109	0.0118483	0.0092879	0.0057143	0.0015	0.0090361	0.0015	0.0060729	0.0	0.0025575	0.0027624	0.006424	
Guêpier d'Europe	0.0	0.0	0.0	0.0	0.0	0.0	0.0	0.0	0.0	0.0	0.0	0.0016051	0.0086957	0.00611	0.0176817	0.0219178	0.0147059	0.0193966	0.0299401	0.0139969	0.0145631	0.0357751	0.0375235	0.0297619	0.011236	0.0244898	0.0224439	0.0070053	0.039039	0.0463215	0.0469484	0.070922	0.0029586	0.0	0.0	0.0	0.0	0.0	0.0	0.0	0.0	0.0	0.0	0.0	0.0	0.0	0.0	0.0	
Martin-pêcheur d'Europe	0.0251046	0.0361011	0.0169492	0.0160643	0.0151515	0.0060976	0.013089	0.0126582	0.0136054	0.0117371	0.0022831	0.0128411	0.0144928	0.0081466	0.0157171	0.0123288	0.0147059	0.0086207	0.011976	0.0093313	0.0291262	0.0153322	0.011257	0.0079365	0.011236	0.0122449	0.0224439	0.0070053	0.0540541	0.0217984	0.0399061	0.0283688	0.035503	0.0366748	0.0191083	0.0392562	0.0260664	0.0402844	0.0495356	0.0438095	0.0231884	0.0090361	0.0108992	0.0101215	0.0144928	0.0025575	0.0110497	0.0085653	
Torcol fourmilier	0.0	0.0	0.0	0.0	0.0	0.0	0.0	0.0	0.0	0.0023474	0.0	0.0	0.0	0.0101833	0.0078585	0.0013699	0.004902	0.0043103	0.001996	0.0031104	0.0	0.0017036	0.011257	0.0039683	0.0022472	0.0	0.0	0.0	0.0	0.0	0.0070423	0.0047281	0.0029586	0.002445	0.0021231	0.0082645	0.0023697	0.0	0.0	0.0	0.0	0.0	0.0	0.0	0.0	0.0	0.0	0.0	
Pic épeiche	0.0920502	0.0974729	0.0813559	0.0923695	0.1060606	0.1219512	0.1361257	0.0911392	0.106576	0.0962441	0.1004566	0.1123596	0.1623188	0.0712831	0.1159136	0.0452055	0.0710784	0.0517241	0.0818363	0.0746501	0.0776699	0.0971039	0.0863039	0.1170635	0.0988764	0.0612245	0.084788	0.0630473	0.1441441	0.1580381	0.1478873	0.0874704	0.1272189	0.0684597	0.07431	0.0991736	0.0971564	0.0853081	0.0959752	0.0514286	0.0695652	0.0873494	0.0490463	0.0769231	0.0463768	0.0511509	0.0883978	0.0985011	
Dendrocopos sp.	0.0	0.0	0.0	0.0	0.0	0.0	0.0	0.0	0.0	0.0	0.0	0.0	0.0	0.0	0.0	0.0013699	0.0	0.0	0.0	0.0	0.0	0.0	0.0	0.0	0.0	0.0	0.0	0.0	0.0	0.0	0.0	0.0	0.0	0.0	0.0	0.0	0.0	0.0	0.0	0.0	0.0	0.0	0.0	0.0	0.0	0.0	0.0	0.0	
Pic épeichette	0.0041841	0.0015	0.0015	0.0120482	0.012987	0.0162602	0.0183246	0.0075949	0.0136054	0.0140845	0.0136986	0.0064205	0.026087	0.0162933	0.021611	0.0123288	0.0122549	0.0021552	0.0	0.0046656	0.0015	0.0085179	0.0037523	0.0059524	0.0022472	0.0040816	0.0099751	0.0017513	0.009009	0.0108992	0.0117371	0.0023641	0.0059172	0.002445	0.0042463	0.0061983	0.0023697	0.007109	0.003096	0.0038095	0.0086957	0.003012	0.0081744	0.0080972	0.0028986	0.0025575	0.0055249	0.0042827	
Pic de Sharpe	0.0502092	0.032491	0.0372881	0.0381526	0.04329	0.0243902	0.0968586	0.0582278	0.0612245	0.0868545	0.0844749	0.0786517	0.1246377	0.1038697	0.1218075	0.0657534	0.0882353	0.1012931	0.0678643	0.0715397	0.0631068	0.076661	0.0694184	0.1031746	0.105618	0.0653061	0.0798005	0.0542907	0.1411411	0.1280654	0.1220657	0.0756501	0.0680473	0.0831296	0.0636943	0.0702479	0.056872	0.07109	0.0959752	0.0704762	0.0550725	0.0662651	0.0408719	0.0506073	0.0318841	0.0127877	0.0469613	0.0578158	
pic sp.	0.0	0.0	0.0033898	0.0	0.0	0.0	0.0	0.0025316	0.0022676	0.0	0.0	0.0032103	0.0	0.0	0.0019646	0.0	0.004902	0.0	0.003992	0.0	0.0	0.0	0.0018762	0.0	0.0	0.0	0.0	0.0	0.0	0.0	0.0023474	0.0023641	0.0	0.002445	0.0	0.0	0.0	0.0	0.0	0.0	0.0	0.0	0.0	0.0	0.0028986	0.0	0.0	0.0	
Faucon crécerelle	0.0125523	0.0180505	0.0305085	0.0120482	0.017316	0.004065	0.0104712	0.0202532	0.0022676	0.0187793	0.0205479	0.0176565	0.0115942	0.00611	0.0078585	0.009589	0.0147059	0.012931	0.0139721	0.0108865	0.0169903	0.0136286	0.0150094	0.0238095	0.011236	0.0204082	0.0199501	0.0122592	0.042042	0.0190736	0.0093897	0.0236407	0.0207101	0.0195599	0.0169851	0.018595	0.0015	0.0118483	0.0092879	0.0095238	0.0057971	0.0120482	0.0081744	0.0040486	0.0231884	0.0051151	0.0055249	0.0107066	
Faucon d'Éléonore	0.0	0.0	0.0	0.0	0.0	0.0	0.0	0.0	0.0	0.0	0.0	0.0	0.0	0.0	0.0	0.0	0.0	0.0	0.0	0.0	0.0	0.0	0.0	0.0	0.0	0.0	0.0	0.0	0.003003	0.0	0.0	0.0	0.0	0.0	0.0	0.0	0.0	0.0	0.0	0.0	0.0	0.0	0.0	0.0	0.0	0.0	0.0	0.0	
Faucon hobereau	0.0	0.0	0.0	0.0	0.0	0.0	0.0	0.0	0.0	0.0	0.0	0.0	0.0	0.0040733	0.0039293	0.0027397	0.004902	0.0064655	0.007984	0.007776	0.0194175	0.0102215	0.011257	0.0059524	0.0022472	0.0040816	0.0024938	0.0035026	0.003003	0.0027248	0.0093897	0.0015	0.0147929	0.007335	0.0127389	0.0041322	0.0015	0.0	0.0	0.0	0.0	0.0	0.0	0.0	0.0	0.0	0.0	0.0	
Faucon pèlerin	0.0251046	0.0180505	0.0033898	0.0040161	0.004329	0.0	0.0026178	0.0025316	0.0022676	0.0015	0.0045662	0.0015	0.0015	0.0040733	0.0015	0.0027397	0.0015	0.0	0.003992	0.0046656	0.0048544	0.0034072	0.0093809	0.0039683	0.0022472	0.0015	0.0	0.0015	0.0	0.0	0.0046948	0.0023641	0.0029586	0.00489	0.0021231	0.0	0.0023697	0.0047393	0.003096	0.0019048	0.0	0.0090361	0.0	0.01417	0.0318841	0.0051151	0.0027624	0.006424	
gros faucon sp.	0.0	0.0	0.0	0.0	0.0	0.0	0.0	0.0	0.0	0.0	0.0	0.0	0.0	0.0	0.0	0.0	0.0	0.0015	0.0	0.0	0.0	0.0	0.0	0.0	0.0	0.0	0.0	0.0017513	0.0	0.0	0.0	0.0	0.0	0.0	0.0	0.0	0.0	0.0	0.0	0.0	0.0	0.0	0.0	0.0	0.0	0.0	0.0	0.0	
petit faucon sp.	0.0	0.0	0.0	0.0	0.0	0.0	0.0	0.0	0.0	0.0	0.0	0.0	0.0	0.0	0.0	0.0015	0.0	0.0	0.0	0.0	0.0	0.0034072	0.0018762	0.0	0.0	0.0	0.0	0.0	0.003003	0.0	0.0	0.0	0.0	0.002445	0.0	0.0	0.0	0.0	0.0	0.0038095	0.0	0.0	0.0	0.0	0.0	0.0	0.0	0.0	
Falco sp.	0.0	0.0015	0.0	0.0	0.0021645	0.0	0.0	0.0	0.0	0.0	0.0	0.0	0.0	0.0	0.0	0.0	0.0	0.0	0.001996	0.0	0.0	0.0	0.0	0.0	0.0022472	0.0	0.0	0.0	0.0	0.0027248	0.0023474	0.0	0.0	0.0	0.0015	0.0	0.0	0.0	0.0	0.0	0.0	0.0	0.0	0.0020243	0.0	0.0	0.0	0.0	
rapace diurne sp.	0.0	0.0	0.0015	0.0	0.0	0.0	0.0	0.0	0.0015	0.0	0.0	0.0016051	0.0028986	0.0020367	0.0019646	0.0	0.002451	0.0021552	0.0015	0.0046656	0.0024272	0.0017036	0.0	0.0	0.0022472	0.0020408	0.0	0.0	0.0	0.0	0.0070423	0.0	0.0029586	0.0	0.0	0.0	0.0023697	0.0	0.003096	0.0019048	0.0	0.0	0.0	0.0	0.0	0.0	0.0	0.0	
Perruche à collier	0.0	0.0	0.0	0.0	0.0	0.0	0.0	0.0	0.0	0.0	0.0	0.0	0.0	0.0	0.0	0.0	0.0	0.0	0.0	0.0	0.0	0.0	0.0	0.0	0.0	0.0	0.0	0.0	0.0	0.0	0.0	0.0	0.0	0.0	0.0015	0.0015	0.0015	0.0	0.0	0.0	0.0	0.0015	0.0	0.0	0.0	0.0	0.0	0.0	
Perruche ondulée	0.0	0.0	0.0	0.0	0.0	0.0	0.0	0.0025316	0.0	0.0	0.0	0.0	0.0	0.0	0.0	0.0	0.0	0.0	0.0	0.0	0.0	0.0	0.0	0.0	0.0	0.0	0.0	0.0	0.0	0.0	0.0023474	0.0	0.0	0.0	0.0	0.0	0.0	0.0	0.0	0.0	0.0	0.0	0.0	0.0	0.0	0.0	0.0	0.0	
Inséparable rosegorge	0.0	0.0	0.0	0.0	0.0	0.0	0.0	0.0	0.0	0.0	0.0	0.0	0.0	0.0	0.0	0.0	0.0	0.0	0.0	0.0	0.0	0.0	0.0	0.0	0.0	0.0	0.0	0.0	0.0	0.0	0.0	0.0	0.0	0.0	0.0015	0.0	0.0	0.0	0.0	0.0	0.0	0.0	0.0	0.0	0.0	0.0	0.0	0.0	
Conure à tête bleue	0.0	0.0	0.0	0.0	0.0	0.0	0.0	0.0	0.0	0.0	0.0	0.0	0.0	0.0	0.0	0.0	0.0	0.0	0.0	0.0	0.0	0.0	0.0018762	0.0	0.0	0.0	0.0	0.0	0.0	0.0	0.0	0.0	0.0	0.0	0.0	0.0	0.0	0.0	0.0	0.0	0.0	0.0	0.0	0.0	0.0	0.0	0.0	0.0	
Loriot d'Europe	0.0	0.0	0.0	0.0	0.0	0.0	0.0	0.0	0.0022676	0.0	0.0	0.0	0.0	0.0040733	0.0078585	0.0520548	0.0686275	0.0711207	0.0838323	0.0575428	0.0825243	0.1107325	0.1350844	0.0992063	0.0651685	0.0489796	0.0648379	0.0315236	0.0540541	0.0708447	0.028169	0.0118203	0.0118343	0.0	0.0	0.0	0.0	0.0	0.0	0.0	0.0	0.0	0.0	0.0	0.0	0.0	0.0	0.0	
Pie-grièche écorcheur	0.0	0.0	0.0	0.0	0.0	0.0	0.0	0.0	0.0	0.0	0.0	0.0	0.0	0.0	0.0	0.0	0.0	0.0	0.0015	0.0046656	0.0048544	0.0187394	0.0225141	0.0059524	0.0044944	0.0122449	0.0074813	0.0035026	0.006006	0.0027248	0.0070423	0.0094563	0.0	0.0	0.0	0.0	0.0	0.0	0.0	0.0	0.0	0.0	0.0	0.0	0.0	0.0	0.0	0.0	
Pie-grièche méridionale	0.0	0.0180505	0.0067797	0.0	0.0021645	0.0020325	0.0104712	0.0	0.0045351	0.0023474	0.0068493	0.0	0.0	0.0020367	0.0019646	0.0013699	0.002451	0.0107759	0.005988	0.0015552	0.0024272	0.0068143	0.0037523	0.0099206	0.0	0.0020408	0.0149626	0.0052539	0.012012	0.0054496	0.0070423	0.0023641	0.0059172	0.002445	0.0106157	0.0082645	0.0023697	0.0047393	0.0092879	0.0095238	0.0057971	0.0150602	0.0	0.0080972	0.0	0.0051151	0.0082873	0.0021413	
Pie-grièche à tête rousse	0.0	0.0	0.0	0.0	0.0	0.0	0.0	0.0	0.0	0.0	0.0	0.0	0.0015	0.0040733	0.0098232	0.0013699	0.0073529	0.0043103	0.007984	0.0015552	0.0	0.0	0.0015	0.0099206	0.0067416	0.0040816	0.0149626	0.0015	0.012012	0.0108992	0.0093897	0.0047281	0.0	0.0	0.0	0.0	0.0	0.0	0.0	0.0	0.0	0.0	0.0	0.0	0.0	0.0	0.0	0.0	
Laniidés sp.	0.0	0.0	0.0	0.0	0.0	0.0	0.0	0.0	0.0	0.0	0.0	0.0	0.0	0.0	0.0	0.0	0.0	0.0	0.0	0.0	0.0	0.0	0.0	0.0	0.0	0.0	0.0	0.0	0.0	0.0015	0.0	0.0	0.0	0.0	0.0	0.0	0.0	0.0	0.0	0.0	0.0	0.0	0.0	0.0	0.0	0.0	0.0	0.0	
Geai des chênes	0.0878661	0.0722022	0.0610169	0.0702811	0.0909091	0.0609756	0.1204188	0.1291139	0.1360544	0.1126761	0.1187215	0.1332263	0.142029	0.1344196	0.1355599	0.1328767	0.125	0.1077586	0.1437126	0.1197512	0.1213592	0.1635434	0.1988743	0.1845238	0.1438202	0.0959184	0.1022444	0.084063	0.1861862	0.253406	0.2159624	0.1938534	0.1301775	0.0929095	0.0997877	0.1053719	0.1374408	0.1492891	0.1981424	0.1257143	0.1565217	0.1385542	0.0490463	0.1012146	0.0637681	0.0332481	0.0828729	0.1092077	
Pie-bleue ibérique	0.0	0.0072202	0.0067797	0.0	0.0021645	0.0	0.0015	0.0025316	0.0015	0.0023474	0.0045662	0.0	0.0057971	0.0040733	0.0039293	0.0109589	0.004902	0.0015	0.001996	0.0015552	0.0072816	0.0102215	0.0075047	0.0257937	0.0015	0.0	0.0049875	0.0035026	0.006006	0.0	0.0046948	0.0	0.0	0.0	0.0021231	0.0041322	0.0047393	0.0047393	0.003096	0.0015	0.0015	0.0	0.0015	0.0040486	0.0028986	0.0025575	0.0	0.0	
Pie bavarde	0.0585774	0.0361011	0.0508475	0.0481928	0.0541126	0.0447154	0.0575916	0.0303797	0.0362812	0.0375587	0.0342466	0.0288925	0.0753623	0.0468432	0.0333988	0.0493151	0.0318627	0.0452586	0.0419162	0.0575428	0.0485437	0.0664395	0.0863039	0.0535714	0.0337079	0.022449	0.0598504	0.0227671	0.027027	0.0408719	0.0352113	0.0307329	0.0769231	0.0415648	0.0254777	0.0599174	0.07109	0.0876777	0.0557276	0.0438095	0.0753623	0.0481928	0.0354223	0.0506073	0.0463768	0.028133	0.0220994	0.0385439	
Corneille noire	0.2468619	0.2563177	0.2915254	0.2068273	0.2748918	0.199187	0.3219895	0.2632911	0.2721088	0.2159624	0.3333333	0.3434992	0.3333333	0.2912424	0.3300589	0.2287671	0.2279412	0.2543103	0.2914172	0.2597201	0.25	0.2231687	0.2326454	0.218254	0.258427	0.177551	0.2119701	0.1681261	0.3183183	0.3324251	0.3309859	0.2600473	0.2573964	0.2787286	0.3078556	0.3099174	0.2322275	0.2890995	0.3003096	0.2304762	0.2666667	0.3162651	0.2888283	0.3117409	0.2086957	0.1662404	0.2016575	0.2890792	
corneille sp.	0.0	0.0	0.0	0.0	0.0	0.0	0.0	0.0	0.0	0.0	0.0	0.0	0.0	0.0	0.0	0.0	0.0	0.0	0.001996	0.0	0.0	0.0	0.0	0.0	0.0022472	0.0	0.0	0.0	0.003003	0.0015	0.0	0.0	0.0	0.0	0.0	0.0	0.0	0.0	0.0	0.0	0.0	0.0	0.0	0.0	0.0	0.0	0.0	0.0	
Grand Corbeau	0.0334728	0.0108303	0.0067797	0.0160643	0.0194805	0.0101626	0.0157068	0.0101266	0.0181406	0.0328638	0.0296804	0.0304976	0.0434783	0.0203666	0.0392927	0.0342466	0.0367647	0.0280172	0.0179641	0.0342146	0.026699	0.0374787	0.0337711	0.0297619	0.0314607	0.0102041	0.0149626	0.0070053	0.012012	0.0326975	0.0211268	0.0118203	0.0295858	0.0268949	0.0233546	0.0082645	0.007109	0.0165877	0.0340557	0.0152381	0.0202899	0.0210843	0.027248	0.0121457	0.0115942	0.0127877	0.0027624	0.0085653	
corneille ou corbeau sp.	0.0	0.0	0.0	0.0	0.0	0.0	0.0	0.0	0.0022676	0.0	0.0022831	0.0	0.0	0.0020367	0.0019646	0.0013699	0.0	0.0	0.0	0.0015552	0.0	0.0	0.0	0.0	0.0	0.0	0.0	0.0017513	0.003003	0.0	0.0	0.0015	0.0	0.0	0.0	0.0	0.0	0.0	0.0	0.0	0.0	0.0	0.0	0.0	0.0	0.0025575	0.0027624	0.0	
Mésange noire	0.1087866	0.101083	0.1186441	0.1024096	0.1450216	0.148374	0.1596859	0.1240506	0.0975057	0.100939	0.1347032	0.1203852	0.1333333	0.101833	0.1571709	0.0958904	0.0955882	0.0905172	0.1177645	0.1041991	0.0800971	0.1141397	0.0844278	0.1130952	0.0719101	0.0530612	0.0498753	0.0420315	0.0930931	0.1171662	0.1150235	0.0921986	0.0739645	0.0757946	0.0530786	0.0516529	0.0781991	0.0545024	0.0866873	0.0590476	0.0463768	0.0722892	0.0326975	0.0323887	0.0405797	0.0690537	0.0911602	0.1627409	
Mésange huppée	0.0627615	0.0577617	0.0338983	0.0281124	0.04329	0.0325203	0.0602094	0.0506329	0.0453515	0.0328638	0.043379	0.0626003	0.0434783	0.0590631	0.0589391	0.0342466	0.0465686	0.0301724	0.0479042	0.0404355	0.0436893	0.0613288	0.0487805	0.0853175	0.0561798	0.022449	0.042394	0.028021	0.0630631	0.0980926	0.0798122	0.0330969	0.0532544	0.0586797	0.044586	0.0392562	0.049763	0.049763	0.0402477	0.0419048	0.0202899	0.0361446	0.0245232	0.0465587	0.0347826	0.028133	0.0331492	0.0492505	
Mésange bleue	0.2301255	0.166065	0.1559322	0.1947791	0.2056277	0.2174797	0.3167539	0.2	0.1723356	0.1408451	0.1757991	0.1845907	0.2666667	0.1995927	0.2455796	0.1890411	0.1764706	0.1788793	0.1716567	0.1399689	0.1480583	0.1737649	0.15197	0.1289683	0.1168539	0.0959184	0.1246883	0.1015762	0.2192192	0.2316076	0.2065728	0.1513002	0.1301775	0.0953545	0.0976645	0.1322314	0.0900474	0.1540284	0.1393189	0.1219048	0.1043478	0.1144578	0.1089918	0.1234818	0.115942	0.1381074	0.1850829	0.235546	
Mésange charbonnière	0.4686192	0.3935018	0.4915254	0.4718876	0.5562771	0.5345528	0.5549738	0.5594937	0.5600907	0.4906103	0.4634703	0.5248796	0.4956522	0.4949084	0.4950884	0.4232877	0.375	0.3900862	0.3992016	0.340591	0.2791262	0.2810903	0.195122	0.1507937	0.1617978	0.1530612	0.201995	0.2049037	0.2852853	0.280654	0.3286385	0.2765957	0.2514793	0.2787286	0.2760085	0.3553719	0.3933649	0.3767773	0.371517	0.3885714	0.373913	0.3524096	0.3378747	0.3481781	0.3391304	0.3196931	0.3618785	0.4346895	
paridé sp.	0.0	0.0	0.0033898	0.0	0.0	0.0	0.0	0.0	0.0022676	0.0	0.0	0.0016051	0.0028986	0.00611	0.0	0.0	0.0	0.0	0.0	0.0	0.0	0.0	0.0	0.0	0.0	0.0	0.0	0.0	0.0	0.0	0.0	0.0	0.0	0.0	0.0	0.0	0.0023697	0.0	0.0	0.0	0.0	0.0	0.0015	0.0	0.0	0.0	0.0	0.006424	
Alouette lulu	0.0083682	0.0252708	0.0271186	0.0220884	0.0411255	0.0325203	0.0680628	0.035443	0.0340136	0.0492958	0.0616438	0.0609952	0.0637681	0.0325866	0.0943026	0.0739726	0.0735294	0.0689655	0.0638723	0.0513219	0.0679612	0.0954003	0.0919325	0.0515873	0.0067416	0.0204082	0.0249377	0.0140105	0.03003	0.013624	0.0211268	0.0141844	0.0207101	0.0342298	0.0785563	0.0640496	0.056872	0.063981	0.0712074	0.0304762	0.026087	0.0451807	0.013624	0.0323887	0.026087	0.0025575	0.0220994	0.012848	
Alouette des champs	0.0041841	0.0	0.0	0.0040161	0.0064935	0.0	0.0104712	0.0025316	0.0045351	0.0023474	0.0228311	0.0096308	0.0202899	0.0224033	0.0275049	0.0506849	0.0196078	0.0107759	0.0179641	0.0435459	0.038835	0.0630324	0.0825516	0.0376984	0.0134831	0.0244898	0.0124688	0.0087566	0.015015	0.0163488	0.0164319	0.0141844	0.0088757	0.0	0.0042463	0.0061983	0.0	0.0165877	0.0092879	0.007619	0.0028986	0.0090361	0.0027248	0.0283401	0.0173913	0.0051151	0.0	0.006424	
Cochevis de Thékla	0.0	0.0144404	0.0	0.002008	0.008658	0.0020325	0.0078534	0.0075949	0.0045351	0.0117371	0.0091324	0.0096308	0.0057971	0.0040733	0.0098232	0.0082192	0.0147059	0.0086207	0.007984	0.0046656	0.0097087	0.0136286	0.0131332	0.0019841	0.0022472	0.0122449	0.0149626	0.0	0.006006	0.0081744	0.0140845	0.0	0.0	0.007335	0.0191083	0.0020661	0.007109	0.0094787	0.0123839	0.0095238	0.0	0.0180723	0.0054496	0.0101215	0.0173913	0.0	0.0055249	0.0	
Cochevis huppé	0.0	0.0	0.0	0.0	0.0	0.0	0.0	0.0	0.0	0.0	0.0	0.0	0.0	0.0020367	0.0	0.0	0.0	0.0	0.0	0.0	0.0	0.0	0.0	0.0019841	0.0	0.0	0.0	0.0	0.0	0.0	0.0	0.0	0.0	0.0	0.0	0.0	0.0	0.0	0.0	0.0	0.0	0.0	0.0	0.0	0.0	0.0	0.0	0.0	
Cochevis de Thékla ou C. huppé	0.0	0.0	0.0	0.0	0.0	0.0	0.0	0.0	0.0022676	0.0	0.0	0.0	0.0	0.0	0.0	0.0	0.0	0.0	0.0	0.0	0.0	0.0	0.0	0.0	0.0	0.0	0.0	0.0	0.0	0.0	0.0023474	0.0	0.0	0.0	0.0	0.0	0.0	0.0015	0.003096	0.0	0.0028986	0.0	0.0	0.0	0.0	0.0	0.0	0.0	
alaudidé sp.	0.0	0.0	0.0	0.0	0.0	0.0020325	0.0	0.0	0.0	0.0	0.0	0.0016051	0.0057971	0.0	0.0019646	0.0	0.002451	0.0	0.0	0.0015552	0.0	0.0	0.0	0.0	0.0	0.0	0.0	0.0017513	0.0	0.0	0.0	0.0	0.0	0.0	0.0	0.0	0.0	0.0	0.0	0.0	0.0	0.0	0.0	0.0	0.0	0.0	0.0	0.0	
Cisticole des joncs	0.0167364	0.0144404	0.0237288	0.0080321	0.0151515	0.0223577	0.0628272	0.0253165	0.0204082	0.028169	0.0296804	0.0304976	0.0695652	0.0529532	0.1001965	0.0479452	0.0735294	0.0905172	0.0658683	0.0637636	0.0533981	0.0715503	0.0787992	0.0496032	0.0426966	0.0183673	0.0274314	0.0157618	0.024024	0.0081744	0.0234742	0.0094563	0.0059172	0.007335	0.0127389	0.0144628	0.014218	0.014218	0.0092879	0.0057143	0.0144928	0.0150602	0.013624	0.0080972	0.0057971	0.0025575	0.0055249	0.0192719	
Hypolaïs polyglotte	0.0	0.0	0.0	0.0	0.0	0.0	0.0	0.0	0.0	0.0	0.0	0.0	0.0	0.0020367	0.0039293	0.0164384	0.0661765	0.0603448	0.0618762	0.0730949	0.0849515	0.0971039	0.0525328	0.0456349	0.0247191	0.0285714	0.0399002	0.0157618	0.039039	0.013624	0.0305164	0.0070922	0.0088757	0.002445	0.0021231	0.0020661	0.0	0.0	0.0	0.0	0.0	0.0	0.0	0.0	0.0	0.0	0.0	0.0	
Rousserolle effarvatte	0.0	0.0	0.0	0.0	0.0	0.0	0.0	0.0	0.0	0.0	0.0	0.0	0.0	0.0	0.0	0.0	0.0	0.0	0.0	0.0	0.0	0.0	0.0	0.0	0.0	0.0	0.0	0.0	0.0	0.0027248	0.0	0.0070922	0.0088757	0.0122249	0.0021231	0.0061983	0.0023697	0.0023697	0.003096	0.0	0.0	0.0	0.0	0.0	0.0	0.0	0.0	0.0	
Locustelle tachetée	0.0	0.0	0.0	0.0	0.0	0.0	0.0	0.0	0.0	0.0	0.0	0.0	0.0	0.0	0.0	0.0	0.0	0.0	0.0	0.0	0.0	0.0	0.0	0.0	0.0	0.0	0.0	0.0	0.0	0.0027248	0.0046948	0.0023641	0.0	0.0	0.0	0.0	0.0	0.0	0.0	0.0	0.0	0.0	0.0	0.0	0.0	0.0	0.0	0.0	
Hirondelle de rivage	0.0	0.0	0.0	0.0	0.0	0.0	0.0	0.0	0.0068027	0.0070423	0.0091324	0.0144462	0.0318841	0.0142566	0.0275049	0.039726	0.0294118	0.0431034	0.0259481	0.029549	0.0703883	0.0732538	0.0562852	0.0436508	0.0382022	0.0285714	0.0349127	0.0630473	0.018018	0.0190736	0.0446009	0.0141844	0.0088757	0.00489	0.0021231	0.0	0.0023697	0.0	0.0	0.0	0.0	0.0	0.0	0.0	0.0	0.0	0.0	0.0	
Hirondelle de rochers	0.0460251	0.0288809	0.0372881	0.0441767	0.0757576	0.0528455	0.1282723	0.0936709	0.0884354	0.0516432	0.1118721	0.117175	0.142029	0.101833	0.0923379	0.1054795	0.1323529	0.112069	0.1457086	0.1197512	0.1723301	0.1686542	0.163227	0.1865079	0.152809	0.1653061	0.1571072	0.2014011	0.1051051	0.1171662	0.1338028	0.0969267	0.112426	0.0831296	0.0636943	0.0495868	0.07109	0.1018957	0.0804954	0.112381	0.1391304	0.1295181	0.0435967	0.0404858	0.0347826	0.0153453	0.0220994	0.0321199	
Hirondelle rustique	0.0	0.0	0.0	0.002008	0.0021645	0.0020325	0.0052356	0.0101266	0.0204082	0.028169	0.0479452	0.0545746	0.1478261	0.0814664	0.1060904	0.1027397	0.0955882	0.1357759	0.0938124	0.0699844	0.0970874	0.1345826	0.1350844	0.1329365	0.1033708	0.0816327	0.084788	0.0647986	0.1561562	0.1689373	0.1643192	0.1205674	0.1242604	0.0415648	0.0042463	0.0041322	0.0023697	0.0023697	0.0	0.0	0.0	0.0	0.0	0.0	0.0	0.0	0.0	0.0	
Hirondelle de fenêtre	0.0	0.0	0.0	0.002008	0.0064935	0.0020325	0.0078534	0.0151899	0.0430839	0.028169	0.0753425	0.0979133	0.173913	0.1323829	0.1827112	0.1671233	0.2058824	0.2887931	0.2694611	0.311042	0.3980583	0.4003407	0.3752345	0.4345238	0.3280899	0.4816327	0.3965087	0.4711033	0.3843844	0.3297003	0.4366197	0.2198582	0.1804734	0.1173594	0.0870488	0.0661157	0.0473934	0.007109	0.0	0.0	0.0	0.0	0.0	0.0	0.0	0.0	0.0	0.0	
Hirondelle rousseline	0.0	0.0	0.0	0.0	0.0	0.0	0.0	0.0025316	0.0090703	0.0117371	0.0114155	0.0304976	0.0724638	0.0264766	0.0569745	0.0684932	0.0539216	0.0818966	0.0518962	0.0699844	0.0728155	0.0834753	0.0712946	0.093254	0.0786517	0.0795918	0.0822943	0.084063	0.1141141	0.1117166	0.185446	0.0803783	0.0650888	0.0831296	0.0573248	0.0371901	0.0189573	0.014218	0.003096	0.0	0.0	0.0	0.0	0.0	0.0	0.0	0.0	0.0	
hirondelle sp.	0.0	0.0	0.0	0.0	0.0	0.0	0.0052356	0.0	0.0022676	0.0023474	0.0	0.0048154	0.0057971	0.0081466	0.0039293	0.0027397	0.002451	0.0	0.0	0.0015552	0.0015	0.0	0.0	0.0019841	0.0022472	0.0015	0.0	0.0	0.0	0.0081744	0.0	0.0	0.0029586	0.002445	0.0042463	0.0020661	0.0	0.0	0.0	0.0	0.0	0.0	0.0	0.0	0.0	0.0025575	0.0	0.0	
Pouillot de Bonelli	0.0	0.0	0.0	0.0	0.0	0.0	0.0	0.0	0.0	0.0	0.0	0.0032103	0.0028986	0.01222	0.0058939	0.0068493	0.0098039	0.0086207	0.0139721	0.0139969	0.0315534	0.032368	0.0356473	0.0138889	0.011236	0.0061224	0.0049875	0.0087566	0.033033	0.0245232	0.0305164	0.0070922	0.0	0.0	0.0	0.0	0.0	0.0	0.0	0.0	0.0	0.0	0.0	0.0	0.0	0.0	0.0	0.0	
Pouillot fitis	0.0	0.0	0.0	0.0	0.0	0.0	0.0	0.0	0.0	0.0	0.0	0.0016051	0.0	0.0	0.0	0.0	0.0	0.0	0.0	0.0	0.0	0.0	0.0	0.0	0.0	0.0	0.0	0.0017513	0.033033	0.0381471	0.0985915	0.1040189	0.1775148	0.1246944	0.1167728	0.1136364	0.056872	0.0592417	0.0309598	0.007619	0.0	0.0	0.0	0.0	0.0	0.0	0.0	0.0	
Pouillot véloce	0.2133891	0.1841155	0.2711864	0.1706827	0.1861472	0.1260163	0.1675393	0.1063291	0.0975057	0.084507	0.0616438	0.0337079	0.0115942	0.0020367	0.0	0.0	0.0	0.0021552	0.001996	0.0	0.0	0.0051107	0.0	0.0019841	0.0	0.0020408	0.0	0.0	0.006006	0.0081744	0.0046948	0.0	0.0	0.0	0.0	0.0015	0.0118483	0.0308057	0.1052632	0.1561905	0.1797101	0.2560241	0.1852861	0.2287449	0.226087	0.1994885	0.2707182	0.2376874	
Pouillot ibérique	0.0	0.0	0.0	0.0	0.0	0.0	0.0	0.0	0.0068027	0.0046948	0.0114155	0.0128411	0.0028986	0.0101833	0.0196464	0.0246575	0.0196078	0.0193966	0.0139721	0.0217729	0.026699	0.044293	0.0300188	0.0138889	0.011236	0.0102041	0.0124688	0.0122592	0.03003	0.0517711	0.0751174	0.0283688	0.0532544	0.0195599	0.0106157	0.0061983	0.0023697	0.0	0.0	0.0	0.0	0.0	0.0	0.0	0.0	0.0	0.0	0.0	
Pouillot fitis, P. véloce ou P. ibérique	0.0	0.0	0.0	0.0	0.0	0.0	0.0	0.0	0.0	0.0	0.0	0.0	0.0	0.0	0.0	0.0	0.0	0.0	0.0	0.0	0.0	0.0	0.0	0.0	0.0	0.0	0.0	0.0	0.003003	0.0	0.0	0.0	0.0	0.0	0.0	0.0041322	0.0	0.0023697	0.0	0.0019048	0.0	0.0	0.0	0.0	0.0	0.0	0.0	0.0	
Pouillot véloce ou P. ibérique	0.0	0.0	0.0	0.0	0.0	0.0	0.0026178	0.0025316	0.0022676	0.0015	0.0	0.0048154	0.0057971	0.0	0.0015	0.0	0.002451	0.0021552	0.0	0.0	0.0	0.0	0.0	0.0	0.0	0.0	0.0	0.0	0.006006	0.0015	0.0023474	0.0	0.0029586	0.00489	0.0	0.0041322	0.0015	0.0047393	0.0	0.0019048	0.0	0.003012	0.0	0.0	0.0	0.0025575	0.0	0.0	
pouillot sp.	0.0	0.0	0.0033898	0.002008	0.0021645	0.0	0.0026178	0.0	0.0022676	0.0	0.0	0.0	0.0015	0.0	0.0	0.0	0.0	0.0	0.0	0.0	0.0	0.0	0.0	0.0	0.0	0.0	0.0	0.0	0.012012	0.0054496	0.0046948	0.0118203	0.0059172	0.007335	0.0	0.0	0.0	0.007109	0.0	0.0	0.0015	0.0	0.0	0.0	0.0	0.0	0.0	0.0	
Bouscarle de Cetti	0.0125523	0.0180505	0.0135593	0.0100402	0.034632	0.0243902	0.0549738	0.0253165	0.0340136	0.0446009	0.0525114	0.0561798	0.0724638	0.0814664	0.108055	0.0808219	0.0980392	0.0818966	0.0838323	0.066874	0.0558252	0.044293	0.0318949	0.0178571	0.0044944	0.0015	0.0174564	0.0052539	0.036036	0.0217984	0.0352113	0.0236407	0.056213	0.0366748	0.0339703	0.0413223	0.0379147	0.028436	0.0433437	0.0152381	0.0521739	0.0301205	0.0054496	0.01417	0.0028986	0.0	0.0138122	0.0214133	
Orite à longue queue	0.1213389	0.0722022	0.0745763	0.064257	0.0800866	0.0528455	0.1151832	0.0506329	0.0770975	0.0633803	0.0707763	0.0545746	0.0985507	0.0570265	0.1159136	0.0479452	0.0759804	0.0517241	0.0758483	0.0606532	0.0582524	0.0613288	0.0393996	0.0674603	0.0292135	0.0204082	0.0673317	0.0297723	0.1111111	0.0926431	0.129108	0.0591017	0.0857988	0.0660147	0.0509554	0.0557851	0.0758294	0.0853081	0.0959752	0.072381	0.0666667	0.0512048	0.0572207	0.097166	0.0724638	0.084399	0.0966851	0.1263383	
Fauvette à tête noire	0.3096234	0.3104693	0.2881356	0.2911647	0.2943723	0.2256098	0.4293194	0.3493671	0.2721088	0.3098592	0.4223744	0.4638844	0.4695652	0.4663951	0.5520629	0.5671233	0.5539216	0.5991379	0.6127745	0.6485226	0.7087379	0.6729131	0.6998124	0.6706349	0.7168539	0.7142857	0.6783042	0.5394046	0.2762763	0.2207084	0.2112676	0.0921986	0.1390533	0.0904645	0.0721868	0.107438	0.0995261	0.1895735	0.1578947	0.1619048	0.2173913	0.3072289	0.2861035	0.3603239	0.3536232	0.2710997	0.3453039	0.3576017	
Fauvette des jardins	0.0	0.0	0.0	0.0	0.0	0.0	0.0	0.0	0.0	0.0	0.0	0.0	0.0	0.0	0.0	0.0	0.0	0.0	0.0	0.0031104	0.0072816	0.0085179	0.0150094	0.0019841	0.0022472	0.0	0.0	0.0052539	0.003003	0.0027248	0.0117371	0.0023641	0.0088757	0.002445	0.0021231	0.0020661	0.0	0.0	0.0	0.0	0.0057971	0.0	0.0	0.0	0.0	0.0	0.0	0.0	
Fauvette mélanocéphale	0.1422594	0.1696751	0.1728814	0.126506	0.1904762	0.1178862	0.1832461	0.1544304	0.1473923	0.1408451	0.1643836	0.1894061	0.1217391	0.114053	0.1257367	0.1041096	0.0833333	0.1012931	0.1037924	0.0824261	0.0776699	0.1073254	0.0863039	0.1071429	0.0696629	0.0469388	0.084788	0.0595447	0.1651652	0.1253406	0.1619718	0.0898345	0.1183432	0.1393643	0.1210191	0.1590909	0.1943128	0.1848341	0.1671827	0.1485714	0.1565217	0.1927711	0.1226158	0.159919	0.1507246	0.0869565	0.1712707	0.1713062	
Fauvette passerinette	0.0	0.0	0.0	0.0	0.0	0.0	0.0	0.0	0.0	0.0023474	0.0	0.0096308	0.0202899	0.0203666	0.0275049	0.0164384	0.0269608	0.0107759	0.0139721	0.0171073	0.0097087	0.0136286	0.0131332	0.0297619	0.0022472	0.0020408	0.0049875	0.0	0.012012	0.013624	0.0093897	0.0047281	0.0088757	0.00489	0.0	0.0041322	0.0	0.0	0.0	0.0	0.0	0.0	0.0	0.0	0.0	0.0	0.0	0.0	
Fauvette grisette	0.0	0.0	0.0	0.0	0.0	0.0	0.0	0.0	0.0	0.0	0.0	0.0	0.0015	0.0081466	0.0314342	0.0452055	0.0514706	0.0280172	0.0638723	0.0544323	0.0533981	0.1039182	0.1106942	0.0396825	0.0134831	0.0244898	0.0124688	0.0105079	0.03003	0.0190736	0.0352113	0.0236407	0.0118343	0.007335	0.014862	0.0020661	0.0	0.0	0.0	0.0	0.0	0.0	0.0	0.0	0.0	0.0	0.0	0.0	
Fauvette pitchou	0.0251046	0.0144404	0.0101695	0.0040161	0.0194805	0.0101626	0.026178	0.0025316	0.031746	0.0117371	0.0228311	0.0224719	0.0202899	0.0264766	0.0373281	0.0315068	0.0490196	0.0258621	0.0319361	0.0435459	0.0315534	0.0800681	0.0806754	0.0853175	0.0224719	0.0326531	0.0299252	0.0227671	0.0540541	0.0653951	0.0446009	0.0449173	0.0384615	0.0317848	0.029724	0.0268595	0.0165877	0.0402844	0.0340557	0.0304762	0.0144928	0.0301205	0.013624	0.0283401	0.0144928	0.0076726	0.0082873	0.0149893	
Sylvia ou Curruca sp.	0.0	0.0	0.0033898	0.0	0.0	0.0	0.0	0.0	0.0	0.0	0.0	0.0016051	0.0057971	0.0015	0.0	0.0	0.002451	0.0	0.003992	0.0	0.0	0.0017036	0.0	0.0	0.0022472	0.0	0.0024938	0.0	0.0	0.0	0.0023474	0.0023641	0.0	0.0	0.0	0.0	0.0	0.0023697	0.0	0.0	0.0	0.0	0.0	0.0	0.0	0.0	0.0	0.0021413	
Roitelet huppé	0.0	0.0015	0.0	0.002008	0.0	0.0	0.0	0.0	0.0	0.0	0.0	0.0	0.0	0.0	0.0	0.0	0.0	0.0	0.0	0.0	0.0	0.0	0.0	0.0	0.0	0.0	0.0	0.0	0.0	0.0	0.0	0.0	0.0	0.0	0.0	0.0	0.0	0.0	0.0	0.0	0.0	0.0	0.0	0.0020243	0.0	0.0	0.0027624	0.0021413	
Roitelet à triple bandeau	0.0753138	0.0433213	0.0576271	0.0261044	0.0367965	0.0345528	0.0890052	0.0531646	0.0612245	0.0328638	0.0684932	0.070626	0.1072464	0.089613	0.108055	0.0753425	0.0906863	0.1034483	0.1097804	0.0575428	0.0873786	0.0936968	0.0769231	0.0634921	0.0426966	0.0428571	0.032419	0.028021	0.0990991	0.0953678	0.1056338	0.0543735	0.0591716	0.0488998	0.0212314	0.0289256	0.0592417	0.0616114	0.0216718	0.0266667	0.0231884	0.0301205	0.0326975	0.0182186	0.0086957	0.0153453	0.0441989	0.0856531	
Roitelet huppé ou R. à triple bandeau	0.0	0.0	0.0	0.0	0.0	0.0	0.0	0.0	0.0	0.0	0.0	0.0	0.0028986	0.0	0.0	0.0	0.0	0.0	0.0	0.0	0.0	0.0	0.0	0.0	0.0	0.0	0.0	0.0017513	0.0	0.0	0.0	0.0	0.0	0.0	0.0	0.0	0.0	0.0	0.0	0.0	0.0	0.0	0.0	0.0	0.0	0.0	0.0	0.0	
Sittelle torchepot	0.0543933	0.0361011	0.0101695	0.0301205	0.0367965	0.0162602	0.0497382	0.0329114	0.0249433	0.028169	0.0502283	0.035313	0.1014493	0.0468432	0.0569745	0.0287671	0.0490196	0.0237069	0.0319361	0.0264386	0.0364078	0.0511073	0.0412758	0.0654762	0.0292135	0.0346939	0.0399002	0.0227671	0.0660661	0.0762943	0.0868545	0.0401891	0.0502959	0.0488998	0.0233546	0.0268595	0.0402844	0.0260664	0.0619195	0.0228571	0.0376812	0.0150602	0.013624	0.0263158	0.0115942	0.0076726	0.019337	0.0278373	
Grimpereau des jardins	0.0920502	0.0685921	0.0542373	0.0582329	0.0714286	0.0589431	0.1204188	0.0759494	0.0680272	0.0657277	0.0936073	0.0850722	0.1565217	0.1059063	0.1434185	0.0863014	0.1176471	0.1034483	0.1197605	0.1197512	0.118932	0.1448041	0.1050657	0.1468254	0.105618	0.0755102	0.1122195	0.056042	0.1891892	0.1852861	0.1877934	0.108747	0.112426	0.1026895	0.0679406	0.0661157	0.0663507	0.0947867	0.0804954	0.0514286	0.0608696	0.0542169	0.0408719	0.0425101	0.0376812	0.0255754	0.0469613	0.1006424	
Troglodyte mignon	0.1338912	0.1046931	0.0881356	0.0823293	0.1298701	0.1036585	0.3246073	0.1848101	0.1451247	0.1525822	0.2214612	0.2744783	0.3072464	0.3014257	0.3339882	0.2479452	0.254902	0.2521552	0.3013972	0.2799378	0.2524272	0.2793867	0.2551595	0.2063492	0.1460674	0.0918367	0.1346633	0.0858144	0.1951952	0.2016349	0.1830986	0.177305	0.1420118	0.0855746	0.0636943	0.0909091	0.0734597	0.0924171	0.0959752	0.0666667	0.084058	0.0753012	0.0463215	0.0748988	0.057971	0.0358056	0.0745856	0.1349036	
Cincle plongeur	0.0015	0.0036101	0.0101695	0.0040161	0.004329	0.0081301	0.0026178	0.0	0.0	0.0023474	0.0	0.0032103	0.0015	0.0020367	0.0015	0.0027397	0.002451	0.0064655	0.001996	0.0124417	0.0072816	0.0034072	0.0075047	0.0015	0.0	0.0	0.0049875	0.0035026	0.006006	0.013624	0.0234742	0.0094563	0.0059172	0.00489	0.0127389	0.0041322	0.0047393	0.0023697	0.003096	0.0038095	0.0057971	0.0	0.0	0.0015	0.0	0.0	0.0027624	0.0042827	
Étourneau sansonnet	0.0041841	0.0036101	0.0	0.0	0.0021645	0.0	0.0	0.0	0.0	0.0	0.0	0.0	0.0	0.0	0.0	0.0	0.0	0.0	0.0	0.0	0.0	0.0	0.0	0.0	0.0	0.0	0.0	0.0	0.0	0.0	0.0	0.0	0.0	0.0	0.0	0.0	0.0	0.0	0.0	0.0019048	0.0028986	0.0	0.013624	0.0080972	0.0	0.0025575	0.0015	0.0021413	
Étourneau unicolore	0.1882845	0.2707581	0.220339	0.1987952	0.3051948	0.2134146	0.3560209	0.2582278	0.3718821	0.2464789	0.3561644	0.3691814	0.3304348	0.3360489	0.3300589	0.2767123	0.375	0.2974138	0.3353293	0.3732504	0.3737864	0.2998296	0.2682927	0.218254	0.2202247	0.1857143	0.244389	0.1471103	0.2432432	0.2615804	0.2558685	0.2340426	0.3017751	0.3178484	0.3397028	0.4896694	0.436019	0.4265403	0.2972136	0.2857143	0.342029	0.3042169	0.2970027	0.2955466	0.2463768	0.2531969	0.1878453	0.24197	
Étourneau sansonnet ou É. unicolore	0.0041841	0.0	0.0135593	0.0080321	0.0021645	0.0	0.0026178	0.0	0.0	0.0023474	0.0	0.0	0.0	0.0	0.0	0.0	0.0	0.0021552	0.0	0.0	0.0	0.0	0.0	0.0	0.0	0.0	0.0	0.0	0.0	0.0	0.0	0.0	0.0	0.002445	0.0	0.0	0.0	0.0023697	0.003096	0.0019048	0.0015	0.003012	0.0015	0.0020243	0.0	0.0025575	0.0027624	0.0107066	
Grive draine	0.0125523	0.032491	0.0338983	0.0160643	0.0238095	0.0162602	0.0287958	0.035443	0.0294785	0.0234742	0.0525114	0.0304976	0.0492754	0.0264766	0.0392927	0.0383562	0.0343137	0.0258621	0.0299401	0.029549	0.0315534	0.0647359	0.0412758	0.0218254	0.011236	0.0163265	0.0099751	0.0070053	0.027027	0.0190736	0.0305164	0.0118203	0.0266272	0.007335	0.0084926	0.0103306	0.007109	0.007109	0.0247678	0.0114286	0.0086957	0.0150602	0.0054496	0.0161943	0.0115942	0.0102302	0.019337	0.012848	
Grive musicienne	0.1171548	0.1155235	0.1559322	0.1465863	0.2554113	0.2317073	0.4528796	0.2810127	0.1587302	0.1807512	0.173516	0.1380417	0.1565217	0.1221996	0.0785855	0.1205479	0.0808824	0.1012931	0.0978044	0.1166407	0.1043689	0.1362862	0.1050657	0.1210317	0.0786517	0.0265306	0.0274314	0.0140105	0.027027	0.0163488	0.0211268	0.0070922	0.0088757	0.002445	0.0063694	0.0020661	0.0094787	0.0118483	0.0278638	0.0171429	0.0202899	0.0391566	0.0299728	0.0526316	0.0666667	0.0255754	0.0939227	0.117773	
Grive mauvis	0.0251046	0.0216606	0.0169492	0.0100402	0.0238095	0.0182927	0.0366492	0.0202532	0.0136054	0.0070423	0.0	0.0	0.0	0.0	0.0	0.0	0.0	0.0	0.0	0.0	0.0	0.0	0.0	0.0	0.0	0.0	0.0	0.0	0.0	0.0	0.0	0.0	0.0	0.0	0.0	0.0	0.0	0.0	0.0	0.0038095	0.0144928	0.0090361	0.0027248	0.0101215	0.0115942	0.0025575	0.0082873	0.0214133	
Merle noir	0.4267782	0.4512635	0.3966102	0.3835341	0.452381	0.4512195	0.5942408	0.4683544	0.4943311	0.5680751	0.5821918	0.6565008	0.6695652	0.700611	0.7308448	0.7356164	0.8039216	0.799569	0.8243513	0.8211509	0.8228155	0.8109029	0.7767355	0.6329365	0.5685393	0.3612245	0.3740648	0.3134851	0.4474474	0.4441417	0.4248826	0.4326241	0.3846154	0.393643	0.3991507	0.3822314	0.3933649	0.4218009	0.3962848	0.312381	0.3565217	0.3855422	0.2915531	0.3663968	0.3536232	0.286445	0.320442	0.3811563	
Grive litorne	0.0	0.0015	0.0033898	0.0	0.0	0.0	0.0026178	0.0	0.0	0.0	0.0	0.0	0.0	0.0	0.0	0.0	0.0	0.0	0.0	0.0	0.0	0.0	0.0	0.0	0.0	0.0	0.0	0.0	0.0	0.0	0.0	0.0	0.0	0.0	0.0	0.0	0.0	0.0	0.0	0.0	0.0	0.003012	0.0	0.0020243	0.0	0.0	0.0	0.0	
Turdus sp.	0.0	0.0072202	0.020339	0.0040161	0.0	0.0	0.0052356	0.0025316	0.0	0.0	0.0	0.0016051	0.0057971	0.0	0.0	0.0015	0.0	0.0	0.0	0.0	0.0024272	0.0	0.0	0.0	0.0	0.0	0.0	0.0017513	0.0	0.0	0.0	0.0023641	0.0	0.0	0.0021231	0.0	0.0	0.0	0.0	0.0019048	0.0028986	0.0015	0.0	0.0	0.0028986	0.0025575	0.0	0.012848	
Gobemouche gris	0.0	0.0	0.0	0.0	0.0	0.0	0.0	0.0	0.0	0.0	0.0	0.0	0.0	0.0	0.0	0.0	0.0	0.0	0.0	0.0	0.0	0.0	0.0	0.0	0.0	0.0	0.0	0.0015	0.003003	0.0163488	0.0305164	0.0330969	0.091716	0.0880196	0.0424628	0.0661157	0.0189573	0.021327	0.003096	0.0015	0.0	0.0	0.0	0.0	0.0	0.0	0.0	0.0	
Rougegorge familier	0.5062762	0.732852	0.6169492	0.5722892	0.7402597	0.652439	0.7591623	0.6734177	0.61678	0.5680751	0.6986301	0.6677368	0.6434783	0.6008147	0.5284872	0.5534247	0.5735294	0.5	0.5389222	0.5785381	0.5679612	0.5349233	0.478424	0.3313492	0.2022472	0.1306122	0.1795511	0.1418564	0.2822823	0.2697548	0.2910798	0.3073286	0.3431953	0.6577017	0.656051	0.7438017	0.8104265	0.7630332	0.6594427	0.64	0.6463768	0.7108434	0.7792916	0.7955466	0.7971014	0.6700767	0.6325967	0.5824411	
Rossignol philomèle	0.0	0.0	0.0	0.0	0.0	0.0	0.0	0.0	0.0	0.0	0.0	0.0015	0.0144928	0.0488798	0.1218075	0.2082192	0.2205882	0.2306034	0.1856287	0.1399689	0.131068	0.0902896	0.0412758	0.0357143	0.0179775	0.0142857	0.0099751	0.0122592	0.027027	0.0463215	0.0422535	0.0070922	0.0118343	0.0122249	0.0	0.0	0.0	0.0	0.0	0.0	0.0	0.0	0.0	0.0	0.0	0.0	0.0	0.0	
Gobemouche noir	0.0	0.0	0.0	0.0	0.0	0.0	0.0	0.0	0.0	0.0	0.0	0.0	0.0	0.0	0.0	0.0	0.0	0.0	0.0	0.0	0.0	0.0	0.0018762	0.0	0.0	0.0	0.0049875	0.0052539	0.021021	0.0599455	0.0985915	0.2222222	0.2869822	0.4572127	0.3460722	0.268595	0.0971564	0.0521327	0.0154799	0.0019048	0.0	0.003012	0.0	0.0	0.0	0.0	0.0	0.0	
Ficedula sp.	0.0	0.0	0.0	0.0	0.0	0.0	0.0	0.0	0.0	0.0	0.0	0.0	0.0	0.0	0.0	0.0	0.0	0.0	0.0	0.0	0.0	0.0	0.0	0.0	0.0	0.0	0.0	0.0	0.0	0.0	0.0	0.0	0.0015	0.002445	0.0	0.0020661	0.0	0.0	0.0	0.0	0.0	0.0	0.0	0.0	0.0	0.0	0.0	0.0	
Rougequeue à front blanc	0.0	0.0	0.0	0.0	0.0	0.0	0.0	0.0	0.0	0.0	0.0	0.0	0.0	0.0	0.0	0.0013699	0.0	0.0	0.0	0.0	0.0	0.0	0.0	0.0019841	0.0	0.0	0.0	0.0	0.0	0.0	0.0023474	0.0	0.0118343	0.0	0.0	0.0	0.0	0.0	0.0	0.0	0.0	0.0	0.0	0.0	0.0	0.0	0.0	0.0	
Rougequeue noir	0.209205	0.2310469	0.2067797	0.1646586	0.2012987	0.2113821	0.3638743	0.243038	0.1950113	0.2300469	0.2785388	0.3113965	0.3594203	0.2708758	0.2514735	0.3027397	0.3112745	0.3836207	0.3552894	0.340591	0.3252427	0.3696763	0.3283302	0.281746	0.211236	0.2530612	0.2593516	0.1471103	0.2042042	0.2643052	0.2488263	0.2742317	0.3698225	0.2933985	0.2441614	0.25	0.2559242	0.3222749	0.3065015	0.2857143	0.2782609	0.2801205	0.1825613	0.208502	0.1768116	0.1713555	0.2375691	0.248394	
rougequeue sp.	0.0	0.0	0.0	0.0	0.0	0.0	0.0	0.0	0.0	0.0	0.0	0.0	0.0	0.0	0.0	0.0	0.002451	0.0	0.0	0.0	0.0	0.0	0.0	0.0	0.0015	0.0	0.0	0.0	0.0	0.0	0.0	0.0	0.0	0.002445	0.0	0.0	0.0	0.0	0.0	0.0	0.0	0.0	0.0	0.0	0.0	0.0	0.0	0.0021413	
Monticole de roche	0.0	0.0	0.0	0.0	0.0	0.0	0.0	0.0	0.0	0.0	0.0	0.0	0.0	0.0	0.0	0.0013699	0.0	0.0	0.001996	0.007776	0.0048544	0.0	0.0131332	0.0059524	0.0	0.0040816	0.0024938	0.0015	0.006006	0.0	0.0023474	0.0023641	0.0029586	0.0	0.0	0.0	0.0	0.0	0.0	0.0	0.0	0.0	0.0	0.0	0.0	0.0	0.0	0.0	
Monticole bleu	0.0	0.0072202	0.0	0.0	0.0	0.0	0.0026178	0.0	0.0015	0.0015	0.0045662	0.0080257	0.0057971	0.0	0.0058939	0.0082192	0.002451	0.0064655	0.005988	0.0015552	0.0097087	0.0085179	0.0075047	0.0019841	0.0022472	0.0020408	0.0	0.0017513	0.012012	0.0081744	0.0023474	0.0	0.0059172	0.00489	0.0042463	0.0082645	0.0047393	0.0023697	0.006192	0.0019048	0.0	0.0	0.0015	0.01417	0.0086957	0.0	0.019337	0.0	
monticole sp.	0.0	0.0	0.0	0.0	0.0	0.0	0.0	0.0	0.0	0.0023474	0.0	0.0	0.0	0.0	0.0	0.0	0.0	0.0	0.0	0.0	0.0	0.0	0.0	0.0	0.0	0.0	0.0	0.0	0.0	0.0	0.0	0.0	0.0	0.0	0.0	0.0	0.0	0.0	0.0	0.0	0.0	0.0	0.0	0.0	0.0	0.0	0.0	0.0	
Tarier des prés	0.0	0.0	0.0	0.0	0.0	0.0	0.0	0.0	0.0	0.0	0.0	0.0	0.0	0.0	0.0	0.0	0.0	0.0	0.0	0.0	0.0	0.0	0.0	0.0	0.0	0.0	0.0	0.0	0.0	0.0	0.0023474	0.0	0.0059172	0.00978	0.0169851	0.0144628	0.0023697	0.0023697	0.0	0.0	0.0	0.0	0.0	0.0	0.0	0.0	0.0	0.0	
Tarier pâtre	0.083682	0.0577617	0.0576271	0.0321285	0.047619	0.0426829	0.0968586	0.0455696	0.0408163	0.0610329	0.0936073	0.0626003	0.1014493	0.0672098	0.1414538	0.109589	0.127451	0.1077586	0.0998004	0.118196	0.1262136	0.1379898	0.1688555	0.1111111	0.0719101	0.0897959	0.0947631	0.0507881	0.1381381	0.1117166	0.1455399	0.0992908	0.1449704	0.0709046	0.0700637	0.0764463	0.0545024	0.0876777	0.0835913	0.0419048	0.0724638	0.0722892	0.0435967	0.0546559	0.0463768	0.0255754	0.0331492	0.0749465	
Traquet motteux	0.0	0.0	0.0	0.0	0.0	0.0	0.0	0.0	0.0	0.0	0.0	0.0080257	0.0086957	0.0020367	0.0039293	0.0041096	0.0073529	0.0021552	0.001996	0.0062208	0.0048544	0.0	0.011257	0.0079365	0.0022472	0.0081633	0.0024938	0.0015	0.009009	0.0054496	0.0140845	0.0212766	0.0207101	0.0171149	0.0233546	0.0165289	0.0118483	0.014218	0.003096	0.0	0.0	0.0	0.0	0.0	0.0	0.0	0.0	0.0	
Traquet oreillard	0.0	0.0	0.0	0.0	0.0	0.0	0.0	0.0	0.0	0.0	0.0	0.0	0.0	0.0	0.0015	0.0	0.002451	0.0	0.0	0.0	0.0024272	0.0	0.0	0.0	0.0	0.0	0.0	0.0	0.0	0.0	0.0	0.0	0.0	0.0	0.0	0.0	0.0	0.0	0.0	0.0	0.0	0.0	0.0	0.0	0.0	0.0	0.0	0.0	
Traquet rieur	0.0	0.0	0.0	0.0	0.0	0.0	0.0026178	0.0	0.0	0.0	0.0	0.0015	0.0	0.0	0.0	0.0	0.0	0.0	0.0015	0.0	0.0024272	0.0	0.0	0.0019841	0.0015	0.0	0.0	0.0	0.0	0.0	0.0	0.0	0.0	0.0	0.0	0.0	0.0	0.0	0.0	0.0019048	0.0	0.003012	0.0	0.0	0.0028986	0.0	0.0027624	0.0	
Oenanthe sp.	0.0	0.0	0.0	0.0	0.0	0.0	0.0	0.0	0.0	0.0	0.0	0.0	0.0	0.0	0.0019646	0.0	0.0	0.0	0.0	0.0	0.0	0.0	0.0	0.0	0.0	0.0	0.0	0.0	0.0	0.0	0.0	0.0	0.0	0.0	0.0	0.0	0.0	0.0	0.0	0.0	0.0	0.0	0.0	0.0	0.0	0.0	0.0	0.0	
Astrild ondulé	0.0167364	0.0216606	0.0135593	0.0200803	0.008658	0.004065	0.0209424	0.0101266	0.0022676	0.0046948	0.0068493	0.0208668	0.0086957	0.0183299	0.0157171	0.0178082	0.0098039	0.0150862	0.00998	0.0155521	0.0242718	0.0187394	0.0168856	0.0218254	0.011236	0.0040816	0.0199501	0.0210158	0.039039	0.0326975	0.0399061	0.0307329	0.0414201	0.0293399	0.0276008	0.0557851	0.0402844	0.0521327	0.0433437	0.0209524	0.0376812	0.0361446	0.0299728	0.0182186	0.0028986	0.0025575	0.019337	0.0428266	
Accenteur mouchet	0.0292887	0.0180505	0.0067797	0.0100402	0.021645	0.0121951	0.039267	0.0101266	0.0226757	0.0140845	0.0296804	0.0208668	0.0231884	0.0264766	0.0333988	0.0342466	0.0514706	0.0280172	0.0379242	0.0466563	0.0412621	0.0749574	0.0806754	0.0277778	0.0179775	0.0204082	0.0274314	0.0157618	0.03003	0.0408719	0.056338	0.035461	0.0325444	0.0220049	0.0084926	0.0082645	0.0023697	0.0308057	0.0247678	0.0209524	0.0015	0.0331325	0.0108992	0.0283401	0.0086957	0.0076726	0.0110497	0.0256959	
Moineau domestique	0.209205	0.1732852	0.240678	0.1726908	0.2489177	0.2439024	0.3900524	0.321519	0.2811791	0.2723005	0.2716895	0.399679	0.4115942	0.3625255	0.4263261	0.4808219	0.4583333	0.487069	0.50499	0.5645412	0.5849515	0.5638842	0.5703565	0.5972222	0.5617978	0.5081633	0.4837905	0.4991243	0.4504505	0.3760218	0.3967136	0.3451537	0.3343195	0.2151589	0.1783439	0.2004132	0.1943128	0.2345972	0.1919505	0.2019048	0.2202899	0.2439759	0.1743869	0.1882591	0.1362319	0.1892583	0.1574586	0.2740899	
Moineau espagnol	0.0	0.0	0.0	0.0	0.0	0.0	0.0	0.0	0.0	0.0	0.0	0.0	0.0	0.0	0.0	0.0	0.0	0.0	0.0	0.0	0.0	0.0	0.0015	0.0	0.0	0.0	0.0	0.0	0.0	0.0	0.0	0.0	0.0	0.0	0.0	0.0	0.0	0.0	0.0	0.0	0.0	0.0	0.0	0.0	0.0	0.0	0.0	0.0	
Moineau friquet	0.0167364	0.0072202	0.0135593	0.0060241	0.008658	0.0081301	0.0314136	0.0126582	0.0113379	0.0164319	0.0022831	0.0176565	0.0376812	0.01222	0.0235756	0.0191781	0.0196078	0.012931	0.0259481	0.0186625	0.0291262	0.0477002	0.0562852	0.0416667	0.011236	0.0285714	0.0199501	0.0350263	0.042042	0.0408719	0.0305164	0.0094563	0.0236686	0.00489	0.0021231	0.0144628	0.0236967	0.014218	0.0123839	0.007619	0.0028986	0.0090361	0.0081744	0.0202429	0.0144928	0.0	0.0110497	0.012848	
Moineau domestique ou M. friquet	0.0015	0.0036101	0.0	0.002008	0.0021645	0.0	0.0	0.0025316	0.0	0.0	0.0	0.0	0.0	0.0020367	0.0	0.0	0.0	0.0	0.0	0.0	0.0	0.0	0.0018762	0.0	0.0	0.0	0.0	0.0	0.003003	0.0	0.0	0.0023641	0.0029586	0.002445	0.0	0.0041322	0.0023697	0.0	0.003096	0.0	0.0	0.003012	0.0	0.0	0.0	0.0025575	0.0	0.0021413	
Passer sp.	0.0	0.0036101	0.0	0.002008	0.0	0.0	0.0	0.0	0.0	0.0023474	0.0	0.0032103	0.0	0.0	0.0	0.0	0.004902	0.0	0.0	0.0015552	0.0	0.0	0.0018762	0.0	0.0022472	0.0	0.0024938	0.0	0.0	0.0	0.0	0.0	0.0	0.002445	0.0	0.0	0.0	0.0	0.0	0.0	0.0	0.0	0.0	0.0	0.0	0.0	0.0	0.0015	
Moineau soulcie	0.0	0.0036101	0.0	0.0	0.0021645	0.0020325	0.0157068	0.0025316	0.0045351	0.0046948	0.0022831	0.0032103	0.0015	0.0	0.0058939	0.0027397	0.0	0.0043103	0.005988	0.0015552	0.0097087	0.0170358	0.0206379	0.0079365	0.0044944	0.0040816	0.0049875	0.0070053	0.009009	0.0027248	0.0023474	0.0023641	0.0	0.0	0.0015	0.0061983	0.0094787	0.0047393	0.0216718	0.0038095	0.0144928	0.003012	0.0027248	0.0101215	0.0	0.0	0.0	0.0021413	
Bergeronnette des ruisseaux	0.041841	0.0288809	0.0372881	0.0281124	0.0324675	0.0325203	0.0706806	0.0379747	0.0362812	0.0258216	0.0251142	0.0224719	0.0318841	0.0203666	0.0412574	0.039726	0.0318627	0.0193966	0.0359281	0.0559876	0.038835	0.0596252	0.0412758	0.0297619	0.0337079	0.0142857	0.0224439	0.0227671	0.048048	0.0435967	0.0774648	0.0543735	0.0473373	0.0537897	0.0254777	0.0330579	0.028436	0.0473934	0.0526316	0.0457143	0.0637681	0.0331325	0.0299728	0.034413	0.0347826	0.0255754	0.0552486	0.0599572	
Bergeronnette printanière	0.0	0.0	0.0	0.0	0.0	0.0	0.0	0.0	0.0	0.0	0.0	0.0	0.0028986	0.0020367	0.0	0.0027397	0.002451	0.0043103	0.003992	0.0093313	0.0121359	0.0272572	0.0206379	0.0019841	0.0067416	0.0020408	0.0	0.0017513	0.015015	0.0108992	0.028169	0.0047281	0.0207101	0.0122249	0.0063694	0.0123967	0.0023697	0.0	0.006192	0.0	0.0	0.0	0.0	0.0	0.0	0.0	0.0	0.0	
Bergeronnette grise	0.1841004	0.1696751	0.1661017	0.1144578	0.1471861	0.1077236	0.2486911	0.164557	0.1269841	0.1361502	0.152968	0.1669342	0.2173913	0.1059063	0.1434185	0.1547945	0.1764706	0.1530172	0.1516966	0.1477449	0.1674757	0.2078365	0.1726079	0.202381	0.1685393	0.1367347	0.1496259	0.1488616	0.2222222	0.26703	0.2300469	0.2789598	0.2100592	0.1589242	0.1592357	0.1797521	0.1777251	0.2274882	0.2631579	0.207619	0.2695652	0.2289157	0.1716621	0.1659919	0.1304348	0.1355499	0.1685083	0.24197	
bergeronette sp.	0.0	0.0036101	0.0	0.0	0.0	0.0	0.0	0.0	0.0	0.0	0.0	0.0	0.0	0.0	0.0	0.0	0.0	0.0021552	0.001996	0.0	0.0	0.0	0.0	0.0	0.0	0.0	0.0	0.0	0.0	0.0027248	0.0	0.0	0.0	0.0	0.0	0.0	0.0	0.0	0.0	0.0	0.0	0.0	0.0015	0.0	0.0	0.0	0.0	0.0	
Pipit rousseline	0.0	0.0	0.0	0.0	0.0	0.0	0.0	0.0	0.0	0.0	0.0	0.0	0.0057971	0.0	0.0039293	0.0041096	0.002451	0.0	0.007984	0.0155521	0.0097087	0.0153322	0.0243902	0.0119048	0.0089888	0.0204082	0.0199501	0.0017513	0.018018	0.0081744	0.0140845	0.0070922	0.0059172	0.0	0.0042463	0.0	0.0	0.0	0.0	0.0	0.0	0.0	0.0	0.0	0.0	0.0	0.0	0.0	
Pipit farlouse	0.1129707	0.0830325	0.0813559	0.0461847	0.0411255	0.0406504	0.078534	0.0481013	0.0249433	0.0234742	0.0251142	0.0192616	0.0057971	0.0	0.0	0.0	0.0	0.0	0.0	0.0	0.0	0.0	0.0	0.0	0.0	0.0	0.0	0.0	0.0	0.0	0.0	0.0	0.0	0.0	0.0	0.0041322	0.0	0.042654	0.0619195	0.0647619	0.0724638	0.1114458	0.0517711	0.0668016	0.0521739	0.0179028	0.0662983	0.124197	
Pipit des arbres	0.0	0.0	0.0	0.0	0.0	0.0	0.0	0.0	0.0	0.0	0.0	0.0016051	0.0	0.0015	0.0019646	0.0013699	0.0	0.0	0.0	0.0015552	0.0048544	0.011925	0.0093809	0.0039683	0.0	0.0	0.0	0.0017513	0.003003	0.0	0.028169	0.0236407	0.056213	0.0317848	0.0254777	0.0247934	0.0023697	0.0047393	0.0	0.0	0.0	0.0	0.0	0.0	0.0	0.0	0.0	0.0	
Pipit spioncelle	0.0041841	0.0	0.0135593	0.002008	0.0	0.0	0.0104712	0.0075949	0.0022676	0.0	0.0015	0.0048154	0.0	0.0	0.0	0.0	0.0	0.0	0.0	0.0	0.0	0.0	0.0	0.0	0.0	0.0	0.0	0.0	0.0	0.0	0.0	0.0	0.0	0.0	0.0	0.0	0.0	0.0047393	0.0092879	0.0057143	0.0028986	0.003012	0.0027248	0.0020243	0.0015	0.0	0.0	0.0107066	
Pipit farlouse ou P. spioncelle	0.0	0.0	0.0	0.0	0.0	0.0020325	0.0	0.0025316	0.0	0.0	0.0	0.0	0.0	0.0	0.0	0.0	0.0	0.0	0.0	0.0	0.0	0.0	0.0	0.0	0.0	0.0	0.0	0.0	0.0	0.0	0.0	0.0	0.0	0.0	0.0	0.0	0.0	0.0	0.0	0.0	0.0	0.003012	0.0	0.0	0.0	0.0	0.0	0.0	
Anthus sp.	0.0	0.0	0.0033898	0.0	0.0	0.0	0.0	0.0	0.0	0.0	0.0	0.0	0.0	0.0	0.0	0.0	0.0	0.0	0.0	0.0	0.0	0.0	0.0	0.0	0.0	0.0	0.0	0.0	0.0	0.0	0.0	0.0	0.0	0.0	0.0021231	0.0	0.0	0.0	0.0	0.0	0.0	0.0	0.0	0.0	0.0	0.0	0.0	0.0015	
Pinson des arbres	0.2552301	0.2563177	0.2440678	0.2128514	0.2337662	0.1829268	0.3507853	0.3037975	0.2176871	0.2699531	0.2579909	0.1813804	0.1884058	0.1364562	0.2436149	0.2136986	0.2083333	0.2607759	0.2275449	0.2363919	0.2330097	0.3151618	0.2814259	0.1904762	0.1348315	0.1020408	0.0997506	0.0700525	0.1771772	0.1907357	0.2230047	0.141844	0.1183432	0.0929095	0.0997877	0.0909091	0.0805687	0.1279621	0.1795666	0.2057143	0.2115942	0.2740964	0.2506812	0.2307692	0.257971	0.1713555	0.2292818	0.2698073	
Pinson du Nord	0.0041841	0.0036101	0.0135593	0.002008	0.0015	0.0060976	0.0078534	0.0126582	0.0	0.0046948	0.0022831	0.0	0.0	0.0	0.0	0.0	0.0	0.0	0.0	0.0	0.0	0.0	0.0	0.0	0.0	0.0	0.0	0.0	0.0	0.0	0.0	0.0	0.0	0.0	0.0	0.0	0.0	0.0	0.0	0.0	0.0	0.003012	0.0027248	0.0040486	0.0028986	0.0051151	0.0027624	0.0278373	
Grosbec casse-noyaux	0.0083682	0.0072202	0.0067797	0.0015	0.0021645	0.0015	0.0078534	0.0025316	0.0022676	0.0046948	0.0022831	0.0032103	0.0	0.0015	0.0	0.0	0.0	0.0	0.001996	0.0046656	0.0048544	0.0051107	0.0018762	0.0015	0.0	0.0015	0.0	0.0	0.0	0.0015	0.0	0.0023641	0.0	0.0	0.0	0.0	0.0	0.0	0.003096	0.0	0.0	0.0	0.0	0.0020243	0.0	0.0	0.0027624	0.0015	
Bouvreuil pivoine	0.0041841	0.0036101	0.0	0.002008	0.008658	0.004065	0.0157068	0.0101266	0.0113379	0.0046948	0.0159817	0.0032103	0.0086957	0.0081466	0.0039293	0.0068493	0.002451	0.0107759	0.001996	0.0046656	0.0097087	0.0051107	0.011257	0.0019841	0.0067416	0.0061224	0.0099751	0.0035026	0.009009	0.0054496	0.028169	0.0070922	0.0	0.002445	0.0	0.0	0.0	0.0094787	0.006192	0.0038095	0.0	0.0	0.0027248	0.0020243	0.0	0.0051151	0.0027624	0.006424	
Verdier d'Europe	0.1213389	0.1191336	0.0949153	0.0883534	0.1363636	0.1260163	0.2722513	0.2405063	0.2176871	0.3028169	0.3835616	0.4879615	0.515942	0.5132383	0.4675835	0.3931507	0.4044118	0.4482759	0.4451098	0.4634526	0.461165	0.5212947	0.4427767	0.4662698	0.5033708	0.5	0.4937656	0.408056	0.3123123	0.2125341	0.2159624	0.1513002	0.1153846	0.1173594	0.0934183	0.1404959	0.1421801	0.1255924	0.1609907	0.0971429	0.084058	0.0662651	0.0463215	0.0465587	0.0521739	0.0255754	0.0718232	0.117773	
Linotte mélodieuse	0.0376569	0.0685921	0.0644068	0.0341365	0.0606061	0.0284553	0.0890052	0.0759494	0.0657596	0.1103286	0.1232877	0.1348315	0.1797101	0.185336	0.1552063	0.1534247	0.1666667	0.1551724	0.1736527	0.1570762	0.1771845	0.2333901	0.2232645	0.2301587	0.1550562	0.1591837	0.1720698	0.1190893	0.1891892	0.1716621	0.2347418	0.141844	0.1715976	0.1564792	0.1104034	0.1549587	0.1563981	0.1895735	0.1609907	0.0895238	0.0724638	0.0873494	0.0572207	0.0607287	0.0434783	0.0153453	0.0469613	0.0492505	
Bec-croisé des sapins	0.0	0.0	0.0	0.0	0.0	0.0	0.0	0.0	0.0	0.0	0.0	0.0	0.0	0.0020367	0.0	0.0	0.0	0.0	0.0	0.0	0.0	0.0	0.0	0.0	0.0	0.0	0.0	0.0	0.003003	0.0	0.0	0.0	0.0	0.0	0.0	0.0	0.0	0.0023697	0.0015	0.0	0.0	0.0	0.0	0.0	0.0	0.0	0.0	0.0	
Chardonneret élégant	0.083682	0.1083032	0.0745763	0.0481928	0.0952381	0.0365854	0.0942408	0.0632911	0.0498866	0.1126761	0.152968	0.176565	0.2028986	0.1608961	0.1453831	0.1684932	0.1495098	0.1659483	0.1337325	0.1493002	0.1966019	0.2248722	0.2851782	0.2440476	0.2134831	0.1877551	0.2194514	0.1768827	0.2492492	0.1825613	0.241784	0.179669	0.1923077	0.1222494	0.1231423	0.1384298	0.0995261	0.1374408	0.1486068	0.1142857	0.0898551	0.1054217	0.0762943	0.062753	0.0695652	0.028133	0.0966851	0.1092077	
Serin cini	0.083682	0.133574	0.1118644	0.0803213	0.1580087	0.1036585	0.3795812	0.2886076	0.2290249	0.3497653	0.3630137	0.4157303	0.4173913	0.4195519	0.4282908	0.4273973	0.4485294	0.4202586	0.4011976	0.4105754	0.407767	0.4804089	0.424015	0.4047619	0.3393258	0.3326531	0.3591022	0.2171629	0.2372372	0.1498638	0.1760563	0.1962175	0.2100592	0.1589242	0.1167728	0.1756198	0.1421801	0.1943128	0.1671827	0.16	0.115942	0.1204819	0.1008174	0.082996	0.0724638	0.0409207	0.0690608	0.1092077	
Tarin des aulnes	0.1046025	0.0974729	0.0677966	0.0401606	0.0606061	0.0447154	0.0680628	0.0481013	0.0204082	0.0187793	0.0273973	0.0304976	0.0115942	0.0	0.0	0.0	0.0	0.0	0.0	0.0	0.0	0.0	0.0	0.0	0.0	0.0	0.0	0.0	0.0	0.0	0.0	0.0	0.0	0.0	0.0	0.0	0.0	0.0023697	0.006192	0.0380952	0.0434783	0.0813253	0.0544959	0.0688259	0.0695652	0.028133	0.0552486	0.117773	
fringillidé sp.	0.0083682	0.0072202	0.0	0.0	0.0021645	0.0020325	0.0026178	0.0025316	0.0	0.0	0.0	0.0016051	0.0057971	0.0020367	0.0	0.0	0.0015	0.0	0.0	0.0	0.0024272	0.0	0.0	0.0	0.0	0.0020408	0.0	0.0015	0.0	0.0	0.0	0.0	0.0	0.002445	0.0	0.0020661	0.0	0.0047393	0.0	0.0	0.0	0.003012	0.0027248	0.0	0.0028986	0.0	0.0027624	0.0107066	
Bruant proyer	0.0	0.0	0.0033898	0.0	0.004329	0.0	0.0	0.0	0.0022676	0.0046948	0.0022831	0.0	0.0028986	0.0020367	0.0078585	0.0054795	0.0245098	0.0280172	0.0239521	0.0264386	0.0364078	0.0613288	0.0525328	0.0079365	0.0067416	0.0015	0.0074813	0.0017513	0.006006	0.0	0.0046948	0.0	0.0	0.0	0.0	0.0	0.0	0.0023697	0.003096	0.0	0.0	0.0	0.0	0.0	0.0057971	0.0	0.0	0.0	
Bruant fou	0.0083682	0.0180505	0.0067797	0.0180723	0.0281385	0.0101626	0.0497382	0.0075949	0.0226757	0.0093897	0.0228311	0.0208668	0.0202899	0.0142566	0.0510806	0.0287671	0.0539216	0.0172414	0.0299401	0.0435459	0.0436893	0.0630324	0.0806754	0.0496032	0.0314607	0.022449	0.0224439	0.0262697	0.036036	0.0408719	0.0469484	0.0496454	0.0325444	0.0171149	0.0106157	0.0061983	0.0118483	0.014218	0.0216718	0.0114286	0.0173913	0.0150602	0.0081744	0.0202429	0.0173913	0.0015	0.0138122	0.012848	
Bruant zizi	0.0585774	0.0361011	0.0237288	0.0240964	0.025974	0.0284553	0.0549738	0.035443	0.0272109	0.0352113	0.0479452	0.0256822	0.0376812	0.0224033	0.0530452	0.0356164	0.0465686	0.0732759	0.0538922	0.0699844	0.0849515	0.0579216	0.0806754	0.0813492	0.0741573	0.0326531	0.032419	0.028021	0.048048	0.027248	0.0375587	0.0260047	0.0177515	0.0293399	0.059448	0.0413223	0.0616114	0.035545	0.0371517	0.0361905	0.0144928	0.0451807	0.0326975	0.0283401	0.0086957	0.0179028	0.0165746	0.0449679	
Bruant ortolan	0.0	0.0	0.0	0.0	0.0	0.0	0.0	0.0	0.0	0.0	0.0	0.0	0.0	0.0	0.0015	0.0013699	0.0015	0.0	0.0	0.007776	0.0072816	0.0153322	0.0206379	0.0099206	0.0089888	0.0	0.0024938	0.0	0.0	0.0	0.0	0.0	0.0	0.0	0.0	0.0	0.0	0.0	0.0	0.0	0.0	0.0	0.0	0.0	0.0	0.0	0.0	0.0	
Emberiza sp.	0.0	0.0036101	0.0	0.0	0.0	0.0	0.0	0.0	0.0	0.0	0.0	0.0	0.0028986	0.0	0.0	0.0	0.0	0.0	0.0	0.0	0.0	0.0	0.0	0.0	0.0	0.0	0.0	0.0015	0.0	0.0	0.0	0.0	0.0	0.0	0.0	0.0	0.0	0.0	0.0	0.0	0.0	0.0	0.0	0.0	0.0	0.0	0.0	0.0	
passereau sp.	0.0125523	0.0072202	0.0135593	0.002008	0.0	0.004065	0.0026178	0.0	0.0022676	0.0	0.0022831	0.0064205	0.0086957	0.0081466	0.0	0.0054795	0.002451	0.0043103	0.0	0.0	0.0024272	0.0017036	0.0056285	0.0	0.0	0.0	0.0074813	0.0017513	0.009009	0.0108992	0.0070423	0.0047281	0.0	0.002445	0.0	0.0020661	0.0047393	0.0094787	0.0	0.0	0.0028986	0.0060241	0.0	0.0	0.0028986	0.0025575	0.0055249	0.0192719	
oiseau sp.	0.0	0.0	0.0	0.0	0.0	0.0	0.0	0.0	0.0	0.0	0.0	0.0	0.0015	0.0020367	0.0	0.0013699	0.0	0.0	0.0	0.0	0.0	0.0	0.0	0.0	0.0	0.0	0.0	0.0015	0.0	0.0	0.0	0.0015	0.0	0.0	0.0	0.0	0.0	0.0	0.0	0.0	0.0	0.0	0.0	0.0	0.0	0.0	0.0	0.0	

