









Frequency of observations in the selected location(s).:
Number of taxa: 	195

	Jan				Feb				Mar				Apr				May				Jun				Jul				Aug				Sep				Oct				Nov				Dec				
Sample Size:	58.0	59.0	90.0	114.0	66.0	80.0	87.0	71.0	81.0	102.0	122.0	113.0	63.0	77.0	78.0	85.0	72.0	65.0	70.0	100.0	67.0	75.0	77.0	59.0	45.0	53.0	55.0	73.0	34.0	37.0	25.0	49.0	36.0	34.0	35.0	46.0	25.0	54.0	50.0	68.0	33.0	30.0	35.0	69.0	52.0	38.0	45.0	111.0	

Oie à tête barrée	0.0	0.0	0.0	0.0	0.0	0.0	0.0	0.0	0.0123457	0.0	0.0	0.0088496	0.0	0.0	0.0128205	0.0	0.0	0.0	0.0142857	0.01	0.0	0.0	0.0	0.0338983	0.0	0.0	0.0	0.0136986	0.0	0.0	0.0	0.0	0.0277778	0.0015	0.0	0.0	0.0	0.0185185	0.02	0.0	0.0	0.0	0.0	0.0015	0.0	0.0	0.0	0.0	
Oie cendrée	0.0	0.0169492	0.0	0.0	0.0	0.0	0.0	0.0	0.0246914	0.0	0.0015	0.0088496	0.0	0.0	0.0	0.0	0.0	0.0	0.0142857	0.01	0.0	0.0133333	0.012987	0.0338983	0.0222222	0.0	0.0	0.0	0.0	0.0	0.0	0.0	0.0	0.0	0.0285714	0.0	0.0	0.0	0.02	0.0	0.0	0.0	0.0	0.0	0.0	0.0	0.0	0.0	
Oie cygnoïde	0.0	0.0	0.0	0.0087719	0.0	0.0	0.0	0.0	0.0	0.0	0.0	0.0	0.0	0.0	0.0	0.0	0.0	0.0	0.0	0.0	0.0	0.0	0.0	0.0	0.0	0.0	0.0	0.0	0.0	0.0	0.0	0.0	0.0	0.0	0.0	0.0	0.0	0.0	0.0	0.0	0.0	0.0	0.0	0.0	0.0	0.0	0.0	0.0	
Bernache nonnette	0.0	0.0	0.0	0.0	0.0	0.0	0.0	0.0	0.0	0.0	0.0015	0.0088496	0.015873	0.0	0.025641	0.0235294	0.0	0.0	0.0142857	0.01	0.0149254	0.0133333	0.012987	0.0338983	0.0222222	0.0188679	0.0181818	0.0136986	0.0588235	0.0	0.04	0.0	0.0277778	0.0294118	0.0	0.0	0.0	0.0185185	0.0	0.0	0.0	0.0	0.0	0.0	0.0	0.0	0.0	0.0	
Bernache du Canada	0.2068966	0.1694915	0.2111111	0.2280702	0.2424242	0.1625	0.2988506	0.2535211	0.382716	0.2352941	0.3196721	0.3893805	0.4920635	0.4545455	0.4358974	0.4470588	0.3055556	0.3692308	0.3142857	0.26	0.2686567	0.32	0.2987013	0.4576271	0.4	0.3584906	0.3454545	0.4109589	0.3235294	0.3243243	0.24	0.2040816	0.3611111	0.3235294	0.3714286	0.3478261	0.36	0.2962963	0.24	0.2205882	0.1515152	0.3	0.2571429	0.1594203	0.2115385	0.1578947	0.2444444	0.1351351	
Hybride Oie cendrée x Bernache du Canada	0.0	0.0	0.0	0.0	0.0	0.0	0.0	0.0	0.0	0.0	0.0	0.0	0.0	0.0	0.0	0.0	0.0	0.0153846	0.0	0.0	0.0	0.0133333	0.0	0.0	0.0	0.0	0.0	0.0	0.0	0.0	0.0	0.0	0.0	0.0	0.0	0.0	0.0	0.0	0.0	0.0	0.0	0.0	0.0	0.0	0.0	0.0	0.0	0.0	
Cygne tuberculé	0.1206897	0.0847458	0.1	0.0877193	0.0909091	0.0875	0.1609195	0.0985915	0.1604938	0.1372549	0.1311475	0.1327434	0.2063492	0.2207792	0.2307692	0.1882353	0.1805556	0.0615385	0.1571429	0.11	0.1492537	0.1066667	0.1168831	0.220339	0.2	0.0754717	0.1636364	0.2191781	0.1764706	0.1351351	0.0	0.0204082	0.0833333	0.1176471	0.2571429	0.1086957	0.2	0.0740741	0.08	0.1176471	0.1515152	0.1	0.1428571	0.0434783	0.1153846	0.0526316	0.0666667	0.0720721	
Cygne noir	0.0	0.0	0.0	0.0	0.0	0.0	0.0	0.0	0.0	0.0	0.0081967	0.0	0.0	0.012987	0.0	0.0117647	0.0	0.0	0.0	0.0	0.0	0.0	0.0	0.0	0.0222222	0.0	0.0	0.0	0.0	0.027027	0.0	0.0015	0.0555556	0.0294118	0.0285714	0.0	0.04	0.0185185	0.0015	0.0015	0.0	0.0	0.0	0.0	0.0	0.0	0.0	0.0	
Tadorne de Belon	0.0	0.0	0.0	0.0	0.0	0.0	0.0	0.0	0.0	0.0	0.0	0.0	0.0	0.0	0.0	0.0	0.0	0.0	0.0	0.0	0.0	0.0	0.0015	0.0	0.0	0.0	0.0	0.0	0.0	0.0	0.0	0.0	0.0	0.0	0.0	0.0	0.0	0.0	0.0	0.0	0.0	0.0	0.0	0.0	0.0	0.0	0.0	0.0	
Canard musqué	0.0	0.0	0.0	0.0087719	0.0	0.0	0.0114943	0.0	0.0	0.0	0.0163934	0.0	0.0	0.0015	0.0	0.0	0.0	0.0	0.0	0.0	0.0	0.0	0.0	0.0	0.0	0.0	0.0	0.0	0.0	0.0	0.04	0.0	0.0	0.0	0.0	0.0	0.0	0.0	0.0	0.0	0.0	0.0	0.0	0.0	0.0	0.0	0.0	0.0	
Canard carolin	0.0344828	0.0677966	0.0111111	0.0263158	0.0	0.0125	0.0229885	0.0140845	0.0	0.0	0.0	0.0088496	0.0	0.025974	0.0	0.0	0.0	0.0	0.0	0.01	0.0298507	0.0	0.025974	0.0169492	0.0	0.0377358	0.0181818	0.0136986	0.0294118	0.0	0.0	0.0	0.0	0.0	0.0571429	0.0434783	0.0	0.0185185	0.04	0.0294118	0.030303	0.0	0.0	0.0144928	0.0769231	0.0526316	0.0444444	0.036036	
Canard mandarin	0.0	0.0338983	0.0111111	0.0	0.0	0.0	0.0114943	0.0	0.0123457	0.0	0.0	0.0088496	0.015873	0.025974	0.0	0.0	0.0	0.0	0.0	0.0	0.0	0.0133333	0.0	0.0169492	0.0	0.0	0.0	0.0	0.0	0.0	0.0	0.0	0.0	0.0	0.0	0.0015	0.0	0.0185185	0.0	0.0	0.030303	0.0333333	0.0	0.0144928	0.0192308	0.0015	0.0222222	0.0	
Sarcelle d'été	0.0	0.0	0.0	0.0	0.0	0.0	0.0	0.0	0.0	0.0	0.0	0.0	0.0	0.0	0.0	0.0	0.0138889	0.0	0.0	0.0	0.0	0.0	0.0	0.0	0.0	0.0	0.0	0.0	0.0	0.0	0.0	0.0	0.0	0.0	0.0	0.0	0.0	0.0	0.0	0.0	0.0	0.0	0.0	0.0	0.0	0.0	0.0	0.0	
Canard souchet	0.0172414	0.0508475	0.0333333	0.0087719	0.0606061	0.0125	0.0114943	0.0	0.0	0.0	0.0	0.0176991	0.015873	0.0	0.0	0.0	0.0	0.0	0.0	0.0	0.0	0.0	0.0	0.0	0.0	0.0	0.0	0.0	0.0	0.0	0.04	0.0	0.0	0.0	0.0	0.0217391	0.0	0.0	0.0	0.0147059	0.0	0.0	0.0	0.0	0.0384615	0.0	0.0222222	0.027027	
Canard chipeau	0.0	0.0	0.0	0.0175439	0.0	0.0	0.0	0.0	0.0	0.0	0.0	0.0	0.0	0.0	0.0	0.0	0.0	0.0	0.0	0.0	0.0	0.0	0.0	0.0	0.0	0.0	0.0	0.0	0.0	0.0	0.0	0.0	0.0	0.0	0.0	0.0	0.0	0.0	0.0	0.0	0.0	0.0	0.0	0.0	0.0	0.0	0.0	0.009009	
Canard siffleur	0.0	0.0	0.0	0.0	0.0	0.0	0.0	0.0	0.0	0.0	0.0	0.0	0.0	0.0	0.0	0.0	0.0	0.0	0.0	0.0	0.0	0.0	0.0	0.0	0.0	0.0	0.0	0.0	0.0	0.0	0.0	0.0	0.0	0.0	0.0	0.0	0.0	0.0	0.0	0.0	0.0	0.0333333	0.0	0.0	0.0	0.0015	0.0	0.0	
Canard colvert	0.3448276	0.4915254	0.3666667	0.4561404	0.530303	0.3	0.4827586	0.3802817	0.4444444	0.4607843	0.442623	0.4424779	0.4920635	0.4935065	0.525641	0.4705882	0.3611111	0.4	0.5571429	0.34	0.4477612	0.36	0.4545455	0.4915254	0.4666667	0.4150943	0.3636364	0.5616438	0.5588235	0.5135135	0.64	0.4489796	0.5277778	0.4117647	0.6285714	0.673913	0.68	0.5	0.46	0.3823529	0.4848485	0.6	0.4285714	0.3913043	0.4230769	0.4210526	0.5111111	0.3963964	
Canard pilet	0.0	0.0	0.0	0.0	0.0	0.0	0.0	0.0	0.0	0.0	0.0	0.0	0.0	0.0	0.0	0.0	0.0	0.0	0.0	0.0	0.0	0.0	0.0	0.0	0.0	0.0	0.0	0.0	0.0	0.0	0.0	0.0	0.0	0.0	0.0	0.0217391	0.0	0.0	0.0	0.0	0.0	0.0	0.0	0.0	0.0	0.0	0.0	0.0	
Hybride Canard siffleur x C. pilet	0.0	0.0	0.0	0.0	0.0	0.0	0.0	0.0	0.0	0.0	0.0	0.0	0.0	0.0	0.0	0.0	0.0	0.0	0.0	0.0	0.0	0.0133333	0.0	0.0	0.0	0.0	0.0	0.0	0.0	0.0	0.0	0.0	0.0	0.0	0.0	0.0	0.0	0.0	0.0	0.0	0.0	0.0	0.0	0.0	0.0	0.0	0.0	0.0	
Sarcelle d'hiver	0.0344828	0.1186441	0.1111111	0.0877193	0.1515152	0.075	0.1034483	0.0704225	0.0740741	0.0392157	0.0819672	0.0973451	0.1428571	0.0909091	0.0897436	0.0352941	0.0	0.0	0.0	0.0	0.0	0.0	0.0	0.0	0.0	0.0	0.0	0.0	0.0	0.0	0.0	0.0	0.0	0.0	0.0571429	0.1956522	0.16	0.1481481	0.1	0.1470588	0.0909091	0.1	0.1714286	0.1449275	0.0961538	0.1315789	0.0888889	0.0720721	
anatidé sp. (canard barboteur sp.)	0.0	0.0	0.0	0.0	0.0	0.0	0.0	0.0	0.0	0.0	0.0	0.0	0.0	0.0	0.0	0.0	0.0	0.0	0.0	0.0	0.0	0.0	0.0015	0.0	0.0	0.0	0.0	0.0	0.0	0.0	0.0	0.0	0.0	0.0	0.0	0.0	0.0	0.0	0.0	0.0	0.0	0.0	0.0	0.0	0.0	0.0	0.0	0.0	
Nette rousse	0.0	0.0	0.0	0.0	0.0	0.0	0.0	0.0	0.0	0.0	0.0	0.0	0.0	0.012987	0.0	0.0	0.0	0.0	0.0	0.0	0.0	0.0	0.0	0.0	0.0	0.0	0.0	0.0	0.0	0.0	0.0	0.0	0.0	0.0	0.0	0.0	0.0	0.0	0.0	0.0	0.0	0.0	0.0	0.0	0.0	0.0	0.0	0.0	
Fuligule milouin	0.0	0.0	0.0	0.0	0.0151515	0.0	0.0	0.0	0.0	0.0	0.0	0.0	0.0	0.0	0.0	0.0	0.0	0.0	0.0	0.0	0.0	0.0	0.0	0.0	0.0	0.0	0.0	0.0	0.0	0.0	0.0	0.0	0.0	0.0	0.0	0.0	0.0	0.0	0.0	0.0	0.0	0.0	0.0	0.0	0.0	0.0	0.0	0.009009	
Fuligule morillon	0.0015	0.0169492	0.0222222	0.0175439	0.0454545	0.0	0.0574713	0.0140845	0.037037	0.0294118	0.0081967	0.0088496	0.0015	0.012987	0.0128205	0.0	0.0	0.0153846	0.0142857	0.02	0.0	0.0133333	0.012987	0.0	0.0	0.0	0.0	0.0	0.0	0.0	0.0	0.0	0.0	0.0	0.0	0.0	0.0	0.0	0.0	0.0	0.0	0.0	0.0	0.0144928	0.0384615	0.0263158	0.0	0.027027	
anatidé sp. (canard sp.)	0.0	0.0	0.0	0.0	0.0	0.0	0.0	0.0	0.0	0.0	0.0	0.0	0.0	0.0	0.0	0.0	0.0	0.0	0.0	0.0	0.0	0.0	0.0	0.0	0.0	0.0	0.0	0.0	0.0	0.0	0.0	0.0	0.0	0.0	0.0	0.0	0.04	0.0	0.0	0.0	0.0	0.0	0.0	0.0	0.0	0.0	0.0	0.0	
Perdrix grise	0.0	0.0	0.0	0.0	0.0	0.0	0.0	0.0	0.0	0.0	0.0015	0.0	0.0	0.0	0.0	0.0	0.0	0.0	0.0	0.0	0.0	0.0	0.0	0.0	0.0	0.0	0.0	0.0	0.0	0.0	0.0	0.0	0.0	0.0	0.0	0.0	0.0	0.0	0.0	0.0	0.0	0.0	0.0	0.0	0.0	0.0	0.0	0.0	
Faisan de Colchide	0.0	0.0	0.0	0.0	0.0	0.0	0.0	0.0	0.0	0.0	0.0163934	0.0088496	0.015873	0.0	0.0	0.0	0.0	0.0	0.0	0.01	0.0	0.0	0.0	0.0	0.0	0.0	0.0	0.0	0.0	0.0	0.0	0.0	0.0	0.0	0.0	0.0	0.0	0.0	0.0	0.0	0.0015	0.0	0.0285714	0.0	0.0	0.0	0.0	0.009009	
Caille des blés	0.0	0.0	0.0	0.0	0.0	0.0	0.0	0.0	0.0	0.0	0.0	0.0	0.0	0.0	0.0	0.0	0.0	0.0	0.0	0.0	0.0	0.0	0.0	0.0	0.0	0.0	0.0	0.0015	0.0294118	0.0	0.0	0.0	0.0	0.0	0.0	0.0	0.0	0.0	0.0	0.0	0.0	0.0	0.0	0.0	0.0	0.0	0.0	0.0	
Pigeon biset	0.4655172	0.3389831	0.3888889	0.4122807	0.4393939	0.4625	0.4367816	0.4084507	0.4444444	0.4705882	0.5081967	0.460177	0.5555556	0.4935065	0.4487179	0.4470588	0.4444444	0.4307692	0.5285714	0.4	0.4776119	0.4266667	0.4155844	0.4745763	0.4444444	0.4528302	0.6	0.5616438	0.5	0.6486486	0.36	0.3265306	0.5555556	0.4705882	0.5142857	0.5434783	0.6	0.3148148	0.58	0.3970588	0.6666667	0.4333333	0.4857143	0.3768116	0.4615385	0.5263158	0.4	0.3693694	
Pigeon colombin	0.0689655	0.0338983	0.0777778	0.0701754	0.0757576	0.1125	0.091954	0.1408451	0.1481481	0.127451	0.1639344	0.2212389	0.1746032	0.1428571	0.1538462	0.1882353	0.1111111	0.0769231	0.1142857	0.16	0.0298507	0.1866667	0.0779221	0.1525424	0.1333333	0.1509434	0.0909091	0.0958904	0.1470588	0.0540541	0.16	0.1632653	0.0277778	0.1176471	0.0571429	0.0434783	0.04	0.0185185	0.08	0.0294118	0.1212121	0.1	0.0571429	0.0724638	0.1538462	0.0526316	0.0666667	0.0900901	
Pigeon ramier	0.7931034	0.779661	0.6888889	0.7192982	0.6969697	0.75	0.7241379	0.7042254	0.7654321	0.8039216	0.7868852	0.7433628	0.8571429	0.7662338	0.6923077	0.8117647	0.75	0.8153846	0.7857143	0.68	0.6716418	0.7466667	0.6493506	0.8983051	0.8888889	0.6981132	0.8	0.8767123	0.8529412	0.9189189	0.84	0.5918367	0.8333333	0.7941176	0.7714286	0.826087	0.68	0.6851852	0.78	0.6029412	0.7575758	0.7666667	0.6571429	0.826087	0.8461538	0.8157895	0.7111111	0.7207207	
Tourterelle des bois	0.0	0.0	0.0	0.0	0.0	0.0	0.0	0.0	0.0	0.0	0.0	0.0	0.0	0.0	0.0	0.0	0.0	0.0	0.0	0.0	0.0	0.0	0.0	0.0	0.0222222	0.0	0.0	0.0	0.0	0.0	0.0	0.0	0.0	0.0	0.0	0.0	0.0	0.0	0.0	0.0	0.0	0.0	0.0	0.0	0.0	0.0	0.0	0.0	
Tourterelle turque	0.0689655	0.0847458	0.1111111	0.0614035	0.1060606	0.075	0.1034483	0.1267606	0.1358025	0.0980392	0.1311475	0.2035398	0.2222222	0.1428571	0.1794872	0.1647059	0.2083333	0.1230769	0.1714286	0.16	0.1492537	0.12	0.1818182	0.1864407	0.2	0.0754717	0.1636364	0.1917808	0.2352941	0.1891892	0.2	0.0612245	0.1388889	0.1176471	0.1714286	0.2173913	0.16	0.0555556	0.08	0.1029412	0.1818182	0.0666667	0.1142857	0.0869565	0.0769231	0.0789474	0.1111111	0.0630631	
Coucou gris	0.0	0.0	0.0	0.0	0.0	0.0	0.0	0.0	0.0	0.0	0.0	0.0	0.0	0.012987	0.0	0.0352941	0.0138889	0.0153846	0.0142857	0.0	0.0	0.0	0.0	0.0	0.0	0.0	0.0	0.0	0.0	0.0	0.0	0.0	0.0	0.0	0.0	0.0	0.0	0.0	0.0	0.0	0.0	0.0	0.0	0.0	0.0	0.0	0.0	0.0	
Martinet noir	0.0	0.0	0.0	0.0	0.0	0.0	0.0	0.0	0.0	0.0	0.0	0.0	0.0	0.0	0.0769231	0.2588235	0.3472222	0.5076923	0.5285714	0.41	0.4029851	0.56	0.4545455	0.559322	0.5333333	0.5283019	0.5090909	0.3013699	0.1764706	0.0540541	0.0	0.0204082	0.0277778	0.0	0.0	0.0	0.0	0.0	0.0	0.0	0.0	0.0	0.0	0.0	0.0	0.0	0.0	0.0	
Râle d'eau	0.0	0.0	0.0	0.0	0.0151515	0.0	0.0	0.0	0.0123457	0.0	0.0	0.0	0.0	0.0	0.0	0.0	0.0	0.0	0.0	0.0	0.0	0.0	0.0	0.0	0.0	0.0	0.0	0.0	0.0	0.0015	0.0	0.0	0.0	0.0	0.0	0.0	0.0	0.0015	0.02	0.0	0.0	0.0333333	0.0	0.0	0.0	0.0	0.0222222	0.0	
Gallinule poule-d'eau	0.3793103	0.4576271	0.3666667	0.4385965	0.5606061	0.3375	0.4712644	0.4788732	0.4567901	0.372549	0.4098361	0.4424779	0.6190476	0.4805195	0.4615385	0.4823529	0.4166667	0.4153846	0.4571429	0.4	0.4029851	0.3866667	0.3636364	0.4915254	0.5555556	0.4528302	0.5090909	0.6027397	0.5	0.6216216	0.68	0.3673469	0.5277778	0.4411765	0.5428571	0.6086957	0.52	0.5925926	0.42	0.5	0.6060606	0.5	0.5714286	0.4057971	0.5	0.5263158	0.5111111	0.4414414	
Foulque macroule	0.1896552	0.4067797	0.2222222	0.3333333	0.4090909	0.2375	0.4022989	0.3802817	0.4197531	0.2745098	0.3278689	0.3893805	0.5714286	0.3896104	0.4230769	0.4352941	0.3888889	0.3230769	0.3571429	0.33	0.2537313	0.3066667	0.3376623	0.3389831	0.2888889	0.2641509	0.2545455	0.3287671	0.3235294	0.2162162	0.16	0.2244898	0.1388889	0.0882353	0.3142857	0.2608696	0.28	0.3148148	0.26	0.2941176	0.3333333	0.3	0.3714286	0.2608696	0.3846154	0.3684211	0.3555556	0.3063063	
Grue cendrée	0.0	0.0	0.0	0.0	0.0	0.0	0.0114943	0.0	0.0	0.0	0.0	0.0	0.0	0.0	0.0	0.0	0.0	0.0	0.0	0.0	0.0	0.0	0.0	0.0	0.0	0.0	0.0	0.0	0.0	0.0	0.0	0.0	0.0	0.0	0.0	0.0	0.0	0.0	0.0	0.0	0.0	0.0	0.0	0.0	0.0	0.0	0.0	0.0	
Échasse blanche	0.0	0.0	0.0	0.0	0.0	0.0	0.0	0.0	0.0	0.0	0.0	0.0088496	0.0	0.0	0.0	0.0	0.0	0.0	0.0	0.0	0.0	0.0	0.0	0.0	0.0	0.0	0.0	0.0	0.0	0.0015	0.0	0.0	0.0	0.0	0.0	0.0	0.0	0.0	0.0	0.0	0.0	0.0	0.0	0.0	0.0	0.0	0.0	0.0	
Pluvier doré	0.0	0.0	0.0	0.0	0.0	0.0	0.0114943	0.028169	0.0	0.0	0.0	0.0	0.0	0.0	0.0	0.0	0.0	0.0	0.0	0.0	0.0	0.0	0.0	0.0	0.0	0.0	0.0	0.0	0.0	0.0	0.0	0.0	0.0	0.0	0.0	0.0	0.0	0.0	0.0	0.0	0.030303	0.0	0.0	0.0	0.0	0.0	0.0	0.0	
Grand Gravelot	0.0	0.0	0.0	0.0	0.0	0.0	0.0	0.0	0.0	0.0	0.0	0.0	0.0	0.0	0.0	0.0	0.0	0.0	0.0	0.0	0.0	0.0	0.0	0.0	0.0	0.0	0.0	0.0015	0.0	0.0	0.0	0.0408163	0.0	0.0	0.0	0.0	0.0	0.0	0.0	0.0	0.0	0.0	0.0	0.0	0.0	0.0	0.0	0.0	
Petit Gravelot	0.0	0.0	0.0	0.0	0.0	0.0	0.0	0.0	0.0	0.0	0.0	0.0	0.0	0.0	0.0128205	0.0	0.0	0.0	0.0	0.0	0.0149254	0.0	0.0	0.0	0.0	0.0	0.0	0.0015	0.0294118	0.0	0.0	0.0204082	0.0015	0.0	0.0	0.0	0.0	0.0	0.0	0.0	0.0	0.0	0.0	0.0	0.0	0.0	0.0	0.0	
Vanneau huppé	0.0	0.0	0.0	0.0	0.0	0.0	0.0	0.0	0.0	0.0	0.0	0.0	0.015873	0.0	0.0	0.0	0.0	0.0	0.0	0.0	0.0	0.0	0.0	0.0	0.0	0.0	0.0	0.0	0.0	0.0	0.0	0.0	0.0277778	0.0	0.0	0.0217391	0.0	0.0	0.0	0.0	0.030303	0.0	0.0	0.0	0.0	0.0	0.0	0.009009	
Charadriidae sp.	0.0	0.0	0.0	0.0	0.0	0.0	0.0	0.0	0.0	0.0	0.0	0.0	0.0	0.0	0.0	0.0	0.0	0.0	0.0	0.0	0.0	0.0	0.0	0.0	0.0	0.0	0.0	0.0	0.0	0.0	0.0	0.0	0.0	0.0	0.0	0.0	0.0	0.0	0.0	0.0	0.0015	0.0	0.0	0.0	0.0	0.0	0.0	0.0	
Courlis corlieu	0.0	0.0	0.0	0.0	0.0	0.0	0.0	0.0	0.0	0.0	0.0	0.0	0.0	0.0	0.0	0.0	0.0	0.0	0.0	0.0	0.0	0.0	0.0	0.0	0.0	0.0	0.0	0.0015	0.0015	0.0	0.0	0.0204082	0.0	0.0294118	0.0	0.0	0.0	0.0	0.0	0.0	0.0	0.0	0.0	0.0	0.0	0.0	0.0	0.0	
Courlis cendré	0.0	0.0	0.0	0.0	0.0	0.0	0.0	0.0	0.0	0.0	0.0	0.0	0.0	0.0	0.0	0.0	0.0	0.0	0.0	0.0	0.0	0.0	0.0	0.0	0.0	0.0	0.0	0.0	0.0294118	0.0	0.0	0.0	0.0	0.0	0.0	0.0	0.0	0.0	0.0	0.0	0.0	0.0333333	0.0	0.0	0.0	0.0	0.0	0.0	
Bécasse des bois	0.0	0.0	0.0	0.0	0.0	0.0	0.0	0.0	0.0	0.0	0.0015	0.0	0.0	0.0	0.0	0.0	0.0	0.0	0.0	0.0	0.0	0.0	0.0	0.0	0.0	0.0	0.0	0.0	0.0	0.0	0.0	0.0	0.0	0.0	0.0	0.0	0.0	0.0	0.04	0.0	0.0	0.0333333	0.0285714	0.0	0.0	0.0	0.0	0.0	
Bécassine des marais	0.0172414	0.0	0.0111111	0.0	0.0	0.0	0.0	0.0	0.0	0.0	0.0	0.0	0.0015	0.0	0.0	0.0	0.0	0.0	0.0	0.0	0.0	0.0	0.0	0.0	0.0	0.0	0.0	0.0	0.0	0.0	0.0	0.0	0.0	0.0	0.0	0.0	0.0	0.0	0.0	0.0147059	0.0	0.0	0.0	0.0	0.0	0.0	0.0	0.0	
Chevalier guignette	0.0	0.0	0.0111111	0.0	0.0	0.0	0.0114943	0.0	0.0	0.0	0.0	0.0	0.0	0.0	0.0641026	0.1058824	0.125	0.0769231	0.1	0.02	0.0	0.0	0.0	0.0	0.0	0.0377358	0.0363636	0.0958904	0.0294118	0.0540541	0.08	0.1428571	0.0277778	0.0294118	0.0	0.0	0.0	0.0185185	0.0	0.0	0.0	0.0	0.0	0.0	0.0	0.0	0.0	0.0	
Chevalier culblanc	0.0	0.0	0.0111111	0.0087719	0.0	0.0	0.0	0.0	0.0	0.0	0.0081967	0.0	0.031746	0.012987	0.0	0.0235294	0.0138889	0.0	0.0	0.0	0.0	0.0	0.0	0.0	0.0222222	0.0566038	0.0363636	0.0015	0.0294118	0.027027	0.04	0.0204082	0.0	0.0	0.0285714	0.0217391	0.0	0.037037	0.04	0.0147059	0.0	0.0	0.0	0.0724638	0.0	0.0	0.0	0.0	
Chevalier sylvain	0.0	0.0	0.0	0.0	0.0	0.0	0.0	0.0	0.0	0.0	0.0	0.0	0.0	0.0	0.0	0.0	0.0	0.0	0.0	0.0	0.0	0.0	0.0	0.0	0.0	0.0	0.0	0.0136986	0.0	0.0	0.0	0.0	0.0	0.0	0.0	0.0	0.0	0.0	0.0	0.0	0.0	0.0	0.0	0.0	0.0	0.0	0.0	0.0	
Chevalier gambette	0.0	0.0	0.0	0.0	0.0	0.0	0.0	0.0	0.0	0.0	0.0	0.0	0.0	0.0	0.0	0.0	0.0	0.0	0.0	0.0	0.0	0.0	0.0	0.0	0.0	0.0	0.0	0.0	0.0294118	0.0	0.0	0.0	0.0	0.0	0.0	0.0	0.0	0.0	0.0	0.0	0.0	0.0	0.0	0.0	0.0	0.0	0.0	0.0	
Chevalier arlequin	0.0	0.0	0.0	0.0	0.0	0.0	0.0	0.0	0.0	0.0	0.0	0.0	0.0	0.0	0.0	0.0	0.0	0.0	0.0	0.0	0.0	0.0	0.0	0.0	0.0	0.0	0.0	0.0	0.0	0.0	0.0	0.0204082	0.0	0.0	0.0	0.0	0.0	0.0	0.0	0.0	0.0	0.0	0.0	0.0	0.0	0.0	0.0	0.0	
Chevalier aboyeur	0.0	0.0	0.0	0.0	0.0	0.0	0.0	0.0	0.0	0.0	0.0	0.0	0.0	0.0	0.0	0.0	0.0	0.0	0.0	0.0	0.0	0.0	0.0	0.0	0.0	0.0	0.0	0.0	0.0	0.0	0.0	0.0204082	0.0	0.0294118	0.0	0.0	0.0	0.0	0.0	0.0	0.0	0.0	0.0	0.0	0.0	0.0	0.0	0.0	
Mouette rieuse	0.4310345	0.5423729	0.4888889	0.4912281	0.5757576	0.3	0.4597701	0.4507042	0.4320988	0.2745098	0.2131148	0.1681416	0.2380952	0.0909091	0.2051282	0.1647059	0.1527778	0.0923077	0.1857143	0.18	0.1940299	0.16	0.1558442	0.1355932	0.3555556	0.1886792	0.3090909	0.4657534	0.2058824	0.3243243	0.36	0.1632653	0.1388889	0.2941176	0.4	0.5434783	0.48	0.5185185	0.52	0.3235294	0.6363636	0.6	0.5714286	0.6086957	0.7692308	0.5526316	0.6222222	0.6036036	
Mouette mélanocéphale	0.0	0.0	0.0	0.0	0.0	0.0	0.0	0.0	0.0	0.0098039	0.0327869	0.0088496	0.015873	0.0	0.0384615	0.0235294	0.0	0.0	0.0	0.0	0.0	0.0133333	0.0	0.0	0.0	0.0	0.0	0.0	0.0	0.0	0.0	0.0	0.0	0.0	0.0	0.0	0.0	0.0	0.0	0.0	0.0	0.0	0.0	0.0	0.0	0.0	0.0	0.0	
Goéland cendré	0.0	0.0	0.0111111	0.0	0.0	0.0	0.0	0.0	0.0	0.0	0.0081967	0.0	0.031746	0.0	0.0	0.0	0.0	0.0	0.0	0.0	0.0	0.0	0.0	0.0	0.0	0.0	0.0	0.0	0.0294118	0.0	0.0	0.0	0.0	0.0	0.0	0.0	0.0	0.0185185	0.0	0.0	0.0	0.0	0.0	0.0	0.0	0.0	0.0	0.0	
Goéland pontique	0.0172414	0.0	0.0111111	0.0	0.0	0.0	0.0	0.0	0.0	0.0	0.0	0.0088496	0.015873	0.0	0.0	0.0	0.0277778	0.0	0.0	0.0	0.0	0.0	0.0	0.0	0.0	0.0	0.0	0.0	0.0	0.0	0.0	0.0	0.0	0.0	0.0	0.0	0.0	0.0	0.0	0.0	0.0	0.0	0.0285714	0.0289855	0.0	0.0	0.0	0.0	
Goéland argenté	0.1206897	0.0847458	0.0555556	0.0175439	0.0151515	0.0375	0.1034483	0.0704225	0.037037	0.0490196	0.0409836	0.0619469	0.1111111	0.0649351	0.1153846	0.0941176	0.0694444	0.0615385	0.0857143	0.05	0.0	0.0	0.0	0.0338983	0.0444444	0.0377358	0.0	0.0273973	0.0294118	0.0	0.0	0.0408163	0.0	0.0015	0.0571429	0.0434783	0.04	0.0740741	0.04	0.0441176	0.1515152	0.1333333	0.2571429	0.1014493	0.0961538	0.0526316	0.0222222	0.0630631	
Hybride Goéland pontique x G. argenté	0.0	0.0	0.0	0.0	0.0	0.0	0.0	0.0	0.0	0.0	0.0	0.0	0.0	0.0	0.0128205	0.0	0.0	0.0	0.0	0.0	0.0	0.0	0.0	0.0	0.0	0.0	0.0	0.0	0.0	0.0	0.0	0.0	0.0	0.0	0.0	0.0	0.0	0.0	0.0	0.0	0.0	0.0	0.0	0.0	0.0	0.0	0.0	0.0	
Goéland leucophée	0.0344828	0.0508475	0.0222222	0.0	0.030303	0.025	0.0229885	0.084507	0.0493827	0.0196078	0.0081967	0.0619469	0.047619	0.038961	0.0641026	0.0117647	0.0277778	0.0615385	0.0	0.05	0.0298507	0.0266667	0.012987	0.0169492	0.0015	0.0188679	0.0181818	0.0136986	0.0	0.027027	0.0	0.0	0.0	0.0	0.0285714	0.0434783	0.0	0.0555556	0.06	0.0588235	0.0	0.0666667	0.0285714	0.0289855	0.0192308	0.0789474	0.0222222	0.009009	
Goéland argenté ou G. leucophée	0.0	0.0	0.0	0.0087719	0.0151515	0.0	0.0	0.0	0.0	0.0	0.0	0.0	0.0	0.012987	0.0	0.0	0.0	0.0	0.0	0.0	0.0	0.0	0.0	0.0	0.0	0.0	0.0	0.0	0.0	0.0	0.0	0.0	0.0	0.0	0.0	0.0	0.0	0.0	0.02	0.0	0.0	0.0	0.0	0.0	0.0	0.0	0.0	0.0	
Goéland brun	0.0344828	0.0	0.0333333	0.0	0.0454545	0.0	0.0344828	0.028169	0.037037	0.0196078	0.0081967	0.0265487	0.031746	0.012987	0.0128205	0.0117647	0.0	0.0	0.0142857	0.01	0.0	0.0	0.012987	0.0	0.0	0.0	0.0	0.0	0.0294118	0.027027	0.04	0.0204082	0.0	0.0	0.0	0.0217391	0.0	0.037037	0.02	0.0294118	0.030303	0.0	0.0857143	0.0434783	0.0192308	0.0	0.0222222	0.009009	
goéland sp. (Larus sp.)	0.0	0.0169492	0.0111111	0.0	0.0151515	0.0125	0.0	0.056338	0.0	0.0	0.0163934	0.0	0.0	0.0	0.0128205	0.0015	0.0	0.0	0.0	0.0	0.0	0.0	0.0	0.0	0.0222222	0.0	0.0	0.0	0.0294118	0.027027	0.0	0.0204082	0.0	0.0015	0.0	0.0	0.0	0.0185185	0.0	0.0294118	0.0	0.0	0.0285714	0.057971	0.0192308	0.0263158	0.0	0.0	
goéland ou mouette sp.	0.0	0.0	0.0	0.0175439	0.0	0.0	0.0	0.0	0.0	0.0098039	0.0	0.0	0.0	0.0	0.0	0.0	0.0	0.0	0.0	0.0	0.0	0.0	0.0	0.0	0.0	0.0	0.0	0.0	0.0	0.0	0.0	0.0	0.0	0.0	0.0	0.0	0.0	0.0	0.0	0.0	0.0	0.0333333	0.0	0.0144928	0.0192308	0.0263158	0.0	0.0	
Sterne pierregarin	0.0	0.0	0.0	0.0	0.0	0.0	0.0	0.0	0.0	0.0	0.0	0.0176991	0.0793651	0.0909091	0.1538462	0.0941176	0.0972222	0.1538462	0.1142857	0.12	0.119403	0.0533333	0.1038961	0.1186441	0.2	0.2075472	0.0363636	0.1232877	0.0588235	0.1081081	0.12	0.0	0.0	0.0	0.0	0.0	0.0	0.0	0.0	0.0	0.0	0.0	0.0	0.0	0.0	0.0	0.0	0.0	
Grèbe castagneux	0.0689655	0.1355932	0.0555556	0.1140351	0.1969697	0.05	0.091954	0.084507	0.1481481	0.0686275	0.1147541	0.079646	0.0952381	0.0779221	0.1153846	0.0705882	0.0694444	0.1230769	0.0714286	0.04	0.0597015	0.08	0.025974	0.0338983	0.1333333	0.1132075	0.0363636	0.1506849	0.1470588	0.0810811	0.12	0.0408163	0.0833333	0.0015	0.0285714	0.0869565	0.32	0.1851852	0.12	0.2205882	0.0909091	0.2666667	0.2285714	0.173913	0.0961538	0.1842105	0.0666667	0.0720721	
Grèbe huppé	0.0517241	0.0338983	0.0333333	0.0526316	0.0606061	0.0	0.045977	0.0985915	0.0493827	0.0686275	0.0491803	0.0530973	0.1111111	0.0909091	0.0897436	0.0470588	0.0833333	0.0923077	0.0714286	0.07	0.0447761	0.0266667	0.0519481	0.0338983	0.1333333	0.1320755	0.0181818	0.0684932	0.0	0.1081081	0.2	0.1020408	0.0277778	0.0588235	0.0	0.1086957	0.08	0.1296296	0.08	0.0441176	0.030303	0.1	0.0571429	0.0724638	0.0	0.0263158	0.0	0.036036	
Cigogne blanche	0.0	0.0	0.0	0.0	0.0	0.0	0.0	0.0	0.0123457	0.0	0.0	0.0	0.0	0.0	0.0	0.0	0.0	0.0	0.0	0.0	0.0	0.0	0.0	0.0	0.0	0.0	0.0	0.0	0.0	0.0	0.0	0.0	0.0	0.0	0.0	0.0	0.0	0.0	0.0	0.0	0.0	0.0	0.0	0.0	0.0	0.0	0.0	0.0	
Grand Cormoran	0.2413793	0.2881356	0.2444444	0.3157895	0.2424242	0.1625	0.3103448	0.1971831	0.2469136	0.2254902	0.2377049	0.2123894	0.3015873	0.1948052	0.2564103	0.1882353	0.1666667	0.1692308	0.1857143	0.15	0.1940299	0.1733333	0.1948052	0.220339	0.3111111	0.2075472	0.2181818	0.2465753	0.2058824	0.2702703	0.44	0.1836735	0.1388889	0.1764706	0.2	0.3043478	0.4	0.3518519	0.38	0.3382353	0.4545455	0.3666667	0.3142857	0.4347826	0.3846154	0.3947368	0.2444444	0.4324324	
Butor étoilé	0.0172414	0.0	0.0111111	0.0	0.0	0.0	0.0	0.0140845	0.0	0.0	0.0	0.0088496	0.0	0.0	0.0	0.0	0.0	0.0	0.0	0.0	0.0	0.0	0.0	0.0	0.0	0.0	0.0	0.0	0.0	0.0	0.0	0.0	0.0	0.0	0.0	0.0	0.0	0.0	0.0	0.0	0.0	0.0	0.0	0.0	0.0	0.0	0.0	0.009009	
Blongios nain	0.0	0.0	0.0	0.0	0.0	0.0	0.0	0.0	0.0	0.0	0.0	0.0	0.0	0.0	0.0	0.0	0.0277778	0.0	0.0	0.03	0.0447761	0.04	0.038961	0.0169492	0.0444444	0.0	0.0181818	0.0273973	0.0588235	0.0015	0.04	0.0612245	0.0277778	0.0294118	0.0	0.0	0.0	0.0	0.0	0.0	0.0	0.0	0.0	0.0	0.0	0.0	0.0	0.0	
Bihoreau gris	0.0	0.0	0.0	0.0	0.0	0.0	0.0	0.0	0.0	0.0	0.0	0.0	0.0	0.0	0.0	0.0	0.0	0.0	0.0	0.0	0.0	0.0133333	0.0	0.0015	0.0	0.0	0.0	0.0015	0.0	0.0	0.0	0.0204082	0.0	0.0	0.0	0.0	0.0	0.0	0.0	0.0	0.0	0.0	0.0	0.0	0.0	0.0	0.0	0.0	
Aigrette garzette	0.0	0.0	0.0	0.0	0.0	0.0	0.0	0.0	0.0	0.0	0.0	0.0015	0.0	0.0015	0.0	0.0235294	0.0277778	0.0	0.0	0.01	0.0	0.0	0.0	0.0	0.0	0.0	0.0	0.0	0.0	0.0	0.0	0.0204082	0.0277778	0.0	0.0	0.0	0.04	0.0	0.0	0.0	0.0	0.0	0.0	0.0015	0.0	0.0	0.0	0.0	
Héron garde-boeufs	0.0	0.0	0.0	0.0	0.0454545	0.0	0.0344828	0.0	0.0	0.0	0.0	0.0	0.0	0.0	0.0	0.0	0.0	0.0	0.0	0.0	0.0	0.0133333	0.0	0.0	0.0	0.0	0.0	0.0	0.0	0.0	0.0	0.0	0.0	0.0	0.0	0.0	0.0	0.0	0.0	0.0	0.0	0.0	0.0	0.0	0.0	0.0	0.0	0.0	
Grande Aigrette	0.0	0.0	0.0	0.0	0.0	0.0125	0.0114943	0.0	0.0	0.0	0.0	0.0088496	0.0	0.0	0.0128205	0.0	0.0	0.0	0.0	0.0	0.0	0.0	0.0	0.0	0.0	0.0	0.0	0.0	0.0	0.0	0.04	0.0	0.0	0.0	0.0285714	0.0	0.0	0.0	0.0	0.0147059	0.0	0.0333333	0.0	0.0	0.0	0.0	0.0	0.0	
Héron cendré	0.1724138	0.2033898	0.1666667	0.1754386	0.2272727	0.175	0.2183908	0.1690141	0.1975309	0.0980392	0.2213115	0.1858407	0.3174603	0.1688312	0.2820513	0.2352941	0.2222222	0.2153846	0.2	0.2	0.2537313	0.24	0.2337662	0.3220339	0.2444444	0.245283	0.4727273	0.3835616	0.3235294	0.3783784	0.28	0.2857143	0.25	0.1470588	0.3428571	0.4782609	0.52	0.3888889	0.3	0.3235294	0.2121212	0.3333333	0.2571429	0.3043478	0.3461538	0.2894737	0.2444444	0.2612613	
Héron pourpré	0.0	0.0	0.0	0.0	0.0	0.0	0.0	0.0	0.0	0.0	0.0	0.0088496	0.0	0.0	0.0	0.0	0.0	0.0	0.0	0.0	0.0	0.0	0.0	0.0	0.0	0.0	0.0	0.0	0.0	0.0	0.0	0.0	0.0	0.0	0.0	0.0	0.0	0.0	0.0	0.0	0.0	0.0	0.0	0.0	0.0	0.0	0.0	0.0	
Balbuzard pêcheur	0.0	0.0	0.0	0.0	0.0	0.0	0.0	0.0	0.0	0.0	0.0	0.0088496	0.0	0.0	0.0	0.0	0.0	0.0	0.0	0.0	0.0	0.0	0.0	0.0	0.0	0.0	0.0	0.0	0.0	0.0	0.0	0.0	0.0	0.0	0.0	0.0	0.0	0.0	0.0	0.0	0.0	0.0	0.0	0.0	0.0	0.0	0.0	0.0	
Bondrée apivore	0.0	0.0	0.0	0.0	0.0	0.0	0.0	0.0	0.0	0.0	0.0	0.0	0.0	0.0	0.0	0.0	0.0015	0.0	0.0	0.0	0.0	0.0	0.0	0.0	0.0	0.0	0.0	0.0	0.0	0.0015	0.0	0.0	0.0015	0.0	0.0	0.0	0.0	0.0	0.0	0.0	0.0	0.0	0.0	0.0	0.0	0.0	0.0	0.0	
Épervier d'Europe	0.0015	0.0677966	0.0222222	0.0263158	0.0909091	0.025	0.0574713	0.0704225	0.0493827	0.0490196	0.0491803	0.0442478	0.047619	0.012987	0.0384615	0.0470588	0.0416667	0.0615385	0.0285714	0.02	0.0149254	0.0666667	0.012987	0.0169492	0.0666667	0.0377358	0.0727273	0.0821918	0.1764706	0.0810811	0.0	0.1632653	0.0277778	0.0588235	0.0285714	0.0652174	0.0	0.0185185	0.12	0.0588235	0.0909091	0.0333333	0.1142857	0.057971	0.0384615	0.0	0.0666667	0.036036	
Busard des roseaux	0.0	0.0	0.0	0.0	0.0	0.0	0.0	0.0	0.0	0.0	0.0	0.0088496	0.0	0.0	0.0	0.0	0.0	0.0	0.0	0.0	0.0149254	0.0	0.0	0.0	0.0	0.0	0.0	0.0136986	0.0	0.0	0.0	0.0	0.0	0.0	0.0	0.0	0.0	0.0	0.0	0.0	0.0	0.0	0.0	0.0	0.0	0.0	0.0	0.0	
Busard Saint-Martin	0.0	0.0	0.0	0.0	0.0	0.0	0.0	0.0	0.0	0.0	0.0	0.0	0.0	0.0	0.0	0.0	0.0	0.0	0.0	0.0	0.0	0.0	0.0	0.0	0.0	0.0	0.0	0.0	0.0	0.0	0.0	0.0	0.0015	0.0	0.0	0.0	0.0	0.0	0.0	0.0	0.0	0.0	0.0	0.0	0.0	0.0	0.0	0.0	
Busard cendré	0.0	0.0	0.0	0.0	0.0	0.0	0.0	0.0	0.0	0.0	0.0	0.0	0.0	0.0	0.0	0.0	0.0	0.0	0.0	0.0015	0.0	0.0	0.0	0.0	0.0	0.0	0.0	0.0	0.0	0.0	0.0	0.0	0.0	0.0	0.0	0.0	0.0	0.0	0.0	0.0	0.0	0.0	0.0	0.0	0.0	0.0	0.0	0.0	
Milan royal	0.0	0.0015	0.0	0.0	0.0	0.0	0.0	0.0	0.0	0.0	0.0	0.0088496	0.0	0.0	0.0	0.0	0.0	0.0	0.0	0.0	0.0	0.0	0.0	0.0	0.0	0.0	0.0	0.0	0.0	0.0	0.0	0.0	0.0	0.0	0.0	0.0	0.0	0.0	0.0	0.0	0.0	0.0	0.0	0.0	0.0	0.0	0.0	0.0	
Milan noir	0.0	0.0	0.0	0.0	0.0	0.0	0.0	0.0	0.0	0.0	0.0	0.0	0.0	0.0	0.0	0.0	0.0	0.0	0.0	0.0	0.0	0.0	0.0	0.0015	0.0	0.0	0.0	0.0	0.0	0.0	0.0	0.0	0.0	0.0	0.0	0.0	0.0	0.0	0.0	0.0	0.0	0.0	0.0	0.0	0.0	0.0	0.0	0.0	
Buse variable	0.0862069	0.0677966	0.0777778	0.0789474	0.0909091	0.125	0.1264368	0.1267606	0.1358025	0.1470588	0.1311475	0.159292	0.1111111	0.0909091	0.0384615	0.0941176	0.0555556	0.1384615	0.0714286	0.07	0.0447761	0.04	0.0015	0.0508475	0.0015	0.1320755	0.0363636	0.0684932	0.0882353	0.0540541	0.0	0.0408163	0.1111111	0.0588235	0.0	0.0434783	0.08	0.037037	0.04	0.0441176	0.030303	0.1333333	0.1142857	0.1304348	0.0384615	0.0526316	0.1111111	0.0720721	
rapace sp.	0.0	0.0	0.0	0.0	0.0	0.0	0.0	0.0	0.0	0.0	0.0	0.0	0.015873	0.0	0.0128205	0.0	0.0	0.0	0.0	0.0	0.0	0.0	0.0	0.0169492	0.0	0.0	0.0	0.0	0.0	0.0	0.0	0.0	0.0	0.0	0.0	0.0	0.0	0.0	0.0	0.0	0.030303	0.0	0.0	0.0	0.0	0.0	0.0	0.0	
Effraie des clochers	0.0	0.0	0.0	0.0	0.0	0.0	0.0	0.0	0.0	0.0	0.0	0.0	0.0	0.0	0.0128205	0.0	0.0	0.0	0.0	0.0	0.0	0.0	0.0	0.0	0.0	0.0	0.0	0.0	0.0294118	0.0015	0.0	0.0	0.0	0.0	0.0	0.0	0.0	0.0	0.0	0.0	0.0	0.0	0.0	0.0	0.0	0.0	0.0	0.0	
Chevêche d'Athéna	0.0	0.0	0.0	0.0	0.0	0.0	0.0	0.0	0.0	0.0	0.0	0.0	0.015873	0.0	0.0	0.0	0.0	0.0	0.0	0.0	0.0	0.0	0.0	0.0	0.0	0.0	0.0	0.0	0.0	0.0	0.0	0.0	0.0	0.0	0.0	0.0	0.0	0.0	0.0	0.0	0.0	0.0	0.0	0.0	0.0	0.0	0.0	0.0	
Chouette hulotte	0.0172414	0.0015	0.0	0.0015	0.0	0.0015	0.0114943	0.0	0.0015	0.0098039	0.0245902	0.0	0.015873	0.012987	0.0015	0.0235294	0.0	0.0153846	0.0285714	0.0015	0.0	0.0	0.0	0.0	0.0444444	0.0	0.0363636	0.0136986	0.0588235	0.0	0.0015	0.0408163	0.0	0.0	0.0	0.0015	0.0	0.0	0.0	0.0	0.030303	0.0666667	0.0285714	0.0	0.0192308	0.0	0.0	0.009009	
Hibou moyen-duc	0.0	0.0	0.0	0.0	0.0	0.0	0.0	0.0	0.0	0.0	0.0	0.0	0.015873	0.0	0.0128205	0.0	0.0	0.0	0.0	0.0	0.0	0.0	0.0	0.0	0.0	0.0	0.0	0.0	0.0	0.0	0.0	0.0	0.0	0.0	0.0	0.0	0.0	0.0	0.0	0.0	0.0	0.0	0.0285714	0.0	0.0	0.0	0.0	0.0	
Hibou des marais	0.0	0.0	0.0	0.0	0.0	0.0	0.0	0.0	0.0	0.0	0.0	0.0	0.0	0.0	0.0	0.0	0.0	0.0	0.0	0.0	0.0	0.0	0.0	0.0	0.0	0.0	0.0	0.0	0.0	0.0	0.0	0.0	0.0	0.0	0.0	0.0	0.0	0.0185185	0.0	0.0	0.0	0.0	0.0	0.0	0.0	0.0	0.0	0.0	
Martin-pêcheur d'Europe	0.0689655	0.0677966	0.0555556	0.0175439	0.0606061	0.0125	0.0574713	0.0140845	0.037037	0.0196078	0.0245902	0.0265487	0.015873	0.038961	0.025641	0.0235294	0.0	0.0153846	0.0142857	0.0	0.0149254	0.0133333	0.012987	0.0338983	0.1333333	0.0566038	0.0909091	0.0958904	0.0882353	0.0810811	0.2	0.1428571	0.0277778	0.0882353	0.1142857	0.1956522	0.16	0.1481481	0.06	0.1617647	0.030303	0.2333333	0.1142857	0.0869565	0.0384615	0.0526316	0.0222222	0.027027	
Torcol fourmilier	0.0	0.0	0.0	0.0	0.0	0.0	0.0	0.0	0.0	0.0	0.0	0.0	0.0	0.0	0.0	0.0	0.0	0.0	0.0	0.01	0.0	0.0	0.0	0.0	0.0	0.0	0.0	0.0	0.0	0.0	0.0	0.0	0.0	0.0	0.0	0.0	0.0	0.0	0.0	0.0	0.0	0.0	0.0	0.0	0.0	0.0	0.0	0.0	
Pic mar	0.0344828	0.0338983	0.0666667	0.0964912	0.0757576	0.0875	0.0804598	0.0704225	0.0617284	0.1176471	0.0737705	0.1061947	0.0634921	0.025974	0.0128205	0.0941176	0.0277778	0.0307692	0.0714286	0.07	0.0447761	0.04	0.012987	0.0508475	0.0	0.0754717	0.0545455	0.0015	0.0882353	0.0	0.0	0.0816327	0.0555556	0.0	0.0	0.0217391	0.04	0.0015	0.0	0.0147059	0.0606061	0.1333333	0.0571429	0.0724638	0.0769231	0.0263158	0.0444444	0.0900901	
Pic épeiche	0.1896552	0.3220339	0.2111111	0.2280702	0.3030303	0.1875	0.2528736	0.2253521	0.345679	0.2647059	0.2704918	0.2035398	0.2380952	0.1948052	0.1025641	0.1882353	0.125	0.2	0.2142857	0.21	0.0895522	0.24	0.0909091	0.1186441	0.0888889	0.1886792	0.0727273	0.1643836	0.2647059	0.1351351	0.16	0.1836735	0.1944444	0.0588235	0.0285714	0.1521739	0.08	0.1481481	0.1	0.1029412	0.1515152	0.2333333	0.2	0.1884058	0.1730769	0.1578947	0.1333333	0.2792793	
Pic épeichette	0.0	0.0015	0.0222222	0.0087719	0.0	0.0125	0.0344828	0.0	0.0	0.0392157	0.0163934	0.0353982	0.031746	0.0	0.0	0.0	0.0	0.0153846	0.0	0.01	0.0	0.0	0.0	0.0169492	0.0	0.0	0.0181818	0.0	0.0	0.027027	0.0	0.0204082	0.0	0.0	0.0	0.0015	0.0	0.0	0.0	0.0147059	0.0	0.0333333	0.0	0.0289855	0.0576923	0.0	0.0	0.018018	
Pic vert	0.1551724	0.0847458	0.1444444	0.1491228	0.2272727	0.1625	0.2528736	0.2253521	0.2716049	0.2745098	0.4098361	0.3274336	0.3333333	0.2727273	0.2692308	0.2823529	0.1527778	0.2	0.2142857	0.2	0.0895522	0.1866667	0.0649351	0.0508475	0.1777778	0.2641509	0.2	0.2054795	0.3235294	0.2432432	0.2	0.2040816	0.2777778	0.1176471	0.1428571	0.1304348	0.16	0.2407407	0.26	0.1176471	0.1818182	0.2666667	0.1714286	0.1884058	0.1153846	0.1315789	0.0666667	0.2432432	
Pic noir	0.0	0.0	0.0	0.0175439	0.0151515	0.0015	0.0344828	0.0	0.0	0.0098039	0.0015	0.0088496	0.015873	0.0	0.025641	0.0235294	0.0	0.0153846	0.0142857	0.0015	0.0149254	0.0	0.0	0.0169492	0.0	0.0188679	0.0181818	0.0136986	0.0294118	0.0	0.0	0.0408163	0.0015	0.0	0.0	0.0434783	0.04	0.0015	0.02	0.0147059	0.0	0.0	0.0285714	0.0144928	0.0192308	0.0	0.0	0.0540541	
pic sp.	0.0	0.0	0.0	0.0087719	0.0	0.0	0.0	0.0	0.0	0.0	0.0	0.0	0.0	0.0	0.0	0.0	0.0	0.0	0.0	0.0	0.0	0.0	0.0	0.0	0.0	0.0	0.0	0.0	0.0	0.0	0.0	0.0	0.0	0.0	0.0	0.0	0.0	0.0	0.0	0.0	0.0	0.0	0.0	0.0	0.0	0.0	0.0	0.0	
Faucon crécerelle	0.0862069	0.1186441	0.0777778	0.0614035	0.0909091	0.05	0.1034483	0.0985915	0.1111111	0.127451	0.1147541	0.1504425	0.2222222	0.0909091	0.0769231	0.0823529	0.0833333	0.1230769	0.0571429	0.06	0.0597015	0.12	0.0519481	0.0508475	0.1111111	0.0943396	0.1636364	0.1369863	0.0882353	0.0540541	0.08	0.1428571	0.0555556	0.1176471	0.0571429	0.1086957	0.08	0.0925926	0.04	0.0735294	0.1515152	0.2	0.1142857	0.057971	0.1346154	0.0789474	0.0888889	0.0540541	
Faucon hobereau	0.0	0.0	0.0	0.0	0.0	0.0	0.0	0.0	0.0	0.0	0.0	0.0	0.0	0.0	0.0	0.0235294	0.0138889	0.0307692	0.0285714	0.03	0.0149254	0.0015	0.0	0.0	0.0	0.0	0.0181818	0.0273973	0.0294118	0.0	0.0	0.0408163	0.0555556	0.0015	0.0	0.0	0.0	0.0	0.0	0.0	0.0	0.0	0.0	0.0	0.0	0.0	0.0	0.0	
Faucon pèlerin	0.0	0.0169492	0.0	0.0015	0.0151515	0.0	0.0	0.0	0.0015	0.0	0.0	0.0	0.0	0.0	0.0	0.0	0.0	0.0153846	0.0142857	0.0015	0.0	0.0133333	0.0	0.0	0.0	0.0	0.0	0.0136986	0.0	0.0	0.0	0.0	0.0	0.0	0.0015	0.0	0.0	0.0	0.0	0.0147059	0.0	0.0	0.0	0.0015	0.0	0.0	0.0	0.0	
Falco sp.	0.0	0.0	0.0	0.0	0.0	0.0	0.0	0.0	0.0	0.0	0.0	0.0	0.0	0.0	0.0	0.0	0.0	0.0	0.0	0.0	0.0	0.0	0.0	0.0	0.0	0.0	0.0181818	0.0	0.0	0.0	0.0	0.0	0.0	0.0	0.0	0.0	0.0	0.0	0.0	0.0	0.0	0.0	0.0	0.0	0.0	0.0	0.0	0.0	
rapace diurne sp.	0.0	0.0	0.0	0.0	0.0	0.0	0.0	0.0	0.0246914	0.0	0.0	0.0	0.0	0.0	0.0	0.0	0.0	0.0	0.0	0.01	0.0	0.0	0.0	0.0	0.0	0.0	0.0	0.0	0.0	0.027027	0.0	0.0	0.0	0.0	0.0	0.0	0.0	0.0	0.0	0.0	0.0	0.0	0.0	0.0	0.0	0.0	0.0	0.0	
Perruche alexandre	0.0344828	0.0	0.0222222	0.0087719	0.0151515	0.0375	0.0344828	0.056338	0.0864198	0.0490196	0.057377	0.0619469	0.0634921	0.0519481	0.0128205	0.0470588	0.0416667	0.0153846	0.0142857	0.05	0.0447761	0.0	0.012987	0.0	0.0222222	0.0188679	0.0	0.0	0.0294118	0.0015	0.0	0.0408163	0.0	0.0	0.0	0.0217391	0.0	0.0	0.0	0.0	0.0015	0.0333333	0.0	0.0434783	0.0	0.0263158	0.0666667	0.009009	
Perruche à collier	0.6551724	0.6440678	0.5777778	0.6315789	0.7878788	0.5875	0.6781609	0.6478873	0.6666667	0.6568627	0.6967213	0.7079646	0.6349206	0.6623377	0.6538462	0.6352941	0.6111111	0.6307692	0.6714286	0.72	0.641791	0.6533333	0.7142857	0.7288136	0.7111111	0.6415094	0.5090909	0.6712329	0.6176471	0.7027027	0.6	0.4693878	0.7222222	0.6176471	0.6	0.6956522	0.72	0.6851852	0.66	0.6029412	0.7272727	0.6333333	0.6571429	0.7536232	0.7307692	0.6842105	0.6444444	0.7477477	
Loriot d'Europe	0.0	0.0	0.0	0.0	0.0	0.0	0.0	0.0	0.0	0.0	0.0	0.0	0.0	0.0	0.0	0.0	0.0	0.0	0.0015	0.03	0.0	0.0133333	0.0	0.0	0.0	0.0	0.0181818	0.0	0.0	0.0	0.0	0.0	0.0	0.0	0.0	0.0	0.0	0.0	0.0	0.0	0.0	0.0	0.0	0.0	0.0	0.0	0.0	0.0	
Geai des chênes	0.3275862	0.2542373	0.2333333	0.2719298	0.2575758	0.1375	0.2298851	0.1971831	0.2716049	0.3333333	0.3360656	0.3628319	0.2857143	0.3376623	0.2307692	0.2	0.2083333	0.2615385	0.2571429	0.21	0.1492537	0.2	0.1688312	0.220339	0.2222222	0.2830189	0.1636364	0.1232877	0.2352941	0.2432432	0.12	0.2857143	0.3055556	0.1764706	0.1714286	0.2608696	0.2	0.3888889	0.28	0.2058824	0.2424242	0.3	0.2857143	0.3623188	0.3461538	0.2631579	0.2222222	0.3153153	
Pie bavarde	0.7413793	0.6101695	0.7111111	0.7280702	0.7121212	0.575	0.6896552	0.7887324	0.7037037	0.7058824	0.7213115	0.6637168	0.7142857	0.6883117	0.6666667	0.6823529	0.6111111	0.6153846	0.6285714	0.63	0.5970149	0.7066667	0.5844156	0.6949153	0.7777778	0.6603774	0.6363636	0.7671233	0.6470588	0.8378378	0.68	0.5714286	0.75	0.7058824	0.6571429	0.7173913	0.72	0.7407407	0.68	0.7647059	0.8484848	0.7666667	0.8	0.8115942	0.8076923	0.7894737	0.7555556	0.7567568	
Choucas des tours	0.0	0.0015	0.0444444	0.0087719	0.0	0.0125	0.045977	0.0422535	0.0864198	0.0882353	0.0655738	0.079646	0.0952381	0.0649351	0.0641026	0.0823529	0.0277778	0.0153846	0.0428571	0.06	0.0149254	0.04	0.012987	0.0169492	0.0	0.0188679	0.0	0.0	0.0	0.0	0.0	0.0	0.0277778	0.0	0.0	0.0434783	0.08	0.037037	0.04	0.0147059	0.030303	0.0333333	0.0015	0.0289855	0.0192308	0.0	0.0666667	0.036036	
Corbeau freux	0.0	0.0	0.0	0.0	0.0	0.0	0.0	0.0140845	0.0123457	0.0098039	0.0081967	0.0088496	0.031746	0.012987	0.0128205	0.0	0.0138889	0.0153846	0.0142857	0.0	0.0	0.0	0.025974	0.0	0.0	0.0	0.0	0.0	0.0	0.0015	0.0	0.0	0.0277778	0.0	0.0	0.0217391	0.0	0.0	0.0	0.0	0.030303	0.0	0.0	0.0	0.0192308	0.0	0.0	0.0	
Corneille noire	0.8103448	0.779661	0.7222222	0.7894737	0.8333333	0.7125	0.8045977	0.7605634	0.7530864	0.8235294	0.8196721	0.7699115	0.7777778	0.7662338	0.7307692	0.7411765	0.7361111	0.7692308	0.8142857	0.76	0.6567164	0.72	0.6493506	0.7288136	0.8	0.7358491	0.7272727	0.8630137	0.6764706	0.7567568	0.68	0.5918367	0.8333333	0.6764706	0.7428571	0.826087	0.76	0.8333333	0.78	0.7794118	0.9393939	0.8666667	0.8571429	0.8115942	0.8461538	0.8421053	0.8888889	0.8288288	
Mésange noire	0.0172414	0.0	0.0015	0.0015	0.0151515	0.0375	0.0229885	0.056338	0.0015	0.0098039	0.0491803	0.0353982	0.0634921	0.038961	0.0128205	0.0352941	0.0416667	0.0	0.0142857	0.02	0.0	0.0133333	0.012987	0.0	0.0015	0.0188679	0.0181818	0.0136986	0.0	0.0	0.0	0.0204082	0.0015	0.0	0.0	0.0015	0.04	0.037037	0.0015	0.0	0.030303	0.0333333	0.0285714	0.0289855	0.0576923	0.0	0.0222222	0.009009	
Mésange huppée	0.0172414	0.0677966	0.0333333	0.0263158	0.030303	0.0375	0.0229885	0.028169	0.0617284	0.0294118	0.0819672	0.0530973	0.0634921	0.0519481	0.0384615	0.0588235	0.0277778	0.0461538	0.0285714	0.06	0.0597015	0.0266667	0.038961	0.0169492	0.0222222	0.0	0.0015	0.0410959	0.0294118	0.0540541	0.04	0.0204082	0.0555556	0.0015	0.0285714	0.0217391	0.04	0.0185185	0.0	0.0	0.0606061	0.1333333	0.0	0.0144928	0.0576923	0.0263158	0.0	0.0540541	
Mésange nonnette	0.0862069	0.1186441	0.0777778	0.0877193	0.0757576	0.1625	0.1264368	0.056338	0.1358025	0.1176471	0.0819672	0.0973451	0.0952381	0.038961	0.0512821	0.0705882	0.0416667	0.0769231	0.0571429	0.04	0.0597015	0.0133333	0.038961	0.0338983	0.0015	0.0943396	0.0727273	0.0547945	0.0588235	0.027027	0.04	0.122449	0.1944444	0.0	0.0285714	0.0015	0.04	0.0185185	0.02	0.0294118	0.1212121	0.1333333	0.0571429	0.0869565	0.1538462	0.0263158	0.0444444	0.0810811	
Mésange boréale	0.0	0.0	0.0111111	0.0	0.0	0.0	0.0	0.0	0.0	0.0	0.0	0.0	0.0	0.0	0.0	0.0	0.0	0.0	0.0	0.0	0.0	0.0	0.0	0.0	0.0	0.0	0.0	0.0	0.0	0.0	0.0	0.0	0.0	0.0	0.0	0.0	0.0	0.0	0.0	0.0	0.0	0.0	0.0	0.0	0.0	0.0	0.0	0.0	
Mésange bleue	0.6206897	0.6440678	0.5666667	0.5789474	0.6818182	0.7	0.6091954	0.6338028	0.6666667	0.6568627	0.6393443	0.6902655	0.6031746	0.6103896	0.474359	0.5647059	0.5555556	0.5230769	0.4285714	0.57	0.4626866	0.56	0.4415584	0.4237288	0.4888889	0.5283019	0.4181818	0.5616438	0.4411765	0.6216216	0.52	0.4897959	0.5555556	0.3529412	0.4285714	0.5652174	0.36	0.5	0.44	0.3970588	0.4545455	0.5666667	0.5428571	0.5797101	0.4807692	0.4210526	0.5555556	0.6486486	
Mésange charbonnière	0.6034483	0.6101695	0.5888889	0.6754386	0.7272727	0.625	0.6781609	0.7183099	0.7530864	0.7058824	0.7868852	0.7522124	0.7777778	0.6623377	0.6025641	0.7058824	0.625	0.6769231	0.5714286	0.62	0.4776119	0.5733333	0.5584416	0.4745763	0.4888889	0.5283019	0.4727273	0.630137	0.4705882	0.5405405	0.56	0.5510204	0.5833333	0.5882353	0.4857143	0.6304348	0.56	0.5555556	0.48	0.4852941	0.5757576	0.7	0.5428571	0.5652174	0.5192308	0.5263158	0.5777778	0.7117117	
Rémiz penduline	0.0	0.0	0.0	0.0	0.0	0.0125	0.0	0.0	0.0	0.0	0.0	0.0	0.0	0.0	0.0	0.0	0.0	0.0	0.0	0.0	0.0	0.0	0.0	0.0	0.0	0.0	0.0	0.0	0.0	0.0	0.0	0.0	0.0	0.0	0.0	0.0	0.0	0.0	0.0	0.0	0.0	0.0	0.0	0.0	0.0	0.0	0.0	0.0	
Alouette lulu	0.0	0.0	0.0	0.0	0.0	0.0	0.0	0.0422535	0.0	0.0015	0.0	0.0	0.0	0.0	0.0	0.0	0.0	0.0	0.0	0.0	0.0	0.0	0.0	0.0	0.0	0.0	0.0	0.0	0.0	0.0	0.0	0.0	0.0	0.0	0.0	0.0	0.0	0.0015	0.0	0.0	0.030303	0.0	0.0	0.0	0.0	0.0	0.0	0.0	
Alouette des champs	0.0	0.0	0.0	0.0	0.0	0.0	0.0	0.028169	0.0	0.0	0.0	0.0	0.015873	0.0	0.0	0.0	0.0	0.0	0.0	0.0	0.0	0.0	0.0	0.0	0.0	0.0	0.0	0.0	0.0	0.0	0.0	0.0	0.0	0.0	0.0	0.0	0.0	0.0	0.0015	0.0	0.0909091	0.0333333	0.0	0.0	0.0	0.0	0.0	0.0	
alaudidé sp.	0.0	0.0	0.0	0.0	0.0	0.0	0.0	0.0	0.0	0.0	0.0	0.0	0.0	0.0	0.0	0.0	0.0	0.0	0.0	0.0	0.0	0.0	0.0	0.0	0.0	0.0	0.0	0.0	0.0	0.0	0.0	0.0	0.0	0.0	0.0	0.0	0.0	0.0	0.0	0.0	0.0015	0.0	0.0	0.0	0.0	0.0	0.0	0.0	
Hypolaïs polyglotte	0.0	0.0	0.0	0.0	0.0	0.0	0.0	0.0	0.0	0.0	0.0	0.0	0.0	0.0	0.0	0.0117647	0.0015	0.0153846	0.0142857	0.02	0.0	0.0133333	0.025974	0.0338983	0.0222222	0.0188679	0.0	0.0	0.0	0.027027	0.0	0.0	0.0	0.0	0.0	0.0	0.0	0.0	0.0	0.0	0.0	0.0	0.0	0.0	0.0	0.0	0.0	0.0	
Hypolaïs ictérine	0.0	0.0	0.0	0.0	0.0	0.0	0.0	0.0	0.0	0.0	0.0	0.0	0.0	0.0	0.0	0.0	0.0138889	0.0	0.0	0.0	0.0	0.0	0.0	0.0	0.0	0.0	0.0	0.0	0.0	0.0	0.0	0.0	0.0	0.0	0.0	0.0	0.0	0.0	0.0	0.0	0.0	0.0	0.0	0.0	0.0	0.0	0.0	0.0	
Phragmite des joncs	0.0	0.0	0.0	0.0	0.0	0.0	0.0	0.0	0.0	0.0	0.0	0.0	0.015873	0.012987	0.025641	0.0117647	0.0	0.0	0.0	0.0	0.0	0.0	0.0015	0.0	0.0	0.0	0.0	0.0	0.0	0.0	0.0	0.0	0.0	0.0	0.0	0.0	0.0	0.0	0.0	0.0	0.0	0.0	0.0	0.0	0.0	0.0	0.0	0.0	
Rousserolle effarvatte	0.0	0.0	0.0	0.0	0.0	0.0	0.0	0.0	0.0	0.0	0.0	0.0	0.0	0.0	0.0	0.0117647	0.0277778	0.0	0.0	0.03	0.0149254	0.0266667	0.025974	0.0169492	0.0444444	0.0188679	0.0181818	0.0273973	0.0	0.027027	0.0	0.0	0.0	0.0	0.0	0.0	0.0	0.0	0.0	0.0	0.0	0.0	0.0	0.0	0.0	0.0	0.0	0.0	
Hirondelle de rivage	0.0	0.0	0.0	0.0	0.0	0.0	0.0	0.0	0.0	0.0	0.0	0.0	0.0	0.012987	0.025641	0.0	0.0138889	0.0153846	0.0	0.0	0.0	0.0	0.0	0.0	0.0222222	0.0	0.0	0.0	0.0015	0.0	0.0	0.0	0.0	0.0	0.0	0.0	0.0	0.0	0.0	0.0	0.0	0.0	0.0	0.0	0.0	0.0	0.0	0.0	
Hirondelle rustique	0.0	0.0	0.0	0.0	0.0	0.0	0.0	0.0	0.0	0.0	0.0081967	0.0176991	0.0793651	0.025974	0.0512821	0.1294118	0.0277778	0.1076923	0.0428571	0.04	0.0149254	0.0533333	0.0015	0.0169492	0.0888889	0.0754717	0.0545455	0.109589	0.1176471	0.1081081	0.0	0.0204082	0.0277778	0.0	0.0285714	0.0434783	0.0	0.0	0.0	0.0	0.0	0.0	0.0	0.0	0.0	0.0	0.0	0.0	
Hirondelle de fenêtre	0.0	0.0	0.0	0.0	0.0	0.0	0.0	0.0	0.0	0.0	0.0	0.0	0.015873	0.012987	0.0	0.0235294	0.0	0.0461538	0.0285714	0.02	0.0298507	0.0266667	0.038961	0.0338983	0.1333333	0.0188679	0.0	0.0547945	0.0294118	0.0	0.04	0.0204082	0.0	0.0	0.0	0.0	0.0	0.0	0.0	0.0	0.0	0.0	0.0	0.0	0.0	0.0	0.0	0.0	
hirondelle sp.	0.0	0.0	0.0	0.0	0.0	0.0	0.0	0.0	0.0	0.0	0.0	0.0	0.0	0.0	0.0	0.0	0.0	0.0	0.0	0.0	0.0	0.0	0.0	0.0	0.0	0.0	0.0	0.0	0.0	0.027027	0.0	0.0	0.0	0.0	0.0	0.0	0.0	0.0	0.0	0.0	0.0	0.0	0.0	0.0	0.0	0.0	0.0	0.0	
Pouillot siffleur	0.0	0.0	0.0	0.0	0.0	0.0	0.0	0.0	0.0	0.0	0.0	0.0	0.0	0.0	0.0	0.0	0.0	0.0	0.0	0.01	0.0	0.0	0.0	0.0	0.0	0.0	0.0	0.0	0.0	0.0	0.0	0.0	0.0	0.0	0.0	0.0	0.0	0.0	0.0	0.0	0.0	0.0	0.0	0.0	0.0	0.0	0.0	0.0	
Pouillot de Bonelli	0.0	0.0	0.0	0.0	0.0	0.0	0.0	0.0	0.0	0.0	0.0	0.0	0.0	0.012987	0.0	0.0	0.0	0.0	0.0	0.0	0.0	0.0	0.0	0.0	0.0	0.0	0.0	0.0	0.0	0.0	0.0	0.0	0.0	0.0	0.0	0.0	0.0	0.0	0.0	0.0	0.0	0.0	0.0	0.0	0.0	0.0	0.0	0.0	
Pouillot fitis	0.0	0.0	0.0	0.0	0.0	0.0	0.0	0.0	0.0	0.0	0.0245902	0.0015	0.0634921	0.0649351	0.0769231	0.1176471	0.0277778	0.0153846	0.0	0.0	0.0	0.0	0.0	0.0169492	0.0	0.0566038	0.0	0.0273973	0.0294118	0.0	0.04	0.0408163	0.1111111	0.0	0.0	0.0015	0.0	0.0	0.0	0.0	0.0	0.0	0.0	0.0	0.0	0.0	0.0	0.0	
Pouillot véloce	0.1034483	0.0508475	0.0333333	0.0526316	0.0454545	0.1	0.1954023	0.1690141	0.4197531	0.4215686	0.5737705	0.6371681	0.5873016	0.5974026	0.5641026	0.5529412	0.5277778	0.4615385	0.4285714	0.49	0.3432836	0.3866667	0.2987013	0.3389831	0.2222222	0.3207547	0.2545455	0.2739726	0.3235294	0.3513514	0.2	0.3061224	0.3611111	0.1764706	0.2571429	0.4565217	0.24	0.1481481	0.16	0.1176471	0.2727273	0.1	0.0571429	0.1304348	0.1153846	0.0263158	0.0666667	0.1261261	
pouillot sp.	0.0	0.0	0.0	0.0087719	0.0	0.0	0.0	0.0	0.0	0.0	0.0	0.0	0.0	0.0	0.0	0.0	0.0	0.0153846	0.0	0.0	0.0	0.0	0.0	0.0	0.0	0.0	0.0	0.0	0.0	0.0	0.0	0.0	0.0	0.0	0.0	0.0	0.0	0.0	0.0	0.0	0.0	0.0	0.0	0.0	0.0	0.0	0.0	0.0	
Bouscarle de Cetti	0.0	0.0	0.0	0.0	0.0	0.0125	0.0	0.0	0.0	0.0	0.0	0.0	0.0	0.0	0.0128205	0.0	0.0	0.0	0.0	0.0	0.0	0.0	0.0	0.0	0.0	0.0	0.0	0.0	0.0	0.0	0.0	0.0	0.0	0.0	0.0	0.0	0.0	0.0185185	0.0	0.0	0.0	0.0	0.0	0.0	0.0	0.0	0.0	0.0	
Orite à longue queue	0.2586207	0.220339	0.1888889	0.2807018	0.3636364	0.275	0.3448276	0.3098592	0.3703704	0.2843137	0.2295082	0.2654867	0.2380952	0.2207792	0.2820513	0.2823529	0.1527778	0.1230769	0.1714286	0.15	0.1044776	0.0666667	0.1298701	0.1186441	0.0888889	0.1132075	0.1454545	0.1506849	0.1764706	0.1081081	0.12	0.3061224	0.25	0.0882353	0.0857143	0.173913	0.16	0.1851852	0.22	0.1911765	0.2424242	0.5333333	0.2857143	0.3913043	0.2884615	0.1315789	0.1777778	0.2972973	
Fauvette à tête noire	0.0689655	0.0015	0.0333333	0.0263158	0.030303	0.0375	0.045977	0.0422535	0.1728395	0.1568627	0.2131148	0.3628319	0.4761905	0.5064935	0.5128205	0.6588235	0.5555556	0.4769231	0.4857143	0.57	0.4626866	0.52	0.4025974	0.4067797	0.4666667	0.4150943	0.4363636	0.3424658	0.2058824	0.2702703	0.24	0.2244898	0.1666667	0.1470588	0.1428571	0.0869565	0.04	0.0740741	0.06	0.0294118	0.0	0.0	0.0	0.0	0.0384615	0.0	0.0222222	0.027027	
Fauvette des jardins	0.0	0.0	0.0	0.0	0.0	0.0	0.0	0.0	0.0	0.0	0.0	0.0	0.0	0.0	0.025641	0.0705882	0.0555556	0.0307692	0.0285714	0.02	0.0	0.0133333	0.0	0.0	0.0	0.0	0.0	0.0	0.0	0.0	0.0	0.0	0.0015	0.0	0.0	0.0	0.0	0.0	0.0	0.0	0.0	0.0	0.0	0.0	0.0	0.0	0.0	0.0	
Fauvette babillarde	0.0	0.0	0.0	0.0	0.0	0.0	0.0	0.0	0.0	0.0	0.0	0.0	0.0	0.0	0.0	0.0	0.0	0.0	0.0	0.0	0.0	0.0	0.0	0.0	0.0	0.0	0.0	0.0	0.0	0.0	0.0	0.0204082	0.0	0.0	0.0	0.0	0.0	0.0	0.0	0.0	0.0	0.0	0.0	0.0	0.0	0.0	0.0	0.0	
Fauvette grisette	0.0	0.0	0.0	0.0	0.0	0.0	0.0	0.0	0.0	0.0	0.0	0.0	0.0	0.012987	0.025641	0.0117647	0.0	0.0153846	0.0142857	0.01	0.0149254	0.0266667	0.025974	0.0169492	0.0	0.0	0.0181818	0.0	0.0294118	0.0	0.0	0.0	0.0	0.0	0.0	0.0434783	0.0	0.0	0.0	0.0	0.0	0.0	0.0	0.0	0.0	0.0	0.0	0.0	
Roitelet huppé	0.2068966	0.1694915	0.1666667	0.1140351	0.1818182	0.0875	0.1954023	0.1267606	0.1481481	0.1568627	0.1803279	0.1504425	0.1428571	0.1298701	0.1025641	0.0941176	0.0416667	0.0153846	0.0285714	0.05	0.0597015	0.0533333	0.012987	0.0169492	0.0666667	0.0566038	0.0181818	0.0273973	0.0588235	0.0540541	0.04	0.1428571	0.1944444	0.0	0.0015	0.0015	0.12	0.0740741	0.08	0.0882353	0.2121212	0.2666667	0.2285714	0.2463768	0.2307692	0.1578947	0.0888889	0.1981982	
Roitelet à triple bandeau	0.1034483	0.0847458	0.0444444	0.0701754	0.0454545	0.025	0.091954	0.1267606	0.1234568	0.1666667	0.147541	0.1415929	0.0952381	0.0649351	0.025641	0.0235294	0.0138889	0.0307692	0.0571429	0.02	0.0149254	0.0133333	0.012987	0.0338983	0.0	0.0188679	0.0	0.0	0.0	0.0	0.04	0.0204082	0.0555556	0.0294118	0.0	0.0	0.04	0.0	0.02	0.0441176	0.030303	0.1666667	0.0285714	0.0869565	0.0961538	0.0263158	0.0444444	0.045045	
Roitelet huppé ou R. à triple bandeau	0.0	0.0169492	0.0	0.0	0.0151515	0.0015	0.0114943	0.0140845	0.0	0.0098039	0.0	0.0	0.015873	0.0	0.0	0.0	0.0	0.0	0.0	0.01	0.0	0.0	0.0	0.0	0.0	0.0	0.0	0.0	0.0	0.0	0.0	0.0	0.0	0.0	0.0	0.0	0.0	0.0	0.02	0.0147059	0.0	0.0	0.0015	0.0	0.0	0.0	0.0	0.0	
Sittelle torchepot	0.0862069	0.1864407	0.1666667	0.2192982	0.1363636	0.2	0.1609195	0.1690141	0.2839506	0.1960784	0.2459016	0.2566372	0.2222222	0.1298701	0.1153846	0.1176471	0.0555556	0.0461538	0.1	0.08	0.0597015	0.0933333	0.0779221	0.0677966	0.0015	0.1886792	0.0545455	0.0547945	0.0588235	0.0	0.04	0.1428571	0.1944444	0.0588235	0.0	0.0434783	0.04	0.1111111	0.0	0.0294118	0.0909091	0.1666667	0.0857143	0.115942	0.1538462	0.0789474	0.0888889	0.2522523	
Grimpereau des jardins	0.1896552	0.3389831	0.2	0.3070175	0.3181818	0.275	0.3678161	0.2394366	0.382716	0.3235294	0.3606557	0.3362832	0.3968254	0.3506494	0.3333333	0.3294118	0.2638889	0.2307692	0.3571429	0.35	0.2686567	0.2533333	0.1688312	0.2542373	0.3111111	0.3018868	0.2909091	0.3561644	0.3529412	0.1891892	0.16	0.3265306	0.3888889	0.2058824	0.1714286	0.2391304	0.32	0.2037037	0.1	0.0882353	0.2727273	0.3	0.1428571	0.2608696	0.2692308	0.1578947	0.2222222	0.2972973	
Troglodyte mignon	0.2586207	0.2881356	0.2777778	0.2894737	0.2575758	0.3	0.2758621	0.4507042	0.4320988	0.5784314	0.5163934	0.4867257	0.4920635	0.5194805	0.5	0.5294118	0.4444444	0.4615385	0.5	0.47	0.4029851	0.4666667	0.4025974	0.3898305	0.2888889	0.4150943	0.2181818	0.2739726	0.1764706	0.1081081	0.16	0.1428571	0.2777778	0.0588235	0.1428571	0.1304348	0.16	0.2592593	0.22	0.1176471	0.2727273	0.3333333	0.1714286	0.2463768	0.2307692	0.2105263	0.2	0.3603604	
Étourneau sansonnet	0.4137931	0.2711864	0.3666667	0.3245614	0.3484848	0.2875	0.3793103	0.3521127	0.4691358	0.372549	0.4344262	0.380531	0.4603175	0.4415584	0.4230769	0.5058824	0.4861111	0.5384615	0.5285714	0.46	0.3134328	0.4266667	0.4025974	0.4915254	0.2888889	0.1320755	0.2727273	0.2876712	0.2352941	0.2432432	0.16	0.2244898	0.3611111	0.2058824	0.2857143	0.326087	0.24	0.1481481	0.36	0.2058824	0.3333333	0.4666667	0.2571429	0.4202899	0.4423077	0.5	0.4444444	0.4234234	
Grive draine	0.0344828	0.0169492	0.0777778	0.0614035	0.0909091	0.05	0.0804598	0.0704225	0.0493827	0.0490196	0.0491803	0.0353982	0.0793651	0.0519481	0.0384615	0.0235294	0.0277778	0.0615385	0.0285714	0.04	0.0298507	0.0533333	0.012987	0.0169492	0.0888889	0.0	0.0	0.0136986	0.0294118	0.0	0.0	0.0204082	0.0833333	0.0	0.0	0.0217391	0.0	0.0185185	0.04	0.0147059	0.0909091	0.1666667	0.0857143	0.057971	0.0961538	0.0526316	0.0	0.1081081	
Grive musicienne	0.0689655	0.1355932	0.0777778	0.1578947	0.1363636	0.2	0.2413793	0.1971831	0.345679	0.2352941	0.2786885	0.300885	0.3650794	0.1948052	0.1794872	0.3176471	0.1111111	0.2	0.2142857	0.16	0.119403	0.16	0.1038961	0.1355932	0.1777778	0.245283	0.1090909	0.0684932	0.0882353	0.0810811	0.0	0.0612245	0.0277778	0.0588235	0.0	0.0434783	0.04	0.0740741	0.12	0.0294118	0.1212121	0.1	0.0857143	0.0289855	0.0576923	0.0526316	0.1555556	0.1441441	
Grive mauvis	0.0517241	0.1525424	0.1222222	0.1140351	0.0909091	0.1125	0.137931	0.1830986	0.1481481	0.0588235	0.0901639	0.0530973	0.0634921	0.012987	0.0	0.0	0.0	0.0	0.0	0.0	0.0	0.0	0.0	0.0	0.0	0.0	0.0	0.0	0.0	0.0	0.0	0.0	0.0	0.0	0.0	0.0	0.0	0.0	0.02	0.0147059	0.0909091	0.1666667	0.1142857	0.0724638	0.0769231	0.0263158	0.0444444	0.1711712	
Merle noir	0.4482759	0.4576271	0.4444444	0.5175439	0.3636364	0.5	0.4597701	0.5633803	0.6049383	0.5588235	0.5737705	0.5575221	0.5873016	0.6363636	0.5384615	0.6941176	0.75	0.7538462	0.6428571	0.58	0.5970149	0.6933333	0.5324675	0.4576271	0.5555556	0.3396226	0.4909091	0.3150685	0.3235294	0.2432432	0.28	0.2244898	0.25	0.3529412	0.1714286	0.2826087	0.28	0.2222222	0.32	0.2647059	0.3030303	0.4666667	0.3428571	0.3768116	0.3461538	0.3421053	0.3111111	0.4594595	
Grive litorne	0.0172414	0.0	0.0111111	0.0	0.0	0.0125	0.0	0.0	0.0	0.0015	0.0081967	0.0	0.0	0.0	0.0	0.0	0.0	0.0	0.0	0.0	0.0	0.0	0.0	0.0	0.0	0.0	0.0	0.0	0.0	0.0	0.0	0.0	0.0	0.0	0.0	0.0	0.0	0.0	0.0	0.0	0.030303	0.0666667	0.0285714	0.0	0.0	0.0	0.0	0.0	
Merle à plastron	0.0	0.0	0.0	0.0	0.0	0.0	0.0	0.0	0.0	0.0	0.0	0.0	0.015873	0.0	0.0	0.0	0.0	0.0	0.0	0.0	0.0	0.0	0.0	0.0	0.0	0.0	0.0	0.0	0.0	0.0	0.0	0.0	0.0	0.0	0.0	0.0	0.0	0.0	0.0	0.0	0.0	0.0	0.0	0.0	0.0	0.0	0.0	0.0	
Turdus sp.	0.0	0.0	0.0	0.0	0.0	0.0	0.0	0.0	0.0	0.0098039	0.0015	0.0	0.0	0.0	0.0	0.0	0.0	0.0	0.0	0.0	0.0	0.0	0.0	0.0	0.0	0.0	0.0	0.0	0.0	0.0	0.0	0.0	0.0	0.0	0.0	0.0	0.0	0.0	0.04	0.0	0.030303	0.0	0.0285714	0.0	0.0	0.0	0.0222222	0.0	
Gobemouche gris	0.0	0.0	0.0	0.0	0.0	0.0	0.0	0.0	0.0	0.0	0.0	0.0	0.0	0.0	0.0	0.0117647	0.0416667	0.0	0.0142857	0.01	0.0149254	0.0	0.025974	0.0169492	0.0444444	0.0566038	0.0181818	0.0136986	0.0	0.027027	0.04	0.1020408	0.0833333	0.0294118	0.0285714	0.0217391	0.0	0.0	0.0	0.0	0.0	0.0	0.0	0.0	0.0	0.0	0.0	0.0	
Rougegorge familier	0.5517241	0.6610169	0.5222222	0.5701754	0.6212121	0.525	0.5632184	0.7183099	0.6296296	0.6372549	0.6721311	0.619469	0.5555556	0.5844156	0.5641026	0.6235294	0.5694444	0.6	0.5285714	0.59	0.4776119	0.5466667	0.4675325	0.3898305	0.4	0.4150943	0.4545455	0.3424658	0.3235294	0.3783784	0.4	0.3877551	0.4166667	0.4117647	0.3714286	0.5869565	0.72	0.7037037	0.56	0.5147059	0.6060606	0.5666667	0.5428571	0.5652174	0.4038462	0.5	0.5111111	0.5135135	
Rossignol philomèle	0.0	0.0	0.0	0.0	0.0	0.0	0.0	0.0	0.0	0.0	0.0	0.0	0.0015	0.0	0.0	0.0470588	0.0138889	0.0	0.0015	0.0	0.0	0.0	0.0	0.0	0.0	0.0	0.0	0.0	0.0294118	0.0	0.0	0.0	0.0	0.0	0.0	0.0	0.0	0.0	0.0	0.0	0.0	0.0	0.0	0.0	0.0	0.0	0.0	0.0	
Gobemouche noir	0.0	0.0	0.0	0.0	0.0	0.0	0.0	0.0	0.0	0.0	0.0	0.0	0.0	0.012987	0.0	0.0117647	0.0138889	0.0	0.0	0.0	0.0	0.0	0.0	0.0	0.0	0.0	0.0	0.0	0.0	0.027027	0.0	0.1428571	0.0555556	0.0015	0.0	0.0015	0.0	0.0	0.0	0.0	0.0	0.0	0.0	0.0	0.0	0.0	0.0	0.0	
Rougequeue à front blanc	0.0	0.0	0.0	0.0	0.0	0.0	0.0	0.0	0.0	0.0	0.0	0.0	0.0015	0.038961	0.0897436	0.0588235	0.0416667	0.0153846	0.0142857	0.0	0.0149254	0.0	0.012987	0.0	0.0015	0.0	0.0727273	0.0	0.0	0.0	0.0	0.0408163	0.0015	0.0	0.0285714	0.0	0.0	0.0	0.0	0.0	0.0	0.0	0.0	0.0	0.0	0.0	0.0	0.0	
Rougequeue noir	0.0172414	0.0	0.0	0.0087719	0.0	0.0125	0.0689655	0.0015	0.0123457	0.0490196	0.0491803	0.0973451	0.1428571	0.1168831	0.0769231	0.1058824	0.1388889	0.1384615	0.0857143	0.11	0.0746269	0.16	0.1298701	0.0338983	0.1111111	0.0015	0.1090909	0.0410959	0.0	0.0540541	0.12	0.0	0.0277778	0.1470588	0.0857143	0.0869565	0.04	0.1481481	0.08	0.0735294	0.0606061	0.0666667	0.0571429	0.057971	0.0192308	0.0263158	0.0	0.009009	
Tarier pâtre	0.0	0.0	0.0	0.0	0.0	0.0	0.0	0.0	0.0	0.0	0.0	0.0	0.0	0.0	0.0	0.0	0.0	0.0	0.0	0.0	0.0	0.0	0.0	0.0	0.0222222	0.0	0.0	0.0	0.0	0.0	0.0	0.0	0.0	0.0	0.0	0.0	0.0	0.0	0.0	0.0	0.0	0.0	0.0	0.0	0.0	0.0	0.0	0.0	
Traquet motteux	0.0	0.0	0.0	0.0	0.0	0.0	0.0	0.0	0.0	0.0	0.0	0.0	0.0	0.0	0.0	0.0117647	0.0	0.0	0.0	0.0	0.0	0.0	0.0	0.0	0.0	0.0	0.0	0.0	0.0	0.0	0.0	0.0	0.0	0.0	0.0	0.0	0.0	0.0	0.0	0.0	0.0	0.0	0.0	0.0	0.0	0.0	0.0	0.0	
Accenteur mouchet	0.0344828	0.0677966	0.0333333	0.1315789	0.1060606	0.1375	0.2068966	0.3098592	0.1975309	0.3529412	0.2786885	0.2743363	0.3174603	0.2337662	0.2564103	0.3058824	0.2361111	0.1384615	0.2428571	0.14	0.1791045	0.1733333	0.0779221	0.1525424	0.1333333	0.0943396	0.1090909	0.109589	0.0588235	0.027027	0.08	0.0612245	0.0833333	0.0294118	0.0571429	0.0869565	0.12	0.0925926	0.1	0.0147059	0.1515152	0.0666667	0.1142857	0.0434783	0.0384615	0.0	0.0222222	0.1081081	
Moineau domestique	0.0689655	0.1016949	0.1111111	0.1140351	0.1818182	0.1375	0.2183908	0.1971831	0.2716049	0.1960784	0.1967213	0.1415929	0.2222222	0.1948052	0.2820513	0.2705882	0.3194444	0.2307692	0.3428571	0.24	0.2686567	0.3066667	0.2337662	0.2542373	0.2	0.2075472	0.2181818	0.2739726	0.1764706	0.2432432	0.12	0.0816327	0.1944444	0.1470588	0.2571429	0.2826087	0.2	0.1111111	0.12	0.1764706	0.2121212	0.1333333	0.1714286	0.1304348	0.1923077	0.1578947	0.1333333	0.1081081	
Moineau friquet	0.0	0.0	0.0	0.0	0.0	0.0	0.0	0.0	0.0	0.0	0.0	0.0	0.0	0.0	0.0	0.0	0.0	0.0	0.0	0.0	0.0	0.0	0.0	0.0	0.0	0.0	0.0	0.0	0.0	0.0	0.0	0.0	0.0	0.0	0.0285714	0.0	0.0	0.0	0.0	0.0	0.0	0.0	0.0	0.0	0.0	0.0	0.0	0.0	
Bergeronnette des ruisseaux	0.0517241	0.0338983	0.1222222	0.0526316	0.0606061	0.05	0.0804598	0.084507	0.1111111	0.0686275	0.0983607	0.0707965	0.1904762	0.1038961	0.1410256	0.2235294	0.125	0.0923077	0.1	0.09	0.119403	0.1066667	0.038961	0.1355932	0.1111111	0.0943396	0.0727273	0.1232877	0.1176471	0.0540541	0.2	0.122449	0.0555556	0.0588235	0.1142857	0.2391304	0.2	0.2037037	0.18	0.1470588	0.2424242	0.2333333	0.2571429	0.057971	0.0961538	0.0526316	0.0222222	0.1171171	
Bergeronnette printanière	0.0	0.0	0.0	0.0	0.0	0.0	0.0	0.0	0.0	0.0	0.0	0.0	0.0015	0.012987	0.0128205	0.0015	0.0	0.0	0.0	0.01	0.0	0.0	0.0	0.0	0.0222222	0.0	0.0	0.0136986	0.0	0.0	0.0	0.0612245	0.0277778	0.0294118	0.0	0.0217391	0.0	0.0185185	0.0	0.0	0.0	0.0	0.0	0.0	0.0	0.0	0.0	0.0	
Bergeronnette grise	0.0172414	0.0169492	0.0111111	0.0087719	0.0151515	0.0375	0.0344828	0.0140845	0.0	0.0392157	0.0245902	0.0619469	0.0952381	0.0779221	0.1025641	0.0823529	0.0555556	0.0307692	0.0428571	0.0015	0.0149254	0.0266667	0.012987	0.0	0.0444444	0.0188679	0.0181818	0.0136986	0.0	0.027027	0.0	0.0204082	0.0	0.0	0.0	0.0434783	0.08	0.037037	0.02	0.0294118	0.1212121	0.1	0.0285714	0.0144928	0.0	0.0	0.0	0.027027	
bergeronette sp.	0.0	0.0	0.0	0.0087719	0.0	0.0	0.0	0.0	0.0	0.0	0.0	0.0088496	0.0	0.0	0.0	0.0	0.0	0.0153846	0.0015	0.0	0.0	0.0	0.0	0.0	0.0	0.0	0.0	0.0	0.0	0.0	0.0	0.0	0.0	0.0	0.0	0.0	0.0	0.0	0.0	0.0	0.0	0.0	0.0015	0.0	0.0	0.0	0.0	0.0	
Pipit rousseline	0.0	0.0	0.0	0.0	0.0	0.0	0.0	0.0	0.0	0.0	0.0	0.0	0.0	0.0	0.0	0.0	0.0	0.0	0.0	0.0	0.0	0.0	0.0	0.0	0.0	0.0	0.0	0.0	0.0	0.0	0.0	0.0204082	0.0	0.0	0.0015	0.0	0.0	0.0	0.0	0.0	0.0	0.0	0.0	0.0	0.0	0.0	0.0	0.0	
Pipit farlouse	0.0172414	0.0	0.0	0.0	0.0	0.0	0.0	0.0	0.0	0.0	0.0	0.0088496	0.0634921	0.012987	0.0	0.0	0.0	0.0	0.0	0.0	0.0	0.0	0.0	0.0	0.0	0.0	0.0	0.0	0.0	0.0	0.0	0.0204082	0.0	0.0	0.0015	0.0434783	0.04	0.0185185	0.0	0.0	0.030303	0.0	0.0	0.0	0.0	0.0	0.0	0.0	
Pipit des arbres	0.0	0.0	0.0	0.0	0.0	0.0	0.0	0.0	0.0	0.0	0.0	0.0	0.031746	0.0	0.0	0.0117647	0.0138889	0.0	0.0	0.0	0.0	0.0	0.0	0.0	0.0	0.0	0.0	0.0	0.0	0.0	0.0	0.0816327	0.0277778	0.0882353	0.0015	0.0217391	0.0	0.0	0.0	0.0	0.0	0.0	0.0	0.0	0.0	0.0	0.0	0.0	
Pipit spioncelle	0.0172414	0.0	0.0	0.0	0.0	0.0	0.0	0.0	0.0	0.0	0.0	0.0	0.015873	0.0	0.0	0.0	0.0	0.0	0.0	0.0	0.0	0.0	0.0	0.0	0.0	0.0	0.0	0.0	0.0	0.0	0.0	0.0	0.0	0.0	0.0	0.0	0.0	0.0	0.0	0.0	0.0606061	0.0	0.0	0.0	0.0	0.0	0.0	0.0	
Pinson des arbres	0.2068966	0.3559322	0.3	0.3333333	0.4242424	0.3375	0.4022989	0.4366197	0.4814815	0.6176471	0.6229508	0.460177	0.5396825	0.5194805	0.4358974	0.5529412	0.5138889	0.3846154	0.4714286	0.39	0.4328358	0.52	0.4285714	0.3389831	0.2888889	0.3207547	0.2181818	0.2191781	0.2058824	0.1621622	0.28	0.2040816	0.1111111	0.0588235	0.1142857	0.2391304	0.16	0.0740741	0.22	0.1764706	0.3636364	0.4	0.2857143	0.3768116	0.2307692	0.3157895	0.3111111	0.3873874	
Pinson du Nord	0.0	0.0	0.0	0.0	0.0	0.0125	0.0	0.0140845	0.0	0.0098039	0.0163934	0.0088496	0.031746	0.012987	0.0	0.0	0.0	0.0	0.0	0.0	0.0	0.0	0.0	0.0	0.0	0.0	0.0	0.0	0.0	0.0	0.0	0.0	0.0	0.0	0.0	0.0	0.0	0.0	0.0	0.0	0.0909091	0.0333333	0.0571429	0.0	0.0	0.0	0.0	0.0	
Grosbec casse-noyaux	0.0	0.0	0.0222222	0.0	0.0015	0.0125	0.0114943	0.0015	0.0246914	0.0098039	0.0409836	0.0442478	0.0634921	0.012987	0.0128205	0.0588235	0.0277778	0.0	0.0	0.0	0.0	0.0015	0.0	0.0	0.0	0.0	0.0	0.0136986	0.0	0.0	0.0	0.0408163	0.0	0.0	0.0	0.0015	0.0015	0.0015	0.0	0.0015	0.030303	0.0	0.0571429	0.0	0.0	0.0	0.0222222	0.0	
Bouvreuil pivoine	0.0172414	0.0169492	0.0111111	0.0	0.0	0.0125	0.0	0.0	0.0	0.0098039	0.0409836	0.0353982	0.031746	0.0	0.0128205	0.0588235	0.0277778	0.0	0.0	0.0	0.0	0.0	0.0	0.0	0.0222222	0.0	0.0015	0.0	0.0294118	0.0	0.0	0.0204082	0.0	0.0	0.0	0.0015	0.0	0.0	0.0	0.0	0.030303	0.0666667	0.0571429	0.0015	0.0	0.0	0.0	0.027027	
Verdier d'Europe	0.0344828	0.0169492	0.0333333	0.0175439	0.0606061	0.0375	0.0804598	0.0985915	0.0617284	0.0784314	0.1393443	0.0973451	0.1111111	0.025974	0.0897436	0.0470588	0.0694444	0.0153846	0.0571429	0.03	0.0	0.0133333	0.025974	0.0	0.0222222	0.0943396	0.0727273	0.0410959	0.0294118	0.027027	0.04	0.0408163	0.0277778	0.0	0.0	0.0434783	0.0	0.0	0.0	0.0	0.0909091	0.0333333	0.0857143	0.0289855	0.0192308	0.0	0.0444444	0.045045	
Linotte mélodieuse	0.0	0.0	0.0	0.0	0.0	0.0	0.0	0.0	0.0	0.0	0.0245902	0.0265487	0.0634921	0.012987	0.0128205	0.0117647	0.0	0.0	0.0	0.0	0.0	0.0	0.0	0.0	0.0	0.0	0.0	0.0	0.0294118	0.0	0.0	0.0	0.0	0.0	0.0	0.0015	0.0	0.0	0.02	0.0	0.0606061	0.0333333	0.0	0.0	0.0	0.0	0.0	0.0	
Sizerin flammé	0.0	0.0015	0.0	0.0	0.0	0.0	0.0	0.0	0.0	0.0	0.0	0.0	0.0	0.0	0.0	0.0	0.0	0.0	0.0	0.0	0.0	0.0	0.0	0.0	0.0	0.0	0.0	0.0	0.0	0.0	0.0	0.0	0.0	0.0	0.0	0.0	0.0	0.0	0.0	0.0	0.0	0.0333333	0.0	0.0	0.0	0.0	0.0	0.0	
Bec-croisé des sapins	0.0	0.0	0.0	0.0	0.0	0.0	0.0	0.0	0.0	0.0	0.0	0.0	0.0	0.0	0.0	0.0	0.0	0.0	0.0	0.0	0.0	0.0	0.0	0.0	0.0015	0.0	0.0	0.0	0.0	0.0	0.0	0.0	0.0	0.0	0.0	0.0	0.0	0.0015	0.0	0.0	0.0	0.0	0.0	0.0	0.0	0.0	0.0	0.0	
Chardonneret élégant	0.0517241	0.0677966	0.0888889	0.0438596	0.0757576	0.075	0.137931	0.1267606	0.1481481	0.1470588	0.1721311	0.1769912	0.1587302	0.0779221	0.0641026	0.1294118	0.0833333	0.0461538	0.0714286	0.06	0.0015	0.0666667	0.012987	0.0338983	0.0444444	0.0188679	0.0545455	0.0410959	0.0	0.0	0.0	0.0204082	0.0	0.0	0.0	0.0	0.0	0.0185185	0.02	0.0294118	0.1818182	0.1333333	0.1142857	0.057971	0.0576923	0.0263158	0.0444444	0.0900901	
Serin cini	0.0	0.0	0.0	0.0	0.0	0.0	0.0114943	0.0	0.0	0.0098039	0.0245902	0.0088496	0.047619	0.012987	0.0384615	0.0235294	0.0	0.0	0.0015	0.0	0.0	0.0	0.0	0.0	0.0222222	0.0	0.0	0.0	0.0	0.0	0.0	0.0	0.0	0.0	0.0	0.0015	0.0	0.0	0.0	0.0	0.0015	0.0	0.0	0.0	0.0	0.0	0.0	0.0	
Tarin des aulnes	0.0344828	0.0	0.0111111	0.0175439	0.0909091	0.0375	0.045977	0.0704225	0.0123457	0.0588235	0.0491803	0.0265487	0.0	0.0	0.0	0.0	0.0	0.0	0.0	0.0	0.0	0.0	0.0	0.0	0.0	0.0	0.0	0.0	0.0	0.0	0.0	0.0	0.0	0.0	0.0	0.0	0.0	0.0185185	0.02	0.0147059	0.0909091	0.0666667	0.0571429	0.0015	0.0	0.0	0.0	0.018018	
fringillidé sp.	0.0	0.0	0.0	0.0	0.0	0.0	0.0	0.0	0.0	0.0	0.0	0.0	0.0	0.012987	0.0	0.0	0.0	0.0	0.0	0.0	0.0	0.0	0.0	0.0	0.0	0.0	0.0	0.0	0.0	0.0	0.0	0.0	0.0	0.0	0.0	0.0	0.0	0.0	0.02	0.0	0.0	0.0	0.0	0.0	0.0	0.0	0.0	0.0	
Bruant proyer	0.0	0.0	0.0	0.0	0.0	0.0	0.0	0.0	0.0	0.0	0.0	0.0	0.0	0.0	0.0	0.0	0.0	0.0	0.0	0.01	0.0	0.0	0.0	0.0	0.0	0.0	0.0	0.0	0.0	0.0	0.0	0.0	0.0	0.0	0.0	0.0	0.0	0.0	0.0	0.0	0.0	0.0	0.0	0.0	0.0	0.0	0.0	0.0	
Bruant zizi	0.0	0.0	0.0	0.0	0.0	0.0	0.0	0.0	0.0	0.0	0.0	0.0	0.0015	0.0	0.0	0.0	0.0	0.0	0.0	0.0	0.0	0.0	0.0	0.0	0.0	0.0	0.0	0.0	0.0	0.0	0.0	0.0	0.0	0.0	0.0	0.0	0.0	0.0	0.0	0.0	0.0	0.0	0.0	0.0	0.0	0.0	0.0	0.009009	
Bruant jaune	0.0	0.0	0.0	0.0	0.0	0.0	0.0	0.0	0.0	0.0	0.0015	0.0	0.0	0.0	0.0	0.0	0.0	0.0	0.0	0.0	0.0	0.0	0.0	0.0	0.0	0.0	0.0	0.0	0.0	0.0	0.0	0.0	0.0	0.0	0.0	0.0	0.0	0.0	0.0	0.0	0.0	0.0	0.0	0.0	0.0	0.0	0.0	0.0	
Bruant ortolan	0.0	0.0	0.0	0.0	0.0	0.0	0.0	0.0	0.0	0.0	0.0	0.0	0.0	0.0	0.0	0.0	0.0	0.0	0.0	0.0	0.0	0.0	0.0	0.0	0.0	0.0	0.0	0.0	0.0	0.0	0.0	0.0612245	0.0015	0.0588235	0.0	0.0	0.0	0.0	0.0	0.0	0.0	0.0	0.0	0.0	0.0	0.0	0.0	0.0	
Bruant des roseaux	0.0172414	0.0	0.0	0.0	0.0454545	0.0	0.0114943	0.056338	0.0493827	0.0588235	0.0409836	0.0265487	0.0	0.012987	0.0128205	0.0117647	0.0416667	0.0	0.0	0.02	0.0149254	0.0	0.0	0.0	0.0	0.0	0.0	0.0	0.0	0.0	0.0	0.0204082	0.0	0.0	0.0	0.0	0.0015	0.0	0.0	0.0	0.0606061	0.0333333	0.0	0.0	0.0192308	0.0	0.0	0.0	
passereau sp.	0.0344828	0.0	0.0111111	0.0175439	0.0151515	0.0125	0.0344828	0.0140845	0.0123457	0.0196078	0.0163934	0.0088496	0.031746	0.025974	0.0384615	0.0588235	0.0138889	0.0153846	0.0285714	0.01	0.0	0.0	0.0649351	0.0677966	0.0666667	0.0	0.0363636	0.0547945	0.0588235	0.0540541	0.0	0.0	0.1666667	0.1176471	0.1142857	0.0869565	0.04	0.0185185	0.02	0.0	0.0	0.1	0.0285714	0.057971	0.0192308	0.0263158	0.0222222	0.018018	

