









Frequency of observations in the selected location(s).:
Number of taxa: 	284

	Jan				Feb				Mar				Apr				May				Jun				Jul				Aug				Sep				Oct				Nov				Dec				
Sample Size:	46.0	67.0	56.0	134.0	138.0	165.0	158.0	139.0	151.0	122.0	165.0	193.0	139.0	94.0	145.0	161.0	137.0	121.0	75.0	90.0	78.0	85.0	49.0	83.0	52.0	45.0	45.0	66.0	62.0	102.0	78.0	99.0	83.0	69.0	68.0	92.0	64.0	62.0	60.0	128.0	103.0	96.0	123.0	123.0	67.0	88.0	55.0	86.0	

Oie cendrée	0.0	0.0	0.0	0.0	0.0	0.0	0.0	0.0	0.0	0.0	0.0	0.0	0.0	0.0	0.0	0.0	0.0072993	0.0	0.0	0.0	0.0	0.0	0.0	0.0	0.0	0.0	0.0	0.0	0.0	0.0	0.0	0.0	0.0	0.0	0.0	0.0	0.0	0.0	0.0	0.0	0.0	0.0	0.0	0.0	0.0	0.0	0.0	0.0	
Tadorne de Belon	0.0	0.0	0.0	0.0	0.0	0.0	0.0	0.0	0.0	0.0	0.0	0.0015	0.0	0.0	0.0	0.0	0.0	0.0	0.0	0.0	0.0	0.0	0.0	0.0	0.0	0.0	0.0	0.0	0.0	0.0	0.0	0.0	0.0	0.0	0.0	0.0	0.0	0.0	0.0	0.0	0.0	0.0	0.0	0.0	0.0	0.0	0.0	0.0	
Canard musqué	0.0217391	0.0	0.0	0.0	0.0144928	0.0060606	0.0015	0.0	0.013245	0.0	0.0060606	0.0103627	0.0	0.0212766	0.0	0.0062112	0.0072993	0.0015	0.0133333	0.0111111	0.0	0.0	0.0204082	0.0	0.0	0.0	0.0015	0.0	0.0	0.0015	0.0	0.020202	0.0120482	0.0	0.0147059	0.0	0.015625	0.0	0.0166667	0.0015	0.0097087	0.0104167	0.0081301	0.0	0.0298507	0.0227273	0.0	0.0116279	
Canard souchet	0.0	0.0	0.0	0.0	0.0	0.0	0.0	0.0	0.0	0.0	0.0	0.0051813	0.0	0.0	0.0	0.0	0.0	0.0	0.0	0.0	0.0	0.0	0.0	0.0	0.0	0.0	0.0	0.0	0.0	0.0	0.0	0.0	0.0	0.0	0.0	0.0	0.0	0.0	0.0	0.0	0.0	0.0	0.0	0.0	0.0	0.0	0.0	0.0	
Canard chipeau	0.0	0.0	0.0	0.0	0.0	0.0	0.0	0.0	0.0	0.0	0.0	0.0	0.0	0.0	0.0	0.0	0.0	0.0	0.0	0.0	0.0	0.0	0.0	0.0	0.0	0.0	0.0	0.0	0.0	0.0	0.0	0.0	0.0	0.0	0.0	0.0	0.0	0.0	0.0	0.0	0.0	0.0	0.0	0.0	0.0298507	0.0227273	0.0	0.0	
Canard siffleur	0.0	0.0	0.0	0.0	0.0	0.0	0.0	0.0	0.0	0.0	0.0	0.0	0.0	0.0	0.0	0.0	0.0	0.0	0.0	0.0	0.0	0.0	0.0	0.0	0.0	0.0	0.0	0.0	0.0	0.0	0.0	0.0	0.0	0.0	0.0	0.0	0.015625	0.0	0.0	0.0	0.0	0.0	0.0	0.0	0.0	0.0	0.0	0.0	
Canard colvert	0.0	0.0	0.0	0.0	0.0	0.0	0.0	0.0	0.0	0.0	0.0	0.0	0.0	0.0	0.0	0.0	0.0	0.0	0.0	0.0	0.0	0.0	0.0	0.0	0.0	0.0	0.0	0.0	0.0	0.0	0.0	0.0	0.0	0.0	0.0	0.0	0.0	0.0	0.0333333	0.0078125	0.0	0.0	0.0	0.0	0.0	0.0	0.0	0.0116279	
Canard pilet	0.0	0.0	0.0	0.0	0.0	0.0	0.0	0.0	0.0	0.0	0.0	0.0	0.0	0.0	0.0	0.0	0.0	0.0	0.0	0.0	0.0	0.0	0.0	0.0	0.0	0.0	0.0	0.0	0.0	0.0	0.0	0.0	0.0	0.0	0.0	0.0	0.0	0.0	0.0	0.0	0.0097087	0.0	0.0	0.0	0.0149254	0.0113636	0.0	0.0	
Anas sp.	0.0	0.0	0.0	0.0	0.0	0.0	0.0	0.0	0.0	0.0	0.0	0.0	0.0	0.0	0.0	0.0	0.0	0.0	0.0	0.0	0.0	0.0	0.0	0.0	0.0	0.0	0.0	0.0	0.0	0.0	0.0	0.0	0.0	0.0	0.0	0.0	0.0	0.0	0.0	0.0	0.0	0.0	0.0	0.0	0.0	0.0113636	0.0	0.0	
Nette rousse	0.0	0.0	0.0	0.0	0.0	0.0	0.0	0.0	0.0	0.0	0.0	0.0	0.0	0.0	0.0	0.0	0.0	0.0	0.0	0.0	0.0	0.0	0.0	0.0	0.0	0.0	0.0222222	0.0	0.0	0.0	0.0	0.0	0.0	0.0	0.0	0.0	0.0	0.0	0.0	0.0	0.0	0.0	0.0	0.0	0.0	0.0	0.0	0.0	
Macreuse noire	0.0	0.0	0.0	0.0	0.0	0.0	0.0	0.0	0.0	0.0	0.0	0.0	0.0	0.0	0.0	0.0	0.0	0.0	0.0	0.0	0.0	0.0	0.0	0.0	0.0	0.0	0.0	0.0	0.0	0.0	0.0	0.0	0.0	0.0	0.0	0.0	0.0	0.0	0.0	0.0	0.0097087	0.0208333	0.0	0.0081301	0.0	0.0	0.0181818	0.0	
anatidé sp. (canard sp.)	0.0	0.0	0.0	0.0	0.0	0.0	0.0	0.0	0.0	0.0	0.0	0.0	0.0	0.0	0.0	0.0	0.0	0.0	0.0	0.0	0.0	0.0	0.0	0.0	0.0	0.0	0.0	0.0	0.0	0.0	0.0	0.0	0.0	0.0	0.0	0.0	0.0	0.0	0.0	0.0	0.0	0.0	0.0081301	0.0015	0.0	0.0	0.0	0.0	
Faisan de Colchide	0.0	0.0	0.0	0.0	0.0	0.0	0.0	0.0	0.0	0.0	0.0121212	0.0051813	0.0	0.0	0.0	0.0	0.0145985	0.0	0.0	0.0111111	0.0128205	0.0	0.0204082	0.0	0.0	0.0	0.0	0.0	0.0	0.0	0.0	0.0	0.0	0.0	0.0	0.0	0.0	0.0	0.0166667	0.0	0.0	0.0	0.0	0.0	0.0149254	0.0	0.0	0.0	
Paon bleu	0.0	0.0	0.0	0.0	0.0072464	0.0060606	0.0	0.0	0.0	0.0	0.0181818	0.0259067	0.0	0.0425532	0.0	0.0124224	0.0291971	0.0165289	0.0133333	0.0222222	0.025641	0.0	0.0	0.0120482	0.0	0.0	0.0	0.0	0.0	0.0015	0.0128205	0.020202	0.0	0.0	0.0	0.0108696	0.015625	0.0	0.0	0.0015	0.0	0.0104167	0.0	0.0	0.0	0.0113636	0.0	0.0	
Caille des blés	0.0	0.0	0.0	0.0	0.0	0.0	0.0	0.0	0.0	0.0	0.0	0.0	0.0	0.0	0.0068966	0.0	0.0	0.0015	0.0	0.0111111	0.0	0.0	0.0	0.0	0.0	0.0	0.0	0.0	0.0	0.0	0.0	0.0	0.0	0.0	0.0	0.0	0.0	0.0	0.0	0.0	0.0	0.0	0.0	0.0	0.0	0.0	0.0	0.0	
Perdrix gambra	0.0	0.0	0.0	0.0223881	0.0144928	0.0121212	0.0126582	0.0359712	0.0397351	0.0655738	0.030303	0.0414508	0.0071942	0.0106383	0.0344828	0.0186335	0.0437956	0.0247934	0.0266667	0.0111111	0.025641	0.0235294	0.0204082	0.0120482	0.0	0.0	0.0015	0.0151515	0.016129	0.0	0.0	0.020202	0.0015	0.057971	0.0015	0.0326087	0.0625	0.0	0.05	0.0078125	0.0097087	0.0104167	0.0081301	0.0243902	0.0149254	0.0113636	0.0181818	0.0015	
Alectoris sp.	0.0	0.0	0.0	0.0	0.0	0.0	0.0	0.0	0.0	0.0	0.0	0.0	0.0	0.0	0.0	0.0	0.0	0.0	0.0	0.0	0.0	0.0	0.0	0.0	0.0	0.0	0.0	0.0	0.0	0.0	0.0	0.0015	0.0	0.0	0.0	0.0	0.0	0.0	0.0	0.0	0.0	0.0	0.0	0.0	0.0	0.0	0.0	0.0	
Pigeon biset	0.3913043	0.6567164	0.8035714	0.5671642	0.4710145	0.4787879	0.4746835	0.5611511	0.5960265	0.5737705	0.4484848	0.4974093	0.4820144	0.6382979	0.5517241	0.6149068	0.4671533	0.5702479	0.5333333	0.6555556	0.5512821	0.6	0.6326531	0.5903614	0.6730769	0.7555556	0.4888889	0.5	0.6129032	0.4313725	0.3717949	0.5656566	0.5180723	0.4637681	0.4411765	0.4673913	0.515625	0.3064516	0.3833333	0.3828125	0.5242718	0.46875	0.5528455	0.5203252	0.5223881	0.5113636	0.5454545	0.5232558	
Pigeon ramier	0.0652174	0.0597015	0.0357143	0.0149254	0.0942029	0.0424242	0.1012658	0.0431655	0.1125828	0.0491803	0.1757576	0.1450777	0.1726619	0.212766	0.1655172	0.1118012	0.1751825	0.1983471	0.1733333	0.1	0.1538462	0.1294118	0.1632653	0.1445783	0.0769231	0.1111111	0.2666667	0.2272727	0.0806452	0.1470588	0.1153846	0.2525253	0.1807229	0.2608696	0.1911765	0.173913	0.140625	0.0967742	0.1	0.0625	0.0873786	0.0625	0.0487805	0.0325203	0.0447761	0.0227273	0.0909091	0.0813953	
Tourterelle des bois	0.0	0.0	0.0	0.0	0.0	0.0	0.0	0.0	0.0	0.0	0.0	0.0	0.0	0.0	0.0344828	0.0248447	0.0364964	0.0082645	0.0	0.0	0.0	0.0	0.0	0.0	0.0	0.0	0.0	0.0	0.0	0.0	0.0	0.010101	0.0	0.0	0.0	0.0	0.0015	0.0	0.0	0.0	0.0	0.0	0.0	0.0	0.0	0.0	0.0	0.0	
Tourterelle turque	0.1521739	0.4179104	0.4821429	0.3955224	0.3478261	0.2484848	0.2658228	0.2517986	0.3178808	0.4262295	0.3030303	0.373057	0.3381295	0.393617	0.4344828	0.3913043	0.3284672	0.5371901	0.4666667	0.5333333	0.4358974	0.3176471	0.3469388	0.3373494	0.4807692	0.4	0.4	0.3030303	0.2741935	0.254902	0.2307692	0.3535354	0.313253	0.2608696	0.2058824	0.2282609	0.203125	0.2741935	0.2	0.2109375	0.2524272	0.2708333	0.2357724	0.2439024	0.238806	0.2045455	0.2727273	0.127907	
Coucou geai	0.0	0.0	0.0	0.0	0.0	0.0	0.0	0.0	0.0	0.0081967	0.0	0.0	0.0	0.0	0.0	0.0	0.0	0.0	0.0	0.0	0.0	0.0	0.0	0.0120482	0.0	0.0	0.0	0.0	0.0	0.0	0.0	0.0	0.0	0.0	0.0	0.0	0.0	0.0	0.0	0.0	0.0	0.0	0.0	0.0	0.0	0.0	0.0	0.0	
Coucou gris	0.0	0.0	0.0	0.0	0.0	0.0	0.0	0.0	0.0	0.0	0.0	0.0	0.0	0.0	0.0068966	0.0	0.0	0.0	0.0	0.0	0.0	0.0	0.0	0.0	0.0	0.0	0.0	0.0	0.0015	0.0	0.0	0.0	0.0	0.0	0.0	0.0	0.0	0.0	0.0	0.0	0.0	0.0	0.0	0.0	0.0	0.0	0.0	0.0	
Engoulevent à collier roux	0.0	0.0	0.0	0.0	0.0	0.0	0.0	0.0	0.0	0.0	0.0	0.0	0.0	0.0	0.0	0.0	0.0072993	0.0	0.0	0.0	0.0	0.0	0.0	0.0	0.0	0.0	0.0	0.0	0.0	0.0	0.0	0.0	0.0	0.0	0.0	0.0	0.0015	0.016129	0.0015	0.0	0.0	0.0	0.0	0.0	0.0	0.0	0.0	0.0015	
Engoulevent d'Europe	0.0	0.0	0.0	0.0	0.0	0.0	0.0	0.0	0.0	0.0	0.0	0.0	0.0	0.0	0.0	0.0	0.0072993	0.0015	0.0133333	0.0	0.0	0.0	0.0408163	0.0	0.0	0.0	0.0	0.0	0.0	0.0	0.0	0.0	0.0	0.0	0.0	0.0	0.0	0.0	0.0	0.0	0.0	0.0	0.0	0.0	0.0	0.0	0.0	0.0	
Engoulevent à collier roux ou E. d'Europe	0.0	0.0	0.0	0.0	0.0	0.0	0.0	0.0	0.0	0.0	0.0	0.0	0.0	0.0	0.0	0.0	0.0	0.0	0.0	0.0	0.0	0.0	0.0	0.0	0.0	0.0	0.0	0.0	0.0	0.0	0.0	0.0	0.0	0.0	0.0	0.0	0.0	0.016129	0.0	0.0	0.0	0.0	0.0	0.0	0.0	0.0	0.0	0.0	
Martinet à ventre blanc	0.0	0.0	0.0	0.0	0.0	0.0	0.0	0.0143885	0.0066225	0.0	0.0121212	0.0518135	0.057554	0.0106383	0.0	0.0062112	0.0072993	0.0082645	0.0015	0.0	0.0	0.0015	0.0	0.0	0.0	0.0	0.0	0.0151515	0.0	0.0196078	0.0128205	0.030303	0.0	0.0	0.0	0.0	0.0	0.0	0.0	0.0	0.0	0.0	0.0	0.0	0.0	0.0	0.0	0.0	
Martinet noir	0.0	0.0	0.0	0.0	0.0	0.0	0.0	0.0	0.0	0.0	0.0060606	0.0466321	0.1798561	0.2765957	0.2827586	0.3167702	0.2408759	0.2892562	0.3333333	0.3222222	0.3333333	0.3529412	0.2857143	0.3012048	0.3653846	0.2888889	0.1333333	0.0909091	0.0015	0.0490196	0.0128205	0.0505051	0.060241	0.0144928	0.0	0.0	0.0	0.0	0.0	0.0	0.0	0.0	0.0	0.0	0.0	0.0	0.0	0.0	
Martinet pâle	0.0	0.0	0.0	0.0	0.0	0.0	0.0	0.0143885	0.0397351	0.0983607	0.2363636	0.4248705	0.4604317	0.5744681	0.5517241	0.5838509	0.6131387	0.661157	0.5333333	0.6444444	0.6153846	0.6352941	0.8163265	0.626506	0.7307692	0.8666667	0.7555556	0.530303	0.516129	0.2647059	0.2948718	0.3131313	0.2048193	0.2173913	0.0294118	0.0108696	0.015625	0.0	0.0	0.0	0.0	0.0	0.0	0.0	0.0	0.0	0.0	0.0	
Martinet noir ou M. pâle	0.0	0.0	0.0	0.0	0.0	0.0	0.0	0.0071942	0.0066225	0.0	0.0484848	0.0569948	0.1582734	0.1702128	0.1862069	0.2173913	0.2189781	0.2479339	0.1866667	0.0888889	0.1153846	0.0941176	0.1020408	0.2168675	0.1346154	0.0222222	0.1111111	0.1818182	0.2419355	0.1764706	0.2179487	0.2424242	0.1807229	0.0724638	0.0294118	0.0	0.0	0.0	0.0	0.0	0.0	0.0	0.0	0.0	0.0	0.0	0.0	0.0	
Apus ou Tachymarptis sp.	0.0	0.0	0.0	0.0	0.0	0.0	0.0	0.0	0.0	0.0	0.0	0.0	0.0	0.0	0.0	0.0	0.0	0.0	0.0133333	0.0	0.0128205	0.0	0.0	0.0	0.0	0.0	0.0	0.0	0.0	0.0098039	0.0015	0.0015	0.0	0.0	0.0	0.0	0.0	0.0	0.0	0.0	0.0	0.0	0.0	0.0	0.0	0.0	0.0	0.0	
apodidé sp.	0.0	0.0	0.0	0.0	0.0	0.0	0.0	0.0	0.0	0.0	0.0060606	0.0	0.0	0.0	0.0	0.0248447	0.0	0.0	0.0	0.0	0.0	0.0015	0.0	0.0	0.0	0.0	0.0	0.0	0.0015	0.0015	0.0015	0.0015	0.0120482	0.0	0.0147059	0.0	0.0	0.0	0.0	0.0	0.0	0.0	0.0	0.0	0.0	0.0	0.0	0.0	
Gallinule poule-d'eau	0.0652174	0.0149254	0.0357143	0.0	0.0434783	0.0	0.0063291	0.0	0.013245	0.0	0.0121212	0.0103627	0.0071942	0.0106383	0.0137931	0.0062112	0.0364964	0.0413223	0.0266667	0.0222222	0.025641	0.0235294	0.0204082	0.0361446	0.0192308	0.0222222	0.0222222	0.0015	0.016129	0.0196078	0.0128205	0.010101	0.0120482	0.0	0.0294118	0.0015	0.0	0.016129	0.0166667	0.015625	0.0194175	0.0015	0.0081301	0.0081301	0.0149254	0.0227273	0.0363636	0.0232558	
Foulque macroule	0.0	0.0	0.0	0.0	0.0	0.0	0.0	0.0	0.0	0.0	0.0	0.0	0.0	0.0	0.0	0.0	0.0	0.0	0.0	0.0	0.0	0.0	0.0	0.0	0.0	0.0	0.0	0.0	0.0	0.0	0.0	0.0	0.0	0.0	0.0	0.0	0.0	0.0	0.0	0.0078125	0.0	0.0015	0.0	0.0	0.0	0.0	0.0	0.0	
Foulque caronculée	0.0217391	0.0149254	0.0	0.0	0.0	0.0	0.0	0.0	0.0	0.0	0.0	0.0	0.0	0.0	0.0	0.0	0.0	0.0	0.0	0.0	0.0	0.0	0.0	0.0	0.0	0.0	0.0	0.0	0.0	0.0	0.0	0.0	0.0	0.0	0.0	0.0	0.0	0.0	0.0	0.0	0.0	0.0	0.0	0.0	0.0	0.0	0.0363636	0.0116279	
Talève d'Allen	0.0	0.0015	0.0	0.0	0.0	0.0	0.0	0.0	0.0	0.0	0.0	0.0	0.0	0.0	0.0	0.0	0.0	0.0	0.0	0.0	0.0	0.0	0.0	0.0	0.0	0.0	0.0	0.0	0.0	0.0	0.0	0.0	0.0	0.0	0.0	0.0	0.0	0.0	0.0	0.0	0.0	0.0	0.0	0.0	0.0	0.0	0.0	0.0	
Grue cendrée	0.0	0.0	0.0	0.0	0.0	0.0	0.0	0.0	0.0	0.0015	0.0	0.0	0.0	0.0	0.0	0.0	0.0	0.0	0.0	0.0	0.0	0.0	0.0	0.0	0.0	0.0	0.0	0.0	0.0	0.0	0.0	0.0	0.0	0.0	0.0	0.0	0.0	0.0	0.0	0.0	0.0	0.0	0.0	0.0	0.0	0.0	0.0	0.0232558	
Oedicnème criard	0.0	0.0	0.0	0.0	0.0	0.0	0.0	0.0	0.013245	0.0	0.0	0.0051813	0.0	0.0	0.0	0.0	0.0	0.0	0.0	0.0	0.0	0.0	0.0	0.0	0.0	0.0	0.0	0.0	0.0015	0.0	0.0	0.0	0.0	0.0	0.0	0.0	0.0	0.0	0.0	0.0	0.0	0.0	0.0	0.0	0.0	0.0	0.0	0.0	
Échasse blanche	0.0	0.0	0.0	0.0	0.0	0.0	0.0	0.0	0.0	0.0081967	0.0060606	0.0	0.0143885	0.0	0.0	0.0	0.0	0.0	0.0015	0.0	0.0	0.0	0.0	0.0	0.0	0.0	0.0	0.0	0.0	0.0	0.0	0.0015	0.0	0.0015	0.0	0.0	0.0	0.0	0.0	0.0	0.0	0.0	0.0	0.0	0.0	0.0	0.0	0.0	
Avocette élégante	0.0	0.0	0.0	0.0	0.0	0.0	0.0	0.0	0.0	0.0	0.0	0.0015	0.0	0.0	0.0	0.0	0.0	0.0	0.0	0.0	0.0	0.0	0.0	0.0	0.0	0.0	0.0	0.0	0.0	0.0	0.0	0.0	0.0	0.0	0.0	0.0	0.0	0.0	0.0	0.0	0.0	0.0	0.0	0.0	0.0	0.0	0.0	0.0	
Huîtrier pie	0.0217391	0.0	0.0	0.0	0.0	0.0	0.0015	0.0	0.0	0.0081967	0.0060606	0.0051813	0.0	0.0	0.0	0.0	0.0	0.0	0.0	0.0	0.0128205	0.0	0.0	0.0	0.0015	0.0	0.0	0.0	0.0	0.0098039	0.0128205	0.010101	0.0	0.0	0.0	0.0015	0.0015	0.0	0.0	0.0	0.0	0.0	0.0	0.0	0.0149254	0.0	0.0	0.0	
Grand Gravelot	0.0217391	0.0	0.0	0.0	0.0072464	0.0	0.0	0.0	0.0066225	0.0081967	0.0	0.0	0.0	0.0	0.0	0.0	0.0	0.0	0.0	0.0111111	0.0	0.0	0.0	0.0	0.0	0.0	0.0	0.0	0.0	0.0	0.0	0.0	0.0015	0.0144928	0.0	0.0	0.015625	0.0645161	0.0166667	0.0	0.0097087	0.0	0.0081301	0.0	0.0149254	0.0113636	0.0	0.0	
Petit Gravelot	0.0	0.0	0.0	0.0	0.0	0.0	0.0	0.0	0.0	0.0	0.0	0.0103627	0.0	0.0	0.0	0.0	0.0	0.0	0.0	0.0	0.0	0.0	0.0	0.0	0.0	0.0	0.0	0.0	0.0	0.0	0.0	0.0	0.0	0.0	0.0	0.0	0.0	0.0	0.0	0.0015	0.0	0.0	0.0	0.0	0.0	0.0	0.0	0.0	
Courlis corlieu	0.0869565	0.0298507	0.0714286	0.0298507	0.0217391	0.0787879	0.0126582	0.0431655	0.0596026	0.0737705	0.0121212	0.0207254	0.0071942	0.0319149	0.0137931	0.0	0.0218978	0.0082645	0.0	0.0111111	0.0	0.0015	0.0	0.0	0.0192308	0.0	0.0015	0.030303	0.0322581	0.0392157	0.0769231	0.0606061	0.0722892	0.0289855	0.0147059	0.0652174	0.03125	0.0806452	0.05	0.03125	0.0776699	0.0625	0.0487805	0.0569106	0.119403	0.0454545	0.0727273	0.0697674	
Courlis corlieu ou C. cendré	0.0	0.0	0.0	0.0	0.0	0.0	0.0	0.0	0.0	0.0	0.0	0.0	0.0	0.0	0.0	0.0	0.0	0.0	0.0	0.0	0.0	0.0	0.0	0.0	0.0	0.0	0.0	0.0	0.0	0.0098039	0.0	0.0	0.0	0.0	0.0	0.0	0.0	0.0	0.0	0.0	0.0	0.0	0.0	0.0	0.0	0.0	0.0	0.0	
Chevalier guignette	0.0652174	0.0298507	0.0357143	0.0597015	0.0507246	0.0363636	0.0253165	0.0503597	0.0463576	0.0409836	0.0015	0.0207254	0.0215827	0.0638298	0.0689655	0.0434783	0.0291971	0.0826446	0.0133333	0.0	0.0128205	0.0	0.0	0.0	0.0	0.0	0.0	0.0	0.0015	0.0392157	0.025641	0.010101	0.0361446	0.0289855	0.0441176	0.0543478	0.046875	0.0483871	0.1	0.0546875	0.1067961	0.1145833	0.0325203	0.0894309	0.0746269	0.0795455	0.0545455	0.0348837	
Chevalier culblanc	0.0	0.0	0.0	0.0	0.0	0.0	0.0	0.0	0.0	0.0	0.0	0.0	0.0	0.0	0.0	0.0	0.0015	0.0	0.0	0.0	0.0	0.0	0.0	0.0	0.0	0.0	0.0	0.0	0.0	0.0	0.0	0.0	0.0	0.0	0.0	0.0	0.0	0.0	0.0	0.0	0.0	0.0	0.0	0.0	0.0	0.0	0.0	0.0	
Chevalier gambette	0.0	0.0	0.0	0.0	0.0	0.0	0.0	0.0	0.0	0.0	0.0	0.0	0.0	0.0	0.0	0.0	0.0	0.0	0.0	0.0	0.0	0.0	0.0	0.0	0.0	0.0	0.0	0.0	0.0	0.0	0.0	0.0	0.0120482	0.0	0.0	0.0	0.0	0.0	0.0	0.0	0.0	0.0	0.0	0.0	0.0	0.0	0.0	0.0	
Tournepierre à collier	0.1086957	0.0597015	0.0357143	0.0597015	0.0652174	0.0727273	0.0443038	0.0503597	0.1258278	0.0491803	0.0424242	0.0621762	0.0503597	0.0212766	0.0344828	0.0186335	0.0072993	0.0082645	0.0133333	0.0111111	0.0128205	0.0	0.0	0.0	0.0	0.0	0.0	0.0015	0.0	0.0588235	0.0641026	0.0505051	0.0963855	0.0434783	0.0588235	0.173913	0.109375	0.1451613	0.0833333	0.0703125	0.1262136	0.0833333	0.0731707	0.1544715	0.2985075	0.1818182	0.1090909	0.1046512	
Bécasseau sanderling	0.0217391	0.0149254	0.0178571	0.0223881	0.0072464	0.0121212	0.0	0.0	0.0066225	0.0081967	0.0060606	0.0	0.0	0.0	0.0	0.0	0.0	0.0	0.0	0.0	0.0	0.0	0.0	0.0	0.0	0.0	0.0	0.0	0.0	0.0	0.0	0.0	0.0120482	0.0	0.0	0.0108696	0.0	0.0	0.0	0.0	0.0	0.0	0.0	0.0081301	0.0149254	0.0	0.0	0.0116279	
scolopacidé sp.	0.0	0.0	0.0	0.0	0.0	0.0	0.0	0.0	0.0	0.0	0.0	0.0	0.0071942	0.0	0.0	0.0	0.0	0.0	0.0	0.0	0.0	0.0	0.0	0.0	0.0	0.0	0.0	0.0	0.0	0.0	0.0	0.0	0.0	0.0	0.0	0.0	0.0	0.0	0.0	0.0	0.0	0.0	0.0	0.0	0.0	0.0	0.0	0.0	
limicole sp.	0.0	0.0	0.0	0.0	0.0	0.0	0.0	0.0	0.0	0.0	0.0	0.0	0.0	0.0	0.0	0.0	0.0	0.0	0.0	0.0	0.0	0.0	0.0	0.0	0.0	0.0	0.0	0.0	0.0	0.0196078	0.0015	0.0015	0.0	0.0	0.0	0.0	0.0	0.0	0.0	0.0	0.0	0.0	0.0	0.0	0.0	0.0	0.0	0.0	
Labbe parasite	0.0	0.0	0.0015	0.0	0.0	0.0	0.0	0.0015	0.0	0.0	0.0	0.0	0.0	0.0	0.0	0.0	0.0	0.0	0.0	0.0	0.0	0.0	0.0	0.0	0.0	0.0015	0.0	0.0	0.0	0.0	0.0	0.0	0.0120482	0.0	0.0	0.0	0.0	0.0	0.0	0.03125	0.0	0.0	0.0	0.0	0.0	0.0	0.0	0.0	
Labbe pomarin	0.0	0.0	0.0	0.0	0.0	0.0	0.0	0.0	0.0066225	0.0	0.0	0.0	0.0	0.0	0.0	0.0	0.0	0.0	0.0	0.0	0.0	0.0	0.0	0.0	0.0	0.0	0.0	0.0	0.0	0.0	0.0	0.0	0.0	0.0	0.0	0.0	0.0	0.0	0.0166667	0.0078125	0.0097087	0.0	0.0	0.0	0.0	0.0	0.0	0.0	
Grand Labbe	0.0217391	0.0015	0.0	0.0223881	0.0072464	0.0242424	0.0189873	0.0359712	0.013245	0.0081967	0.0060606	0.0103627	0.0071942	0.0	0.0	0.0	0.0	0.0	0.0	0.0	0.0	0.0	0.0	0.0	0.0	0.0	0.0	0.0	0.0	0.0	0.0	0.0	0.0120482	0.0	0.0	0.0108696	0.0	0.016129	0.0166667	0.0078125	0.038835	0.0	0.0	0.0	0.0	0.0113636	0.0	0.0	
labbe sp.	0.0	0.0	0.0	0.0	0.0	0.0	0.0	0.0	0.0	0.0	0.0	0.0	0.0	0.0	0.0	0.0	0.0	0.0	0.0	0.0	0.0	0.0	0.0	0.0	0.0	0.0	0.0	0.0	0.0	0.0	0.0	0.0	0.0	0.0	0.0	0.0	0.0	0.0	0.0166667	0.0	0.0	0.0	0.0	0.0	0.0	0.0	0.0181818	0.0	
Macareux moine	0.0	0.0	0.0	0.0	0.0	0.0	0.0	0.0	0.0	0.0	0.0060606	0.0259067	0.0015	0.0	0.0	0.0	0.0	0.0	0.0	0.0	0.0	0.0	0.0	0.0	0.0	0.0	0.0	0.0	0.0	0.0	0.0	0.0	0.0	0.0	0.0	0.0	0.0	0.0	0.0	0.0	0.0	0.0	0.0	0.0	0.0	0.0340909	0.0	0.0	
Pingouin torda	0.0434783	0.0149254	0.0178571	0.0074627	0.0072464	0.0121212	0.0063291	0.0071942	0.0	0.0	0.0060606	0.0103627	0.0	0.0	0.0	0.0	0.0	0.0	0.0	0.0	0.0	0.0	0.0	0.0	0.0	0.0	0.0	0.0	0.0	0.0	0.0	0.0	0.0	0.0	0.0	0.0	0.0	0.0	0.0	0.0	0.0	0.0104167	0.0081301	0.0406504	0.0149254	0.0113636	0.0	0.0116279	
alcidé sp.	0.0	0.0	0.0	0.0	0.0	0.0	0.0	0.0015	0.0066225	0.0	0.0	0.015544	0.0	0.0	0.0	0.0	0.0	0.0	0.0	0.0	0.0128205	0.0	0.0	0.0	0.0	0.0	0.0	0.0	0.0	0.0	0.0	0.0	0.0	0.0	0.0	0.0	0.0	0.0	0.0	0.0	0.0	0.0	0.0081301	0.0	0.0	0.0	0.0181818	0.0	
Mouette pygmée	0.0	0.0	0.0	0.0	0.0015	0.0	0.0	0.0	0.0	0.0	0.0	0.0	0.0	0.0	0.0	0.0	0.0	0.0	0.0	0.0	0.0	0.0	0.0	0.0	0.0	0.0	0.0	0.0	0.0	0.0	0.0	0.0	0.0	0.0	0.0	0.0	0.0	0.0	0.0	0.0	0.0	0.0	0.0	0.0	0.0	0.0	0.0	0.0	
Mouette tridactyle	0.0	0.0	0.0	0.0149254	0.0	0.030303	0.0126582	0.0071942	0.0066225	0.0	0.0	0.0	0.0	0.0	0.0	0.0	0.0	0.0	0.0	0.0	0.0	0.0	0.0	0.0	0.0	0.0	0.0	0.0	0.0	0.0	0.0	0.0	0.0	0.0	0.0	0.0	0.0	0.0	0.0	0.0078125	0.0	0.0	0.0	0.0	0.0	0.0	0.0181818	0.0	
Goéland railleur	0.0	0.0	0.0	0.0	0.0	0.0	0.0	0.0	0.0	0.0	0.0	0.0	0.0	0.0	0.0	0.0	0.0	0.0	0.0	0.0	0.0	0.0	0.0	0.0	0.0	0.0	0.0	0.0	0.0	0.0	0.0	0.0	0.0	0.0	0.0	0.0	0.0	0.0	0.0	0.0078125	0.0	0.0	0.0	0.0	0.0	0.0	0.0	0.0	
Mouette rieuse	0.4347826	0.2835821	0.2142857	0.380597	0.2391304	0.2363636	0.3101266	0.2877698	0.2781457	0.1229508	0.0242424	0.0362694	0.0143885	0.0106383	0.0	0.0	0.0	0.0082645	0.0	0.0	0.0	0.0	0.0	0.0	0.0	0.0222222	0.0222222	0.0	0.016129	0.0	0.0	0.0	0.0120482	0.0	0.0147059	0.0108696	0.0015	0.0645161	0.1333333	0.2109375	0.2038835	0.21875	0.2276423	0.2845528	0.3731343	0.3863636	0.4727273	0.3488372	
Goéland d'Audouin	0.1304348	0.0746269	0.0357143	0.0671642	0.1014493	0.1090909	0.1455696	0.2877698	0.1589404	0.204918	0.1212121	0.1502591	0.1294964	0.1170213	0.0827586	0.0869565	0.0948905	0.107438	0.12	0.1555556	0.2692308	0.1176471	0.1428571	0.1204819	0.1538462	0.0888889	0.0222222	0.1515152	0.1129032	0.0784314	0.2051282	0.1010101	0.060241	0.1014493	0.0294118	0.0015	0.046875	0.1129032	0.05	0.0625	0.0485437	0.0416667	0.0015	0.0325203	0.0298507	0.0227273	0.0545455	0.0348837	
Mouette mélanocéphale	0.2391304	0.0746269	0.1071429	0.1865672	0.115942	0.1333333	0.1518987	0.1294964	0.0927152	0.0655738	0.0242424	0.015544	0.0	0.0	0.0	0.0	0.0	0.0	0.0	0.0	0.0	0.0	0.0	0.0	0.0	0.0	0.0015	0.0	0.0	0.0	0.0	0.0	0.0	0.0144928	0.0	0.0108696	0.015625	0.0322581	0.0333333	0.1171875	0.0873786	0.0520833	0.0650407	0.1219512	0.2089552	0.2386364	0.1272727	0.1046512	
Mouette rieuse ou M. mélanocéphale	0.0217391	0.0	0.0	0.0	0.0	0.0	0.0063291	0.0071942	0.0	0.0	0.0	0.0	0.0	0.0	0.0	0.0	0.0	0.0	0.0	0.0	0.0	0.0	0.0	0.0	0.0	0.0	0.0	0.0	0.0	0.0	0.0	0.0	0.0	0.0	0.0	0.0	0.0	0.0	0.0	0.0078125	0.0	0.0104167	0.0	0.0081301	0.0	0.0	0.0181818	0.0	
Goéland cendré	0.0434783	0.0	0.0178571	0.0074627	0.0	0.0	0.0	0.0	0.013245	0.0	0.0	0.0051813	0.0	0.0	0.0	0.0	0.0	0.0	0.0	0.0	0.0	0.0	0.0	0.0	0.0	0.0	0.0	0.0	0.0	0.0	0.0	0.0	0.0	0.0015	0.0	0.0	0.0	0.0	0.0	0.0	0.0	0.0	0.0	0.0	0.0	0.0	0.0181818	0.0	
Goéland pontique	0.0	0.0	0.0	0.0	0.0	0.0	0.0	0.0071942	0.0	0.0	0.0	0.0	0.0	0.0	0.0	0.0	0.0	0.0	0.0	0.0	0.0	0.0	0.0	0.0	0.0	0.0	0.0	0.0	0.0	0.0	0.0	0.0	0.0	0.0	0.0	0.0	0.0	0.0	0.0	0.0	0.0	0.0	0.0	0.0	0.0	0.0	0.0	0.0	
Goéland argenté	0.0	0.0	0.0	0.0	0.0	0.0	0.0	0.0	0.0	0.0	0.0	0.0	0.0	0.0	0.0	0.0	0.0	0.0	0.0	0.0	0.0	0.0	0.0	0.0	0.0	0.0	0.0	0.0	0.0	0.0	0.0	0.0	0.0	0.0	0.0	0.0	0.0	0.0	0.0	0.0	0.0	0.0	0.0	0.0081301	0.0	0.0	0.0	0.0	
Goéland leucophée	0.826087	0.9104478	0.9642857	0.9104478	0.8623188	0.8787879	0.9113924	0.9568345	0.9205298	0.9344262	0.8363636	0.9015544	0.8633094	0.9042553	0.8275862	0.9006211	0.8321168	0.8595041	0.84	0.9	0.9487179	0.8823529	0.877551	0.9156627	0.8846154	0.8666667	0.7555556	0.8030303	0.8709677	0.7352941	0.8717949	0.7878788	0.7831325	0.7681159	0.75	0.826087	0.78125	0.6935484	0.9166667	0.796875	0.8737864	0.9270833	0.902439	0.9186992	0.8507463	0.8522727	0.9454545	0.8837209	
Goéland marin	0.0	0.0	0.0	0.0	0.0144928	0.0060606	0.0	0.0	0.0	0.0	0.0	0.0	0.0	0.0	0.0	0.0	0.0	0.0	0.0	0.0	0.0	0.0	0.0	0.0	0.0	0.0	0.0	0.0	0.0	0.0	0.0	0.0	0.0	0.0	0.0	0.0	0.0	0.0	0.0	0.0	0.0	0.0	0.0	0.0	0.0	0.0	0.0181818	0.0	
Goéland bourgmestre	0.0	0.0	0.0	0.0	0.0	0.0	0.0	0.0071942	0.0	0.0	0.0	0.0	0.0	0.0	0.0	0.0	0.0	0.0	0.0	0.0	0.0	0.0	0.0	0.0	0.0	0.0	0.0	0.0	0.0	0.0	0.0	0.0	0.0	0.0	0.0	0.0	0.0	0.0	0.0	0.0	0.0	0.0	0.0	0.0	0.0	0.0	0.0	0.0	
Goéland brun	0.0869565	0.0447761	0.0535714	0.0970149	0.0942029	0.0787879	0.0949367	0.1582734	0.0927152	0.0819672	0.0727273	0.0414508	0.028777	0.0106383	0.0068966	0.0248447	0.0072993	0.0	0.0133333	0.0	0.0128205	0.0	0.0	0.0	0.0	0.0	0.0222222	0.0015	0.0	0.0015	0.025641	0.0	0.0120482	0.057971	0.0147059	0.0326087	0.0625	0.0483871	0.0333333	0.0390625	0.0194175	0.0104167	0.0487805	0.0731707	0.0746269	0.0681818	0.0545455	0.0116279	
Goéland leucophée ou G. brun	0.0	0.0	0.0	0.0074627	0.0	0.0	0.0	0.0143885	0.0	0.0	0.0	0.0	0.0	0.0	0.0	0.0	0.0	0.0	0.0	0.0	0.025641	0.0	0.0	0.0	0.0	0.0	0.0	0.0	0.0	0.0	0.0	0.0	0.0	0.0	0.0	0.0	0.140625	0.0	0.0	0.0	0.0	0.0104167	0.0081301	0.0	0.0	0.0	0.0	0.0232558	
Goéland à ailes blanches	0.0	0.0	0.0	0.0	0.0	0.0015	0.0063291	0.0071942	0.0	0.0	0.0	0.0	0.0	0.0	0.0	0.0	0.0	0.0	0.0	0.0	0.0	0.0	0.0	0.0	0.0	0.0	0.0	0.0	0.0	0.0	0.0	0.0	0.0	0.0	0.0	0.0	0.0	0.0	0.0	0.0	0.0	0.0	0.0	0.0	0.0	0.0	0.0	0.0	
goéland sp. (Larus sp.)	0.0	0.0	0.0	0.0074627	0.0	0.0	0.0	0.0071942	0.0	0.0	0.0	0.0	0.0	0.0	0.0	0.0062112	0.0	0.0	0.0	0.0	0.0	0.0	0.0	0.0	0.0	0.0	0.0	0.0	0.0	0.0098039	0.0	0.0	0.0	0.0	0.0147059	0.0	0.0	0.0	0.0	0.0	0.0	0.0	0.0081301	0.0081301	0.0	0.0	0.0	0.0	
goéland ou mouette sp.	0.0	0.0	0.0	0.0	0.0	0.0	0.0	0.0	0.0	0.0	0.0	0.0	0.0	0.0	0.0	0.0	0.0	0.0	0.0	0.0	0.0	0.0	0.0	0.0	0.0	0.0	0.0	0.0	0.0	0.0	0.0	0.0	0.0	0.0	0.0	0.0	0.0	0.0	0.0	0.0	0.0	0.0	0.0	0.0	0.0	0.0	0.0181818	0.0	
Sterne naine	0.0	0.0	0.0	0.0	0.0	0.0	0.0	0.0071942	0.0	0.0	0.0	0.0	0.0	0.0	0.0	0.0	0.0	0.0	0.0	0.0	0.0	0.0	0.0	0.0	0.0	0.0	0.0	0.0	0.0	0.0	0.0	0.0	0.0015	0.0015	0.0015	0.0	0.0	0.0	0.0166667	0.0	0.0	0.0	0.0	0.0	0.0	0.0	0.0	0.0	
Sterne hansel	0.0	0.0	0.0	0.0	0.0	0.0	0.0	0.0	0.0	0.0	0.0	0.0051813	0.0	0.0	0.0	0.0	0.0	0.0	0.0	0.0	0.0	0.0	0.0	0.0	0.0	0.0	0.0	0.0	0.0	0.0	0.0	0.0	0.0	0.0	0.0	0.0	0.0	0.0	0.0	0.0	0.0	0.0	0.0	0.0	0.0	0.0	0.0	0.0	
Guifette moustac	0.0	0.0	0.0	0.0	0.0	0.0	0.0	0.0	0.0	0.0	0.0	0.0	0.0	0.0	0.0	0.0	0.0	0.0	0.0133333	0.0	0.0	0.0	0.0	0.0	0.0	0.0	0.0	0.0	0.0	0.0	0.0	0.0	0.0	0.0015	0.0	0.0	0.0	0.0	0.0	0.0	0.0	0.0	0.0	0.0	0.0	0.0	0.0	0.0	
Guifette noire	0.0	0.0	0.0	0.0	0.0	0.0	0.0	0.0	0.0	0.0	0.0	0.0	0.0	0.0	0.0	0.0	0.0015	0.0	0.0	0.0	0.0	0.0	0.0	0.0	0.0	0.0	0.0	0.0	0.0	0.0098039	0.0	0.0015	0.0015	0.0	0.0	0.0	0.0	0.0015	0.0166667	0.0	0.0	0.0	0.0	0.0	0.0	0.0	0.0	0.0	
guifette sp.	0.0	0.0	0.0	0.0	0.0	0.0	0.0	0.0	0.0	0.0	0.0	0.0	0.0	0.0	0.0	0.0062112	0.0	0.0	0.0	0.0	0.0	0.0	0.0	0.0	0.0	0.0	0.0	0.0	0.0	0.0	0.0	0.0	0.0	0.0	0.0	0.0	0.0	0.0	0.0	0.0	0.0	0.0	0.0	0.0	0.0	0.0	0.0	0.0	
Sterne pierregarin	0.0	0.0	0.0	0.0	0.0	0.0	0.0	0.0	0.0	0.0	0.0	0.0	0.0	0.0	0.0	0.0	0.0	0.0	0.0	0.0	0.0	0.0	0.0	0.0	0.0	0.0	0.0	0.0	0.0	0.0	0.0	0.0	0.0	0.0	0.0	0.0	0.0	0.0	0.0166667	0.0078125	0.0	0.0	0.0	0.0	0.0	0.0	0.0	0.0	
Sterne caugek	0.2608696	0.1343284	0.1071429	0.2537313	0.1231884	0.2060606	0.2278481	0.2517986	0.218543	0.2622951	0.1272727	0.2020725	0.1798561	0.1276596	0.0758621	0.0372671	0.0145985	0.0015	0.0	0.0	0.025641	0.0	0.0	0.0015	0.0	0.0015	0.0	0.0	0.0	0.0	0.0	0.0	0.0120482	0.0144928	0.0588235	0.0217391	0.015625	0.1129032	0.1666667	0.3671875	0.3495146	0.2916667	0.2195122	0.2682927	0.3283582	0.2045455	0.2181818	0.1860465	
Sterne voyageuse	0.0	0.0	0.0	0.0	0.0	0.0	0.0	0.0	0.0	0.0	0.0	0.0	0.0	0.0	0.0	0.0	0.0	0.0	0.0	0.0	0.0	0.0	0.0	0.0	0.0	0.0	0.0	0.0	0.0	0.0	0.0	0.0	0.0	0.0	0.0294118	0.1195652	0.078125	0.016129	0.0833333	0.1875	0.0485437	0.0	0.0081301	0.0	0.0	0.0	0.0	0.0	
Thalasseus sp.	0.0	0.0	0.0	0.0	0.0	0.0	0.0	0.0071942	0.0	0.0	0.0	0.0	0.0	0.0	0.0	0.0	0.0	0.0	0.0	0.0	0.0	0.0	0.0	0.0	0.0	0.0	0.0	0.0151515	0.0	0.0	0.0	0.0	0.0	0.0	0.0	0.0108696	0.0	0.016129	0.0166667	0.0	0.0	0.0	0.0	0.0	0.0	0.0	0.0	0.0	
sterne sp.	0.0217391	0.0	0.0	0.0	0.0	0.0	0.0	0.0071942	0.0	0.0	0.0	0.0	0.0	0.0	0.0	0.0062112	0.0	0.0	0.0	0.0	0.0	0.0	0.0	0.0	0.0	0.0	0.0	0.0	0.0	0.0	0.0128205	0.0	0.0	0.0	0.0147059	0.0	0.0	0.0	0.0166667	0.0	0.0	0.0	0.0	0.0081301	0.0	0.0	0.0	0.0	
Flamant rose	0.0	0.0	0.0	0.0	0.0	0.0	0.0	0.0071942	0.0	0.0	0.0	0.0051813	0.0	0.0	0.0	0.0	0.0	0.0	0.0	0.0	0.0	0.0	0.0	0.0	0.0	0.0	0.0	0.0	0.0	0.0	0.0015	0.0	0.0	0.0144928	0.0	0.0543478	0.0	0.0	0.0	0.0	0.0	0.0	0.0	0.0	0.0	0.0	0.0	0.0	
Grèbe castagneux	0.0	0.0	0.0	0.0	0.0	0.0	0.0	0.0	0.0	0.0	0.0	0.0	0.0	0.0	0.0	0.0	0.0	0.0	0.0	0.0	0.0	0.0	0.0	0.0	0.0	0.0	0.0	0.0	0.0	0.0	0.0	0.010101	0.0	0.0	0.0	0.0108696	0.0	0.0	0.0333333	0.0078125	0.0	0.0	0.0	0.0	0.0149254	0.0113636	0.0	0.0	
Grèbe huppé	0.0	0.0015	0.0	0.0	0.0	0.0	0.0	0.0	0.0	0.0	0.0	0.0	0.0	0.0	0.0	0.0	0.0	0.0	0.0	0.0	0.0	0.0	0.0	0.0	0.0	0.0	0.0	0.0	0.0	0.0	0.0	0.0	0.0	0.0	0.0	0.0	0.0	0.0	0.05	0.0078125	0.0	0.0	0.0	0.0	0.0	0.0015	0.0	0.0	
Plongeon catmarin	0.0217391	0.0	0.0	0.0	0.0	0.0	0.0	0.0	0.0	0.0	0.0	0.0	0.0	0.0	0.0	0.0	0.0	0.0	0.0	0.0	0.0	0.0	0.0	0.0	0.0	0.0	0.0	0.0	0.0	0.0	0.0	0.0	0.0	0.0	0.0	0.0	0.0	0.0	0.0	0.0	0.0	0.0	0.0	0.0	0.0	0.0	0.0	0.0	
Océanite tempête	0.0	0.0	0.0	0.0	0.0	0.0	0.0	0.0	0.0	0.0	0.0	0.0	0.0071942	0.0	0.0	0.0	0.0	0.0	0.0	0.0	0.0	0.0	0.0	0.0	0.0	0.0	0.0	0.0	0.0	0.0	0.0	0.0	0.0	0.0	0.0	0.0	0.0	0.0	0.0	0.0	0.0	0.0104167	0.0	0.0	0.0	0.0	0.0	0.0	
Océanite culblanc	0.0	0.0	0.0	0.0	0.0	0.0	0.0	0.0	0.0	0.0	0.0	0.0	0.0015	0.0	0.0	0.0	0.0	0.0	0.0	0.0	0.0	0.0	0.0	0.0	0.0	0.0	0.0	0.0	0.0	0.0	0.0	0.0	0.0	0.0	0.0	0.0	0.0	0.0	0.0	0.0	0.0	0.0	0.0	0.0	0.0	0.0	0.0	0.0	
océanite sp. (croupion pâle)	0.0	0.0	0.0	0.0	0.0	0.0	0.0	0.0	0.0	0.0	0.0	0.0	0.0	0.0	0.0	0.0	0.0	0.0	0.0	0.0	0.0	0.0	0.0	0.0	0.0	0.0	0.0	0.0	0.0	0.0	0.0	0.0	0.0	0.0	0.0	0.0	0.0	0.0	0.0	0.0078125	0.0	0.0	0.0	0.0	0.0	0.0	0.0	0.0	
Puffin cendré	0.0	0.0	0.0	0.0	0.0	0.0	0.0	0.0	0.0	0.0	0.0	0.0051813	0.0	0.0	0.0	0.0	0.0	0.0	0.0	0.0	0.0	0.0	0.0	0.0	0.0	0.0	0.0	0.0	0.0	0.0	0.0128205	0.0	0.0	0.0	0.0	0.0	0.0	0.016129	0.0	0.015625	0.0	0.0	0.0	0.0	0.0	0.0	0.0	0.0	
Puffin de Scopoli	0.0	0.0	0.0	0.0	0.0	0.0	0.0015	0.0	0.0	0.0	0.0	0.0051813	0.0	0.0	0.0	0.0	0.0072993	0.0	0.0	0.0	0.0	0.0	0.0	0.0	0.0	0.0	0.0	0.0	0.0	0.0	0.0	0.010101	0.0	0.0015	0.0	0.0	0.0	0.016129	0.0166667	0.0	0.0	0.0	0.0	0.0	0.0	0.0	0.0	0.0	
Puffin cendré ou P. de Scopoli	0.0	0.0	0.0	0.0	0.0	0.0	0.056962	0.1366906	0.0264901	0.0081967	0.0121212	0.0777202	0.0071942	0.0212766	0.0275862	0.0248447	0.0218978	0.0330579	0.0666667	0.1111111	0.1153846	0.0235294	0.0204082	0.0481928	0.0384615	0.0444444	0.0	0.0151515	0.016129	0.0196078	0.0641026	0.0606061	0.0481928	0.0289855	0.1029412	0.1630435	0.1875	0.1774194	0.2666667	0.3828125	0.3398058	0.15625	0.0813008	0.0243902	0.0	0.0568182	0.0181818	0.0	
Puffin fuligineux	0.0	0.0	0.0	0.0	0.0072464	0.0	0.0	0.0	0.0	0.0	0.0	0.0	0.0	0.0	0.0	0.0	0.0	0.0	0.0	0.0	0.0	0.0	0.0	0.0	0.0	0.0	0.0	0.0	0.0	0.0	0.0	0.0	0.0	0.0	0.0	0.0	0.0	0.0	0.0	0.0	0.0	0.0	0.0	0.0	0.0	0.0	0.0	0.0	
Puffin yelkouan	0.0	0.0	0.0	0.0074627	0.0	0.0	0.0	0.0	0.0	0.0	0.0	0.0	0.0	0.0	0.0	0.0	0.0	0.0	0.0	0.0	0.0	0.0	0.0	0.0	0.0	0.0	0.0	0.0	0.0	0.0	0.0	0.0	0.0	0.0	0.0	0.0	0.0	0.0	0.0	0.0	0.0	0.0	0.0	0.0	0.0	0.0	0.0	0.0	
Puffin des Baléares	0.0217391	0.0447761	0.0	0.0373134	0.0144928	0.0242424	0.0253165	0.0015	0.0066225	0.0081967	0.0060606	0.0103627	0.0071942	0.0106383	0.0	0.0062112	0.0072993	0.0	0.0	0.0222222	0.0512821	0.0117647	0.0	0.0361446	0.0384615	0.0	0.0	0.0	0.0	0.0	0.0	0.010101	0.0120482	0.0	0.0	0.0108696	0.03125	0.0806452	0.05	0.03125	0.0291262	0.0416667	0.0081301	0.0	0.0015	0.0	0.0181818	0.0116279	
Puffin yelkouan ou P. des Baléares	0.0	0.0	0.0	0.0	0.0	0.0	0.0	0.0	0.0	0.0	0.0	0.0	0.0	0.0	0.0	0.0	0.0	0.0	0.0133333	0.0111111	0.0	0.0	0.0	0.0	0.0	0.0	0.0	0.0	0.0	0.0	0.0128205	0.0	0.0	0.0	0.0	0.0	0.0	0.016129	0.0	0.0	0.0	0.0	0.0	0.0	0.0	0.0	0.0	0.0	
Puffin de Macaronésie	0.0	0.0	0.0	0.0	0.0	0.0	0.0	0.0	0.0	0.0	0.0	0.0	0.0	0.0	0.0	0.0062112	0.0	0.0	0.0	0.0	0.0	0.0	0.0	0.0	0.0	0.0	0.0	0.0	0.0	0.0	0.0	0.0	0.0	0.0	0.0	0.0	0.0	0.0	0.0	0.0	0.0	0.0	0.0	0.0	0.0	0.0	0.0	0.0	
Puffinus sp. (noir et blanc)	0.0	0.0	0.0	0.0	0.0	0.0	0.0	0.0071942	0.0	0.0	0.0	0.0	0.0	0.0	0.0	0.0	0.0	0.0	0.0	0.0	0.0	0.0	0.0	0.0	0.0	0.0	0.0	0.0	0.0	0.0	0.0	0.0	0.0	0.0	0.0	0.0	0.0	0.0	0.0	0.0	0.0	0.0	0.0	0.0081301	0.0	0.0	0.0181818	0.0	
Cigogne noire	0.0	0.0	0.0	0.0	0.0	0.0	0.0	0.0071942	0.0	0.0	0.0181818	0.0051813	0.0215827	0.0212766	0.0015	0.0124224	0.0218978	0.0	0.0	0.0	0.0	0.0	0.0	0.0	0.0	0.0	0.0	0.0	0.0	0.0	0.0	0.010101	0.0	0.0	0.0	0.0	0.015625	0.0	0.0	0.0	0.0	0.0	0.0	0.0015	0.0	0.0	0.0	0.0116279	
Cigogne blanche	0.0217391	0.0	0.0535714	0.0149254	0.0072464	0.0484848	0.0189873	0.0071942	0.0066225	0.0081967	0.0181818	0.0207254	0.0719424	0.0425532	0.0413793	0.0062112	0.0437956	0.0082645	0.0	0.0111111	0.0015	0.0015	0.0408163	0.0	0.0015	0.0666667	0.0444444	0.0	0.0015	0.0098039	0.0128205	0.0505051	0.0015	0.0144928	0.0147059	0.0217391	0.0015	0.0	0.0166667	0.0078125	0.0	0.0	0.0015	0.0243902	0.0015	0.0113636	0.0363636	0.0116279	
Fou de Bassan	0.3913043	0.3880597	0.1964286	0.3880597	0.2971014	0.3212121	0.3481013	0.3021583	0.2781457	0.1967213	0.2	0.1917098	0.057554	0.0531915	0.0137931	0.0186335	0.0072993	0.0	0.0133333	0.0	0.0128205	0.0	0.0408163	0.0120482	0.0	0.0	0.0	0.0	0.016129	0.0	0.0128205	0.0	0.0120482	0.0	0.0441176	0.0326087	0.015625	0.0322581	0.2166667	0.3984375	0.3106796	0.3125	0.2926829	0.2601626	0.2537313	0.3181818	0.4727273	0.2674419	
Grand Cormoran	0.4347826	0.2238806	0.1428571	0.2761194	0.2826087	0.2484848	0.3101266	0.2877698	0.2847682	0.295082	0.2121212	0.1450777	0.1007194	0.0638298	0.062069	0.0372671	0.0656934	0.0413223	0.0	0.0222222	0.0128205	0.0015	0.0204082	0.0	0.0	0.0015	0.0222222	0.0	0.0	0.0	0.0015	0.0	0.0	0.0144928	0.0147059	0.0434783	0.0625	0.2419355	0.1833333	0.2265625	0.2524272	0.25	0.2439024	0.2520325	0.3134328	0.2840909	0.2363636	0.3023256	
Cormoran huppé	0.0	0.0	0.0	0.0	0.0	0.0	0.0063291	0.0	0.0	0.0	0.0	0.0	0.0	0.0	0.0	0.0	0.0	0.0	0.0	0.0015	0.0128205	0.0015	0.0204082	0.0	0.0	0.0	0.0	0.0015	0.0	0.0	0.0	0.0015	0.0120482	0.0	0.0	0.0	0.0	0.016129	0.0	0.0	0.0	0.0	0.0	0.0	0.0	0.0	0.0	0.0	
Ibis falcinelle	0.0	0.0149254	0.0	0.0	0.0	0.0121212	0.0	0.0	0.0066225	0.0081967	0.0015	0.0015	0.0071942	0.0106383	0.0137931	0.0015	0.0015	0.0165289	0.0266667	0.0	0.0641026	0.0117647	0.0204082	0.0240964	0.0	0.0015	0.0222222	0.0	0.0322581	0.0015	0.025641	0.010101	0.0	0.0015	0.0015	0.0217391	0.0015	0.0015	0.0166667	0.0	0.0	0.0	0.0015	0.0	0.0	0.0	0.0	0.0	
Spatule blanche	0.0	0.0	0.0	0.0	0.0	0.0	0.0	0.0	0.0015	0.0015	0.0	0.0	0.0	0.0	0.0	0.0	0.0	0.0	0.0	0.0	0.0	0.0	0.0	0.0	0.0	0.0	0.0	0.0	0.0	0.0	0.0	0.0	0.0	0.0	0.0	0.0	0.0	0.0	0.0	0.0	0.0	0.0	0.0	0.0	0.0	0.0	0.0	0.0	
Blongios de Sturm	0.0	0.0	0.0	0.0	0.0	0.0	0.0	0.0	0.0	0.0	0.0	0.0	0.0	0.0	0.0	0.0	0.0	0.0	0.0	0.0	0.0	0.0	0.0	0.0	0.0	0.0	0.0	0.0	0.0	0.0	0.0	0.0	0.0	0.0	0.0	0.0	0.0	0.0	0.0	0.0	0.0097087	0.0	0.0	0.0	0.0	0.0	0.0	0.0	
Blongios nain	0.0	0.0	0.0	0.0	0.0	0.0	0.0	0.0	0.0	0.0	0.0	0.0	0.0	0.0106383	0.0	0.0	0.0	0.0	0.0	0.0	0.0	0.0	0.0	0.0	0.0	0.0	0.0	0.0	0.0	0.0	0.0	0.0	0.0	0.0	0.0	0.0	0.0	0.0	0.0	0.0	0.0	0.0	0.0	0.0	0.0	0.0	0.0	0.0	
Bihoreau gris	0.0869565	0.0	0.0357143	0.0	0.0144928	0.0	0.0	0.0071942	0.0	0.0	0.0060606	0.0	0.0	0.0106383	0.0	0.0062112	0.0072993	0.0	0.0266667	0.0111111	0.0015	0.0117647	0.0408163	0.0240964	0.0384615	0.0222222	0.0015	0.0015	0.0	0.0196078	0.0128205	0.020202	0.0120482	0.0015	0.0147059	0.0015	0.0015	0.016129	0.0166667	0.015625	0.0291262	0.0015	0.0015	0.0081301	0.0149254	0.0227273	0.0363636	0.0232558	
Aigrette garzette	0.1304348	0.0746269	0.125	0.0671642	0.057971	0.0848485	0.1075949	0.0647482	0.0794702	0.0409836	0.0484848	0.0518135	0.0359712	0.0319149	0.0068966	0.0248447	0.0145985	0.0082645	0.0015	0.0444444	0.0384615	0.0235294	0.0408163	0.0240964	0.0384615	0.0222222	0.0444444	0.030303	0.0483871	0.1078431	0.025641	0.0606061	0.1084337	0.0724638	0.0735294	0.1521739	0.09375	0.1129032	0.2166667	0.1171875	0.1359223	0.09375	0.0813008	0.1138211	0.1044776	0.1590909	0.1454545	0.127907	
Crabier chevelu	0.0	0.0	0.0	0.0	0.0	0.0	0.0	0.0	0.0	0.0	0.0	0.0	0.0	0.0	0.0	0.0	0.0	0.0	0.0	0.0	0.0	0.0	0.0	0.0	0.0	0.0015	0.0015	0.0	0.0	0.0098039	0.0	0.0	0.0	0.0	0.0015	0.0015	0.0	0.0	0.0015	0.0	0.0	0.0	0.0	0.0	0.0	0.0	0.0	0.0	
Héron garde-boeufs	0.2608696	0.1940299	0.2142857	0.1268657	0.1594203	0.1454545	0.1835443	0.1007194	0.1788079	0.1639344	0.0909091	0.1088083	0.1151079	0.106383	0.0689655	0.0869565	0.080292	0.0826446	0.04	0.0444444	0.0641026	0.0470588	0.0816327	0.1084337	0.0961538	0.1555556	0.1555556	0.0757576	0.0806452	0.1862745	0.1794872	0.1818182	0.2289157	0.173913	0.2058824	0.1304348	0.15625	0.2096774	0.2	0.109375	0.1941748	0.1770833	0.2195122	0.203252	0.2089552	0.2272727	0.2545455	0.2906977	
Grande Aigrette	0.0	0.0	0.0	0.0	0.0	0.0	0.0	0.0	0.0	0.0	0.0	0.0	0.0	0.0	0.0	0.0	0.0015	0.0	0.0	0.0	0.0	0.0	0.0	0.0	0.0	0.0	0.0	0.0	0.0	0.0	0.0	0.0	0.0	0.0	0.0	0.0	0.0	0.0	0.0	0.0	0.0	0.0	0.0	0.0	0.0	0.0	0.0	0.0	
Héron cendré	0.0434783	0.0597015	0.0535714	0.0223881	0.1014493	0.0181818	0.0696203	0.0431655	0.0198675	0.057377	0.030303	0.015544	0.0359712	0.0212766	0.0068966	0.0124224	0.0218978	0.0165289	0.0133333	0.0111111	0.0128205	0.0	0.0	0.0	0.0	0.0	0.0222222	0.0151515	0.0322581	0.0015	0.025641	0.040404	0.0963855	0.0289855	0.0735294	0.1195652	0.03125	0.0483871	0.1333333	0.0625	0.0970874	0.0416667	0.0894309	0.0650407	0.0298507	0.0340909	0.0545455	0.0116279	
Héron pourpré	0.0	0.0	0.0	0.0	0.0	0.0	0.0	0.0	0.0	0.0	0.0	0.0	0.0	0.0	0.0	0.0062112	0.0	0.0015	0.0015	0.0	0.0	0.0	0.0	0.0	0.0	0.0	0.0	0.0	0.0	0.0	0.0	0.0	0.0015	0.0	0.0	0.0	0.0	0.0	0.0	0.0	0.0	0.0	0.0	0.0	0.0	0.0	0.0	0.0	
aigrette ou héron blanc sp.	0.0	0.0	0.0	0.0	0.0	0.0	0.0	0.0	0.0	0.0	0.0	0.0	0.0	0.0	0.0	0.0	0.0	0.0	0.0	0.0	0.0	0.0	0.0	0.0	0.0	0.0	0.0	0.0	0.0	0.0	0.0	0.0	0.0	0.0	0.0	0.0	0.0	0.0	0.0	0.0	0.0	0.0	0.0	0.0	0.0	0.0	0.0	0.0116279	
Balbuzard pêcheur	0.0	0.0015	0.0015	0.0	0.0	0.0	0.0	0.0	0.0	0.0081967	0.0181818	0.0051813	0.0071942	0.0015	0.0	0.0062112	0.0072993	0.0	0.0	0.0	0.0	0.0	0.0	0.0	0.0	0.0	0.0	0.0	0.0	0.0	0.0	0.010101	0.0240964	0.0144928	0.0147059	0.0108696	0.015625	0.0	0.0	0.0	0.0	0.0	0.0	0.0	0.0	0.0	0.0	0.0	
Élanion blanc	0.0	0.0	0.0	0.0	0.0	0.0	0.0	0.0	0.0	0.0	0.0	0.0	0.0	0.0	0.0	0.0	0.0	0.0	0.0	0.0	0.0	0.0	0.0	0.0	0.0	0.0	0.0	0.0	0.0	0.0	0.0015	0.0	0.0	0.0	0.0	0.0	0.0	0.0	0.0	0.0	0.0	0.0	0.0	0.0	0.0	0.0	0.0	0.0	
Percnoptère d'Égypte	0.0	0.0	0.0	0.0	0.0	0.0	0.0	0.0143885	0.0066225	0.0	0.0121212	0.015544	0.0	0.0212766	0.0137931	0.0062112	0.0	0.0082645	0.0	0.0015	0.0	0.0	0.0	0.0	0.0	0.0	0.0	0.0	0.0	0.0098039	0.0128205	0.040404	0.0	0.0144928	0.0	0.0015	0.0	0.0	0.0	0.0	0.0	0.0	0.0	0.0	0.0	0.0	0.0	0.0	
Bondrée apivore	0.0	0.0	0.0	0.0	0.0	0.0	0.0	0.0	0.0	0.0	0.0121212	0.0015	0.0143885	0.0212766	0.0275862	0.0621118	0.2335766	0.1735537	0.12	0.0333333	0.0384615	0.0117647	0.0	0.0	0.0	0.0	0.0	0.0151515	0.0	0.0098039	0.0512821	0.2020202	0.2168675	0.1014493	0.0735294	0.0652174	0.03125	0.0015	0.0	0.0	0.0	0.0	0.0	0.0	0.0	0.0	0.0	0.0	
Vautour moine	0.0	0.0	0.0	0.0	0.0	0.0	0.0	0.0	0.0	0.0	0.0	0.0	0.0015	0.0212766	0.0137931	0.0	0.0	0.0	0.0	0.0	0.0	0.0	0.0	0.0	0.0	0.0	0.0	0.0	0.0	0.0	0.0	0.0	0.0	0.0	0.0	0.0015	0.0	0.0	0.0	0.0	0.0	0.0	0.0	0.0	0.0	0.0	0.0	0.0	
Vautour de Rüppell	0.0	0.0	0.0	0.0	0.0	0.0	0.0	0.0	0.0	0.0	0.0	0.0	0.0	0.0	0.0	0.0	0.0072993	0.0	0.0	0.0	0.0128205	0.0	0.0	0.0	0.0	0.0	0.0222222	0.0	0.0	0.0	0.0	0.0	0.0	0.0	0.0	0.0	0.0	0.0	0.0	0.0	0.0	0.0	0.0	0.0	0.0015	0.0	0.0	0.0	
Vautour fauve	0.0	0.0149254	0.0178571	0.0	0.0015	0.0060606	0.0	0.0	0.0066225	0.0081967	0.0	0.0051813	0.028777	0.0744681	0.0137931	0.0496894	0.0583942	0.1157025	0.0266667	0.0333333	0.025641	0.0470588	0.0204082	0.0120482	0.0015	0.0222222	0.0222222	0.0454545	0.0	0.0	0.025641	0.0	0.0120482	0.0	0.0	0.0108696	0.0015	0.0	0.0	0.0015	0.0097087	0.0104167	0.0081301	0.0243902	0.0	0.0	0.0	0.0116279	
Circaète Jean-le-Blanc	0.0	0.0	0.0	0.0	0.0	0.0	0.0063291	0.0215827	0.0264901	0.0245902	0.0242424	0.0310881	0.028777	0.1489362	0.0965517	0.0310559	0.0656934	0.0743802	0.0266667	0.0222222	0.0128205	0.0117647	0.0015	0.0120482	0.0192308	0.0	0.0222222	0.0151515	0.0015	0.0196078	0.025641	0.0909091	0.060241	0.0144928	0.0588235	0.0217391	0.078125	0.0	0.0	0.0	0.0	0.0	0.0	0.0	0.0	0.0	0.0	0.0	
Aigle botté	0.0	0.0	0.0	0.0	0.0	0.0	0.0	0.0071942	0.0	0.0081967	0.1151515	0.1243523	0.1654676	0.2553191	0.1724138	0.0931677	0.1751825	0.1735537	0.1066667	0.1111111	0.1538462	0.0823529	0.1020408	0.0361446	0.0384615	0.0	0.1333333	0.1969697	0.0483871	0.0980392	0.1282051	0.1717172	0.1084337	0.0869565	0.1323529	0.0652174	0.0625	0.016129	0.0166667	0.0	0.0	0.0	0.0	0.0	0.0	0.0	0.0	0.0	
Aigle ibérique	0.0	0.0	0.0	0.0	0.0	0.0	0.0	0.0	0.0	0.0	0.0	0.0	0.0	0.0	0.0068966	0.0	0.0	0.0	0.0	0.0	0.0	0.0	0.0	0.0	0.0	0.0	0.0	0.0	0.0	0.0	0.0	0.0	0.0	0.0	0.0	0.0	0.0	0.0	0.0	0.0	0.0	0.0104167	0.0	0.0	0.0	0.0015	0.0	0.0	
Aigle de Bonelli	0.0	0.0	0.0	0.0	0.0	0.0060606	0.0	0.0	0.0	0.0	0.0	0.0	0.0	0.0	0.0	0.0	0.0015	0.0	0.0	0.0	0.0	0.0	0.0	0.0015	0.0	0.0	0.0	0.030303	0.0	0.0	0.0	0.0	0.0	0.0015	0.0	0.0	0.0	0.0	0.0	0.0	0.0	0.0	0.0	0.0	0.0	0.0	0.0	0.0	
Épervier d'Europe	0.0	0.0	0.0178571	0.0149254	0.0289855	0.0121212	0.0253165	0.0143885	0.0529801	0.0245902	0.0424242	0.0518135	0.0935252	0.106383	0.062069	0.0372671	0.0510949	0.0165289	0.0015	0.0222222	0.0128205	0.0117647	0.0204082	0.0	0.0015	0.0015	0.0444444	0.0454545	0.0	0.0196078	0.0	0.030303	0.0722892	0.0434783	0.1029412	0.0326087	0.0625	0.0806452	0.0333333	0.0390625	0.0291262	0.0104167	0.0015	0.0081301	0.0	0.0113636	0.0363636	0.0015	
Autour des palombes	0.0	0.0	0.0	0.0	0.0072464	0.0	0.0063291	0.0	0.0015	0.0	0.0	0.0	0.0071942	0.0	0.0	0.0062112	0.0072993	0.0082645	0.0133333	0.0	0.0128205	0.0	0.0	0.0	0.0	0.0	0.0	0.0151515	0.0	0.0	0.0	0.010101	0.0015	0.0	0.0147059	0.0108696	0.015625	0.016129	0.0015	0.0078125	0.0	0.0	0.0015	0.0	0.0	0.0	0.0	0.0	
Épervier d'Europe ou Autour des palombes	0.0	0.0	0.0	0.0	0.0	0.0060606	0.0	0.0	0.0	0.0	0.0	0.0	0.0	0.0	0.0	0.0	0.0	0.0	0.0	0.0	0.0	0.0	0.0	0.0	0.0	0.0	0.0	0.0	0.0	0.0	0.0	0.0	0.0	0.0	0.0	0.0	0.0	0.0	0.0	0.0	0.0	0.0	0.0	0.0	0.0	0.0	0.0	0.0	
Busard des roseaux	0.0	0.0	0.0178571	0.0074627	0.0072464	0.0181818	0.0126582	0.0	0.0264901	0.0327869	0.030303	0.0414508	0.0431655	0.0319149	0.0482759	0.0310559	0.0437956	0.0165289	0.04	0.0015	0.0	0.0015	0.0204082	0.0120482	0.0384615	0.0222222	0.0222222	0.0	0.016129	0.0	0.025641	0.010101	0.0481928	0.0289855	0.0147059	0.0108696	0.0015	0.016129	0.0	0.0078125	0.0	0.0	0.0162602	0.0081301	0.0	0.0	0.0	0.0	
Busard Saint-Martin	0.0	0.0	0.0	0.0	0.0	0.0	0.0	0.0	0.0	0.0	0.0	0.0015	0.0	0.0	0.0068966	0.0	0.0	0.0	0.0	0.0	0.0	0.0	0.0	0.0	0.0	0.0	0.0	0.0	0.0	0.0	0.0	0.010101	0.0	0.0289855	0.0	0.0	0.0	0.0	0.0	0.0	0.0	0.0	0.0	0.0	0.0	0.0	0.0	0.0	
Busard cendré	0.0	0.0	0.0	0.0	0.0	0.0	0.0	0.0	0.0	0.0	0.0	0.0051813	0.0	0.0106383	0.0068966	0.0062112	0.0	0.0	0.0	0.0	0.0	0.0	0.0	0.0	0.0	0.0	0.0	0.0	0.0	0.0	0.0128205	0.0	0.0	0.0144928	0.0	0.0	0.0	0.0	0.0	0.0	0.0	0.0	0.0	0.0	0.0	0.0	0.0	0.0	
busard sp.	0.0	0.0	0.0	0.0	0.0	0.0	0.0	0.0	0.0	0.0	0.0	0.0	0.0	0.0	0.0068966	0.0	0.0	0.0	0.0	0.0	0.0	0.0	0.0	0.0	0.0	0.0	0.0	0.0	0.0	0.0	0.0128205	0.0	0.0	0.0	0.0	0.0	0.0	0.0	0.0	0.0	0.0	0.0	0.0	0.0	0.0	0.0	0.0	0.0	
Milan royal	0.0	0.0	0.0	0.0	0.0	0.0	0.0	0.0	0.0	0.0	0.0	0.0	0.0	0.0	0.0	0.0062112	0.0	0.0	0.0	0.0	0.0	0.0	0.0	0.0	0.0	0.0	0.0	0.0	0.0	0.0	0.0	0.0	0.0	0.0	0.0	0.0	0.0	0.0	0.0	0.0	0.0	0.0	0.0	0.0	0.0	0.0	0.0	0.0	
Milan noir	0.0015	0.0	0.0	0.0	0.0	0.0121212	0.0126582	0.0863309	0.0662252	0.0163934	0.0848485	0.1139896	0.1654676	0.212766	0.1172414	0.1180124	0.1532847	0.1322314	0.08	0.1333333	0.0769231	0.0705882	0.122449	0.0240964	0.0192308	0.0222222	0.0888889	0.1969697	0.1451613	0.2647059	0.1666667	0.1919192	0.1686747	0.057971	0.0441176	0.0543478	0.0	0.0	0.0	0.0	0.0	0.0	0.0	0.0	0.0	0.0	0.0181818	0.0	
Buse variable	0.0	0.0	0.0	0.0	0.0	0.0060606	0.0	0.0	0.0	0.0	0.0	0.0259067	0.0015	0.0106383	0.0	0.0	0.0	0.0	0.0	0.0	0.0	0.0	0.0	0.0	0.0	0.0	0.0	0.0	0.0	0.0	0.0	0.0	0.0	0.0	0.0	0.0	0.0015	0.0	0.0	0.0	0.0	0.0	0.0081301	0.0	0.0015	0.0	0.0	0.0	
Buse féroce	0.0434783	0.0447761	0.0357143	0.0298507	0.0362319	0.0545455	0.0506329	0.0647482	0.0662252	0.0819672	0.0727273	0.0414508	0.0503597	0.0531915	0.0413793	0.0559006	0.1313869	0.0495868	0.0133333	0.0444444	0.0512821	0.0352941	0.0	0.060241	0.0192308	0.0	0.0888889	0.0454545	0.0322581	0.0392157	0.1025641	0.0707071	0.0120482	0.0434783	0.0441176	0.0326087	0.046875	0.0967742	0.05	0.03125	0.0776699	0.0520833	0.0487805	0.0081301	0.0746269	0.0227273	0.0909091	0.0232558	
Hybride Buse variable x B. féroce	0.0	0.0	0.0	0.0	0.0	0.0	0.0	0.0	0.0	0.0	0.0	0.0	0.0	0.0	0.0	0.0	0.0	0.0	0.0	0.0	0.0	0.0	0.0	0.0	0.0	0.0	0.0444444	0.0	0.0	0.0	0.0	0.0	0.0	0.0	0.0	0.0	0.0	0.0	0.0	0.0	0.0	0.0	0.0	0.0	0.0	0.0	0.0	0.0	
Buse variable ou B. féroce	0.0	0.0149254	0.0	0.0	0.0072464	0.0060606	0.0126582	0.0	0.0	0.0	0.0	0.0	0.028777	0.0	0.0	0.0	0.0072993	0.0	0.0	0.0	0.0	0.0	0.0204082	0.0120482	0.0	0.0	0.0	0.0151515	0.0	0.0	0.0	0.0	0.0	0.0434783	0.0	0.0108696	0.0	0.0	0.0	0.0078125	0.0	0.0	0.0	0.0	0.0	0.0	0.0	0.0	
Buteo sp.	0.0	0.0	0.0	0.0	0.0144928	0.0	0.0	0.0	0.0	0.0	0.0	0.0015	0.0	0.0	0.0015	0.0	0.0	0.0	0.0	0.0	0.0	0.0	0.0	0.0	0.0	0.0	0.0	0.0	0.0	0.0	0.0	0.0015	0.0	0.0	0.0	0.0	0.0	0.0	0.0	0.0	0.0	0.0	0.0	0.0	0.0	0.0	0.0	0.0	
rapace sp.	0.0	0.0	0.0	0.0	0.0	0.0	0.0	0.0	0.0	0.0	0.0	0.0	0.0	0.0	0.0068966	0.0	0.0	0.0	0.0	0.0	0.0	0.0	0.0	0.0	0.0	0.0	0.0	0.0	0.0	0.0	0.0	0.0	0.0	0.0	0.0	0.0	0.0	0.0	0.0	0.0	0.0	0.0	0.0	0.0	0.0	0.0	0.0	0.0	
Effraie des clochers	0.0	0.0	0.0	0.0	0.0	0.0	0.0	0.0	0.0	0.0015	0.0	0.0	0.0	0.0015	0.0	0.0	0.0	0.0	0.0	0.0	0.0	0.0	0.0	0.0	0.0	0.0	0.0	0.0	0.0	0.0	0.0	0.0	0.0	0.0	0.0	0.0	0.0	0.0	0.0	0.0	0.0	0.0	0.0	0.0	0.0	0.0	0.0	0.0	
Petit-duc scops	0.0	0.0	0.0	0.0	0.0	0.0	0.0	0.0	0.0	0.0	0.0	0.0015	0.0	0.0	0.0	0.0	0.0	0.0	0.0	0.0	0.0	0.0	0.0	0.0	0.0	0.0	0.0	0.0	0.0	0.0	0.0	0.010101	0.0	0.0	0.0	0.0	0.0	0.0	0.0	0.0	0.0	0.0	0.0	0.0	0.0	0.0	0.0	0.0	
Chouette hulotte	0.0	0.0015	0.0015	0.0015	0.0072464	0.0015	0.0063291	0.0015	0.0066225	0.0081967	0.0121212	0.0051813	0.0071942	0.0425532	0.0068966	0.0124224	0.0218978	0.0	0.0133333	0.0111111	0.0128205	0.0235294	0.0	0.0120482	0.0192308	0.0	0.0015	0.0015	0.016129	0.0015	0.0015	0.010101	0.0120482	0.0015	0.0015	0.0217391	0.03125	0.0015	0.0015	0.015625	0.0015	0.0015	0.0015	0.0015	0.0015	0.0113636	0.0181818	0.0	
Huppe fasciée	0.0	0.0	0.0	0.0	0.0	0.0060606	0.0063291	0.0071942	0.0264901	0.0163934	0.0606061	0.0310881	0.0	0.0212766	0.0068966	0.0124224	0.0	0.0	0.0	0.0	0.0	0.0	0.0	0.0	0.0015	0.0	0.0222222	0.0015	0.0	0.0098039	0.0015	0.020202	0.0240964	0.0289855	0.0015	0.0108696	0.0	0.0	0.0	0.0	0.0	0.0	0.0	0.0	0.0	0.0	0.0	0.0	
Guêpier d'Europe	0.0	0.0	0.0	0.0	0.0	0.0	0.0	0.0	0.0	0.0	0.0060606	0.0621762	0.1870504	0.2765957	0.2	0.1118012	0.1167883	0.0413223	0.0	0.0015	0.0	0.0	0.0	0.0	0.0	0.0	0.0	0.0	0.0	0.0015	0.0128205	0.030303	0.0240964	0.0724638	0.0015	0.0	0.0	0.0	0.0	0.0	0.0	0.0	0.0	0.0	0.0	0.0	0.0	0.0	
Merops sp.	0.0	0.0	0.0	0.0	0.0	0.0	0.0	0.0	0.0	0.0	0.0	0.0	0.0	0.0106383	0.0	0.0	0.0	0.0	0.0	0.0	0.0	0.0	0.0	0.0	0.0	0.0	0.0	0.0	0.0	0.0	0.0	0.0	0.0	0.0	0.0	0.0	0.0	0.0	0.0	0.0	0.0	0.0	0.0	0.0	0.0	0.0	0.0	0.0	
Martin-pêcheur d'Europe	0.0217391	0.0	0.0178571	0.0	0.0144928	0.0	0.0	0.0	0.013245	0.0081967	0.0060606	0.0	0.0	0.0	0.0137931	0.0	0.0	0.0	0.0	0.0	0.0	0.0	0.0	0.0015	0.0	0.0	0.0	0.0015	0.0015	0.0	0.0128205	0.020202	0.0120482	0.0	0.0441176	0.0326087	0.0	0.016129	0.05	0.03125	0.0015	0.0015	0.0081301	0.0	0.0149254	0.0	0.0181818	0.0	
Rollier d'Europe	0.0	0.0	0.0	0.0	0.0	0.0	0.0	0.0	0.0	0.0	0.0	0.0	0.0	0.0	0.0	0.0062112	0.0	0.0	0.0133333	0.0	0.0	0.0	0.0	0.0	0.0192308	0.0	0.0	0.0	0.0322581	0.0294118	0.0015	0.010101	0.0	0.0	0.0	0.0	0.0	0.0	0.0	0.0	0.0	0.0	0.0	0.0	0.0	0.0	0.0	0.0	
Torcol fourmilier	0.0	0.0	0.0	0.0	0.0	0.0	0.0	0.0	0.0	0.0	0.0015	0.0015	0.0071942	0.0	0.0015	0.0	0.0	0.0	0.0	0.0	0.0	0.0	0.0	0.0	0.0	0.0	0.0	0.0	0.0	0.0	0.0	0.0	0.0015	0.0	0.0	0.0	0.0	0.0	0.0015	0.0	0.0	0.0	0.0015	0.0	0.0	0.0	0.0	0.0	
Pic épeiche	0.0	0.0149254	0.0	0.0149254	0.0072464	0.0363636	0.0379747	0.0143885	0.0331126	0.0163934	0.0606061	0.0259067	0.028777	0.0106383	0.0482759	0.0434783	0.0656934	0.0165289	0.0533333	0.0015	0.0512821	0.0705882	0.0204082	0.0722892	0.0	0.0	0.0666667	0.0454545	0.0	0.0392157	0.0769231	0.010101	0.0240964	0.115942	0.0441176	0.0434783	0.0625	0.0645161	0.0333333	0.015625	0.0	0.03125	0.0081301	0.0243902	0.0447761	0.0	0.0	0.0116279	
Pic de Levaillant	0.0	0.0149254	0.0	0.0149254	0.0217391	0.0363636	0.0632911	0.0143885	0.0662252	0.0163934	0.0848485	0.0518135	0.0719424	0.0531915	0.1172414	0.068323	0.0875912	0.0661157	0.0933333	0.0	0.0512821	0.0352941	0.0204082	0.0361446	0.0384615	0.0222222	0.0444444	0.030303	0.0	0.0	0.025641	0.030303	0.0481928	0.0724638	0.0588235	0.0326087	0.03125	0.0645161	0.05	0.0078125	0.0	0.0416667	0.0487805	0.0162602	0.0149254	0.0	0.0181818	0.0465116	
Picus sp.	0.0	0.0	0.0	0.0	0.0	0.0	0.0	0.0	0.0066225	0.0	0.0	0.0051813	0.0	0.0	0.0	0.0	0.0	0.0082645	0.0	0.0	0.0128205	0.0	0.0	0.0	0.0	0.0	0.0	0.0	0.0	0.0	0.0	0.0	0.0	0.0	0.0	0.0	0.0	0.0	0.0	0.0	0.0	0.0	0.0	0.0	0.0	0.0	0.0	0.0116279	
Faucon crécerellette	0.0	0.0	0.0	0.0	0.0	0.0	0.0	0.0	0.0	0.0	0.0060606	0.0103627	0.0071942	0.0	0.0	0.0	0.0015	0.0	0.0	0.0	0.0	0.0	0.0	0.0	0.0	0.0	0.0	0.0015	0.0	0.0	0.0	0.0	0.0	0.0	0.0	0.0	0.0	0.0	0.0015	0.0	0.0	0.0	0.0	0.0	0.0	0.0	0.0	0.0	
Faucon crécerelle	0.1086957	0.1343284	0.125	0.1119403	0.1594203	0.0848485	0.1708861	0.1007194	0.1258278	0.1967213	0.1393939	0.1243523	0.1438849	0.212766	0.2413793	0.1490683	0.2043796	0.1239669	0.1466667	0.1555556	0.1410256	0.2352941	0.1836735	0.1927711	0.1153846	0.2666667	0.4222222	0.3787879	0.1935484	0.1078431	0.1410256	0.1616162	0.1686747	0.173913	0.1470588	0.1304348	0.109375	0.1935484	0.0833333	0.1640625	0.2135922	0.1666667	0.1219512	0.1056911	0.1343284	0.1363636	0.1454545	0.0930233	
Faucon crécerellette ou F. crécerelle	0.0	0.0	0.0	0.0015	0.0072464	0.0	0.0	0.0071942	0.0	0.0	0.0060606	0.0	0.0	0.0015	0.0	0.0	0.0	0.0	0.0	0.0	0.0	0.0	0.0	0.0	0.0015	0.0	0.0	0.0015	0.0	0.0098039	0.0	0.0015	0.0	0.0	0.0015	0.0015	0.015625	0.0	0.0	0.0	0.0	0.0	0.0	0.0	0.0	0.0	0.0	0.0015	
Faucon d'Éléonore	0.0	0.0	0.0	0.0	0.0	0.0	0.0	0.0	0.0	0.0	0.0060606	0.0	0.0	0.0	0.0	0.0	0.0	0.0	0.0	0.0015	0.0	0.0	0.0	0.0	0.0	0.0	0.0222222	0.0151515	0.0015	0.0490196	0.0128205	0.020202	0.0120482	0.0	0.0	0.0108696	0.0	0.016129	0.0	0.0078125	0.0	0.0	0.0	0.0	0.0	0.0	0.0	0.0	
Faucon émerillon	0.0	0.0	0.0	0.0	0.0	0.0	0.0	0.0	0.0	0.0	0.0	0.0	0.0	0.0	0.0	0.0	0.0	0.0	0.0	0.0	0.0	0.0	0.0	0.0	0.0	0.0	0.0	0.0	0.0	0.0	0.0	0.0	0.0	0.0	0.0	0.0	0.0	0.0	0.0	0.0	0.0	0.0015	0.0	0.0	0.0	0.0	0.0	0.0	
Faucon hobereau	0.0	0.0	0.0	0.0	0.0	0.0	0.0	0.0	0.0	0.0	0.0	0.0	0.0	0.0	0.0	0.0	0.0015	0.0	0.0	0.0	0.0	0.0	0.0	0.0	0.0	0.0	0.0222222	0.0	0.0	0.0	0.0015	0.0	0.0	0.0	0.0147059	0.0	0.0	0.0	0.0166667	0.0078125	0.0	0.0	0.0	0.0	0.0	0.0	0.0	0.0	
Faucon pèlerin	0.0217391	0.0298507	0.0535714	0.0298507	0.0507246	0.0727273	0.0506329	0.0143885	0.0331126	0.057377	0.0727273	0.0362694	0.0431655	0.0319149	0.0275862	0.0	0.0291971	0.0330579	0.04	0.0222222	0.0	0.0117647	0.0015	0.0361446	0.0	0.0222222	0.0222222	0.0606061	0.016129	0.0392157	0.0015	0.0707071	0.0240964	0.0015	0.1029412	0.0434783	0.046875	0.0483871	0.0166667	0.03125	0.0291262	0.0520833	0.0569106	0.0081301	0.0298507	0.0340909	0.0181818	0.0232558	
Falco sp.	0.0	0.0	0.0	0.0	0.0	0.0	0.0	0.0	0.0	0.0	0.0	0.0	0.0	0.0	0.0137931	0.0	0.0	0.0	0.0	0.0	0.0	0.0	0.0	0.0	0.0	0.0	0.0222222	0.0	0.0	0.0	0.0	0.0	0.0	0.0	0.0	0.0	0.0	0.0	0.0	0.0	0.0	0.0	0.0	0.0	0.0	0.0	0.0	0.0	
Calopsitte élégante	0.0	0.0	0.0	0.0	0.0	0.0	0.0	0.0	0.0	0.0	0.0	0.0	0.0	0.0	0.0068966	0.0	0.0	0.0	0.0	0.0	0.0	0.0	0.0	0.0	0.0	0.0	0.0	0.0	0.0	0.0	0.0	0.0	0.0	0.0	0.0	0.0	0.0	0.0	0.0	0.0	0.0	0.0	0.0	0.0	0.0	0.0	0.0	0.0	
Perruche à collier	0.0	0.0	0.0	0.0	0.0	0.0	0.0	0.0	0.0	0.0	0.0	0.0	0.0	0.0	0.0	0.0	0.0	0.0	0.0	0.0	0.0	0.0	0.0	0.0	0.0	0.0	0.0	0.0	0.0	0.0	0.0	0.030303	0.060241	0.0724638	0.0588235	0.0434783	0.0015	0.0	0.0	0.0	0.0	0.0	0.0	0.0	0.0	0.0	0.0	0.0	
Perruche ondulée	0.0	0.0	0.0	0.0	0.0	0.0	0.0	0.0	0.0	0.0	0.0	0.0	0.0	0.0	0.0068966	0.0	0.0	0.0	0.0	0.0	0.0	0.0	0.0	0.0	0.0	0.0	0.0222222	0.0	0.0	0.0	0.0	0.0	0.0	0.0	0.0	0.0	0.0	0.0	0.0	0.0	0.0	0.0	0.0	0.0	0.0	0.0	0.0	0.0	
Perriche veuve	0.0	0.0	0.0	0.0	0.0072464	0.0015	0.0	0.0215827	0.0066225	0.0163934	0.0121212	0.0103627	0.0	0.0015	0.0137931	0.0124224	0.0145985	0.0082645	0.0	0.0111111	0.0	0.0015	0.0015	0.0015	0.0015	0.0015	0.0	0.0151515	0.016129	0.0	0.0	0.010101	0.0	0.0144928	0.0	0.0	0.0015	0.0	0.0	0.0	0.0015	0.0104167	0.0	0.0081301	0.0	0.0113636	0.0	0.0116279	
Loriot d'Europe	0.0	0.0	0.0	0.0	0.0	0.0	0.0	0.0	0.0	0.0	0.0	0.0	0.0	0.0106383	0.0551724	0.0248447	0.080292	0.0247934	0.0133333	0.0111111	0.0128205	0.0	0.0	0.0120482	0.0	0.0	0.0	0.0	0.0	0.0	0.0	0.0015	0.0015	0.0	0.0	0.0	0.0	0.0	0.0	0.0	0.0	0.0	0.0	0.0	0.0	0.0	0.0	0.0	
Tchagra à tête noire	0.0	0.0149254	0.0178571	0.0149254	0.0362319	0.0363636	0.0506329	0.0071942	0.0264901	0.0015	0.0848485	0.0414508	0.0791367	0.0531915	0.0344828	0.0434783	0.0583942	0.0661157	0.0666667	0.0444444	0.0512821	0.0470588	0.0204082	0.0240964	0.0384615	0.0222222	0.1333333	0.0454545	0.0322581	0.0784314	0.0897436	0.0909091	0.060241	0.2173913	0.0882353	0.1304348	0.125	0.0645161	0.1	0.0390625	0.038835	0.03125	0.0731707	0.0325203	0.0746269	0.0227273	0.0181818	0.0	
Pie-grièche grise	0.0	0.0	0.0	0.0	0.0	0.0	0.0	0.0	0.0	0.0	0.0	0.0	0.0	0.0	0.0	0.0	0.0	0.0	0.0	0.0	0.0	0.0	0.0	0.0	0.0	0.0	0.0	0.0	0.0	0.0	0.0	0.0	0.0	0.0144928	0.0	0.0108696	0.015625	0.0	0.0	0.0015	0.0097087	0.0	0.0	0.0	0.0149254	0.0	0.0	0.0	
Pie-grièche à tête rousse	0.0	0.0	0.0	0.0	0.0	0.0	0.0	0.0	0.013245	0.0081967	0.0242424	0.0725389	0.0791367	0.0957447	0.0827586	0.0496894	0.0291971	0.0247934	0.0	0.0111111	0.0	0.0	0.0	0.0	0.0	0.0	0.0	0.0	0.0	0.0196078	0.0128205	0.010101	0.0	0.0	0.0	0.0	0.0	0.0	0.0	0.0	0.0	0.0	0.0	0.0	0.0	0.0	0.0	0.0	
Pie du Maghreb	0.0	0.0	0.0	0.0	0.0	0.0	0.0316456	0.0	0.0	0.0163934	0.0060606	0.0	0.0	0.0	0.0	0.0	0.0	0.0	0.0	0.0	0.0	0.0	0.0	0.0	0.0	0.0	0.0	0.0	0.0	0.0	0.0	0.0	0.0	0.0	0.0	0.0	0.0	0.0	0.0	0.0	0.0	0.0	0.0	0.0	0.0	0.0	0.0	0.0	
Crave à bec rouge	0.0	0.0	0.0	0.0	0.0	0.0	0.0015	0.0	0.0	0.0	0.0	0.0	0.0	0.0	0.0	0.0	0.0	0.0	0.0	0.0	0.0	0.0	0.0	0.0	0.0	0.0	0.0	0.0	0.0	0.0	0.0	0.0	0.0	0.0	0.0	0.0	0.0	0.0	0.0	0.0	0.0	0.0	0.0	0.0	0.0	0.0	0.0	0.0	
Crave à bec rouge ou Chocard à bec jaune	0.0	0.0	0.0	0.0	0.0	0.0	0.0	0.0	0.0	0.0	0.0	0.0	0.0	0.0	0.0	0.0	0.0	0.0	0.0	0.0	0.0	0.0	0.0	0.0	0.0	0.0	0.0	0.0	0.0	0.0	0.0	0.0	0.0	0.0	0.0	0.0	0.0	0.0	0.0	0.0	0.0	0.0	0.0	0.0081301	0.0	0.0	0.0	0.0116279	
Choucas des tours	0.1304348	0.0746269	0.1607143	0.119403	0.1304348	0.1272727	0.1518987	0.1223022	0.1390728	0.1967213	0.1272727	0.1088083	0.1438849	0.1276596	0.1655172	0.1118012	0.1094891	0.0991736	0.12	0.2333333	0.0769231	0.1176471	0.2040816	0.1807229	0.1153846	0.0888889	0.0666667	0.0757576	0.1290323	0.0686275	0.0384615	0.1616162	0.1686747	0.057971	0.0735294	0.1195652	0.140625	0.0645161	0.1	0.1796875	0.1747573	0.1354167	0.1219512	0.097561	0.1492537	0.125	0.1454545	0.0465116	
Corbeau familier	0.0	0.0	0.0	0.0	0.0	0.0	0.0	0.0	0.0	0.0	0.0	0.0051813	0.0	0.0	0.0	0.0	0.0	0.0	0.0	0.0	0.0	0.0	0.0	0.0	0.0	0.0	0.0	0.0	0.0	0.0	0.0	0.0	0.0	0.0	0.0	0.0	0.0	0.0	0.0	0.0	0.0	0.0	0.0	0.0	0.0	0.0	0.0	0.0	
Corneille mantelée	0.0	0.0	0.0	0.0	0.0	0.0	0.0	0.0	0.0	0.0	0.0	0.0	0.0071942	0.0	0.0	0.0	0.0	0.0	0.0	0.0	0.0	0.0	0.0	0.0	0.0	0.0	0.0	0.0	0.0	0.0	0.0	0.0	0.0	0.0	0.0	0.0	0.0	0.0	0.0	0.0	0.0	0.0	0.0	0.0	0.0	0.0	0.0	0.0	
Corbeau pie	0.0	0.0	0.0	0.0	0.0	0.0060606	0.0	0.0071942	0.0	0.0015	0.0	0.0015	0.0071942	0.0212766	0.0068966	0.0015	0.0	0.0	0.0	0.0	0.0	0.0015	0.0	0.0	0.0	0.0	0.0	0.0	0.0	0.0	0.0	0.0	0.0	0.0	0.0015	0.0	0.0	0.0	0.0	0.0	0.0015	0.0	0.0	0.0	0.0	0.0	0.0	0.0	
Grand Corbeau	0.0652174	0.1044776	0.0892857	0.0970149	0.0942029	0.1151515	0.2151899	0.1151079	0.1721854	0.1147541	0.1515152	0.0932642	0.1366906	0.2234043	0.1034483	0.1180124	0.1386861	0.1157025	0.1733333	0.1	0.1538462	0.1294118	0.0408163	0.0843373	0.1153846	0.0888889	0.0888889	0.1212121	0.0322581	0.0980392	0.1025641	0.1010101	0.1807229	0.1449275	0.1617647	0.1956522	0.171875	0.1612903	0.1833333	0.140625	0.0970874	0.15625	0.0813008	0.1300813	0.0895522	0.0568182	0.1090909	0.1046512	
corbeau sp.	0.0	0.0	0.0	0.0	0.0	0.0015	0.0063291	0.0	0.0	0.0	0.0060606	0.0	0.0	0.0	0.0	0.0	0.0	0.0	0.0015	0.0111111	0.0	0.0	0.0	0.0	0.0	0.0	0.0	0.0	0.0	0.0	0.0015	0.0	0.0	0.0	0.0	0.0015	0.0	0.0	0.0	0.0	0.0	0.0	0.0	0.0	0.0	0.0	0.0	0.0	
Mésange nord-africaine	0.0869565	0.4626866	0.3928571	0.2761194	0.326087	0.3212121	0.3670886	0.1510791	0.2781457	0.3606557	0.3939394	0.3264249	0.3021583	0.3617021	0.4689655	0.310559	0.3430657	0.322314	0.3866667	0.2666667	0.2179487	0.2941176	0.2653061	0.3975904	0.2692308	0.3777778	0.4444444	0.2121212	0.2258065	0.2647059	0.2564103	0.3939394	0.3975904	0.4637681	0.3823529	0.3478261	0.28125	0.3064516	0.2166667	0.1953125	0.3009709	0.2916667	0.3252033	0.2520325	0.2985075	0.25	0.3090909	0.2093023	
Mésange charbonnière	0.0217391	0.1343284	0.1071429	0.1343284	0.1304348	0.1272727	0.164557	0.057554	0.0927152	0.0983607	0.2121212	0.1554404	0.1942446	0.1276596	0.1724138	0.1614907	0.1970803	0.1735537	0.28	0.0888889	0.0897436	0.1058824	0.1020408	0.1927711	0.0961538	0.0444444	0.3111111	0.1515152	0.0483871	0.1470588	0.1410256	0.1414141	0.1686747	0.2173913	0.1029412	0.1847826	0.171875	0.1612903	0.15	0.0625	0.0291262	0.1145833	0.1056911	0.1219512	0.1343284	0.0568182	0.1090909	0.1046512	
Alouette des champs	0.0	0.0	0.0	0.0	0.0	0.0	0.0	0.0	0.0	0.0081967	0.0	0.0	0.0	0.0	0.0	0.0	0.0	0.0	0.0	0.0	0.0	0.0	0.0	0.0	0.0	0.0	0.0	0.0	0.0	0.0	0.0	0.0	0.0	0.0	0.0	0.0	0.0	0.0	0.0166667	0.0	0.0	0.0	0.0	0.0	0.0	0.0	0.0	0.0	
Cochevis de Thékla	0.0	0.0	0.0178571	0.0	0.0144928	0.0060606	0.0253165	0.0	0.0	0.0491803	0.0121212	0.0310881	0.0071942	0.0212766	0.0413793	0.0124224	0.0	0.0165289	0.0	0.0111111	0.0	0.0	0.0408163	0.0	0.0	0.0	0.0	0.0	0.0	0.0	0.0	0.0	0.0015	0.0	0.0	0.0	0.0015	0.0	0.05	0.0	0.0097087	0.0	0.0	0.0243902	0.0	0.0	0.0	0.0	
Cochevis huppé	0.0	0.0	0.0	0.0	0.0	0.0	0.0	0.0	0.0	0.0	0.0	0.0	0.0	0.0	0.0	0.0	0.0	0.0	0.0	0.0015	0.0	0.0	0.0	0.0	0.0	0.0	0.0	0.0	0.0	0.0	0.0	0.0	0.0	0.0	0.0	0.0	0.0	0.0	0.0	0.0	0.0	0.0	0.0	0.0	0.0	0.0	0.0	0.0116279	
Cochevis de Thékla ou C. huppé	0.0	0.0	0.0	0.0	0.0	0.0	0.0	0.0	0.0	0.0	0.0	0.0	0.0	0.0	0.0	0.0	0.0	0.0	0.0	0.0	0.0	0.0	0.0	0.0	0.0	0.0	0.0	0.0	0.0	0.0	0.0	0.0	0.0	0.0	0.0	0.0015	0.0	0.0	0.0	0.0	0.0	0.0	0.0	0.0081301	0.0	0.0	0.0	0.0	
Alouette calandrelle	0.0	0.0	0.0	0.0	0.0	0.0	0.0	0.0	0.0	0.0	0.0	0.0051813	0.0	0.0	0.0068966	0.0124224	0.0	0.0	0.0	0.0	0.0	0.0	0.0	0.0	0.0	0.0	0.0	0.0	0.0	0.0	0.0	0.0	0.0	0.0	0.0	0.0	0.0	0.0	0.0	0.0	0.0	0.0	0.0	0.0	0.0	0.0	0.0	0.0	
Cisticole des joncs	0.0217391	0.0298507	0.0178571	0.0074627	0.0217391	0.0121212	0.0253165	0.0143885	0.0264901	0.057377	0.0424242	0.0621762	0.057554	0.0531915	0.0827586	0.0372671	0.0437956	0.0661157	0.0666667	0.0444444	0.0128205	0.0352941	0.0612245	0.0120482	0.0384615	0.0666667	0.0666667	0.0151515	0.0	0.0098039	0.0	0.020202	0.0015	0.0	0.0147059	0.0015	0.015625	0.016129	0.05	0.015625	0.0015	0.0104167	0.0081301	0.0650407	0.0298507	0.0	0.0363636	0.0116279	
Hypolaïs obscure	0.0	0.0	0.0	0.0	0.0	0.0	0.0	0.0	0.0	0.0	0.0	0.015544	0.0	0.0	0.0137931	0.0062112	0.0072993	0.0015	0.0133333	0.0015	0.0128205	0.0	0.0	0.0015	0.0015	0.0222222	0.0222222	0.0151515	0.0	0.0098039	0.0015	0.010101	0.0	0.0	0.0	0.0	0.0	0.0	0.0	0.0	0.0	0.0	0.0	0.0	0.0	0.0	0.0	0.0	
Hypolaïs polyglotte	0.0	0.0	0.0	0.0	0.0	0.0	0.0	0.0	0.0	0.0	0.0	0.0051813	0.0431655	0.0319149	0.0689655	0.1242236	0.1459854	0.1735537	0.1333333	0.1111111	0.0128205	0.0470588	0.0204082	0.0361446	0.0384615	0.0222222	0.0222222	0.0015	0.0	0.0015	0.0128205	0.010101	0.0	0.0	0.0	0.0	0.0	0.0	0.0	0.0	0.0	0.0	0.0	0.0	0.0	0.0	0.0	0.0	
Hippolais sp.	0.0	0.0	0.0	0.0	0.0	0.0	0.0	0.0	0.0	0.0	0.0	0.0	0.0	0.0	0.0068966	0.0	0.0	0.0	0.0	0.0	0.0	0.0	0.0	0.0	0.0	0.0	0.0	0.0	0.0	0.0	0.0	0.0	0.0	0.0	0.0	0.0	0.0	0.0	0.0	0.0	0.0	0.0	0.0	0.0	0.0	0.0	0.0	0.0	
Phragmite des joncs	0.0	0.0	0.0	0.0	0.0	0.0	0.0	0.0	0.0	0.0	0.0	0.0	0.0071942	0.0	0.0015	0.0	0.0145985	0.0	0.0	0.0	0.0	0.0	0.0	0.0	0.0	0.0	0.0	0.0	0.0	0.0	0.0	0.0	0.0	0.0015	0.0	0.0	0.0	0.0	0.0	0.0	0.0	0.0	0.0	0.0	0.0	0.0	0.0	0.0	
Rousserolle effarvatte	0.0	0.0	0.0	0.0	0.0	0.0	0.0	0.0	0.0	0.0	0.0	0.0	0.0015	0.0	0.0068966	0.0186335	0.0218978	0.0247934	0.0533333	0.0666667	0.0128205	0.0	0.0	0.0015	0.0015	0.0015	0.0015	0.0015	0.0	0.0	0.0128205	0.030303	0.0120482	0.0	0.0	0.0	0.0	0.0	0.0	0.0015	0.0015	0.0	0.0	0.0	0.0	0.0	0.0	0.0	
Rousserolle turdoïde	0.0	0.0	0.0	0.0	0.0	0.0	0.0	0.0	0.0	0.0	0.0	0.0	0.0	0.0	0.0	0.0	0.0	0.0015	0.0	0.0	0.0	0.0	0.0	0.0	0.0	0.0	0.0	0.0	0.0	0.0	0.0	0.0	0.0	0.0	0.0	0.0	0.0	0.0	0.0	0.0	0.0	0.0	0.0	0.0	0.0	0.0	0.0	0.0	
Locustelle tachetée	0.0	0.0	0.0	0.0	0.0	0.0	0.0015	0.0	0.0	0.0	0.0	0.0	0.0015	0.0106383	0.0	0.0	0.0	0.0	0.0	0.0	0.0	0.0	0.0	0.0	0.0	0.0	0.0	0.0	0.0	0.0	0.0	0.0	0.0	0.0	0.0	0.0	0.0	0.0	0.0015	0.0	0.0	0.0	0.0	0.0	0.0	0.0	0.0	0.0	
Hirondelle de rivage	0.0	0.0	0.0	0.0	0.0	0.0	0.0	0.0	0.0	0.0	0.0060606	0.0051813	0.0015	0.0319149	0.0137931	0.0062112	0.0	0.0165289	0.0	0.0	0.0128205	0.0	0.0	0.0	0.0	0.0	0.0	0.0	0.0	0.0	0.0	0.0	0.0	0.0	0.0	0.0	0.0	0.0	0.0	0.0	0.0015	0.0	0.0	0.0	0.0	0.0	0.0	0.0	
Hirondelle de rochers	0.0217391	0.0447761	0.0357143	0.0	0.0289855	0.0545455	0.0126582	0.0	0.013245	0.0081967	0.0060606	0.0103627	0.0	0.0	0.0	0.0	0.0	0.0015	0.0	0.0	0.0	0.0	0.0	0.0	0.0	0.0	0.0	0.0	0.0	0.0	0.0	0.0	0.0120482	0.0	0.0147059	0.0217391	0.015625	0.0	0.05	0.078125	0.1165049	0.0625	0.097561	0.0650407	0.0895522	0.0681818	0.0909091	0.0348837	
Hirondelle rustique	0.0	0.0	0.0015	0.0149254	0.0507246	0.0666667	0.1012658	0.1223022	0.1456954	0.1721311	0.2060606	0.373057	0.3669065	0.4042553	0.2827586	0.3478261	0.2481752	0.2809917	0.16	0.1555556	0.1923077	0.2823529	0.244898	0.1686747	0.1153846	0.3111111	0.2	0.1818182	0.2258065	0.127451	0.1410256	0.0909091	0.1084337	0.115942	0.2205882	0.076087	0.09375	0.0	0.0	0.0234375	0.0	0.0	0.0015	0.0	0.0	0.0	0.0	0.0116279	
Hirondelle de fenêtre	0.0	0.0149254	0.0178571	0.0074627	0.0072464	0.0545455	0.0126582	0.028777	0.0463576	0.0	0.030303	0.0414508	0.0503597	0.0425532	0.0206897	0.0248447	0.0218978	0.0413223	0.0266667	0.0444444	0.0128205	0.0470588	0.0816327	0.0120482	0.0192308	0.0015	0.0444444	0.0015	0.0	0.0196078	0.0015	0.010101	0.0	0.0144928	0.0147059	0.0015	0.015625	0.016129	0.0	0.0	0.0	0.0	0.0	0.0162602	0.0	0.0	0.0	0.0	
Hirondelle rousseline	0.0	0.0	0.0	0.0	0.0	0.0	0.0	0.0071942	0.0198675	0.0	0.0060606	0.015544	0.028777	0.0212766	0.0413793	0.0186335	0.0072993	0.0247934	0.0	0.0111111	0.0	0.0	0.0	0.0	0.0	0.0	0.0	0.0	0.0	0.0	0.0	0.0	0.0	0.0	0.0	0.0	0.0	0.0	0.0	0.0	0.0	0.0	0.0	0.0	0.0	0.0	0.0	0.0	
hirondelle sp.	0.0217391	0.0	0.0	0.0	0.0015	0.0	0.0	0.0	0.0	0.0	0.0	0.0	0.0	0.0	0.0	0.0	0.0	0.0	0.0	0.0	0.0	0.0	0.0	0.0	0.0	0.0	0.0	0.0	0.0	0.0	0.0	0.0	0.0	0.0	0.0147059	0.0	0.0	0.0	0.0	0.0	0.0	0.0	0.0081301	0.0	0.0149254	0.0	0.0	0.0	
Bulbul des jardins	0.2391304	0.2537313	0.3392857	0.3059701	0.3188406	0.2484848	0.2658228	0.2158273	0.2450331	0.4262295	0.3272727	0.3419689	0.3381295	0.3191489	0.3862069	0.4037267	0.4525547	0.5289256	0.4533333	0.6	0.5128205	0.4470588	0.4285714	0.3493976	0.4807692	0.4666667	0.4666667	0.2727273	0.3387097	0.3235294	0.3974359	0.4949495	0.4096386	0.3333333	0.25	0.2826087	0.21875	0.2903226	0.3	0.3203125	0.4368932	0.3333333	0.2764228	0.2601626	0.238806	0.2613636	0.3272727	0.3023256	
Pouillot siffleur	0.0	0.0	0.0	0.0	0.0	0.0	0.0	0.0	0.0	0.0	0.0	0.0	0.0	0.0	0.0137931	0.0062112	0.0072993	0.0	0.0	0.0	0.0	0.0	0.0	0.0	0.0	0.0	0.0	0.0	0.0	0.0	0.0	0.0	0.0	0.0	0.0	0.0	0.0	0.0	0.0	0.0	0.0	0.0	0.0	0.0	0.0	0.0	0.0	0.0	
Pouillot de Bonelli	0.0	0.0	0.0	0.0	0.0	0.0	0.0	0.0	0.0	0.0	0.030303	0.0207254	0.057554	0.0744681	0.0965517	0.0372671	0.0437956	0.0082645	0.0133333	0.0	0.0	0.0	0.0	0.0	0.0	0.0	0.0	0.0	0.0	0.0	0.0	0.0	0.0	0.0	0.0	0.0	0.0	0.0	0.0	0.0	0.0	0.0	0.0	0.0	0.0	0.0	0.0	0.0	
Pouillot à grands sourcils	0.0	0.0	0.0	0.0	0.0	0.0060606	0.0	0.0	0.0	0.0	0.0	0.0	0.0	0.0	0.0	0.0	0.0	0.0	0.0	0.0	0.0	0.0	0.0	0.0	0.0	0.0	0.0	0.0	0.0	0.0	0.0	0.0	0.0	0.0	0.0	0.0	0.0	0.0	0.0	0.0078125	0.0	0.0	0.0162602	0.0	0.0	0.0	0.0	0.0	
Pouillot fitis	0.0	0.0	0.0	0.0	0.0	0.0	0.0	0.0071942	0.0198675	0.0081967	0.0424242	0.0518135	0.1079137	0.1276596	0.1724138	0.1242236	0.0583942	0.0495868	0.0133333	0.0015	0.0	0.0	0.0	0.0	0.0	0.0	0.0	0.0	0.0	0.0	0.0015	0.040404	0.0481928	0.0434783	0.0294118	0.0543478	0.015625	0.016129	0.0166667	0.0015	0.0	0.0	0.0	0.0	0.0	0.0	0.0	0.0	
Pouillot véloce	0.1956522	0.5223881	0.4464286	0.3507463	0.3478261	0.3636364	0.335443	0.1654676	0.2384106	0.2377049	0.1151515	0.0932642	0.0359712	0.0106383	0.0068966	0.0062112	0.0	0.0	0.0	0.0	0.0	0.0	0.0	0.0	0.0	0.0	0.0	0.0	0.0	0.0	0.0	0.0	0.0	0.0	0.0	0.0	0.03125	0.016129	0.1	0.09375	0.184466	0.28125	0.3414634	0.3089431	0.358209	0.2727273	0.5272727	0.3604651	
Pouillot fitis ou P. véloce	0.0	0.0	0.0	0.0	0.0	0.0	0.0	0.028777	0.0264901	0.0491803	0.0424242	0.0310881	0.0071942	0.0319149	0.0068966	0.0	0.0	0.0	0.0	0.0	0.0	0.0	0.0	0.0	0.0	0.0	0.0	0.0	0.0	0.0	0.0	0.0	0.0120482	0.0	0.0	0.0	0.0	0.0	0.0	0.0	0.0015	0.0	0.0243902	0.0243902	0.0	0.0	0.0	0.0	
Pouillot ibérique	0.0	0.0	0.0	0.0	0.0	0.0060606	0.0126582	0.0215827	0.0066225	0.0015	0.0060606	0.0051813	0.0	0.0	0.0206897	0.0	0.0072993	0.0	0.0	0.0	0.0	0.0	0.0	0.0	0.0	0.0	0.0	0.0	0.0	0.0	0.0015	0.030303	0.0015	0.0144928	0.0015	0.0108696	0.015625	0.0015	0.0	0.0015	0.0	0.0	0.0	0.0	0.0	0.0	0.0	0.0	
Pouillot fitis, P. véloce ou P. ibérique	0.0	0.0	0.0	0.0	0.0	0.0	0.0	0.0071942	0.0	0.0	0.0	0.0	0.0071942	0.0	0.0	0.0	0.0	0.0	0.0133333	0.0	0.0	0.0117647	0.0	0.0	0.0	0.0	0.0	0.0	0.0	0.0	0.0	0.0	0.0	0.0	0.0	0.0	0.0	0.0015	0.0	0.0	0.0	0.0	0.0	0.0	0.0	0.0	0.0	0.0	
Pouillot véloce ou P. ibérique	0.0	0.0	0.0	0.0	0.0	0.0	0.0	0.0	0.0	0.0	0.0060606	0.0051813	0.0071942	0.0	0.0	0.0	0.0	0.0	0.0	0.0	0.0	0.0	0.0	0.0	0.0	0.0	0.0	0.0	0.0	0.0	0.0128205	0.0	0.0	0.0	0.0	0.0	0.0	0.0	0.0	0.0	0.0	0.0	0.0	0.0	0.0	0.0	0.0	0.0	
pouillot sp.	0.0	0.0	0.0	0.0015	0.0	0.0060606	0.0253165	0.0071942	0.0331126	0.0245902	0.0545455	0.0207254	0.0143885	0.0106383	0.0137931	0.0372671	0.0145985	0.0082645	0.0133333	0.0	0.0	0.0	0.0	0.0	0.0	0.0	0.0	0.0	0.0	0.0	0.0	0.020202	0.0	0.0	0.0147059	0.0	0.03125	0.016129	0.0	0.0	0.0	0.0	0.0243902	0.0	0.0298507	0.0113636	0.0015	0.0232558	
Bouscarle de Cetti	0.0	0.0	0.0	0.0	0.0144928	0.0	0.0126582	0.0	0.0	0.0	0.0	0.0051813	0.0215827	0.0	0.0	0.0062112	0.0015	0.0165289	0.0	0.0	0.0128205	0.0	0.0	0.0	0.0	0.0015	0.0	0.0	0.0	0.0015	0.0015	0.0	0.0	0.0	0.0147059	0.0	0.0	0.0	0.0015	0.0	0.0015	0.0015	0.0	0.0081301	0.0015	0.0113636	0.0	0.0	
Fauvette à tête noire	0.0869565	0.2985075	0.25	0.238806	0.2463768	0.1878788	0.2721519	0.1654676	0.218543	0.2868852	0.2	0.2331606	0.2374101	0.212766	0.1793103	0.1677019	0.2262774	0.1652893	0.2533333	0.1444444	0.2051282	0.2117647	0.2040816	0.2409639	0.1346154	0.0888889	0.0444444	0.0757576	0.016129	0.0784314	0.0641026	0.0505051	0.0963855	0.115942	0.0441176	0.0543478	0.109375	0.0322581	0.15	0.09375	0.1262136	0.1145833	0.1788618	0.097561	0.1343284	0.0795455	0.2	0.0581395	
Fauvette des jardins	0.0	0.0	0.0	0.0	0.0	0.0	0.0	0.0	0.0	0.0	0.0	0.0015	0.0143885	0.0319149	0.0827586	0.1055901	0.0510949	0.0247934	0.0266667	0.0222222	0.0	0.0117647	0.0	0.0	0.0	0.0	0.0	0.0	0.0	0.0	0.0	0.0	0.0120482	0.0015	0.0147059	0.0	0.0	0.0015	0.0	0.0	0.0	0.0	0.0	0.0	0.0	0.0	0.0	0.0	
Fauvette orphée	0.0	0.0	0.0	0.0	0.0	0.0	0.0	0.0	0.0	0.0	0.0	0.0	0.0	0.0	0.0137931	0.0186335	0.0072993	0.0	0.0	0.0	0.0	0.0	0.0	0.0	0.0	0.0	0.0	0.0	0.0	0.0	0.0	0.0	0.0	0.0	0.0015	0.0	0.0	0.016129	0.0	0.0	0.0	0.0	0.0	0.0	0.0	0.0	0.0	0.0	
Fauvette mélanocéphale	0.3913043	0.4925373	0.5178571	0.3134328	0.4492754	0.4181818	0.4620253	0.3021583	0.4768212	0.4918033	0.3878788	0.4093264	0.3956835	0.3191489	0.4344828	0.3602484	0.4525547	0.4380165	0.5066667	0.4555556	0.3717949	0.3529412	0.2653061	0.4096386	0.2692308	0.4	0.4222222	0.2878788	0.1774194	0.2647059	0.3205128	0.5050505	0.3855422	0.5652174	0.4264706	0.4347826	0.390625	0.3548387	0.4333333	0.34375	0.368932	0.375	0.3089431	0.3902439	0.3283582	0.2613636	0.4545455	0.2790698	
Fauvette passerinette	0.0	0.0	0.0	0.0	0.0	0.0	0.0	0.0	0.0	0.0	0.030303	0.0518135	0.0143885	0.0319149	0.0482759	0.0186335	0.0015	0.0015	0.0	0.0	0.0	0.0	0.0	0.0	0.0	0.0	0.0	0.0	0.0	0.0	0.0128205	0.0	0.0	0.0	0.0	0.0	0.0	0.016129	0.0	0.0	0.0	0.0	0.0	0.0	0.0	0.0	0.0	0.0	
Fauvette grisette	0.0	0.0	0.0	0.0	0.0	0.0	0.0	0.0	0.0	0.0015	0.0	0.0	0.0	0.0531915	0.0551724	0.0559006	0.0015	0.0330579	0.0	0.0	0.0	0.0	0.0	0.0	0.0	0.0	0.0	0.0	0.0	0.0	0.0	0.0	0.0	0.0144928	0.0	0.0	0.0	0.0	0.0	0.0	0.0	0.0	0.0	0.0	0.0	0.0	0.0	0.0	
Fauvette à lunettes	0.0	0.0	0.0	0.0	0.0	0.0	0.0	0.0	0.0	0.0	0.0	0.0	0.0	0.0106383	0.0	0.0	0.0015	0.0	0.0	0.0	0.0	0.0	0.0	0.0	0.0	0.0	0.0	0.0	0.0	0.0	0.0	0.0	0.0	0.0	0.0	0.0	0.0	0.0	0.0	0.0	0.0	0.0	0.0	0.0	0.0	0.0	0.0	0.0	
Fauvette pitchou	0.0	0.0	0.0	0.0	0.0	0.0	0.0126582	0.0	0.0	0.0	0.0060606	0.0	0.0071942	0.0	0.0	0.0	0.0	0.0082645	0.0133333	0.0	0.0	0.0	0.0	0.0	0.0	0.0	0.0	0.0151515	0.0	0.0	0.0	0.0	0.0	0.0	0.0	0.0	0.0	0.016129	0.0166667	0.0015	0.0015	0.0	0.0	0.0162602	0.0149254	0.0	0.0	0.0	
Sylvia ou Curruca sp.	0.0	0.0	0.0	0.0298507	0.0072464	0.0	0.0126582	0.0	0.0	0.0	0.0	0.0	0.0071942	0.0	0.0068966	0.0	0.0	0.0	0.0	0.0	0.0	0.0	0.0	0.0	0.0	0.0	0.0	0.0	0.0	0.0	0.0015	0.0	0.0	0.0	0.0	0.0015	0.0	0.0	0.0	0.0	0.0	0.0	0.0162602	0.0	0.0	0.0	0.0	0.0232558	
Roitelet à triple bandeau	0.0	0.0149254	0.0	0.0	0.0072464	0.0060606	0.0316456	0.0143885	0.0066225	0.0327869	0.0363636	0.0310881	0.0071942	0.0319149	0.0137931	0.0	0.0291971	0.0	0.04	0.0111111	0.0128205	0.0352941	0.0	0.0120482	0.0	0.0	0.0222222	0.0	0.0	0.0196078	0.0128205	0.040404	0.0481928	0.0724638	0.0441176	0.076087	0.109375	0.0322581	0.0333333	0.0	0.0	0.0208333	0.0081301	0.0162602	0.0	0.0113636	0.0181818	0.0348837	
Grimpereau des jardins	0.0	0.0298507	0.0178571	0.0074627	0.0144928	0.0484848	0.0506329	0.0071942	0.0463576	0.0245902	0.0909091	0.0414508	0.028777	0.0851064	0.0413793	0.0434783	0.0875912	0.0330579	0.04	0.0333333	0.0641026	0.1058824	0.0408163	0.1686747	0.0192308	0.0888889	0.1111111	0.0454545	0.0	0.0490196	0.1153846	0.0707071	0.0722892	0.1449275	0.0588235	0.0869565	0.09375	0.0322581	0.05	0.0	0.0	0.0416667	0.0162602	0.0081301	0.0447761	0.0	0.0181818	0.0116279	
Troglodyte mignon	0.0434783	0.0895522	0.0892857	0.141791	0.115942	0.1878788	0.2594937	0.1438849	0.2516556	0.2213115	0.2666667	0.1968912	0.2014388	0.2021277	0.1862069	0.1180124	0.270073	0.214876	0.16	0.1555556	0.1153846	0.1647059	0.2040816	0.0722892	0.0384615	0.0444444	0.0666667	0.0909091	0.0	0.0882353	0.0769231	0.0909091	0.1204819	0.0869565	0.1470588	0.1195652	0.078125	0.1290323	0.0833333	0.0390625	0.0679612	0.1354167	0.1219512	0.0487805	0.1044776	0.0568182	0.0727273	0.0581395	
Étourneau sansonnet	0.0015	0.0149254	0.0	0.0	0.0	0.0	0.0063291	0.0	0.0	0.0081967	0.0	0.0051813	0.0	0.0	0.0	0.0	0.0	0.0	0.0	0.0	0.0	0.0	0.0	0.0	0.0	0.0	0.0	0.0	0.0	0.0	0.0	0.0	0.0	0.0	0.0	0.0	0.0	0.0	0.0166667	0.0	0.0194175	0.0015	0.0	0.0	0.0	0.0113636	0.0	0.0116279	
Étourneau unicolore	0.1086957	0.4477612	0.4107143	0.2462687	0.2173913	0.1939394	0.221519	0.1726619	0.2649007	0.3196721	0.2545455	0.2176166	0.294964	0.287234	0.3241379	0.4347826	0.2773723	0.2975207	0.32	0.5222222	0.3076923	0.2705882	0.3469388	0.3253012	0.3461538	0.4	0.3111111	0.2121212	0.2419355	0.1568627	0.1410256	0.1919192	0.2048193	0.2173913	0.2205882	0.2391304	0.15625	0.1612903	0.2	0.234375	0.3009709	0.28125	0.2520325	0.2601626	0.1940299	0.1590909	0.2	0.1395349	
Étourneau sansonnet ou É. unicolore	0.0	0.0	0.0	0.0	0.0072464	0.0	0.0	0.0	0.0	0.0	0.0	0.0	0.0	0.0	0.0	0.0	0.0	0.0	0.0	0.0	0.0	0.0	0.0	0.0	0.0	0.0	0.0	0.0	0.0	0.0	0.0	0.0	0.0	0.0	0.0	0.0	0.0	0.0	0.0	0.0	0.0097087	0.0	0.0	0.0	0.0	0.0	0.0	0.0	
Grive draine	0.0	0.0	0.0	0.0	0.0	0.0	0.0	0.0	0.0	0.0	0.0	0.0	0.0	0.0	0.0	0.0	0.0	0.0	0.0	0.0	0.0	0.0	0.0	0.0	0.0	0.0	0.0222222	0.0	0.0	0.0	0.0015	0.0	0.0	0.0	0.0	0.0	0.0	0.0	0.0	0.0	0.0	0.0	0.0	0.0	0.0	0.0	0.0	0.0	
Grive musicienne	0.0	0.0298507	0.0	0.0373134	0.0072464	0.0	0.0126582	0.0071942	0.013245	0.0	0.0	0.0	0.0	0.0	0.0068966	0.0	0.0	0.0	0.0	0.0	0.0	0.0	0.0	0.0	0.0	0.0	0.0	0.0	0.0	0.0	0.0	0.0	0.0	0.0	0.0	0.0	0.015625	0.0015	0.0166667	0.0234375	0.0679612	0.0625	0.0243902	0.0	0.0	0.0015	0.0545455	0.0015	
Grive mauvis	0.0	0.0	0.0	0.0	0.0	0.0	0.0	0.0	0.0	0.0	0.0	0.0	0.0	0.0	0.0	0.0	0.0	0.0	0.0	0.0	0.0	0.0	0.0	0.0	0.0	0.0	0.0	0.0	0.0	0.0	0.0	0.0	0.0	0.0	0.0	0.0	0.0	0.0	0.0	0.0	0.0	0.0104167	0.0	0.0	0.0	0.0	0.0	0.0	
Merle noir	0.1304348	0.2238806	0.125	0.1343284	0.2463768	0.1636364	0.2721519	0.1510791	0.2847682	0.3032787	0.3393939	0.2953368	0.3381295	0.3510638	0.337931	0.3291925	0.4306569	0.4710744	0.48	0.5	0.4487179	0.4352941	0.2653061	0.3012048	0.3076923	0.2222222	0.2	0.2424242	0.0967742	0.127451	0.1282051	0.2626263	0.2891566	0.3478261	0.2058824	0.2391304	0.265625	0.2096774	0.25	0.1015625	0.1262136	0.1458333	0.2520325	0.1463415	0.1641791	0.1477273	0.1818182	0.1395349	
Merle à plastron	0.0	0.0	0.0	0.0	0.0	0.0	0.0	0.0	0.0	0.0	0.0	0.0	0.0	0.0	0.0	0.0	0.0	0.0	0.0	0.0	0.0	0.0	0.0	0.0	0.0	0.0	0.0	0.0	0.0	0.0	0.0	0.0	0.0	0.0	0.0	0.0	0.0	0.0	0.0	0.0015	0.0	0.0	0.0	0.0	0.0	0.0	0.0	0.0	
Turdus sp.	0.0	0.0	0.0	0.0	0.0	0.0	0.0	0.0	0.0	0.0	0.0	0.0	0.0	0.0	0.0	0.0	0.0	0.0082645	0.0	0.0	0.0	0.0	0.0	0.0	0.0	0.0	0.0	0.0	0.0	0.0	0.0	0.0	0.0	0.0	0.0	0.0	0.0	0.0	0.0	0.0	0.0	0.0	0.0	0.0	0.0	0.0	0.0	0.0	
Gobemouche gris	0.0	0.0	0.0	0.0	0.0	0.0	0.0	0.0	0.0	0.0	0.0	0.0	0.0	0.0106383	0.0206897	0.068323	0.1021898	0.1818182	0.1466667	0.1111111	0.1282051	0.1529412	0.1836735	0.2168675	0.1730769	0.1333333	0.5333333	0.3484848	0.2580645	0.2156863	0.1666667	0.3535354	0.3012048	0.3478261	0.1764706	0.1413043	0.03125	0.016129	0.0333333	0.0	0.0	0.0	0.0	0.0	0.0	0.0	0.0	0.0	
Agrobate roux	0.0	0.0	0.0	0.0	0.0	0.0	0.0	0.0	0.0	0.0	0.0	0.0	0.0	0.0	0.0068966	0.0015	0.0	0.0	0.0	0.0	0.0	0.0	0.0	0.0	0.0	0.0	0.0	0.0	0.0	0.0	0.0	0.0	0.0	0.0	0.0	0.0	0.0	0.0	0.0	0.0	0.0	0.0	0.0	0.0	0.0	0.0	0.0	0.0	
Rougegorge familier	0.173913	0.358209	0.25	0.2537313	0.2246377	0.1939394	0.2911392	0.1151079	0.1854305	0.2131148	0.2363636	0.1502591	0.0863309	0.0851064	0.0896552	0.0621118	0.1313869	0.0743802	0.1333333	0.0666667	0.0641026	0.1529412	0.1428571	0.0481928	0.0192308	0.0222222	0.0222222	0.0151515	0.0015	0.0098039	0.025641	0.040404	0.0722892	0.057971	0.1029412	0.1086957	0.1875	0.1935484	0.25	0.203125	0.3786408	0.4583333	0.3495935	0.3170732	0.2537313	0.2386364	0.4363636	0.2325581	
Rossignol philomèle	0.0	0.0	0.0	0.0	0.0	0.0	0.0	0.0	0.0	0.0081967	0.0121212	0.0777202	0.1223022	0.1170213	0.1448276	0.0993789	0.1167883	0.0909091	0.0666667	0.0111111	0.0641026	0.0235294	0.0204082	0.0120482	0.0	0.0	0.0	0.0	0.016129	0.0	0.0	0.0	0.0	0.0	0.0015	0.0	0.0	0.0	0.0015	0.0	0.0	0.0	0.0	0.0	0.0	0.0	0.0	0.0	
Gobemouche noir	0.0	0.0	0.0	0.0	0.0	0.0	0.0	0.0	0.0066225	0.0	0.0	0.0	0.0143885	0.0531915	0.0827586	0.1304348	0.0437956	0.0082645	0.0133333	0.0	0.0	0.0	0.0	0.0	0.0015	0.0	0.0	0.0	0.0	0.0	0.0	0.030303	0.060241	0.0869565	0.0588235	0.0543478	0.046875	0.016129	0.0333333	0.0015	0.0	0.0	0.0	0.0	0.0	0.0	0.0	0.0	
Ficedula sp.	0.0	0.0	0.0	0.0	0.0	0.0	0.0	0.0	0.0	0.0	0.0	0.0	0.0	0.0	0.0	0.0	0.0	0.0	0.0	0.0	0.0	0.0	0.0	0.0	0.0	0.0	0.0	0.0	0.0	0.0	0.0	0.0	0.0	0.0	0.0	0.0108696	0.0	0.0	0.0	0.0	0.0	0.0	0.0	0.0	0.0	0.0	0.0	0.0	
Rougequeue à front blanc	0.0	0.0	0.0	0.0	0.0	0.0	0.0	0.0	0.0	0.0	0.0121212	0.0207254	0.0359712	0.0212766	0.0413793	0.0062112	0.0072993	0.0	0.0	0.0	0.0	0.0	0.0	0.0	0.0015	0.0	0.0	0.0	0.0	0.0	0.0	0.010101	0.0120482	0.0434783	0.0294118	0.0217391	0.046875	0.0	0.0166667	0.0078125	0.0	0.0	0.0	0.0	0.0	0.0	0.0	0.0	
Rougequeue noir	0.1304348	0.2089552	0.2857143	0.1268657	0.2391304	0.1939394	0.164557	0.1294964	0.1456954	0.1721311	0.0484848	0.0207254	0.0071942	0.0	0.0	0.0	0.0	0.0	0.0	0.0	0.0	0.0	0.0	0.0	0.0	0.0	0.0	0.0	0.0	0.0	0.0	0.0	0.0	0.0	0.0	0.0217391	0.0	0.016129	0.05	0.1328125	0.2912621	0.25	0.203252	0.2520325	0.238806	0.1818182	0.3272727	0.244186	
Monticole bleu	0.0434783	0.0	0.0357143	0.0074627	0.0144928	0.0060606	0.0316456	0.0215827	0.0198675	0.0245902	0.0060606	0.0015	0.0071942	0.0	0.0068966	0.0124224	0.0072993	0.0082645	0.0	0.0111111	0.0	0.0	0.0	0.0	0.0	0.0	0.0	0.0151515	0.0	0.0	0.0	0.0	0.0	0.0	0.0	0.0	0.0	0.016129	0.0	0.015625	0.038835	0.0416667	0.0081301	0.0325203	0.0015	0.0340909	0.0363636	0.0348837	
Tarier des prés	0.0	0.0	0.0	0.0	0.0	0.0	0.0	0.0	0.0	0.0	0.0	0.0	0.0	0.0	0.0068966	0.0124224	0.0	0.0	0.0	0.0	0.0	0.0	0.0	0.0	0.0	0.0	0.0	0.0	0.0	0.0	0.0	0.0	0.0	0.0144928	0.0	0.0	0.015625	0.0	0.0166667	0.0015	0.0	0.0	0.0	0.0	0.0	0.0	0.0	0.0	
Tarier pâtre	0.0217391	0.0298507	0.0357143	0.0223881	0.0507246	0.0484848	0.056962	0.0	0.0264901	0.0	0.0121212	0.0051813	0.0071942	0.0	0.0	0.0062112	0.0291971	0.0	0.0	0.0	0.0	0.0	0.0	0.0	0.0	0.0	0.0	0.0	0.0	0.0	0.0	0.0	0.0	0.0	0.0	0.0108696	0.0625	0.0322581	0.0833333	0.046875	0.0582524	0.0520833	0.0487805	0.0731707	0.0447761	0.0568182	0.0545455	0.0930233	
Traquet motteux	0.0	0.0	0.0	0.0	0.0	0.0	0.0	0.0	0.0066225	0.0081967	0.0	0.0051813	0.0143885	0.0106383	0.0137931	0.0062112	0.0072993	0.0	0.0133333	0.0	0.0	0.0	0.0	0.0	0.0	0.0	0.0	0.0	0.0	0.0	0.0	0.0	0.0	0.0	0.0	0.0	0.0	0.0	0.0166667	0.0078125	0.0	0.0	0.0	0.0	0.0	0.0	0.0	0.0	
Traquet oreillard	0.0	0.0	0.0	0.0	0.0	0.0	0.0	0.0	0.0	0.0	0.0	0.0103627	0.0	0.0	0.0137931	0.0062112	0.0	0.0	0.0	0.0	0.0	0.0	0.0	0.0	0.0	0.0	0.0	0.0	0.0	0.0	0.0	0.0	0.0	0.0	0.0	0.0	0.0	0.0	0.0	0.0	0.0	0.0	0.0	0.0	0.0	0.0	0.0	0.0	
Traquet rieur	0.0015	0.0	0.0	0.0	0.0	0.0	0.0	0.0	0.0	0.0	0.0	0.0	0.0	0.0	0.0	0.0	0.0	0.0	0.0	0.0	0.0	0.0	0.0	0.0	0.0015	0.0	0.0	0.0	0.0	0.0	0.0	0.0	0.0	0.0	0.0	0.0	0.0	0.0	0.0	0.0	0.0	0.0	0.0	0.0	0.0	0.0	0.0	0.0	
Oenanthe sp.	0.0	0.0	0.0	0.0	0.0	0.0	0.0	0.0	0.0	0.0	0.0	0.0	0.0015	0.0	0.0	0.0	0.0	0.0082645	0.0	0.0	0.0	0.0	0.0	0.0	0.0	0.0	0.0	0.0	0.0	0.0	0.0	0.0	0.0120482	0.0	0.0	0.0	0.0	0.0	0.0	0.0	0.0	0.0	0.0	0.0	0.0	0.0	0.0	0.0	
Moineau domestique	0.2391304	0.5820896	0.5714286	0.380597	0.4492754	0.3757576	0.3987342	0.381295	0.4768212	0.5491803	0.5030303	0.4715026	0.4244604	0.4787234	0.5172414	0.5217391	0.4452555	0.5785124	0.64	0.6777778	0.5897436	0.5764706	0.6122449	0.5783133	0.6346154	0.6222222	0.5111111	0.4242424	0.4516129	0.2745098	0.1794872	0.3737374	0.373494	0.2753623	0.3088235	0.2065217	0.171875	0.2258065	0.25	0.296875	0.3106796	0.3333333	0.3170732	0.3333333	0.3134328	0.2954545	0.2909091	0.2325581	
Moineau espagnol	0.0	0.0	0.0	0.0	0.0	0.0	0.0	0.0	0.0	0.0	0.0	0.0	0.0015	0.0015	0.0	0.0	0.0	0.0	0.0	0.0	0.0	0.0	0.0	0.0	0.0	0.0	0.0	0.0	0.0	0.0	0.0	0.0	0.0	0.0	0.0	0.0	0.0	0.0	0.0	0.0	0.0	0.0104167	0.0	0.0	0.0	0.0	0.0	0.0	
Moineau domestique ou M. espagnol	0.0	0.0	0.0	0.0	0.0	0.0	0.0	0.0	0.0	0.0	0.0	0.0	0.0	0.0	0.0	0.0	0.0072993	0.0	0.0	0.0	0.0	0.0	0.0	0.0120482	0.0	0.0	0.0	0.0	0.0	0.0	0.0	0.0	0.0	0.0	0.0	0.0	0.0	0.0	0.0	0.0	0.0	0.0	0.0	0.0	0.0	0.0	0.0	0.0	
Moineau doré	0.0	0.0	0.0	0.0	0.0	0.0	0.0	0.0	0.0	0.0	0.0	0.0	0.0	0.0	0.0	0.0	0.0	0.0	0.0	0.0	0.0	0.0	0.0	0.0	0.0	0.0	0.0	0.0	0.0	0.0	0.0	0.0	0.0	0.0	0.0	0.0	0.0015	0.0	0.0	0.0	0.0	0.0	0.0	0.0	0.0	0.0	0.0	0.0	
Bergeronnette des ruisseaux	0.0	0.0149254	0.0	0.0074627	0.0217391	0.0121212	0.0189873	0.0215827	0.0066225	0.0015	0.0181818	0.0	0.0	0.0	0.0	0.0	0.0072993	0.0165289	0.0	0.0111111	0.0384615	0.0117647	0.0015	0.0	0.0	0.0222222	0.0	0.0	0.016129	0.0	0.0	0.0	0.0120482	0.0	0.0	0.0108696	0.0	0.0015	0.05	0.0703125	0.0485437	0.0416667	0.0081301	0.0406504	0.0746269	0.0113636	0.0545455	0.0232558	
Bergeronnette printanière	0.0	0.0	0.0	0.0	0.0	0.0	0.0	0.0071942	0.0264901	0.0163934	0.0181818	0.0259067	0.0431655	0.0106383	0.0275862	0.0248447	0.0218978	0.0165289	0.0	0.0	0.0	0.0	0.0	0.0	0.0	0.0	0.0	0.0	0.0	0.0	0.0	0.0	0.0361446	0.0289855	0.0147059	0.0108696	0.015625	0.0	0.0	0.015625	0.0097087	0.0	0.0	0.0	0.0	0.0	0.0	0.0	
Bergeronnette grise	0.0652174	0.0447761	0.0714286	0.1119403	0.1304348	0.0909091	0.0759494	0.057554	0.1125828	0.0409836	0.0424242	0.0310881	0.057554	0.0319149	0.0137931	0.0124224	0.0072993	0.0	0.0	0.0	0.0	0.0	0.0204082	0.0120482	0.0015	0.0	0.0	0.0	0.0	0.0098039	0.0	0.0	0.0	0.0	0.0	0.0	0.015625	0.016129	0.0166667	0.0703125	0.1262136	0.0729167	0.0894309	0.1788618	0.1492537	0.1022727	0.1454545	0.1395349	
bergeronette sp.	0.0	0.0	0.0	0.0	0.0	0.0	0.0	0.0	0.0	0.0	0.0	0.0	0.0	0.0	0.0	0.0	0.0	0.0	0.0	0.0	0.0	0.0	0.0	0.0	0.0	0.0	0.0	0.0	0.0	0.0	0.0128205	0.0	0.0	0.0	0.0	0.0	0.0	0.0	0.0	0.0	0.0	0.0	0.0	0.0	0.0	0.0	0.0	0.0	
Pipit rousseline	0.0	0.0	0.0	0.0	0.0	0.0	0.0	0.0	0.0	0.0	0.0	0.0	0.0	0.0	0.0137931	0.0	0.0	0.0	0.0	0.0	0.0	0.0	0.0	0.0	0.0	0.0	0.0	0.0	0.0	0.0	0.0	0.0	0.0	0.0	0.0	0.0	0.0	0.0	0.0	0.0	0.0	0.0	0.0	0.0	0.0	0.0	0.0	0.0	
Pipit farlouse	0.0	0.0149254	0.0357143	0.0149254	0.0217391	0.0121212	0.0189873	0.0215827	0.0463576	0.0245902	0.0121212	0.0103627	0.0143885	0.0	0.0	0.0015	0.0	0.0	0.0	0.0	0.0	0.0	0.0	0.0	0.0	0.0	0.0	0.0	0.0	0.0	0.0	0.0	0.0	0.0	0.0	0.0	0.0	0.0	0.0166667	0.078125	0.1359223	0.03125	0.0162602	0.0406504	0.0746269	0.0227273	0.0545455	0.0232558	
Pipit des arbres	0.0	0.0	0.0	0.0	0.0	0.0	0.0	0.0	0.0	0.0	0.0	0.0207254	0.0143885	0.0	0.0275862	0.0124224	0.0072993	0.0	0.0	0.0	0.0	0.0	0.0	0.0	0.0	0.0	0.0	0.0	0.0	0.0	0.0	0.0	0.0	0.0	0.0	0.0	0.0	0.0	0.0	0.0	0.0	0.0	0.0	0.0	0.0	0.0	0.0	0.0	
Pipit à dos olive	0.0	0.0	0.0	0.0	0.0	0.0	0.0	0.0	0.0	0.0	0.0	0.0	0.0	0.0	0.0	0.0	0.0	0.0	0.0	0.0	0.0	0.0	0.0	0.0	0.0	0.0	0.0	0.0	0.0	0.0	0.0	0.0	0.0	0.0	0.0	0.0	0.0	0.0	0.0	0.0015	0.0	0.0	0.0	0.0	0.0	0.0	0.0	0.0	
Anthus sp.	0.0	0.0	0.0	0.0	0.0	0.0	0.0	0.0071942	0.0	0.0	0.0	0.0	0.0071942	0.0	0.0	0.0	0.0	0.0	0.0	0.0	0.0	0.0	0.0	0.0	0.0	0.0	0.0	0.0	0.0	0.0	0.0	0.0	0.0	0.0	0.0	0.0	0.0	0.0	0.0	0.0234375	0.0015	0.0104167	0.0	0.0162602	0.0	0.0113636	0.0	0.0	
Pinson des arbres	0.0434783	0.0149254	0.0357143	0.0298507	0.057971	0.0181818	0.0253165	0.028777	0.0397351	0.0081967	0.1151515	0.0829016	0.028777	0.0425532	0.0413793	0.0372671	0.0	0.0	0.0	0.0	0.0	0.0	0.0	0.0	0.0	0.0	0.0	0.0	0.0	0.0	0.0	0.0	0.0	0.0	0.0	0.0	0.03125	0.0	0.0166667	0.015625	0.0485437	0.0015	0.0162602	0.0	0.0149254	0.0113636	0.0	0.0348837	
Pinson d'Afrique	0.0869565	0.2238806	0.1607143	0.1567164	0.1811594	0.2424242	0.3670886	0.1798561	0.3774834	0.4262295	0.3030303	0.2849741	0.3165468	0.2978723	0.3448276	0.3229814	0.3868613	0.4214876	0.48	0.4222222	0.4358974	0.4235294	0.3469388	0.5060241	0.2884615	0.1777778	0.4222222	0.2424242	0.1129032	0.245098	0.1282051	0.3232323	0.3253012	0.3333333	0.2352941	0.25	0.1875	0.1451613	0.15	0.1328125	0.1747573	0.1666667	0.1869919	0.1463415	0.1940299	0.0795455	0.1272727	0.0697674	
Pinson des arbres ou P. d'Afrique	0.0	0.0	0.0	0.0	0.0	0.0	0.0	0.0	0.0	0.0	0.0	0.0	0.0071942	0.0212766	0.0	0.0124224	0.0072993	0.0082645	0.0	0.0	0.0	0.0	0.0	0.0	0.0192308	0.0	0.0	0.0	0.0	0.0098039	0.0	0.0	0.0	0.0	0.0	0.0	0.0	0.0	0.0	0.0	0.0	0.0	0.0	0.0	0.0	0.0	0.0	0.0	
Pinson du Nord	0.0	0.0	0.0	0.0	0.0	0.0	0.0	0.0	0.0	0.0015	0.0060606	0.0	0.0	0.0106383	0.0	0.0	0.0	0.0	0.0	0.0	0.0	0.0	0.0	0.0	0.0	0.0	0.0	0.0	0.0	0.0	0.0	0.0	0.0	0.0	0.0	0.0	0.0	0.0	0.0	0.0015	0.0	0.0	0.0	0.0	0.0	0.0	0.0	0.0	
Roselin cramoisi	0.0	0.0	0.0	0.0	0.0	0.0	0.0	0.0	0.0	0.0	0.0	0.0	0.0	0.0	0.0	0.0	0.0	0.0	0.0	0.0	0.0	0.0	0.0	0.0	0.0	0.0	0.0	0.0	0.0	0.0	0.0	0.0	0.0	0.0	0.0	0.0015	0.0	0.0	0.0	0.0	0.0	0.0	0.0	0.0	0.0	0.0	0.0	0.0	
Bouvreuil pivoine	0.0	0.0	0.0	0.0	0.0	0.0	0.0	0.0	0.0	0.0	0.0	0.0	0.0	0.0	0.0	0.0	0.0	0.0	0.0	0.0	0.0	0.0	0.0	0.0	0.0	0.0	0.0	0.0	0.0	0.0	0.0	0.0	0.0	0.0	0.0	0.0	0.0	0.0	0.0	0.0	0.0097087	0.0	0.0	0.0	0.0	0.0	0.0	0.0	
Verdier d'Europe	0.0	0.0298507	0.0178571	0.0149254	0.0289855	0.0424242	0.0443038	0.0143885	0.0596026	0.057377	0.1090909	0.0829016	0.1223022	0.1489362	0.0896552	0.0496894	0.080292	0.1239669	0.1333333	0.1333333	0.0769231	0.0705882	0.0816327	0.1325301	0.0576923	0.0666667	0.0444444	0.0454545	0.016129	0.0294118	0.0	0.0606061	0.0722892	0.0724638	0.0	0.0543478	0.0	0.016129	0.0166667	0.0390625	0.0582524	0.03125	0.0325203	0.0325203	0.0298507	0.0	0.0181818	0.0	
Linotte mélodieuse	0.0	0.0149254	0.0178571	0.0	0.0	0.0181818	0.0253165	0.0071942	0.013245	0.0409836	0.0121212	0.0051813	0.028777	0.0015	0.0275862	0.0062112	0.0015	0.0082645	0.0	0.0111111	0.025641	0.0117647	0.0	0.0120482	0.0	0.0	0.0	0.0151515	0.0	0.0	0.0	0.0	0.0	0.0	0.0147059	0.0	0.0	0.0	0.0333333	0.0234375	0.0015	0.0104167	0.0081301	0.0	0.0	0.0	0.0	0.0	
Bec-croisé des sapins	0.0	0.0149254	0.0	0.0149254	0.0144928	0.0242424	0.0316456	0.0143885	0.0331126	0.0081967	0.0424242	0.0259067	0.0143885	0.0106383	0.0206897	0.0	0.0218978	0.0165289	0.0533333	0.0	0.0128205	0.0235294	0.0408163	0.060241	0.0	0.0222222	0.0	0.0151515	0.0	0.0294118	0.0128205	0.0808081	0.0240964	0.0869565	0.0735294	0.0543478	0.046875	0.0322581	0.0666667	0.0078125	0.0097087	0.0625	0.0162602	0.0487805	0.0298507	0.0113636	0.0181818	0.0232558	
Chardonneret élégant	0.0434783	0.0	0.0	0.0074627	0.0434783	0.0181818	0.0253165	0.0215827	0.0794702	0.0901639	0.0909091	0.0518135	0.1294964	0.1276596	0.0689655	0.0186335	0.0656934	0.0578512	0.04	0.0444444	0.0384615	0.0117647	0.0204082	0.0240964	0.0192308	0.0015	0.0444444	0.0	0.016129	0.0098039	0.0	0.020202	0.0481928	0.0144928	0.0441176	0.0217391	0.015625	0.016129	0.05	0.03125	0.0582524	0.0520833	0.0894309	0.0487805	0.0	0.0113636	0.0545455	0.0	
Serin cini	0.0434783	0.0447761	0.0357143	0.0746269	0.173913	0.0848485	0.1962025	0.1079137	0.205298	0.1885246	0.2545455	0.1554404	0.1942446	0.1914894	0.1931034	0.0993789	0.189781	0.2396694	0.1866667	0.1777778	0.1538462	0.1176471	0.1632653	0.1807229	0.0769231	0.0222222	0.2666667	0.0909091	0.0322581	0.0294118	0.0128205	0.0707071	0.1204819	0.1014493	0.0735294	0.0434783	0.03125	0.0	0.05	0.03125	0.0194175	0.0520833	0.0406504	0.0243902	0.0298507	0.0227273	0.0	0.0116279	
Tarin des aulnes	0.0217391	0.0	0.0	0.0	0.0362319	0.0060606	0.0189873	0.0	0.0015	0.0	0.0121212	0.0103627	0.0015	0.0212766	0.0206897	0.0	0.0	0.0	0.0	0.0	0.0	0.0	0.0	0.0	0.0	0.0	0.0	0.0	0.0	0.0	0.0	0.0	0.0	0.0	0.0	0.0	0.0	0.0	0.0	0.0015	0.0679612	0.0729167	0.0081301	0.0325203	0.0746269	0.0015	0.0363636	0.0	
fringillidé sp.	0.0	0.0	0.0	0.0	0.0	0.0	0.0	0.0	0.0	0.0	0.0	0.0051813	0.0	0.0	0.0	0.0	0.0	0.0	0.0	0.0	0.0	0.0	0.0	0.0	0.0	0.0	0.0	0.0	0.0	0.0	0.0	0.0	0.0	0.0	0.0	0.0	0.0	0.0	0.0	0.0	0.0097087	0.0	0.0	0.0	0.0	0.0	0.0	0.0	
Bruant proyer	0.0	0.0	0.0	0.0	0.0	0.0	0.0	0.0	0.0066225	0.0081967	0.0	0.015544	0.0215827	0.0	0.0	0.0124224	0.0	0.0	0.0	0.0	0.0	0.0	0.0	0.0	0.0	0.0	0.0	0.0	0.0	0.0	0.0	0.0	0.0	0.0	0.0	0.0	0.0	0.0	0.0	0.0	0.0	0.0	0.0	0.0	0.0	0.0	0.0	0.0	
Bruant zizi	0.0	0.0298507	0.0178571	0.0373134	0.0362319	0.0242424	0.0759494	0.0071942	0.0596026	0.0409836	0.0545455	0.0518135	0.057554	0.0744681	0.0689655	0.0559006	0.1167883	0.0991736	0.0666667	0.0666667	0.0641026	0.1176471	0.1020408	0.0481928	0.0576923	0.0444444	0.0666667	0.030303	0.016129	0.0588235	0.025641	0.040404	0.0120482	0.0869565	0.0588235	0.1086957	0.046875	0.0322581	0.0833333	0.015625	0.0194175	0.0729167	0.0569106	0.0325203	0.0149254	0.0113636	0.0181818	0.0	
Bruant ortolan	0.0	0.0	0.0	0.0	0.0	0.0	0.0	0.0	0.0	0.0	0.0	0.0	0.0	0.0	0.0	0.0015	0.0	0.0	0.0	0.0	0.0	0.0	0.0	0.0	0.0	0.0	0.0	0.0	0.0	0.0	0.0	0.0	0.0	0.0	0.0	0.0	0.0	0.0	0.0	0.0	0.0	0.0	0.0	0.0	0.0	0.0	0.0	0.0	
Bruant du Sahara	0.0652174	0.1044776	0.25	0.1865672	0.1956522	0.1272727	0.1835443	0.1151079	0.192053	0.1639344	0.1878788	0.1036269	0.1438849	0.1595745	0.1310345	0.1863354	0.0875912	0.1652893	0.1866667	0.1444444	0.1666667	0.2	0.2244898	0.1325301	0.1346154	0.2444444	0.2444444	0.1666667	0.0967742	0.1078431	0.1410256	0.3030303	0.2048193	0.2753623	0.2647059	0.2065217	0.140625	0.1290323	0.1166667	0.1328125	0.1456311	0.1875	0.1138211	0.1219512	0.119403	0.0681818	0.1454545	0.0813953	
Bruant nain	0.0	0.0	0.0	0.0	0.0	0.0	0.0	0.0	0.0	0.0	0.0	0.0	0.0	0.0	0.0	0.0	0.0	0.0	0.0	0.0	0.0	0.0	0.0	0.0	0.0	0.0	0.0	0.0	0.0	0.0	0.0	0.0	0.0	0.0	0.0	0.0	0.0	0.0	0.0015	0.0	0.0	0.0	0.0	0.0	0.0	0.0	0.0	0.0	
passereau sp.	0.0	0.0	0.0	0.0	0.0	0.0	0.0063291	0.0215827	0.0	0.0	0.0	0.0	0.0359712	0.0	0.0	0.0062112	0.0	0.0082645	0.0133333	0.0	0.0128205	0.0470588	0.0	0.0	0.0	0.0	0.0222222	0.0151515	0.016129	0.0196078	0.0	0.020202	0.0	0.0	0.0147059	0.0108696	0.0	0.0	0.0	0.0078125	0.0	0.0	0.0	0.0	0.0	0.0	0.0	0.0	

