









Frequency of observations in the selected location(s).:
Number of taxa: 	290

	Jan				Feb				Mar				Apr				May				Jun				Jul				Aug				Sep				Oct				Nov				Dec				
Sample Size:	69.0	66.0	54.0	83.0	51.0	76.0	60.0	99.0	53.0	45.0	36.0	53.0	68.0	110.0	104.0	144.0	89.0	77.0	52.0	128.0	70.0	145.0	61.0	73.0	59.0	93.0	80.0	77.0	50.0	45.0	70.0	55.0	23.0	34.0	51.0	73.0	77.0	63.0	32.0	53.0	34.0	38.0	41.0	68.0	55.0	70.0	95.0	43.0	

Oie à tête barrée	0.0	0.0	0.0	0.0	0.0	0.0	0.0	0.0	0.0	0.0	0.0	0.0	0.0	0.0	0.0	0.0	0.0	0.0015	0.0015	0.0	0.0	0.0	0.0	0.0	0.0	0.0	0.0	0.0	0.0	0.0	0.0142857	0.0015	0.0	0.0015	0.0	0.0015	0.0015	0.0015	0.0	0.0015	0.0	0.0	0.0	0.0015	0.0	0.0	0.0	0.0	
Oie cendrée	0.0289855	0.030303	0.0015	0.0361446	0.0015	0.0394737	0.0015	0.010101	0.0015	0.0015	0.0555556	0.0377358	0.0294118	0.0272727	0.0192308	0.0138889	0.0337079	0.012987	0.0015	0.0015	0.0	0.0015	0.0015	0.0136986	0.0	0.0107527	0.0125	0.012987	0.0015	0.0015	0.0015	0.0015	0.0015	0.0015	0.0015	0.0015	0.0015	0.0015	0.03125	0.0566038	0.0588235	0.0263158	0.0243902	0.0015	0.0181818	0.0015	0.0105263	0.0015	
Oie cygnoïde	0.0	0.0	0.0	0.0	0.0	0.0	0.0	0.0	0.0	0.0	0.0	0.0188679	0.0	0.0	0.0	0.0	0.0	0.0	0.0	0.0	0.0	0.0	0.0	0.0	0.0	0.0	0.0	0.0015	0.0	0.0	0.0	0.0	0.0	0.0	0.0	0.0	0.0	0.0	0.0	0.0	0.0	0.0015	0.0015	0.0	0.0	0.0015	0.0	0.0	
Bernache cravant	0.0	0.0	0.0	0.0	0.0	0.0	0.0	0.0	0.0	0.0	0.0	0.0	0.0	0.0	0.0	0.0015	0.0	0.0	0.0	0.0	0.0	0.0	0.0	0.0	0.0	0.0	0.0	0.0	0.0	0.0	0.0	0.0	0.0	0.0	0.0	0.0	0.0	0.0	0.0	0.0	0.0	0.0	0.0	0.0	0.0	0.0	0.0	0.0	
Bernache nonnette	0.0	0.0	0.0015	0.0	0.0	0.0	0.0	0.0	0.0	0.0	0.0	0.0	0.0	0.0	0.0	0.0	0.0	0.0	0.0	0.0	0.0	0.0	0.0	0.0	0.0	0.0	0.0	0.0	0.0	0.0	0.0	0.0	0.0	0.0	0.0	0.0	0.0	0.0	0.0	0.0	0.0	0.0	0.0	0.0147059	0.0	0.0	0.0	0.0	
Bernache du Canada	0.0015	0.0151515	0.0185185	0.0481928	0.0392157	0.1184211	0.0333333	0.0707071	0.0566038	0.0888889	0.0277778	0.1320755	0.0588235	0.0636364	0.0384615	0.0625	0.0449438	0.0909091	0.0576923	0.0625	0.0428571	0.0275862	0.0327869	0.0410959	0.0015	0.0860215	0.05	0.012987	0.04	0.0888889	0.0428571	0.0363636	0.0434783	0.0294118	0.0196078	0.0136986	0.012987	0.0	0.0015	0.0377358	0.0015	0.0263158	0.0243902	0.0441176	0.0015	0.0015	0.0210526	0.1162791	
Bernache néné	0.0	0.0	0.0	0.0	0.0	0.0015	0.0	0.0	0.0	0.0	0.0	0.0015	0.0	0.0	0.0	0.0	0.0	0.0	0.0	0.0	0.0	0.0	0.0	0.0	0.0	0.0	0.0	0.0	0.0	0.0	0.0	0.0	0.0	0.0	0.0	0.0	0.0	0.0	0.0	0.0	0.0	0.0	0.0	0.0015	0.0	0.0	0.0	0.0	
Cygne tuberculé	0.3188406	0.3484848	0.4074074	0.5180723	0.4901961	0.4473684	0.3833333	0.4343434	0.2830189	0.3111111	0.3055556	0.1698113	0.2352941	0.2818182	0.2596154	0.2291667	0.2696629	0.2597403	0.3846154	0.21875	0.2857143	0.2275862	0.2622951	0.1780822	0.1186441	0.2580645	0.125	0.2077922	0.46	0.3111111	0.3142857	0.2	0.3478261	0.4117647	0.2745098	0.3013699	0.3506494	0.3492063	0.3125	0.3396226	0.2352941	0.2894737	0.4146341	0.3529412	0.3454545	0.3571429	0.4315789	0.4418605	
Cygne noir	0.0	0.0	0.0	0.0	0.0196078	0.0131579	0.0	0.0	0.0	0.0	0.0	0.0	0.0	0.0	0.0	0.0	0.0	0.0	0.0	0.0	0.0	0.0	0.0	0.0	0.0	0.0107527	0.0015	0.0	0.0	0.0	0.0	0.0	0.0	0.0	0.0	0.0	0.0	0.0	0.0015	0.0015	0.0	0.0	0.0	0.0	0.0	0.0	0.0	0.0	
Ouette d'Égypte	0.0289855	0.030303	0.0015	0.0120482	0.0015	0.0015	0.0015	0.0015	0.0015	0.0015	0.0015	0.0015	0.0	0.0	0.0015	0.0069444	0.0015	0.0015	0.0192308	0.0078125	0.0015	0.0015	0.0163934	0.0015	0.0169492	0.0107527	0.0015	0.0015	0.0015	0.0222222	0.0015	0.0015	0.0015	0.0015	0.0015	0.0136986	0.0015	0.0	0.0015	0.0015	0.0015	0.0	0.0015	0.0015	0.0015	0.0285714	0.0015	0.0015	
Tadorne casarca	0.0	0.0	0.0	0.0	0.0	0.0131579	0.0	0.0	0.0015	0.0	0.0	0.0	0.0	0.0	0.0015	0.0	0.0015	0.0015	0.0	0.0	0.0	0.0	0.0015	0.0	0.0	0.0	0.0	0.0015	0.04	0.0	0.0	0.0015	0.0	0.0015	0.0	0.0136986	0.0	0.0	0.0	0.0	0.0	0.0	0.0	0.0	0.0	0.0	0.0	0.0	
Tadorne de Belon	0.0144928	0.0015	0.0185185	0.0361446	0.0015	0.0015	0.0	0.010101	0.0015	0.0015	0.0015	0.0015	0.0015	0.0	0.0015	0.0015	0.011236	0.012987	0.0015	0.0	0.0	0.0	0.0	0.0	0.0015	0.0	0.0015	0.0015	0.0	0.0	0.0285714	0.0	0.0	0.0	0.0	0.0	0.0	0.0015	0.0	0.0188679	0.0294118	0.0263158	0.0015	0.0294118	0.0181818	0.0571429	0.0315789	0.0015	
Canard musqué	0.0	0.0151515	0.0	0.0	0.0	0.0	0.0	0.0	0.0	0.0	0.0	0.0	0.0	0.0	0.0	0.0	0.0	0.0	0.0	0.0	0.0	0.0	0.0	0.0	0.0	0.0	0.0	0.0	0.0	0.0	0.0	0.0	0.0	0.0	0.0	0.0	0.0	0.0	0.0	0.0	0.0294118	0.0	0.0	0.0	0.0	0.0	0.0	0.0	
Canard à collier noir	0.0	0.0	0.0	0.0	0.0	0.0	0.0	0.0	0.0	0.0	0.0	0.0	0.0	0.0015	0.0	0.0	0.0	0.0	0.0	0.0	0.0	0.0	0.0	0.0	0.0	0.0	0.0	0.0	0.0	0.0	0.0	0.0	0.0	0.0	0.0	0.0	0.0	0.0	0.0	0.0	0.0	0.0	0.0	0.0	0.0	0.0	0.0	0.0	
Canard carolin	0.0	0.0	0.0015	0.0	0.0	0.0	0.0	0.0	0.0	0.0	0.0	0.0	0.0	0.0	0.0	0.0	0.0015	0.0	0.0	0.0	0.0	0.0	0.0	0.0015	0.0	0.0	0.0	0.0	0.0	0.0	0.0	0.0	0.0	0.0	0.0	0.0	0.0	0.0	0.0015	0.0	0.0	0.0	0.0	0.0	0.0	0.0	0.0	0.0	
Canard mandarin	0.0	0.0	0.0185185	0.0	0.0	0.0	0.0	0.0	0.0	0.0	0.0015	0.0	0.0147059	0.0090909	0.0	0.0	0.0	0.0	0.0	0.0	0.0	0.0	0.0	0.0015	0.0	0.0	0.0	0.0	0.0	0.0	0.0015	0.0015	0.0	0.0	0.0196078	0.0	0.0	0.0	0.0015	0.0015	0.0	0.0	0.0	0.0147059	0.0	0.0	0.0	0.0015	
Sarcelle d'été	0.0	0.0	0.0	0.0	0.0	0.0	0.0	0.0	0.0015	0.0	0.0555556	0.0377358	0.0441176	0.0545455	0.0384615	0.0277778	0.011236	0.038961	0.0192308	0.0078125	0.0015	0.0068966	0.0163934	0.0136986	0.0169492	0.0107527	0.0125	0.012987	0.08	0.0222222	0.1	0.0363636	0.0015	0.0588235	0.0015	0.0136986	0.012987	0.015873	0.0	0.0015	0.0	0.0	0.0	0.0	0.0	0.0	0.0	0.0	
Canard souchet	0.2463768	0.1969697	0.2222222	0.2650602	0.4705882	0.3684211	0.2666667	0.3131313	0.245283	0.3111111	0.25	0.1509434	0.2205882	0.1454545	0.1057692	0.1041667	0.0449438	0.025974	0.0769231	0.03125	0.0428571	0.0275862	0.0327869	0.0136986	0.0015	0.0215054	0.0015	0.012987	0.08	0.1111111	0.0714286	0.0545455	0.1304348	0.2058824	0.1176471	0.2191781	0.2597403	0.1428571	0.21875	0.1132075	0.1764706	0.1578947	0.1707317	0.1470588	0.0727273	0.1857143	0.1578947	0.3255814	
Canard chipeau	0.2463768	0.2878788	0.2407407	0.3012048	0.372549	0.3421053	0.2166667	0.2424242	0.2264151	0.2	0.1666667	0.1320755	0.1323529	0.0909091	0.0769231	0.0833333	0.1235955	0.1948052	0.0576923	0.046875	0.0714286	0.0689655	0.0655738	0.0547945	0.0338983	0.0537634	0.0015	0.0015	0.12	0.0222222	0.0571429	0.0909091	0.0434783	0.0588235	0.0784314	0.1369863	0.1558442	0.0952381	0.15625	0.0566038	0.0882353	0.1578947	0.2195122	0.2058824	0.1454545	0.2428571	0.2	0.1627907	
Canard siffleur	0.1014493	0.0909091	0.0740741	0.1927711	0.1372549	0.1973684	0.1	0.1717172	0.1320755	0.1333333	0.0833333	0.0377358	0.0441176	0.0454545	0.0288462	0.0208333	0.0337079	0.025974	0.0015	0.0	0.0015	0.0015	0.0	0.0015	0.0	0.0	0.0	0.0015	0.0	0.0	0.0	0.0015	0.0	0.0294118	0.0015	0.0410959	0.025974	0.0634921	0.09375	0.0566038	0.0882353	0.1052632	0.0487805	0.1470588	0.1090909	0.1285714	0.1052632	0.1162791	
Canard de Chiloé	0.0	0.0	0.0	0.0	0.0	0.0	0.0	0.0	0.0	0.0	0.0	0.0	0.0	0.0	0.0	0.0	0.0	0.0	0.0	0.0	0.0	0.0	0.0	0.0	0.0	0.0015	0.0	0.0	0.0	0.0	0.0	0.0	0.0	0.0	0.0	0.0	0.0	0.0	0.0	0.0	0.0	0.0	0.0	0.0	0.0	0.0	0.0	0.0	
Canard colvert	0.5217391	0.5454545	0.6666667	0.6626506	0.6470588	0.5921053	0.6	0.7070707	0.6226415	0.6444444	0.6388889	0.5660377	0.5294118	0.5909091	0.5865385	0.5138889	0.5617978	0.4545455	0.4807692	0.4453125	0.4857143	0.3724138	0.4918033	0.3972603	0.1864407	0.3225806	0.1875	0.3506494	0.42	0.4666667	0.5428571	0.4363636	0.4782609	0.5294118	0.6078431	0.5205479	0.6363636	0.4920635	0.40625	0.4339623	0.4117647	0.4736842	0.5365854	0.6617647	0.6	0.6285714	0.6210526	0.627907	
Canard des Bahamas	0.0	0.0	0.0	0.0	0.0	0.0	0.0	0.0	0.0	0.0	0.0	0.0	0.0	0.0	0.0	0.0	0.011236	0.0	0.0	0.0	0.0	0.0	0.0	0.0	0.0	0.0	0.0	0.0	0.0	0.0	0.0	0.0	0.0	0.0	0.0	0.0	0.0	0.0	0.0	0.0	0.0	0.0	0.0	0.0	0.0	0.0	0.0	0.0	
Canard pilet	0.0434783	0.0606061	0.037037	0.0843373	0.0980392	0.1710526	0.0666667	0.0505051	0.0566038	0.0888889	0.0555556	0.0015	0.0015	0.0272727	0.0192308	0.0015	0.011236	0.012987	0.0	0.0078125	0.0	0.0	0.0	0.0	0.0	0.0	0.0	0.0	0.02	0.0	0.0	0.0	0.0015	0.0015	0.0015	0.0136986	0.038961	0.015873	0.0015	0.0377358	0.0882353	0.0263158	0.0731707	0.0882353	0.0181818	0.0714286	0.0210526	0.0465116	
Hybride Canard colvert x C. pilet	0.0	0.0	0.0	0.0	0.0	0.0	0.0	0.0	0.0	0.0	0.0	0.0	0.0	0.0	0.0	0.0	0.0	0.0	0.0	0.0	0.0	0.0	0.0	0.0	0.0	0.0	0.0	0.0	0.0	0.0	0.0	0.0	0.0	0.0	0.0	0.0	0.0	0.0	0.0	0.0	0.0	0.0	0.0	0.0	0.0	0.0015	0.0	0.0	
Sarcelle d'hiver	0.2463768	0.2575758	0.1666667	0.3855422	0.1764706	0.2763158	0.2	0.2121212	0.1509434	0.2222222	0.1388889	0.0943396	0.0441176	0.0636364	0.0192308	0.0277778	0.0015	0.012987	0.0015	0.0078125	0.0015	0.0068966	0.0327869	0.0273973	0.0169492	0.0215054	0.0125	0.025974	0.08	0.1555556	0.1142857	0.1636364	0.0434783	0.1470588	0.1176471	0.2328767	0.3246753	0.1269841	0.1875	0.1698113	0.2647059	0.1578947	0.2926829	0.2352941	0.2727273	0.3285714	0.2	0.1162791	
anatidé sp. (canard barboteur sp.)	0.0	0.0	0.0	0.0	0.0	0.0	0.0	0.0	0.0	0.0	0.0	0.0	0.0	0.0	0.0	0.0	0.0	0.0	0.0	0.0	0.0	0.0	0.0	0.0	0.0	0.0107527	0.0	0.0	0.0	0.0	0.0	0.0	0.0	0.0	0.0	0.0	0.0	0.0	0.0	0.0	0.0	0.0	0.0	0.0	0.0	0.0	0.0	0.0	
Nette rousse	0.0	0.0015	0.0015	0.0120482	0.0015	0.0	0.0166667	0.010101	0.0015	0.0222222	0.0277778	0.0015	0.0015	0.0015	0.0015	0.0015	0.0015	0.012987	0.0192308	0.0078125	0.0142857	0.0206897	0.0163934	0.0015	0.0015	0.0015	0.0	0.0015	0.02	0.0	0.0	0.0015	0.0	0.0	0.0	0.0136986	0.0015	0.0	0.0	0.0	0.0	0.0	0.0015	0.0	0.0015	0.0	0.0015	0.0	
Fuligule milouin	0.2463768	0.3787879	0.2962963	0.4578313	0.4705882	0.4736842	0.45	0.4848485	0.3962264	0.2444444	0.3611111	0.1698113	0.25	0.2181818	0.1730769	0.1805556	0.1348315	0.2987013	0.1730769	0.2109375	0.2	0.2344828	0.2459016	0.1917808	0.0338983	0.1290323	0.0375	0.0649351	0.36	0.2666667	0.1571429	0.1272727	0.0869565	0.1176471	0.0588235	0.1780822	0.2077922	0.0793651	0.21875	0.0566038	0.1176471	0.2105263	0.2195122	0.2058824	0.1090909	0.2142857	0.2315789	0.372093	
Fuligule à bec cerclé	0.0	0.0015	0.0185185	0.0	0.0196078	0.0	0.0	0.0	0.0	0.0	0.0	0.0	0.0	0.0	0.0	0.0	0.0	0.0015	0.0	0.0	0.0	0.0	0.0	0.0	0.0	0.0	0.0	0.0	0.0	0.0	0.0	0.0	0.0	0.0	0.0	0.0	0.0	0.0	0.0	0.0	0.0	0.0	0.0	0.0	0.0	0.0	0.0	0.0	
Fuligule nyroca	0.0	0.0015	0.037037	0.0015	0.0	0.0	0.0	0.0	0.0015	0.0015	0.0	0.0	0.0	0.0	0.0	0.0069444	0.0	0.0015	0.0	0.0	0.0	0.0	0.0	0.0	0.0	0.0	0.0	0.0	0.0	0.0	0.0	0.0	0.0	0.0	0.0	0.0	0.0	0.0	0.0	0.0	0.0	0.0	0.0	0.0	0.0	0.0142857	0.0	0.0015	
Hybride Fuligule milouin x F. nyroca	0.0	0.0	0.0	0.0015	0.0	0.0	0.0	0.0	0.0	0.0	0.0	0.0	0.0	0.0	0.0	0.0	0.0	0.0	0.0	0.0	0.0	0.0	0.0	0.0	0.0	0.0	0.0	0.0	0.0	0.0	0.0	0.0	0.0	0.0	0.0	0.0	0.0	0.0	0.0	0.0	0.0	0.0	0.0	0.0	0.0	0.0	0.0	0.0	
Fuligule morillon	0.1884058	0.3030303	0.2777778	0.3614458	0.4901961	0.4342105	0.3666667	0.3838384	0.2830189	0.2222222	0.2777778	0.1509434	0.1911765	0.1909091	0.1346154	0.1319444	0.1011236	0.2077922	0.0961538	0.125	0.1571429	0.1448276	0.1311475	0.1506849	0.0338983	0.1397849	0.0015	0.0519481	0.14	0.1777778	0.0857143	0.0909091	0.1304348	0.1176471	0.0196078	0.0958904	0.0909091	0.0634921	0.15625	0.0377358	0.0588235	0.1315789	0.195122	0.1323529	0.0363636	0.1571429	0.1263158	0.4186047	
Hybride Fuligule milouin x F. morillon	0.0	0.0	0.0	0.0	0.0	0.0	0.0166667	0.0	0.0	0.0	0.0	0.0015	0.0	0.0	0.0	0.0	0.0	0.0	0.0	0.0	0.0	0.0	0.0	0.0	0.0	0.0	0.0	0.0	0.0	0.0	0.0	0.0	0.0	0.0	0.0	0.0	0.0	0.0	0.0	0.0	0.0	0.0	0.0	0.0	0.0	0.0	0.0	0.0	
Fuligule milouinan	0.0	0.0	0.0	0.0	0.0	0.0263158	0.0015	0.0015	0.0	0.0	0.0	0.0	0.0	0.0	0.0	0.0	0.0	0.0	0.0	0.0	0.0	0.0	0.0	0.0	0.0	0.0	0.0	0.0	0.0	0.0	0.0	0.0	0.0	0.0	0.0	0.0	0.0	0.0	0.0	0.0	0.0	0.0	0.0	0.0	0.0	0.0	0.0	0.0	
Macreuse brune	0.0	0.0	0.0	0.0	0.0	0.0	0.0	0.0	0.0	0.0	0.0	0.0	0.0	0.0	0.0	0.0	0.0	0.0	0.0	0.0	0.0	0.0	0.0	0.0	0.0	0.0	0.0	0.0	0.0	0.0	0.0	0.0	0.0	0.0	0.0	0.0	0.0	0.0	0.0	0.0	0.0	0.0	0.0	0.0	0.0	0.0	0.0015	0.0232558	
Harelde boréale	0.0	0.0	0.0	0.0	0.0	0.0	0.0	0.0	0.0	0.0	0.0	0.0	0.0	0.0015	0.0015	0.0208333	0.0	0.0	0.0	0.0	0.0	0.0	0.0	0.0	0.0	0.0	0.0	0.0	0.0	0.0	0.0	0.0	0.0	0.0	0.0	0.0	0.0	0.0	0.0	0.0	0.0	0.0	0.0	0.0	0.0	0.0	0.0	0.0	
Garrot à oeil d'or	0.0	0.0	0.0	0.0	0.0	0.0015	0.0	0.010101	0.0015	0.0	0.0	0.0	0.0	0.0	0.0	0.0	0.0	0.0	0.0	0.0	0.0	0.0	0.0	0.0	0.0	0.0	0.0	0.0	0.0	0.0	0.0	0.0	0.0	0.0	0.0	0.0	0.0	0.0	0.0	0.0	0.0	0.0	0.0	0.0015	0.0	0.0	0.0	0.0	
Harle piette	0.0144928	0.030303	0.0	0.0240964	0.0	0.0015	0.0	0.010101	0.0	0.0	0.0	0.0	0.0	0.0	0.0	0.0	0.0	0.0	0.0	0.0	0.0	0.0	0.0	0.0	0.0	0.0	0.0	0.0	0.0	0.0	0.0	0.0	0.0	0.0	0.0	0.0	0.0	0.0	0.0	0.0	0.0	0.0	0.0	0.0	0.0	0.0	0.0015	0.0232558	
Harle bièvre	0.0	0.0015	0.0015	0.0	0.0	0.0	0.0	0.0	0.0	0.0	0.0	0.0	0.0	0.0	0.0	0.0	0.0	0.0	0.0	0.0	0.0	0.0	0.0	0.0	0.0	0.0	0.0	0.0	0.0	0.0	0.0	0.0	0.0	0.0	0.0	0.0	0.0	0.0	0.0	0.0	0.0	0.0	0.0	0.0015	0.0015	0.0	0.0	0.0	
Harle huppé	0.0	0.0015	0.0	0.0	0.0	0.0	0.0	0.0	0.0	0.0	0.0	0.0	0.0	0.0	0.0	0.0	0.0015	0.0	0.0	0.0	0.0	0.0	0.0	0.0	0.0	0.0	0.0	0.0	0.0	0.0	0.0	0.0	0.0	0.0	0.0	0.0	0.0	0.0	0.0	0.0	0.0	0.0	0.0	0.0147059	0.0	0.0142857	0.0	0.0015	
Érismature rousse	0.0	0.0	0.0	0.0	0.0	0.0	0.0	0.0	0.0	0.0	0.0	0.0	0.0	0.0015	0.0	0.0	0.0	0.0	0.0	0.0	0.0	0.0	0.0	0.0	0.0	0.0	0.0	0.0	0.0	0.0	0.0	0.0	0.0	0.0	0.0	0.0	0.0	0.0	0.0	0.0	0.0	0.0	0.0	0.0	0.0	0.0	0.0	0.0	
Colin de Virginie	0.0	0.0	0.0	0.0	0.0	0.0	0.0	0.0	0.0	0.0	0.0	0.0	0.0	0.0	0.0	0.0	0.0	0.0	0.0192308	0.0	0.0	0.0	0.0	0.0	0.0	0.0	0.0	0.0015	0.0	0.0	0.0	0.0	0.0	0.0	0.0	0.0	0.0	0.0	0.0	0.0	0.0	0.0	0.0	0.0	0.0	0.0	0.0	0.0	
Perdrix grise	0.0	0.0151515	0.0	0.0015	0.0	0.0015	0.0166667	0.010101	0.0015	0.0015	0.0	0.0015	0.0441176	0.0272727	0.0480769	0.0069444	0.011236	0.012987	0.0015	0.0078125	0.0285714	0.0	0.0015	0.0015	0.0169492	0.0015	0.0125	0.012987	0.02	0.0	0.0	0.0	0.0015	0.0015	0.0015	0.0015	0.0	0.015873	0.0015	0.0	0.0015	0.0015	0.0015	0.0147059	0.0	0.0015	0.0	0.0232558	
Faisan vénéré	0.0015	0.0151515	0.0	0.0	0.0196078	0.0015	0.0	0.0	0.0	0.0015	0.0	0.0	0.0	0.0090909	0.0096154	0.0015	0.0015	0.0	0.0	0.0	0.0	0.0	0.0	0.0136986	0.0	0.0	0.0	0.012987	0.0	0.0015	0.0	0.0	0.0	0.0	0.0	0.0	0.0	0.0	0.0	0.0	0.0	0.0015	0.0	0.0147059	0.0015	0.0	0.0	0.0232558	
Faisan de Colchide	0.0724638	0.0757576	0.0185185	0.060241	0.0784314	0.0394737	0.1166667	0.0808081	0.1320755	0.2444444	0.1388889	0.1509434	0.3382353	0.2818182	0.2596154	0.1527778	0.1910112	0.2077922	0.1153846	0.0859375	0.0714286	0.0758621	0.1147541	0.1369863	0.1864407	0.0322581	0.05	0.025974	0.08	0.0222222	0.0571429	0.0545455	0.0434783	0.0015	0.0196078	0.0547945	0.0649351	0.031746	0.03125	0.1132075	0.1470588	0.1578947	0.2439024	0.0882353	0.1454545	0.1	0.0947368	0.0232558	
Caille des blés	0.0	0.0	0.0	0.0	0.0	0.0	0.0	0.0	0.0	0.0	0.0015	0.0	0.0	0.0	0.0015	0.0069444	0.0015	0.0015	0.0192308	0.0078125	0.0142857	0.0206897	0.0983607	0.0273973	0.0015	0.0537634	0.025	0.0015	0.02	0.0015	0.0015	0.0015	0.0015	0.0015	0.0	0.0	0.0	0.0	0.0	0.0	0.0	0.0	0.0	0.0	0.0	0.0	0.0	0.0	
Perdrix rouge	0.0144928	0.0151515	0.0	0.0120482	0.0196078	0.0015	0.0015	0.020202	0.0566038	0.0015	0.0	0.0377358	0.1029412	0.0636364	0.0288462	0.0138889	0.0224719	0.012987	0.0192308	0.0234375	0.0015	0.0068966	0.0655738	0.0273973	0.0169492	0.0107527	0.0125	0.0015	0.0015	0.0015	0.0285714	0.0181818	0.0	0.0	0.0	0.0	0.012987	0.0015	0.0	0.0	0.0294118	0.0015	0.0487805	0.0147059	0.0015	0.0015	0.0	0.0	
Pigeon biset	0.0434783	0.030303	0.0	0.0240964	0.0588235	0.0263158	0.05	0.0505051	0.0377358	0.0222222	0.1111111	0.1132075	0.0882353	0.0454545	0.0769231	0.0625	0.1123596	0.0779221	0.0961538	0.0625	0.1	0.0689655	0.1147541	0.1506849	0.1525424	0.0967742	0.1125	0.1688312	0.08	0.0444444	0.0714286	0.2909091	0.0869565	0.1764706	0.1568627	0.0821918	0.0519481	0.0634921	0.15625	0.1132075	0.0588235	0.0789474	0.0	0.0441176	0.0181818	0.0142857	0.0105263	0.0232558	
Pigeon colombin	0.0289855	0.030303	0.037037	0.060241	0.0196078	0.0394737	0.0333333	0.0808081	0.1132075	0.1111111	0.0833333	0.1320755	0.1470588	0.0909091	0.1730769	0.0833333	0.1123596	0.025974	0.0384615	0.03125	0.0857143	0.062069	0.1639344	0.1506849	0.2711864	0.172043	0.1125	0.1948052	0.08	0.1111111	0.0428571	0.1090909	0.0869565	0.0588235	0.0	0.0273973	0.0015	0.015873	0.03125	0.0188679	0.0588235	0.0263158	0.0243902	0.0735294	0.0181818	0.0285714	0.0526316	0.0	
Pigeon ramier	0.3623188	0.3484848	0.2222222	0.3975904	0.372549	0.3684211	0.5666667	0.4343434	0.4528302	0.6666667	0.6388889	0.5660377	0.6911765	0.5363636	0.625	0.5416667	0.5730337	0.4545455	0.5384615	0.5546875	0.6285714	0.6206897	0.6065574	0.7808219	0.7627119	0.8064516	0.8625	0.7792208	0.74	0.6888889	0.7142857	0.8181818	0.4782609	0.5588235	0.6078431	0.4794521	0.4285714	0.2857143	0.53125	0.3396226	0.4411765	0.3947368	0.3414634	0.2794118	0.2909091	0.3285714	0.3157895	0.372093	
Tourterelle des bois	0.0	0.0	0.0	0.0	0.0	0.0	0.0	0.0	0.0	0.0222222	0.0	0.0	0.0015	0.0	0.0288462	0.0694444	0.1573034	0.1688312	0.1730769	0.140625	0.2714286	0.2344828	0.295082	0.3287671	0.3389831	0.3978495	0.3125	0.3246753	0.06	0.1333333	0.1571429	0.0909091	0.0434783	0.0015	0.0392157	0.0015	0.0	0.0	0.0	0.0	0.0	0.0	0.0	0.0	0.0	0.0	0.0	0.0	
Tourterelle turque	0.1014493	0.0454545	0.0185185	0.060241	0.0392157	0.0394737	0.0015	0.0707071	0.0377358	0.0666667	0.1388889	0.1698113	0.2058824	0.1272727	0.2019231	0.1736111	0.1348315	0.1038961	0.1538462	0.140625	0.1571429	0.1310345	0.1639344	0.1780822	0.2542373	0.2150538	0.25	0.2207792	0.16	0.0666667	0.1428571	0.2909091	0.2608696	0.1764706	0.1176471	0.0684932	0.025974	0.0793651	0.0625	0.0943396	0.0588235	0.1578947	0.0243902	0.0735294	0.0	0.0571429	0.0421053	0.0232558	
Outarde canepetière	0.0	0.0	0.0	0.0	0.0	0.0	0.0	0.0	0.0	0.0	0.0	0.0	0.0	0.0	0.0	0.0	0.0	0.0	0.0	0.0015	0.0	0.0015	0.0	0.0	0.0	0.0	0.0	0.0	0.0	0.0	0.0	0.0	0.0	0.0	0.0	0.0	0.0	0.0	0.0	0.0	0.0	0.0	0.0	0.0	0.0	0.0	0.0	0.0	
Coucou gris	0.0	0.0	0.0	0.0	0.0	0.0	0.0	0.0	0.0	0.0	0.0555556	0.1132075	0.4705882	0.5363636	0.5480769	0.3958333	0.4382022	0.4285714	0.4423077	0.40625	0.3857143	0.3103448	0.1803279	0.0684932	0.0169492	0.0107527	0.0	0.012987	0.0	0.0015	0.0015	0.0	0.0	0.0	0.0	0.0	0.0	0.0	0.0	0.0	0.0	0.0	0.0	0.0	0.0	0.0	0.0	0.0	
Engoulevent d'Europe	0.0	0.0	0.0	0.0	0.0	0.0	0.0	0.0	0.0	0.0	0.0	0.0	0.0	0.0	0.0	0.0	0.011236	0.0	0.0	0.015625	0.0285714	0.0206897	0.0015	0.0273973	0.0169492	0.0107527	0.0015	0.012987	0.0	0.0	0.0	0.0015	0.0	0.0	0.0	0.0	0.0	0.0	0.0	0.0	0.0	0.0	0.0	0.0	0.0	0.0	0.0	0.0	
Martinet noir	0.0	0.0	0.0	0.0	0.0	0.0	0.0	0.0	0.0	0.0	0.0	0.0	0.0147059	0.0090909	0.0961538	0.1527778	0.3258427	0.2207792	0.2884615	0.1875	0.3428571	0.2689655	0.2786885	0.4520548	0.5423729	0.3655914	0.3125	0.3246753	0.06	0.0222222	0.0714286	0.0015	0.0015	0.0	0.0	0.0	0.0	0.0	0.0	0.0	0.0	0.0	0.0	0.0	0.0	0.0	0.0	0.0	
Râle d'eau	0.0015	0.0151515	0.0185185	0.0120482	0.0	0.0015	0.0166667	0.010101	0.0	0.0222222	0.0015	0.0015	0.0147059	0.0090909	0.0096154	0.0	0.0015	0.0	0.0192308	0.0015	0.0015	0.0015	0.0163934	0.0	0.0	0.0	0.0	0.0015	0.0015	0.0015	0.0015	0.0363636	0.0015	0.0294118	0.0196078	0.0136986	0.0015	0.0	0.0	0.0377358	0.0294118	0.0	0.0243902	0.0294118	0.0015	0.0	0.0015	0.0015	
Marouette ponctuée	0.0	0.0	0.0	0.0	0.0	0.0	0.0	0.0	0.0	0.0	0.0	0.0	0.0	0.0	0.0	0.0	0.0	0.0	0.0	0.0	0.0	0.0	0.0	0.0	0.0	0.0	0.0	0.0	0.0	0.0	0.0015	0.0	0.0	0.0	0.0	0.0	0.0	0.0	0.0	0.0	0.0	0.0	0.0	0.0	0.0	0.0	0.0	0.0	
Gallinule poule-d'eau	0.0869565	0.0606061	0.0740741	0.060241	0.0588235	0.1052632	0.1	0.0909091	0.0566038	0.0888889	0.0555556	0.0943396	0.1764706	0.0727273	0.1442308	0.0763889	0.1011236	0.0519481	0.0384615	0.140625	0.1142857	0.0758621	0.1147541	0.0821918	0.0847458	0.1827957	0.1125	0.1558442	0.3	0.0888889	0.2	0.2545455	0.173913	0.2941176	0.3333333	0.2054795	0.1038961	0.2063492	0.28125	0.1886792	0.1764706	0.1842105	0.097561	0.1323529	0.0727273	0.1	0.0842105	0.1162791	
Foulque macroule	0.2753623	0.3181818	0.3518519	0.5542169	0.627451	0.5263158	0.4833333	0.5858586	0.4716981	0.5111111	0.3888889	0.3773585	0.2941176	0.3818182	0.1923077	0.2569444	0.2808989	0.3246753	0.2692308	0.34375	0.2571429	0.2827586	0.3606557	0.3013699	0.1016949	0.2473118	0.1	0.1168831	0.4	0.4222222	0.2428571	0.2727273	0.2608696	0.2941176	0.2156863	0.2876712	0.3246753	0.3015873	0.21875	0.3207547	0.2352941	0.1842105	0.195122	0.2058824	0.1818182	0.2285714	0.3263158	0.4186047	
Marouette poussin	0.0	0.0	0.0	0.0	0.0	0.0	0.0	0.0	0.0	0.0	0.0	0.0015	0.0	0.0	0.0	0.0	0.0	0.0	0.0	0.0	0.0	0.0	0.0	0.0	0.0	0.0	0.0	0.0	0.0	0.0	0.0	0.0	0.0	0.0	0.0	0.0	0.0	0.0	0.0	0.0	0.0	0.0	0.0	0.0	0.0	0.0	0.0	0.0	
Grue du Japon	0.0	0.0	0.0	0.0	0.0	0.0	0.0	0.0	0.0	0.0	0.0	0.0	0.0	0.0	0.0	0.0	0.0	0.0	0.0	0.0	0.0	0.0	0.0	0.0	0.0	0.0	0.0	0.0	0.0	0.0	0.0	0.0	0.0	0.0	0.0	0.0	0.0	0.0	0.0	0.0	0.0	0.0	0.0	0.0015	0.0	0.0	0.0	0.0	
Grue cendrée	0.0015	0.0151515	0.0	0.0015	0.0196078	0.0263158	0.0666667	0.020202	0.0566038	0.0666667	0.0015	0.0015	0.0015	0.0090909	0.0015	0.0069444	0.0	0.0	0.0	0.0	0.0	0.0	0.0	0.0	0.0	0.0	0.0	0.0	0.0	0.0	0.0	0.0	0.0	0.0015	0.0	0.0	0.0015	0.0	0.0015	0.0188679	0.0294118	0.0	0.0	0.0	0.0015	0.0	0.0	0.0	
Oedicnème criard	0.0	0.0	0.0	0.0015	0.0015	0.0015	0.0015	0.010101	0.0188679	0.0666667	0.0015	0.0015	0.0441176	0.0181818	0.0576923	0.0138889	0.0449438	0.012987	0.0015	0.0078125	0.0015	0.0275862	0.0655738	0.0410959	0.0847458	0.0215054	0.025	0.0015	0.0015	0.0015	0.0015	0.0015	0.0015	0.0015	0.0015	0.0015	0.025974	0.0015	0.0015	0.0015	0.0015	0.0015	0.0243902	0.0015	0.0015	0.0	0.0015	0.0	
Échasse blanche	0.0	0.0	0.0	0.0	0.0	0.0	0.0	0.0	0.0	0.0	0.0	0.0015	0.0015	0.0015	0.0192308	0.0015	0.0224719	0.0015	0.0015	0.0015	0.0	0.0015	0.0015	0.0015	0.0015	0.0015	0.0125	0.0519481	0.04	0.0444444	0.0428571	0.0015	0.0434783	0.0015	0.0	0.0	0.0	0.0	0.0	0.0	0.0	0.0	0.0	0.0	0.0	0.0	0.0	0.0	
Avocette élégante	0.0015	0.0	0.0	0.0	0.0	0.0	0.0	0.0	0.0	0.0	0.0015	0.0	0.0	0.0	0.0192308	0.0	0.0015	0.0	0.0015	0.0015	0.0	0.0	0.0	0.0	0.0	0.0	0.0	0.0	0.0	0.0	0.0015	0.0181818	0.0	0.0	0.0	0.0015	0.0	0.0	0.0	0.0	0.0	0.0	0.0015	0.0	0.0	0.0	0.0	0.0	
Huîtrier pie	0.0	0.0	0.0	0.0	0.0	0.0	0.0	0.0	0.0	0.0015	0.0	0.0	0.0	0.0	0.0	0.0	0.0	0.0	0.0	0.0	0.0015	0.0	0.0	0.0	0.0	0.0	0.0	0.0	0.0	0.0015	0.0	0.0	0.0	0.0	0.0	0.0	0.0	0.0	0.0	0.0	0.0	0.0	0.0	0.0	0.0	0.0	0.0	0.0	
Pluvier argenté	0.0	0.0	0.0	0.0	0.0	0.0	0.0	0.0	0.0	0.0	0.0	0.0	0.0	0.0	0.0	0.0069444	0.0015	0.0	0.0	0.0	0.0	0.0	0.0	0.0	0.0	0.0	0.0	0.0	0.0	0.0	0.0	0.0015	0.0	0.0	0.0	0.0015	0.0015	0.0015	0.0015	0.0	0.0	0.0015	0.0015	0.0	0.0	0.0	0.0	0.0	
Pluvier doré	0.0144928	0.030303	0.0555556	0.0361446	0.0196078	0.0263158	0.0333333	0.040404	0.0015	0.0015	0.0	0.0	0.0	0.0015	0.0	0.0	0.0	0.0	0.0	0.0	0.0	0.0	0.0	0.0	0.0	0.0	0.0	0.0	0.0	0.0	0.0	0.0	0.0015	0.0	0.0015	0.0	0.012987	0.0	0.125	0.0015	0.0588235	0.0015	0.097561	0.0735294	0.1636364	0.0428571	0.0526316	0.1395349	
Guignard d’Eurasie	0.0	0.0	0.0	0.0	0.0	0.0	0.0	0.0	0.0	0.0	0.0	0.0	0.0	0.0015	0.0	0.0	0.0015	0.0	0.0	0.0	0.0	0.0	0.0	0.0	0.0	0.0	0.0	0.0	0.0	0.0	0.0	0.0015	0.0015	0.0	0.0	0.0	0.0	0.0	0.0	0.0	0.0	0.0	0.0	0.0	0.0	0.0	0.0	0.0	
Grand Gravelot	0.0	0.0	0.0	0.0	0.0	0.0	0.0015	0.0	0.0015	0.0015	0.0015	0.0	0.0	0.0	0.0	0.0069444	0.0224719	0.012987	0.0384615	0.015625	0.0142857	0.0	0.0	0.0	0.0	0.0	0.0015	0.0	0.0015	0.0015	0.0015	0.0015	0.0015	0.0015	0.0392157	0.0273973	0.0519481	0.015873	0.09375	0.0566038	0.0015	0.0	0.0	0.0	0.0	0.0	0.0	0.0	
Petit Gravelot	0.0	0.0	0.0	0.0	0.0	0.0	0.0	0.0015	0.0188679	0.0222222	0.1111111	0.0566038	0.0588235	0.1545455	0.1826923	0.2222222	0.2696629	0.0779221	0.1153846	0.046875	0.0714286	0.0482759	0.0819672	0.0273973	0.0169492	0.0430108	0.0125	0.0779221	0.08	0.0666667	0.0857143	0.0015	0.0434783	0.0882353	0.0392157	0.0136986	0.0015	0.0015	0.0	0.0	0.0	0.0	0.0	0.0	0.0	0.0	0.0	0.0	
Vanneau huppé	0.2028986	0.2121212	0.1666667	0.1686747	0.2941176	0.1710526	0.15	0.1616162	0.1886792	0.1777778	0.1666667	0.2264151	0.0735294	0.1363636	0.1826923	0.1805556	0.1348315	0.1168831	0.0769231	0.109375	0.0714286	0.1034483	0.2131148	0.0684932	0.1525424	0.1290323	0.1	0.2467532	0.3	0.3777778	0.3	0.1818182	0.3478261	0.3235294	0.1764706	0.1917808	0.3246753	0.2539683	0.28125	0.245283	0.3235294	0.2105263	0.3170732	0.3529412	0.3090909	0.3142857	0.3157895	0.1627907	
Vanneau sociable	0.0	0.0	0.0	0.0	0.0	0.0	0.0	0.0	0.0	0.0	0.0	0.0	0.0	0.0	0.0	0.0	0.0	0.0	0.0	0.0	0.0	0.0	0.0	0.0	0.0	0.0	0.0	0.0	0.0	0.0	0.0	0.0	0.0	0.0	0.0	0.0	0.012987	0.0	0.0	0.0	0.0	0.0	0.0	0.0	0.0	0.0	0.0	0.0	
Gravelot à collier interrompu	0.0	0.0	0.0	0.0	0.0	0.0	0.0	0.0	0.0	0.0	0.0	0.0	0.0	0.0015	0.0	0.0	0.0	0.0	0.0	0.0	0.0	0.0	0.0	0.0	0.0	0.0	0.0	0.0	0.0	0.0	0.0	0.0	0.0	0.0	0.0	0.0	0.0	0.0	0.0	0.0	0.0	0.0	0.0	0.0	0.0	0.0	0.0	0.0	
Courlis corlieu	0.0	0.0	0.0	0.0	0.0	0.0	0.0	0.0	0.0	0.0	0.0	0.0	0.0	0.0	0.0015	0.0	0.0015	0.0015	0.0	0.0	0.0	0.0	0.0	0.0	0.0	0.0	0.0	0.0	0.0015	0.0015	0.0	0.0	0.0	0.0	0.0	0.0	0.0	0.0	0.0	0.0	0.0	0.0	0.0	0.0	0.0	0.0	0.0	0.0	
Courlis cendré	0.0015	0.0	0.0	0.0	0.0	0.0	0.0015	0.010101	0.0188679	0.0222222	0.0015	0.0188679	0.0015	0.0015	0.0192308	0.0277778	0.0015	0.012987	0.0015	0.015625	0.0571429	0.0	0.0	0.0	0.0	0.0015	0.0	0.0	0.0	0.0	0.0	0.0	0.0015	0.0294118	0.0015	0.0015	0.0	0.0	0.0	0.0	0.0	0.0263158	0.0	0.0	0.0	0.0	0.0015	0.0	
Barge rousse	0.0	0.0	0.0	0.0	0.0	0.0	0.0	0.0	0.0	0.0	0.0	0.0	0.0	0.0	0.0015	0.0	0.0	0.0	0.0	0.0	0.0	0.0	0.0	0.0	0.0	0.0	0.0	0.0	0.0	0.0	0.0	0.0	0.0	0.0015	0.0	0.0	0.025974	0.0015	0.0015	0.0188679	0.0015	0.0015	0.0	0.0	0.0	0.0	0.0	0.0	
Barge à queue noire	0.0	0.0	0.0	0.0	0.0	0.0	0.0	0.010101	0.0	0.0222222	0.0015	0.0015	0.0015	0.0	0.0015	0.0015	0.0	0.012987	0.0	0.0015	0.0	0.0	0.0	0.0015	0.0	0.0015	0.0	0.0015	0.0015	0.0015	0.0142857	0.0015	0.0015	0.0015	0.0015	0.0015	0.012987	0.0015	0.0015	0.0188679	0.0015	0.0015	0.0	0.0	0.0	0.0	0.0	0.0	
Bécassine sourde	0.0	0.0	0.0	0.0	0.0	0.0	0.0	0.0	0.0	0.0	0.0	0.0	0.0	0.0	0.0	0.0069444	0.0	0.0	0.0	0.0	0.0	0.0	0.0	0.0	0.0	0.0	0.0	0.0	0.0	0.0	0.0	0.0	0.0	0.0	0.0	0.0	0.0	0.0	0.0	0.0	0.0	0.0	0.0015	0.0	0.0015	0.0	0.0	0.0	
Bécasse des bois	0.0144928	0.0151515	0.0015	0.0015	0.0015	0.0131579	0.0015	0.0	0.0015	0.0222222	0.0015	0.0015	0.0	0.0	0.0	0.0	0.011236	0.0	0.0	0.0078125	0.0	0.0	0.0	0.0	0.0	0.0	0.0	0.0	0.0	0.0	0.0	0.0	0.0	0.0	0.0	0.0	0.0	0.0	0.0	0.0015	0.0	0.0015	0.0015	0.0015	0.0015	0.0	0.0105263	0.0015	
Bécassine double	0.0	0.0	0.0	0.0	0.0	0.0	0.0	0.0	0.0	0.0	0.0	0.0	0.0	0.0	0.0	0.0	0.0	0.0	0.0	0.0	0.0	0.0	0.0	0.0	0.0	0.0	0.0	0.0	0.0	0.0	0.0285714	0.0	0.0	0.0	0.0	0.0	0.0	0.0	0.0	0.0	0.0	0.0	0.0	0.0	0.0	0.0	0.0	0.0	
Bécassine des marais	0.0434783	0.030303	0.0740741	0.0481928	0.0196078	0.0263158	0.05	0.0707071	0.0188679	0.0222222	0.0555556	0.0566038	0.0147059	0.0363636	0.0192308	0.0347222	0.0015	0.0	0.0	0.0	0.0	0.0	0.0	0.0	0.0	0.0	0.0015	0.025974	0.0015	0.1111111	0.1	0.0545455	0.0434783	0.1176471	0.1568627	0.1232877	0.2857143	0.2380952	0.125	0.1886792	0.2647059	0.1315789	0.1707317	0.2205882	0.1454545	0.0571429	0.0315789	0.0232558	
Chevalier guignette	0.0144928	0.0015	0.0015	0.0120482	0.0015	0.0015	0.0015	0.020202	0.0015	0.0444444	0.0277778	0.0015	0.0294118	0.0454545	0.1538462	0.25	0.3370787	0.1298701	0.1153846	0.015625	0.0142857	0.0068966	0.0491803	0.0015	0.0338983	0.0645161	0.0375	0.1948052	0.2	0.2888889	0.2142857	0.1090909	0.0869565	0.2647059	0.1176471	0.0547945	0.038961	0.0015	0.0015	0.0377358	0.0015	0.0015	0.0015	0.0015	0.0015	0.0015	0.0315789	0.0232558	
Chevalier culblanc	0.0434783	0.0909091	0.0740741	0.060241	0.0784314	0.0657895	0.05	0.0505051	0.0377358	0.0666667	0.0555556	0.0754717	0.0015	0.0545455	0.0480769	0.0277778	0.0015	0.0	0.0	0.0	0.0015	0.0137931	0.0655738	0.0410959	0.0169492	0.0430108	0.025	0.0519481	0.08	0.2444444	0.1285714	0.0909091	0.0434783	0.0882353	0.0196078	0.0958904	0.1168831	0.0952381	0.0015	0.1320755	0.1176471	0.2105263	0.2195122	0.2058824	0.1636364	0.0428571	0.0631579	0.0697674	
Chevalier stagnatile	0.0	0.0	0.0	0.0	0.0	0.0	0.0	0.0	0.0	0.0	0.0	0.0	0.0	0.0	0.0015	0.0015	0.0	0.0	0.0	0.0	0.0	0.0	0.0	0.0	0.0	0.0	0.0	0.0	0.0	0.0	0.0	0.0015	0.0	0.0	0.0	0.0	0.0	0.0	0.0	0.0	0.0	0.0	0.0	0.0	0.0	0.0	0.0	0.0	
Chevalier sylvain	0.0	0.0	0.0	0.0	0.0	0.0	0.0	0.0	0.0	0.0	0.0	0.0	0.0	0.0015	0.0015	0.0625	0.011236	0.0015	0.0015	0.0	0.0	0.0	0.0	0.0	0.0	0.0015	0.0015	0.0015	0.0015	0.0888889	0.0571429	0.0363636	0.0015	0.0015	0.0392157	0.0273973	0.012987	0.0	0.0	0.0	0.0	0.0	0.0	0.0	0.0	0.0	0.0	0.0	
Chevalier gambette	0.0	0.0	0.0	0.0	0.0	0.0	0.0	0.0	0.0	0.0222222	0.0015	0.0015	0.0015	0.0454545	0.0865385	0.0763889	0.1235955	0.0649351	0.0384615	0.0078125	0.0015	0.0015	0.0	0.0015	0.0169492	0.0015	0.0015	0.0015	0.0	0.0444444	0.0142857	0.0015	0.0434783	0.0015	0.0015	0.0015	0.0	0.015873	0.0	0.0	0.0015	0.0	0.0	0.0	0.0	0.0	0.0	0.0	
Chevalier à pattes jaunes	0.0	0.0	0.0	0.0	0.0	0.0	0.0	0.0	0.0	0.0	0.0	0.0	0.0	0.0	0.0	0.0	0.0	0.0	0.0	0.0	0.0	0.0	0.0	0.0	0.0	0.0	0.0	0.0	0.0	0.0	0.0	0.0	0.0	0.0	0.0	0.0	0.0	0.015873	0.0	0.0	0.0	0.0	0.0	0.0	0.0	0.0	0.0	0.0	
Chevalier arlequin	0.0015	0.0151515	0.037037	0.0	0.0015	0.0131579	0.0	0.0	0.0015	0.0222222	0.0015	0.0015	0.0015	0.0090909	0.0096154	0.0347222	0.0015	0.0	0.0	0.0	0.0	0.0	0.0	0.0	0.0	0.0015	0.0015	0.0015	0.0	0.0015	0.0714286	0.0545455	0.0015	0.0015	0.0392157	0.0273973	0.0649351	0.015873	0.03125	0.0188679	0.0015	0.0526316	0.0731707	0.0294118	0.0727273	0.0142857	0.0210526	0.0015	
Chevalier aboyeur	0.0	0.0	0.0	0.0	0.0	0.0131579	0.0015	0.0	0.0015	0.0015	0.0	0.0	0.0	0.0363636	0.0673077	0.1180556	0.1123596	0.0519481	0.0015	0.0078125	0.0	0.0	0.0	0.0	0.0	0.0107527	0.0125	0.038961	0.02	0.0444444	0.0714286	0.0363636	0.0015	0.1470588	0.0392157	0.0273973	0.0519481	0.015873	0.0015	0.0188679	0.0015	0.0015	0.0	0.0015	0.0	0.0	0.0	0.0	
Tournepierre à collier	0.0	0.0	0.0	0.0	0.0	0.0	0.0	0.0	0.0	0.0	0.0	0.0	0.0	0.0	0.0	0.0	0.0015	0.0015	0.0	0.0	0.0	0.0	0.0	0.0	0.0	0.0015	0.0	0.0	0.0015	0.0015	0.0015	0.0015	0.0015	0.0015	0.0015	0.0	0.0	0.0	0.0	0.0	0.0	0.0	0.0	0.0	0.0	0.0	0.0	0.0	
Bécasseau maubèche	0.0	0.0	0.0	0.0	0.0	0.0	0.0	0.0	0.0	0.0	0.0	0.0	0.0	0.0	0.0	0.0	0.0015	0.0015	0.0015	0.0015	0.0	0.0	0.0	0.0	0.0	0.0	0.0	0.0	0.0	0.0	0.0	0.0	0.0	0.0	0.0	0.0	0.0	0.0	0.0	0.0	0.0	0.0	0.0	0.0	0.0181818	0.0015	0.0	0.0	
Combattant varié	0.0	0.0	0.0	0.0	0.0	0.0	0.0	0.0	0.0015	0.0	0.0015	0.0188679	0.0015	0.0272727	0.0096154	0.0277778	0.0224719	0.012987	0.0015	0.0	0.0	0.0	0.0	0.0	0.0	0.0	0.0	0.012987	0.02	0.0222222	0.0015	0.0015	0.0015	0.0882353	0.0196078	0.0136986	0.1038961	0.015873	0.0015	0.0015	0.0294118	0.0	0.0243902	0.0	0.0015	0.0	0.0	0.0	
Bécasseau cocorli	0.0	0.0	0.0	0.0	0.0	0.0	0.0	0.0	0.0	0.0	0.0	0.0	0.0	0.0	0.0	0.0015	0.0015	0.0	0.0	0.0	0.0142857	0.0	0.0	0.0	0.0	0.0	0.0015	0.0	0.0	0.0015	0.0	0.0015	0.0015	0.0015	0.0015	0.0015	0.0015	0.0	0.0	0.0	0.0	0.0	0.0	0.0	0.0	0.0	0.0	0.0	
Bécasseau de Temminck	0.0	0.0	0.0	0.0	0.0	0.0	0.0	0.0	0.0	0.0	0.0	0.0	0.0	0.0	0.0	0.0015	0.0015	0.0015	0.0015	0.0	0.0	0.0	0.0	0.0	0.0	0.0	0.0	0.0	0.0	0.0	0.0	0.0015	0.0015	0.0015	0.0	0.0	0.0	0.0	0.0	0.0	0.0	0.0	0.0	0.0	0.0	0.0	0.0	0.0	
Bécasseau sanderling	0.0	0.0	0.0	0.0	0.0	0.0	0.0	0.0	0.0	0.0	0.0	0.0	0.0	0.0	0.0	0.0069444	0.0224719	0.0015	0.0192308	0.0015	0.0	0.0	0.0	0.0	0.0	0.0	0.0	0.0	0.0	0.0	0.0	0.0	0.0	0.0	0.0	0.0	0.0	0.0	0.0	0.0	0.0	0.0015	0.0	0.0	0.0	0.0	0.0	0.0	
Bécasseau variable	0.0144928	0.0015	0.0	0.0240964	0.0196078	0.0	0.0015	0.0	0.0015	0.0015	0.0555556	0.0188679	0.0015	0.0	0.0192308	0.0015	0.0561798	0.012987	0.0015	0.0015	0.0	0.0	0.0	0.0	0.0	0.0	0.0	0.025974	0.02	0.0015	0.0428571	0.0181818	0.0015	0.0588235	0.0392157	0.0273973	0.1558442	0.0634921	0.125	0.0943396	0.1764706	0.0263158	0.0487805	0.0294118	0.0545455	0.0	0.0105263	0.0	
Bécasseau minute	0.0	0.0	0.0	0.0	0.0	0.0	0.0	0.0	0.0	0.0	0.0	0.0	0.0	0.0	0.0	0.0	0.0224719	0.012987	0.0015	0.0	0.0	0.0	0.0	0.0	0.0	0.0	0.0	0.0015	0.0	0.0015	0.0142857	0.0363636	0.0015	0.0015	0.0	0.0273973	0.0519481	0.0015	0.0015	0.0015	0.0015	0.0263158	0.0	0.0147059	0.0	0.0	0.0	0.0	
Glaréole à collier	0.0	0.0	0.0	0.0	0.0	0.0	0.0	0.0	0.0	0.0	0.0	0.0	0.0	0.0	0.0	0.0	0.0	0.0	0.0	0.0	0.0	0.0	0.0	0.0015	0.0	0.0	0.0	0.0	0.0	0.0	0.0	0.0	0.0	0.0	0.0	0.0	0.0	0.0	0.0	0.0	0.0	0.0	0.0	0.0	0.0	0.0	0.0	0.0	
limicole sp.	0.0	0.0	0.0	0.0	0.0196078	0.0	0.0	0.0	0.0	0.0	0.0	0.0	0.0	0.0	0.0	0.0	0.0	0.0	0.0	0.0	0.0	0.0	0.0	0.0	0.0	0.0	0.0125	0.0	0.0	0.0	0.0142857	0.0	0.0	0.0	0.0	0.0	0.0	0.0	0.0	0.0	0.0	0.0	0.0	0.0	0.0	0.0	0.0	0.0	
Mouette pygmée	0.0	0.0015	0.0	0.0	0.0	0.0	0.0	0.0	0.0188679	0.0444444	0.0555556	0.0015	0.0015	0.0181818	0.0192308	0.0277778	0.0015	0.0015	0.0	0.0015	0.0	0.0	0.0	0.0	0.0	0.0	0.0	0.0	0.0	0.0	0.0	0.0	0.0	0.0	0.0	0.0	0.0	0.0015	0.0	0.0015	0.0294118	0.0263158	0.0015	0.0015	0.0	0.0015	0.0105263	0.0	
Mouette tridactyle	0.0	0.0	0.0	0.0	0.0	0.0	0.0	0.0	0.0	0.0	0.0	0.0	0.0	0.0	0.0	0.0	0.0	0.0	0.0	0.0	0.0	0.0	0.0	0.0	0.0	0.0	0.0	0.0	0.0	0.0	0.0	0.0	0.0	0.0	0.0	0.0	0.0	0.0	0.0	0.0	0.0	0.0	0.0	0.0015	0.0015	0.0142857	0.0015	0.0	
Mouette de Sabine	0.0	0.0	0.0	0.0	0.0	0.0	0.0	0.0	0.0	0.0	0.0	0.0	0.0	0.0015	0.0192308	0.0015	0.0	0.0	0.0	0.0	0.0	0.0	0.0	0.0	0.0	0.0	0.0	0.0	0.0	0.0	0.0	0.0	0.0	0.0	0.0	0.0	0.0	0.0	0.0	0.0	0.0	0.0	0.0	0.0	0.0	0.0	0.0	0.0	
Mouette rieuse	0.1449275	0.2878788	0.3703704	0.2409639	0.2941176	0.2894737	0.3333333	0.4040404	0.4716981	0.5555556	0.3888889	0.5471698	0.3970588	0.5	0.4615385	0.4513889	0.3595506	0.3896104	0.4230769	0.390625	0.4857143	0.4	0.442623	0.3835616	0.4237288	0.3225806	0.2625	0.3376623	0.3	0.4444444	0.2285714	0.4363636	0.3043478	0.4411765	0.3921569	0.3287671	0.4025974	0.2698413	0.34375	0.3207547	0.2941176	0.4210526	0.2439024	0.4558824	0.4	0.3857143	0.3473684	0.0465116	
Mouette mélanocéphale	0.0015	0.0015	0.0015	0.0120482	0.0015	0.0131579	0.0333333	0.0909091	0.1320755	0.0888889	0.1388889	0.0566038	0.1470588	0.1727273	0.2211538	0.1111111	0.1011236	0.0649351	0.0576923	0.03125	0.0857143	0.0068966	0.0163934	0.0410959	0.0338983	0.0430108	0.0015	0.0519481	0.02	0.0222222	0.0142857	0.0015	0.0015	0.0294118	0.0015	0.0015	0.0	0.0	0.0	0.0	0.0	0.0	0.0	0.0	0.0	0.0	0.0	0.0	
Hybride Mouette rieuse x M. mélanocéphale	0.0	0.0	0.0	0.0	0.0015	0.0	0.0	0.0015	0.0	0.0015	0.0015	0.0015	0.0015	0.0	0.0	0.0	0.0015	0.0015	0.0015	0.0015	0.0015	0.0015	0.0015	0.0	0.0	0.0	0.0	0.0015	0.0	0.0	0.0	0.0	0.0	0.0	0.0	0.0	0.0015	0.0	0.0	0.0	0.0	0.0	0.0	0.0	0.0	0.0	0.0	0.0	
Goéland cendré	0.0015	0.0015	0.0015	0.0015	0.0	0.0015	0.0166667	0.0015	0.0377358	0.0015	0.0015	0.0015	0.0	0.0	0.0	0.0	0.0	0.0	0.0	0.0	0.0	0.0	0.0	0.0	0.0	0.0	0.0	0.0	0.0	0.0	0.0	0.0015	0.0	0.0	0.0	0.0	0.0015	0.0	0.0	0.0	0.0	0.0	0.0015	0.0	0.0015	0.0	0.0105263	0.0015	
Goéland pontique	0.0015	0.0015	0.0015	0.0	0.0015	0.0	0.0	0.0015	0.0015	0.0015	0.0015	0.0015	0.0	0.0	0.0	0.0	0.0	0.0	0.0	0.0	0.0	0.0	0.0	0.0	0.0	0.0	0.0	0.0	0.0	0.0	0.0	0.0	0.0	0.0	0.0	0.0015	0.0	0.0	0.0	0.0	0.0	0.0	0.0015	0.0015	0.0015	0.0	0.0015	0.0	
Goéland argenté	0.0015	0.0015	0.0185185	0.0015	0.0015	0.0015	0.0015	0.0015	0.0015	0.0015	0.0015	0.0015	0.0	0.0	0.0	0.0015	0.0015	0.0015	0.0015	0.0	0.0	0.0	0.0	0.0	0.0	0.0	0.0	0.0	0.0	0.0	0.0	0.0	0.0	0.0	0.0	0.0	0.0	0.0	0.0	0.0	0.0015	0.0	0.0	0.0015	0.0015	0.0015	0.0015	0.0	
Goéland leucophée	0.1014493	0.1363636	0.1666667	0.1566265	0.0980392	0.0921053	0.15	0.2020202	0.1320755	0.2	0.1666667	0.1132075	0.1470588	0.1363636	0.1730769	0.125	0.1685393	0.1168831	0.0576923	0.0546875	0.1142857	0.0689655	0.0163934	0.0684932	0.0847458	0.0752688	0.075	0.0909091	0.1	0.1111111	0.1428571	0.0545455	0.0869565	0.2058824	0.1568627	0.1232877	0.0909091	0.1111111	0.03125	0.0943396	0.0882353	0.2631579	0.097561	0.1617647	0.1818182	0.2428571	0.2631579	0.0232558	
Goéland marin	0.0	0.0	0.0	0.0	0.0	0.0	0.0	0.0	0.0	0.0	0.0	0.0	0.0	0.0	0.0	0.0	0.0	0.0	0.0	0.0	0.0	0.0	0.0	0.0	0.0	0.0	0.0	0.0015	0.0	0.0015	0.0015	0.0015	0.0015	0.0015	0.0015	0.0	0.0	0.0	0.0	0.0	0.0	0.0	0.0	0.0	0.0	0.0	0.0	0.0	
Goéland brun	0.0144928	0.0015	0.037037	0.0015	0.0015	0.0015	0.0015	0.020202	0.0015	0.0015	0.0015	0.0015	0.0	0.0	0.0015	0.0015	0.011236	0.012987	0.0015	0.0015	0.0	0.0	0.0	0.0015	0.0	0.0	0.0015	0.0015	0.0	0.0	0.0142857	0.0015	0.0434783	0.0015	0.0196078	0.0136986	0.0015	0.0015	0.0015	0.0188679	0.0294118	0.0015	0.0015	0.0441176	0.0363636	0.0142857	0.0210526	0.0015	
goéland sp. (Larus sp.)	0.0	0.0	0.0	0.0	0.0	0.0	0.0	0.0	0.0	0.0	0.0	0.0	0.0	0.0	0.0	0.0	0.0	0.012987	0.0	0.0015	0.0	0.0	0.0	0.0	0.0	0.0	0.0	0.0	0.0	0.0	0.0	0.0	0.0	0.0	0.0	0.0	0.0	0.0	0.0	0.0	0.0	0.0	0.0	0.0	0.0	0.0	0.0	0.0	
goéland ou mouette sp.	0.0	0.0	0.0	0.0	0.0	0.0	0.0	0.0	0.0	0.0	0.0	0.0	0.0	0.0	0.0	0.0	0.0	0.0	0.0	0.0	0.0142857	0.0	0.0	0.0	0.0	0.0	0.0125	0.0	0.0	0.0	0.0	0.0181818	0.0	0.0	0.0	0.0136986	0.0	0.0015	0.0	0.0	0.0	0.0	0.0	0.0	0.0181818	0.0	0.0	0.0	
Sterne naine	0.0	0.0	0.0	0.0	0.0	0.0	0.0	0.0	0.0	0.0	0.0	0.0	0.0	0.0	0.0	0.0069444	0.1348315	0.0649351	0.1153846	0.0625	0.1714286	0.0413793	0.0491803	0.0136986	0.0169492	0.0430108	0.075	0.1038961	0.04	0.0666667	0.0714286	0.0181818	0.0015	0.0015	0.0	0.0	0.0	0.0	0.0	0.0	0.0	0.0	0.0	0.0	0.0	0.0	0.0	0.0	
Sterne caspienne	0.0	0.0	0.0	0.0	0.0	0.0	0.0	0.0	0.0	0.0	0.0	0.0	0.0	0.0	0.0	0.0	0.0	0.0	0.0	0.0	0.0	0.0	0.0	0.0	0.0015	0.0	0.0	0.0	0.0	0.0	0.0	0.0	0.0015	0.0015	0.0	0.0	0.0	0.0	0.0	0.0	0.0	0.0	0.0	0.0	0.0	0.0	0.0	0.0	
Guifette moustac	0.0	0.0	0.0	0.0	0.0	0.0	0.0	0.0	0.0	0.0	0.0	0.0015	0.0294118	0.0636364	0.0673077	0.1527778	0.1460674	0.2077922	0.1730769	0.1875	0.2142857	0.2137931	0.0983607	0.1917808	0.0677966	0.2258065	0.0375	0.1298701	0.2	0.2222222	0.1285714	0.1090909	0.0869565	0.0294118	0.0015	0.0015	0.0015	0.0	0.0	0.0	0.0	0.0	0.0	0.0	0.0	0.0	0.0	0.0	
Guifette noire	0.0	0.0	0.0	0.0	0.0	0.0	0.0	0.0	0.0	0.0	0.0	0.0	0.0015	0.0	0.0015	0.0069444	0.0015	0.025974	0.0015	0.0078125	0.0015	0.0015	0.0	0.0015	0.0015	0.0015	0.0015	0.0	0.0015	0.0015	0.0571429	0.0363636	0.0015	0.0588235	0.0196078	0.0410959	0.0015	0.0	0.0	0.0	0.0	0.0	0.0015	0.0	0.0	0.0	0.0	0.0	
Guifette leucoptère	0.0	0.0	0.0	0.0	0.0	0.0	0.0	0.0	0.0	0.0	0.0	0.0	0.0	0.0	0.0096154	0.0069444	0.0015	0.0	0.0	0.0015	0.0	0.0	0.0015	0.0	0.0	0.0	0.0	0.0	0.0	0.0	0.0	0.0	0.0	0.0	0.0	0.0	0.0	0.0	0.0	0.0	0.0	0.0	0.0	0.0	0.0	0.0	0.0	0.0	
Sterne arctique	0.0	0.0	0.0	0.0	0.0	0.0	0.0	0.0	0.0	0.0	0.0	0.0	0.0	0.0	0.0	0.0	0.0015	0.0	0.0	0.0	0.0	0.0	0.0	0.0	0.0	0.0	0.0	0.0	0.0	0.0	0.0	0.0	0.0	0.0	0.0	0.0	0.0	0.0	0.0	0.0	0.0	0.0	0.0	0.0	0.0	0.0	0.0	0.0	
Sterne pierregarin	0.0	0.0	0.0	0.0	0.0	0.0	0.0	0.0	0.0	0.0015	0.0015	0.0188679	0.0882353	0.1454545	0.1923077	0.2291667	0.2921348	0.1168831	0.1346154	0.109375	0.2714286	0.137931	0.1803279	0.1506849	0.1864407	0.1290323	0.1625	0.1948052	0.1	0.1111111	0.1142857	0.0909091	0.0015	0.0882353	0.0392157	0.0410959	0.0015	0.0	0.0	0.0015	0.0	0.0	0.0	0.0	0.0	0.0	0.0	0.0	
Sterne caugek	0.0	0.0	0.0	0.0	0.0	0.0	0.0	0.0	0.0	0.0	0.0	0.0	0.0015	0.0	0.0015	0.0	0.0	0.0	0.0	0.0	0.0	0.0	0.0	0.0	0.0	0.0	0.0	0.0	0.0	0.0	0.0	0.0	0.0015	0.0	0.0	0.0	0.0	0.0	0.0	0.0	0.0	0.0	0.0	0.0	0.0	0.0	0.0	0.0	
sterne sp.	0.0	0.0	0.0	0.0	0.0	0.0	0.0	0.0	0.0	0.0	0.0	0.0	0.0	0.0	0.0	0.0	0.0	0.0	0.0	0.0078125	0.0	0.0015	0.0	0.0	0.0	0.0	0.0	0.0	0.0	0.0	0.0	0.0	0.0	0.0	0.0	0.0136986	0.0	0.0015	0.0	0.0	0.0	0.0	0.0	0.0	0.0	0.0	0.0	0.0	
Grèbe castagneux	0.115942	0.2121212	0.0925926	0.1566265	0.254902	0.2105263	0.2166667	0.1919192	0.1698113	0.1333333	0.2777778	0.1509434	0.1176471	0.0909091	0.0865385	0.0902778	0.0786517	0.1428571	0.0576923	0.1171875	0.0857143	0.1034483	0.1639344	0.1780822	0.0338983	0.1182796	0.075	0.1298701	0.4	0.4444444	0.2428571	0.2	0.173913	0.2647059	0.2941176	0.2876712	0.5324675	0.3492063	0.375	0.3584906	0.3235294	0.1842105	0.2682927	0.1911765	0.0909091	0.1	0.1684211	0.1860465	
Grèbe esclavon	0.0	0.0	0.0	0.0	0.0	0.0	0.0	0.010101	0.0	0.0	0.0	0.0	0.0	0.0	0.0	0.0	0.0015	0.0	0.0015	0.0015	0.0	0.0	0.0	0.0	0.0	0.0	0.0	0.0	0.0	0.0	0.0	0.0	0.0	0.0	0.0	0.0	0.0	0.0	0.0	0.0	0.0	0.0	0.0	0.0	0.0	0.0	0.0	0.0	
Grèbe jougris	0.0	0.0	0.0	0.0	0.0	0.0	0.0	0.0	0.0	0.0	0.0	0.0	0.0	0.0	0.0015	0.0015	0.0	0.0	0.0	0.0	0.0	0.0	0.0	0.0	0.0	0.0	0.0	0.0	0.0	0.0	0.0	0.0	0.0	0.0	0.0	0.0	0.0	0.0	0.0	0.0	0.0	0.0	0.0	0.0	0.0015	0.0	0.0	0.0	
Grèbe huppé	0.2608696	0.4393939	0.4074074	0.3614458	0.4705882	0.3421053	0.4	0.4242424	0.3396226	0.4222222	0.25	0.3207547	0.25	0.2818182	0.1730769	0.2013889	0.2134831	0.3116883	0.0961538	0.28125	0.2428571	0.2344828	0.3770492	0.2328767	0.0677966	0.1827957	0.0875	0.1038961	0.38	0.2888889	0.2428571	0.2363636	0.173913	0.2941176	0.1568627	0.3561644	0.3896104	0.2380952	0.34375	0.490566	0.4411765	0.3157895	0.2926829	0.3235294	0.1818182	0.4	0.2842105	0.372093	
Grèbe à cou noir	0.0144928	0.0015	0.0	0.0120482	0.0392157	0.1184211	0.0833333	0.1818182	0.2264151	0.2	0.2777778	0.1132075	0.1764706	0.1545455	0.1057692	0.0833333	0.1348315	0.1688312	0.0769231	0.0859375	0.0428571	0.1241379	0.0819672	0.0821918	0.0169492	0.0752688	0.0375	0.038961	0.22	0.1555556	0.0714286	0.0545455	0.0434783	0.1470588	0.0588235	0.109589	0.1688312	0.0793651	0.21875	0.1509434	0.1176471	0.0263158	0.097561	0.0735294	0.0015	0.0142857	0.0210526	0.0232558	
Plongeon catmarin	0.0	0.0	0.0	0.0	0.0	0.0	0.0	0.0	0.0	0.0	0.0	0.0	0.0	0.0	0.0	0.0	0.0	0.0	0.0	0.0	0.0	0.0	0.0	0.0	0.0	0.0	0.0	0.0	0.0	0.0	0.0	0.0	0.0	0.0	0.0	0.0	0.0	0.0	0.0	0.0	0.0	0.0	0.0	0.0015	0.0015	0.0	0.0	0.0	
Plongeon imbrin	0.0015	0.0015	0.0	0.0	0.0015	0.0	0.0	0.0	0.0015	0.0	0.0	0.0	0.0	0.0	0.0	0.0	0.0	0.0	0.0	0.0	0.0	0.0	0.0	0.0	0.0	0.0	0.0	0.0	0.0	0.0	0.0	0.0	0.0	0.0	0.0	0.0	0.0	0.0	0.0	0.0	0.0	0.0	0.0	0.0	0.0015	0.0142857	0.0015	0.0015	
Océanite culblanc	0.0	0.0	0.0	0.0	0.0	0.0	0.0	0.0	0.0	0.0	0.0	0.0	0.0	0.0	0.0	0.0	0.0	0.0	0.0	0.0	0.0	0.0	0.0	0.0	0.0	0.0	0.0	0.0	0.0	0.0	0.0	0.0	0.0	0.0	0.0	0.0	0.0	0.0	0.0	0.0	0.0015	0.0	0.0	0.0	0.0	0.0	0.0	0.0	
Cigogne noire	0.0	0.0	0.0	0.0	0.0	0.0	0.0	0.0	0.0	0.0444444	0.0277778	0.0377358	0.0147059	0.0181818	0.0192308	0.0138889	0.0224719	0.012987	0.0384615	0.0078125	0.0571429	0.0137931	0.0655738	0.0410959	0.0847458	0.0215054	0.0125	0.0015	0.04	0.0222222	0.0428571	0.0363636	0.0434783	0.0015	0.0588235	0.0015	0.0015	0.0	0.0	0.0	0.0	0.0	0.0	0.0015	0.0	0.0	0.0	0.0	
Cigogne blanche	0.0	0.0015	0.0015	0.0015	0.0015	0.0131579	0.0015	0.0015	0.0188679	0.0222222	0.0555556	0.0015	0.0	0.0	0.0015	0.0069444	0.0	0.0	0.0015	0.0	0.0	0.0015	0.0	0.0	0.0	0.0015	0.0	0.0015	0.0015	0.0	0.0142857	0.0015	0.0015	0.0015	0.0196078	0.0015	0.0015	0.0	0.0	0.0	0.0015	0.0	0.0	0.0	0.0	0.0	0.0	0.0232558	
Grand Cormoran	0.2463768	0.4242424	0.4259259	0.373494	0.4901961	0.3684211	0.3	0.4646465	0.3962264	0.4222222	0.3611111	0.3584906	0.2941176	0.2	0.3076923	0.2569444	0.2247191	0.1948052	0.2115385	0.1640625	0.2857143	0.1310345	0.2459016	0.2054795	0.3220339	0.3978495	0.2375	0.2597403	0.28	0.3111111	0.2285714	0.3636364	0.4347826	0.4705882	0.2745098	0.4246575	0.4285714	0.4603175	0.4375	0.4528302	0.3529412	0.5	0.4146341	0.4264706	0.4363636	0.4714286	0.4	0.5348837	
Ibis falcinelle	0.0	0.0	0.0	0.0	0.0	0.0	0.0	0.0	0.0015	0.0015	0.0	0.0	0.0	0.0	0.0	0.0	0.0	0.0	0.0	0.0	0.0	0.0	0.0	0.0015	0.0	0.0	0.0	0.0015	0.0	0.0	0.0	0.0	0.0	0.0	0.0	0.0	0.0	0.0	0.0	0.0188679	0.0	0.0	0.0015	0.0	0.0015	0.0	0.0015	0.0	
Spatule blanche	0.0144928	0.0151515	0.037037	0.0120482	0.0015	0.0131579	0.0	0.0	0.0015	0.0	0.0	0.0015	0.0	0.0	0.0015	0.0	0.0	0.012987	0.0015	0.0015	0.0	0.0	0.0015	0.0	0.0	0.0	0.0	0.0015	0.04	0.0444444	0.0428571	0.0015	0.0015	0.0294118	0.0196078	0.0136986	0.025974	0.015873	0.0015	0.0015	0.0294118	0.0	0.0243902	0.0	0.0181818	0.0285714	0.0015	0.0015	
Blongios nain	0.0	0.0	0.0	0.0	0.0	0.0	0.0	0.0	0.0	0.0	0.0	0.0	0.0	0.0	0.0	0.0	0.0	0.0	0.0	0.0	0.0	0.0015	0.0015	0.0	0.0	0.0015	0.0	0.0	0.0	0.0	0.0	0.0	0.0	0.0	0.0	0.0	0.0	0.0	0.0	0.0	0.0	0.0	0.0	0.0	0.0	0.0	0.0	0.0	
Bihoreau gris	0.0144928	0.030303	0.0555556	0.0361446	0.0588235	0.0263158	0.0333333	0.040404	0.0377358	0.0888889	0.0015	0.0188679	0.0441176	0.0545455	0.0192308	0.0208333	0.011236	0.025974	0.0576923	0.0703125	0.0857143	0.0758621	0.0819672	0.0821918	0.0508475	0.0967742	0.025	0.025974	0.02	0.0015	0.0285714	0.0015	0.0015	0.0015	0.0196078	0.0273973	0.0015	0.0015	0.0015	0.0188679	0.0015	0.0263158	0.0015	0.0441176	0.0363636	0.0714286	0.0315789	0.0015	
Aigrette garzette	0.173913	0.2575758	0.2777778	0.1325301	0.1568627	0.1447368	0.0333333	0.1212121	0.0188679	0.1555556	0.0833333	0.1509434	0.0588235	0.0363636	0.0673077	0.1319444	0.0786517	0.1168831	0.1153846	0.125	0.2428571	0.1655172	0.2786885	0.1232877	0.1016949	0.172043	0.125	0.2337662	0.42	0.4444444	0.2	0.3454545	0.3913043	0.4705882	0.2941176	0.3424658	0.2987013	0.2698413	0.25	0.3018868	0.4117647	0.2894737	0.2439024	0.4117647	0.2909091	0.2	0.1894737	0.2093023	
Hybride Aigrette garzette x A. des récifs	0.0	0.0	0.0	0.0	0.0015	0.0015	0.0	0.0	0.0	0.0	0.0	0.0	0.0	0.0	0.0	0.0	0.0	0.0	0.0	0.0	0.0	0.0	0.0	0.0	0.0	0.0	0.0	0.0015	0.0	0.0	0.0015	0.0	0.0	0.0015	0.0	0.0	0.0	0.0	0.0	0.0	0.0015	0.0	0.0	0.0	0.0	0.0	0.0	0.0	
Crabier chevelu	0.0	0.0	0.0	0.0	0.0	0.0	0.0	0.0	0.0	0.0	0.0	0.0	0.0	0.0	0.0	0.0	0.0	0.0	0.0	0.0	0.0	0.0	0.0	0.0	0.0015	0.0	0.0	0.0015	0.0	0.0	0.0	0.0	0.0	0.0	0.0	0.0	0.0	0.0	0.0	0.0	0.0	0.0	0.0	0.0	0.0	0.0	0.0	0.0	
Héron garde-boeufs	0.0015	0.0015	0.0185185	0.0120482	0.0015	0.0015	0.0166667	0.020202	0.0188679	0.0444444	0.0015	0.0188679	0.0588235	0.0090909	0.0576923	0.0486111	0.0449438	0.038961	0.0769231	0.0546875	0.2142857	0.0758621	0.0819672	0.0410959	0.1016949	0.0645161	0.0875	0.0015	0.1	0.0222222	0.0428571	0.0545455	0.0434783	0.1176471	0.0015	0.0136986	0.0015	0.0015	0.03125	0.0188679	0.0015	0.0015	0.0015	0.0147059	0.0015	0.0015	0.0015	0.0015	
Grande Aigrette	0.4057971	0.530303	0.5185185	0.5060241	0.372549	0.3421053	0.3	0.3333333	0.3018868	0.3777778	0.3333333	0.2264151	0.0735294	0.0818182	0.0961538	0.0694444	0.0786517	0.0779221	0.0769231	0.0703125	0.0571429	0.0827586	0.0655738	0.1506849	0.0338983	0.1397849	0.0625	0.1168831	0.48	0.4888889	0.3142857	0.2909091	0.2608696	0.4117647	0.2745098	0.3835616	0.5714286	0.4603175	0.5625	0.6037736	0.6176471	0.4473684	0.5609756	0.5294118	0.4545455	0.4428571	0.4421053	0.5348837	
Héron cendré	0.3913043	0.530303	0.5740741	0.4216867	0.4509804	0.4210526	0.2333333	0.3838384	0.4716981	0.4	0.3611111	0.3773585	0.2941176	0.3363636	0.3461538	0.2916667	0.3370787	0.2987013	0.3076923	0.2890625	0.4857143	0.3586207	0.5245902	0.4383562	0.4067797	0.3870968	0.3	0.4415584	0.52	0.6	0.4285714	0.5272727	0.5652174	0.7352941	0.4117647	0.5753425	0.6233766	0.5396825	0.5625	0.6415094	0.6176471	0.6315789	0.6341463	0.75	0.5818182	0.5571429	0.5052632	0.5813953	
Héron pourpré	0.0	0.0	0.0	0.0	0.0	0.0	0.0	0.0	0.0	0.0	0.0	0.0	0.0147059	0.0090909	0.0288462	0.0138889	0.0224719	0.0779221	0.0384615	0.0625	0.1571429	0.1172414	0.1147541	0.1506849	0.1355932	0.1290323	0.075	0.0519481	0.24	0.1555556	0.1285714	0.2	0.0869565	0.1176471	0.0784314	0.0273973	0.0015	0.0	0.03125	0.0	0.0	0.0	0.0	0.0	0.0	0.0	0.0	0.0	
Pélican blanc	0.0	0.0	0.0	0.0	0.0	0.0	0.0	0.0	0.0	0.0	0.0	0.0	0.0	0.0	0.0	0.0069444	0.0	0.0	0.0	0.0	0.0	0.0	0.0	0.0	0.0	0.0	0.0	0.0	0.0	0.0	0.0	0.0	0.0	0.0	0.0	0.0	0.0	0.0	0.0	0.0	0.0	0.0	0.0	0.0	0.0	0.0	0.0	0.0	
Balbuzard pêcheur	0.0	0.0	0.0	0.0	0.0	0.0	0.0	0.0015	0.0	0.0222222	0.0015	0.0754717	0.0147059	0.0545455	0.0769231	0.0347222	0.0449438	0.0519481	0.0769231	0.0390625	0.1285714	0.0137931	0.0327869	0.0958904	0.0677966	0.1182796	0.0625	0.0519481	0.02	0.0666667	0.0571429	0.0545455	0.0015	0.0015	0.0588235	0.0136986	0.012987	0.031746	0.0	0.0	0.0	0.0	0.0	0.0	0.0	0.0	0.0	0.0	
Élanion blanc	0.0015	0.0015	0.0185185	0.0120482	0.0015	0.0015	0.0166667	0.0015	0.0377358	0.0222222	0.0277778	0.0188679	0.0147059	0.0015	0.0015	0.0069444	0.011236	0.012987	0.0015	0.0015	0.0015	0.0015	0.0	0.0015	0.0508475	0.0015	0.0015	0.0015	0.0	0.0015	0.0015	0.0015	0.0	0.0	0.0015	0.0015	0.0015	0.0015	0.0015	0.0015	0.0015	0.0	0.0015	0.0015	0.0015	0.0015	0.0015	0.0015	
Bondrée apivore	0.0	0.0	0.0	0.0	0.0	0.0	0.0	0.0	0.0	0.0	0.0	0.0	0.0	0.0	0.0	0.0	0.0224719	0.0649351	0.1153846	0.0546875	0.1285714	0.0896552	0.147541	0.1917808	0.3559322	0.3010753	0.25	0.2337662	0.18	0.2666667	0.0857143	0.0363636	0.1304348	0.0015	0.0015	0.0	0.0	0.0	0.0	0.0	0.0	0.0	0.0	0.0	0.0	0.0	0.0	0.0	
Vautour fauve	0.0	0.0	0.0	0.0	0.0	0.0	0.0	0.0	0.0	0.0	0.0	0.0	0.0	0.0	0.0	0.0	0.0	0.0	0.0	0.0015	0.0	0.0	0.0	0.0	0.0	0.0	0.0	0.0	0.0	0.0	0.0	0.0	0.0	0.0	0.0	0.0	0.0	0.0	0.0	0.0	0.0	0.0	0.0	0.0	0.0	0.0	0.0	0.0	
Circaète Jean-le-Blanc	0.0	0.0	0.0	0.0	0.0	0.0	0.0	0.0	0.0	0.0222222	0.1111111	0.0943396	0.0882353	0.0636364	0.0769231	0.0555556	0.011236	0.025974	0.0576923	0.0234375	0.0285714	0.0413793	0.1639344	0.1506849	0.2542373	0.2580645	0.1375	0.1818182	0.06	0.1555556	0.0857143	0.0181818	0.0434783	0.0588235	0.0015	0.0015	0.0015	0.0	0.0	0.0	0.0	0.0	0.0	0.0	0.0	0.0	0.0	0.0	
Aigle botté	0.0	0.0	0.0	0.0	0.0	0.0	0.0	0.0	0.0	0.0	0.0	0.0188679	0.0588235	0.0636364	0.0384615	0.0486111	0.0224719	0.0015	0.0	0.0078125	0.0285714	0.0275862	0.0491803	0.0547945	0.2372881	0.1290323	0.125	0.0779221	0.02	0.0666667	0.0428571	0.0015	0.0	0.0015	0.0015	0.0	0.0	0.0	0.0	0.0	0.0	0.0	0.0	0.0	0.0	0.0	0.0	0.0	
Épervier d'Europe	0.0289855	0.030303	0.0015	0.0120482	0.0196078	0.0394737	0.0333333	0.040404	0.1320755	0.1333333	0.0277778	0.1132075	0.0735294	0.0545455	0.0865385	0.0416667	0.0561798	0.0015	0.0192308	0.0015	0.0285714	0.0275862	0.0491803	0.109589	0.1864407	0.1397849	0.125	0.1038961	0.06	0.1333333	0.0428571	0.0727273	0.0869565	0.0015	0.0015	0.0410959	0.0015	0.0015	0.03125	0.0188679	0.0294118	0.0526316	0.0487805	0.0015	0.0	0.0142857	0.0315789	0.0015	
Autour des palombes	0.0	0.0	0.0	0.0	0.0	0.0015	0.0015	0.010101	0.0566038	0.0444444	0.0833333	0.0377358	0.0588235	0.0181818	0.0096154	0.0138889	0.0015	0.0	0.0192308	0.0078125	0.0142857	0.0206897	0.0327869	0.0547945	0.0338983	0.0645161	0.0875	0.025974	0.02	0.0	0.0142857	0.0015	0.0	0.0	0.0015	0.0136986	0.0	0.0	0.0	0.0015	0.0015	0.0263158	0.0	0.0015	0.0	0.0015	0.0	0.0232558	
Épervier d'Europe ou Autour des palombes	0.0	0.0	0.0	0.0	0.0	0.0	0.0	0.0	0.0	0.0	0.0	0.0	0.0	0.0	0.0	0.0	0.0	0.0	0.0	0.0	0.0	0.0	0.0	0.0	0.0	0.0015	0.0015	0.0	0.0	0.0	0.0	0.0	0.0	0.0	0.0	0.0	0.0	0.0	0.0	0.0	0.0	0.0	0.0	0.0	0.0	0.0	0.0	0.0	
Busard des roseaux	0.0289855	0.0606061	0.0740741	0.0481928	0.0392157	0.0394737	0.0166667	0.040404	0.0188679	0.0888889	0.0277778	0.1132075	0.0882353	0.0272727	0.0288462	0.0347222	0.0337079	0.0015	0.0576923	0.0078125	0.0285714	0.0137931	0.0327869	0.0273973	0.0169492	0.0107527	0.0125	0.0015	0.0015	0.0888889	0.0714286	0.0015	0.0015	0.0882353	0.0196078	0.0821918	0.025974	0.031746	0.0015	0.0188679	0.0015	0.0015	0.0243902	0.0294118	0.0015	0.0142857	0.0315789	0.0465116	
Busard Saint-Martin	0.0015	0.030303	0.0015	0.0361446	0.0196078	0.0131579	0.0	0.030303	0.0188679	0.0444444	0.0833333	0.0754717	0.1176471	0.0181818	0.0480769	0.0208333	0.0449438	0.012987	0.0015	0.0078125	0.0285714	0.0275862	0.0327869	0.0273973	0.0847458	0.0430108	0.0015	0.025974	0.0015	0.0888889	0.0142857	0.0181818	0.0015	0.0015	0.0015	0.0136986	0.012987	0.0015	0.0015	0.0	0.0294118	0.0015	0.0015	0.0588235	0.0363636	0.0142857	0.0421053	0.0465116	
Busard pâle	0.0	0.0	0.0	0.0	0.0	0.0	0.0	0.0	0.0	0.0	0.0	0.0	0.0	0.0	0.0	0.0015	0.0	0.0	0.0	0.0	0.0	0.0	0.0	0.0015	0.0	0.0	0.0	0.0	0.0	0.0	0.0	0.0	0.0	0.0	0.0	0.0	0.0	0.0	0.0	0.0	0.0	0.0	0.0	0.0	0.0	0.0	0.0	0.0	
Busard cendré	0.0	0.0	0.0	0.0	0.0	0.0	0.0	0.0	0.0	0.0	0.0	0.0	0.0	0.0090909	0.0096154	0.0015	0.0015	0.012987	0.0015	0.0078125	0.0	0.0	0.0163934	0.0015	0.0	0.0015	0.0015	0.0015	0.0	0.0	0.0142857	0.0	0.0015	0.0	0.0	0.0136986	0.0	0.0	0.0	0.0	0.0	0.0	0.0	0.0	0.0	0.0	0.0	0.0	
busard sp.	0.0	0.0	0.0	0.0	0.0	0.0	0.0	0.0	0.0	0.0	0.0	0.0	0.0	0.0	0.0	0.0	0.0	0.0	0.0	0.0078125	0.0	0.0	0.0	0.0015	0.0	0.0	0.0	0.0	0.0	0.0	0.0	0.0	0.0	0.0	0.0	0.0	0.0	0.0	0.0	0.0	0.0	0.0	0.0	0.0	0.0	0.0	0.0	0.0	
Milan royal	0.0	0.0	0.0	0.0015	0.0196078	0.0	0.0	0.0	0.0015	0.0015	0.0015	0.0	0.0015	0.0	0.0015	0.0	0.0	0.0	0.0	0.0	0.0	0.0	0.0	0.0	0.0	0.0	0.0125	0.0	0.0	0.0	0.0	0.0181818	0.0015	0.0	0.0	0.0	0.0015	0.0015	0.0	0.0015	0.0588235	0.0	0.0	0.0015	0.0015	0.0015	0.0015	0.0015	
Milan noir	0.0	0.0	0.0	0.0	0.0	0.0	0.0	0.010101	0.0015	0.0444444	0.0015	0.0943396	0.1176471	0.0727273	0.125	0.0763889	0.0561798	0.0649351	0.1346154	0.03125	0.1714286	0.0758621	0.1967213	0.1643836	0.220339	0.1612903	0.175	0.0909091	0.02	0.0666667	0.0015	0.0015	0.0	0.0	0.0	0.0	0.0	0.0	0.0	0.0	0.0	0.0	0.0	0.0	0.0	0.0	0.0	0.0	
Pygargue à queue blanche	0.0	0.0	0.0	0.0	0.0	0.0	0.0	0.0	0.0	0.0	0.0	0.0	0.0147059	0.0015	0.0096154	0.0015	0.0015	0.0	0.0	0.0	0.0	0.0	0.0	0.0	0.0	0.0	0.0	0.0015	0.0	0.0	0.0015	0.0	0.0434783	0.0	0.0015	0.0136986	0.0015	0.0	0.03125	0.0	0.0	0.0	0.0243902	0.0015	0.0015	0.0	0.0	0.0232558	
Buse variable	0.1594203	0.1212121	0.1296296	0.1084337	0.1764706	0.2894737	0.2833333	0.2727273	0.2830189	0.3111111	0.25	0.3962264	0.3676471	0.1818182	0.2403846	0.1597222	0.1685393	0.2207792	0.1730769	0.140625	0.2857143	0.1931034	0.3278689	0.3287671	0.440678	0.3978495	0.3375	0.4415584	0.26	0.2666667	0.3	0.2	0.2608696	0.1764706	0.1764706	0.1917808	0.1688312	0.1428571	0.21875	0.0754717	0.2647059	0.0789474	0.195122	0.1617647	0.1090909	0.1714286	0.1368421	0.255814	
Buteo sp.	0.0	0.0	0.0	0.0	0.0	0.0	0.0	0.0	0.0	0.0	0.0	0.0	0.0	0.0	0.0	0.0	0.0	0.0	0.0	0.0	0.0	0.0	0.0	0.0	0.0	0.0	0.0	0.0	0.02	0.0	0.0	0.0	0.0	0.0	0.0	0.0136986	0.0	0.0	0.0	0.0	0.0	0.0263158	0.0243902	0.0	0.0	0.0	0.0	0.0	
rapace sp.	0.0	0.0	0.0	0.0	0.0	0.0	0.0	0.0	0.0	0.0	0.0	0.0	0.0	0.0	0.0	0.0	0.0	0.0	0.0	0.0	0.0	0.0068966	0.0	0.0	0.0	0.0	0.0	0.0	0.0	0.0	0.0	0.0	0.0	0.0	0.0	0.0	0.0	0.0	0.0	0.0	0.0	0.0	0.0	0.0	0.0	0.0	0.0	0.0	
Effraie des clochers	0.0015	0.0015	0.0	0.0	0.0015	0.0015	0.0015	0.0	0.0	0.0222222	0.0015	0.0188679	0.0	0.0015	0.0015	0.0015	0.0224719	0.0	0.0	0.0078125	0.0	0.0015	0.0	0.0136986	0.0338983	0.0	0.0	0.0	0.0	0.0	0.0015	0.0015	0.0	0.0015	0.0015	0.0136986	0.0	0.0015	0.0	0.0015	0.0294118	0.0015	0.0	0.0	0.0015	0.0	0.0	0.0	
Chevêche d'Athéna	0.0144928	0.0	0.0015	0.0	0.0	0.0	0.0015	0.0015	0.0015	0.0222222	0.0015	0.0	0.0147059	0.0090909	0.0015	0.0069444	0.0015	0.0015	0.0015	0.0078125	0.0015	0.0015	0.0327869	0.0273973	0.0677966	0.0107527	0.0015	0.025974	0.0	0.0	0.0015	0.0015	0.0015	0.0	0.0015	0.0136986	0.0015	0.0	0.0	0.0	0.0	0.0	0.0	0.0015	0.0015	0.0	0.0	0.0	
Chouette hulotte	0.0144928	0.0	0.0	0.0015	0.0	0.0	0.0015	0.020202	0.0377358	0.0444444	0.0	0.0188679	0.0147059	0.0272727	0.0288462	0.0	0.0449438	0.0015	0.0015	0.0234375	0.0285714	0.0068966	0.0	0.0	0.0015	0.0322581	0.0375	0.0	0.02	0.0444444	0.0428571	0.0181818	0.0015	0.0	0.0196078	0.0015	0.025974	0.015873	0.0	0.0015	0.0294118	0.0263158	0.0243902	0.0147059	0.0181818	0.0	0.0105263	0.0	
Hibou moyen-duc	0.0	0.0	0.0	0.0	0.0	0.0	0.0	0.0	0.0	0.0	0.0	0.0	0.0	0.0015	0.0015	0.0	0.0015	0.012987	0.0	0.0078125	0.0	0.0137931	0.0015	0.0136986	0.0338983	0.0	0.0	0.0015	0.0	0.0	0.0	0.0	0.0	0.0	0.0	0.0	0.0	0.0	0.0	0.0	0.0	0.0	0.0	0.0	0.0	0.0	0.0	0.0	
Hibou des marais	0.0	0.0015	0.0	0.0	0.0	0.0131579	0.0	0.010101	0.0	0.0	0.0015	0.0	0.0	0.0	0.0	0.0	0.0	0.0	0.0	0.0	0.0	0.0	0.0	0.0	0.0	0.0	0.0	0.0	0.0	0.0	0.0	0.0	0.0	0.0015	0.0	0.0	0.0	0.0	0.0	0.0	0.0	0.0	0.0	0.0	0.0	0.0	0.0	0.0	
Huppe fasciée	0.0	0.0	0.0	0.0	0.0	0.0	0.0	0.0	0.0	0.0	0.0015	0.0188679	0.0588235	0.0363636	0.0576923	0.0694444	0.0449438	0.0015	0.0192308	0.03125	0.0428571	0.0344828	0.0327869	0.0410959	0.0508475	0.0322581	0.025	0.025974	0.0	0.0222222	0.0142857	0.0015	0.0015	0.0	0.0	0.0	0.0	0.0	0.0	0.0	0.0	0.0	0.0	0.0	0.0	0.0	0.0	0.0	
Guêpier d'Europe	0.0	0.0	0.0	0.0	0.0	0.0	0.0	0.0	0.0	0.0	0.0	0.0	0.0	0.0	0.0015	0.0138889	0.011236	0.012987	0.0015	0.0078125	0.0015	0.0015	0.0163934	0.0136986	0.0169492	0.0537634	0.0125	0.0519481	0.0015	0.0444444	0.0142857	0.0015	0.0	0.0	0.0	0.0	0.0	0.0	0.0	0.0	0.0	0.0	0.0	0.0	0.0	0.0	0.0	0.0	
Martin-pêcheur d'Europe	0.0289855	0.1363636	0.0015	0.0240964	0.0588235	0.0394737	0.0333333	0.0505051	0.0377358	0.0888889	0.0015	0.0377358	0.0294118	0.0272727	0.0096154	0.0277778	0.0898876	0.025974	0.0384615	0.0390625	0.0428571	0.0275862	0.0819672	0.0821918	0.0508475	0.1182796	0.1	0.0909091	0.04	0.0888889	0.2428571	0.2181818	0.2173913	0.2058824	0.1372549	0.109589	0.1428571	0.1587302	0.21875	0.1886792	0.2058824	0.1315789	0.1219512	0.0882353	0.0363636	0.0857143	0.0526316	0.1395349	
Rollier d'Europe	0.0	0.0	0.0	0.0	0.0	0.0	0.0	0.0	0.0	0.0	0.0	0.0	0.0	0.0	0.0	0.0	0.0	0.0	0.0015	0.0	0.0	0.0	0.0	0.0	0.0	0.0	0.0	0.0	0.0	0.0	0.0	0.0	0.0	0.0	0.0	0.0	0.0	0.0	0.0	0.0	0.0	0.0	0.0	0.0	0.0	0.0	0.0	0.0	
Torcol fourmilier	0.0	0.0	0.0	0.0	0.0	0.0	0.0	0.0	0.0	0.0	0.0	0.0	0.0147059	0.0090909	0.0	0.0208333	0.0015	0.012987	0.0	0.0078125	0.0015	0.0344828	0.0163934	0.0273973	0.0015	0.0	0.0125	0.012987	0.0	0.0	0.0142857	0.0	0.0	0.0	0.0015	0.0015	0.0	0.0	0.0	0.0	0.0	0.0	0.0	0.0	0.0	0.0	0.0	0.0	
Pic mar	0.0434783	0.0151515	0.0185185	0.0361446	0.0392157	0.0657895	0.05	0.0606061	0.1132075	0.0888889	0.0833333	0.0188679	0.0294118	0.0363636	0.0384615	0.0208333	0.011236	0.0015	0.0576923	0.03125	0.1142857	0.0896552	0.0819672	0.0821918	0.1186441	0.1290323	0.125	0.0519481	0.04	0.0888889	0.0285714	0.0909091	0.0434783	0.0294118	0.0784314	0.0821918	0.025974	0.047619	0.0015	0.0188679	0.0	0.0526316	0.0243902	0.0294118	0.0015	0.0142857	0.0421053	0.0697674	
Pic épeiche	0.2753623	0.1363636	0.1481481	0.0963855	0.1372549	0.1052632	0.1333333	0.0808081	0.2641509	0.1777778	0.3611111	0.3018868	0.2058824	0.2	0.2115385	0.125	0.0898876	0.0779221	0.0961538	0.203125	0.2142857	0.3517241	0.3442623	0.3287671	0.2542373	0.3978495	0.2375	0.3766234	0.24	0.2444444	0.4142857	0.2181818	0.2608696	0.2058824	0.2156863	0.1369863	0.1428571	0.1428571	0.125	0.1509434	0.1764706	0.1842105	0.0487805	0.1176471	0.1818182	0.1571429	0.1052632	0.1627907	
Pic épeichette	0.0	0.0015	0.0185185	0.0015	0.0196078	0.0015	0.0166667	0.0015	0.0377358	0.0444444	0.0015	0.0377358	0.0294118	0.0272727	0.0192308	0.0015	0.0224719	0.0	0.0192308	0.0234375	0.0015	0.0275862	0.0327869	0.109589	0.0508475	0.1075269	0.075	0.0519481	0.04	0.0444444	0.0571429	0.0545455	0.0015	0.0294118	0.0196078	0.0136986	0.0	0.015873	0.03125	0.0015	0.0015	0.0263158	0.0243902	0.0147059	0.0015	0.0285714	0.0	0.0015	
Pic cendré	0.0	0.0	0.0	0.0	0.0	0.0015	0.0	0.0	0.0188679	0.0222222	0.0277778	0.0188679	0.0147059	0.0090909	0.0384615	0.0138889	0.011236	0.0	0.0192308	0.0078125	0.0	0.0015	0.0	0.0015	0.0169492	0.0015	0.0	0.0	0.0	0.0	0.0	0.0	0.0	0.0	0.0	0.0	0.0	0.0	0.0015	0.0	0.0	0.0	0.0	0.0	0.0	0.0	0.0	0.0	
Pic vert	0.1304348	0.2878788	0.1666667	0.1807229	0.2352941	0.1710526	0.2833333	0.1919192	0.3584906	0.3333333	0.4166667	0.245283	0.1617647	0.2272727	0.2307692	0.1319444	0.1235955	0.0649351	0.0961538	0.125	0.1857143	0.1517241	0.1639344	0.3150685	0.4067797	0.4408602	0.3875	0.3896104	0.22	0.2222222	0.3428571	0.3454545	0.2608696	0.2941176	0.3137255	0.1369863	0.1558442	0.2063492	0.21875	0.1886792	0.2941176	0.3421053	0.1707317	0.1323529	0.1272727	0.1428571	0.1052632	0.1860465	
Pic noir	0.0724638	0.0015	0.0740741	0.0120482	0.0588235	0.0526316	0.0333333	0.010101	0.1320755	0.1333333	0.0277778	0.0566038	0.0588235	0.0363636	0.0576923	0.0138889	0.0561798	0.012987	0.0384615	0.015625	0.0714286	0.0344828	0.0163934	0.0273973	0.0169492	0.0537634	0.1	0.0519481	0.02	0.0222222	0.1	0.0727273	0.0869565	0.0588235	0.0588235	0.0410959	0.025974	0.015873	0.0	0.0377358	0.0588235	0.0526316	0.0015	0.0147059	0.0181818	0.0142857	0.0210526	0.0232558	
pic sp.	0.0	0.0	0.0	0.0	0.0	0.0	0.0	0.0	0.0	0.0	0.0	0.0	0.0	0.0	0.0	0.0	0.0	0.0	0.0	0.0	0.0	0.0	0.0	0.0	0.0169492	0.0107527	0.0125	0.0	0.0	0.0	0.0	0.0	0.0	0.0	0.0	0.0	0.0	0.0	0.0	0.0	0.0	0.0	0.0	0.0	0.0	0.0	0.0	0.0	
Faucon crécerelle	0.057971	0.030303	0.037037	0.0361446	0.0392157	0.0394737	0.0166667	0.0808081	0.1320755	0.1111111	0.1944444	0.1320755	0.1764706	0.0909091	0.2019231	0.1111111	0.1348315	0.0779221	0.0769231	0.046875	0.1571429	0.1310345	0.1967213	0.260274	0.3220339	0.1935484	0.1875	0.1298701	0.12	0.1111111	0.1142857	0.1454545	0.173913	0.0015	0.0392157	0.0684932	0.025974	0.047619	0.0625	0.0754717	0.1470588	0.1578947	0.0243902	0.0441176	0.0727273	0.0857143	0.0631579	0.1162791	
Faucon crécerellette ou F. crécerelle	0.0	0.0	0.0	0.0	0.0	0.0	0.0	0.0	0.0	0.0	0.0	0.0188679	0.0	0.0	0.0	0.0	0.0	0.0	0.0	0.0	0.0	0.0	0.0	0.0	0.0	0.0	0.0	0.0	0.0	0.0	0.0	0.0	0.0	0.0	0.0	0.0	0.0	0.015873	0.0	0.0	0.0	0.0	0.0	0.0	0.0	0.0	0.0	0.0	
Faucon émerillon	0.0015	0.0	0.0	0.0015	0.0	0.0	0.0	0.0	0.0	0.0	0.0015	0.0015	0.0	0.0015	0.0	0.0	0.0	0.0	0.0	0.0	0.0	0.0	0.0	0.0	0.0	0.0	0.0	0.0	0.0	0.0	0.0	0.0	0.0	0.0	0.0	0.0	0.0015	0.0	0.0	0.0	0.0015	0.0015	0.0	0.0	0.0	0.0015	0.0	0.0	
Faucon hobereau	0.0	0.0	0.0	0.0	0.0	0.0	0.0	0.0	0.0	0.0	0.0	0.0	0.0	0.0015	0.0288462	0.0416667	0.0224719	0.012987	0.0769231	0.0234375	0.0428571	0.0551724	0.0655738	0.0958904	0.1186441	0.0537634	0.05	0.1038961	0.02	0.0888889	0.0714286	0.0545455	0.0015	0.0294118	0.0196078	0.0015	0.012987	0.0	0.0	0.0	0.0	0.0	0.0	0.0	0.0	0.0	0.0	0.0	
Faucon pèlerin	0.0015	0.0	0.0185185	0.0240964	0.0	0.0	0.0	0.010101	0.0188679	0.0	0.0	0.0	0.0147059	0.0090909	0.0	0.0015	0.0	0.0	0.0	0.0	0.0	0.0	0.0	0.0	0.0169492	0.0	0.0	0.0	0.0	0.0	0.0	0.0015	0.0015	0.0	0.0	0.0	0.0	0.0015	0.0	0.0	0.0015	0.0	0.0015	0.0015	0.0015	0.0	0.0015	0.0015	
Loriot d'Europe	0.0	0.0	0.0	0.0	0.0	0.0	0.0	0.0	0.0	0.0	0.0	0.0	0.0	0.0090909	0.0288462	0.1180556	0.1685393	0.1688312	0.1730769	0.171875	0.2	0.1862069	0.295082	0.2054795	0.3220339	0.2903226	0.1875	0.2987013	0.12	0.1777778	0.0285714	0.0181818	0.0	0.0	0.0	0.0	0.0	0.0	0.0	0.0	0.0	0.0	0.0	0.0	0.0	0.0	0.0	0.0	
Pie-grièche écorcheur	0.0	0.0	0.0	0.0	0.0	0.0	0.0	0.0	0.0	0.0	0.0	0.0	0.0	0.0	0.0	0.0	0.0224719	0.012987	0.0384615	0.015625	0.0571429	0.0965517	0.0655738	0.109589	0.1525424	0.1290323	0.0875	0.0909091	0.08	0.0444444	0.0015	0.0015	0.0015	0.0015	0.0	0.0	0.0	0.0	0.0	0.0	0.0	0.0	0.0	0.0	0.0	0.0	0.0	0.0	
Pie-grièche grise	0.0	0.0	0.0	0.0	0.0	0.0	0.0	0.0	0.0	0.0	0.0	0.0	0.0	0.0	0.0	0.0	0.0	0.0	0.0	0.0	0.0	0.0	0.0	0.0	0.0	0.0	0.0	0.0	0.0	0.0	0.0	0.0	0.0	0.0	0.0	0.0	0.0	0.0	0.0	0.0	0.0	0.0	0.0	0.0015	0.0	0.0	0.0	0.0	
Pie-grièche à tête rousse	0.0	0.0	0.0	0.0	0.0	0.0	0.0	0.0	0.0	0.0	0.0	0.0	0.0	0.0	0.0	0.0	0.0	0.0	0.0	0.0	0.0	0.0	0.0	0.0015	0.0	0.0107527	0.0	0.0	0.0	0.0	0.0	0.0	0.0	0.0	0.0	0.0	0.0	0.0	0.0	0.0	0.0	0.0	0.0	0.0	0.0	0.0	0.0	0.0	
Geai des chênes	0.115942	0.1363636	0.0740741	0.0481928	0.0392157	0.0657895	0.05	0.0909091	0.1509434	0.1555556	0.1944444	0.1509434	0.1911765	0.2	0.125	0.0625	0.0786517	0.0779221	0.0961538	0.078125	0.1428571	0.1103448	0.2131148	0.1369863	0.2881356	0.1935484	0.1375	0.1818182	0.06	0.1555556	0.1	0.2181818	0.0869565	0.1176471	0.2156863	0.2328767	0.1558442	0.1587302	0.28125	0.2264151	0.2352941	0.2631579	0.3414634	0.1029412	0.0727273	0.1428571	0.1052632	0.255814	
Pie bavarde	0.1449275	0.1818182	0.0740741	0.1084337	0.1764706	0.1447368	0.1	0.1111111	0.1698113	0.2666667	0.1944444	0.2641509	0.2941176	0.0818182	0.1442308	0.0972222	0.1123596	0.0519481	0.0961538	0.125	0.2	0.0896552	0.1147541	0.1369863	0.1355932	0.1827957	0.225	0.1168831	0.06	0.0666667	0.1142857	0.2727273	0.3043478	0.1470588	0.1764706	0.1643836	0.0519481	0.1428571	0.15625	0.1320755	0.2058824	0.2894737	0.0487805	0.1470588	0.1090909	0.0571429	0.0631579	0.1627907	
Choucas des tours	0.1449275	0.0757576	0.0740741	0.0481928	0.0392157	0.0657895	0.05	0.0505051	0.1132075	0.0666667	0.0833333	0.0943396	0.1323529	0.0727273	0.1923077	0.0902778	0.0674157	0.0649351	0.0961538	0.0625	0.1142857	0.0551724	0.0491803	0.0958904	0.0169492	0.0537634	0.05	0.025974	0.02	0.0666667	0.0142857	0.1272727	0.0434783	0.0882353	0.1764706	0.109589	0.025974	0.1428571	0.125	0.1320755	0.0882353	0.1315789	0.1219512	0.0588235	0.0545455	0.0571429	0.0842105	0.0697674	
Corbeau freux	0.0724638	0.0454545	0.0185185	0.0120482	0.0196078	0.0263158	0.05	0.020202	0.0188679	0.0222222	0.0555556	0.0015	0.1470588	0.0545455	0.1057692	0.0347222	0.0786517	0.012987	0.0192308	0.0078125	0.0285714	0.0068966	0.0015	0.0136986	0.0338983	0.0	0.05	0.012987	0.02	0.0	0.0	0.0909091	0.0434783	0.0	0.0196078	0.0015	0.012987	0.015873	0.0	0.0377358	0.0294118	0.0789474	0.0243902	0.0735294	0.0	0.0142857	0.0	0.0465116	
Corneille noire	0.4347826	0.5151515	0.4074074	0.4216867	0.3333333	0.3421053	0.3833333	0.3737374	0.4716981	0.6666667	0.4722222	0.5471698	0.4558824	0.4272727	0.4711538	0.375	0.3932584	0.3506494	0.4807692	0.3203125	0.4	0.3586207	0.4590164	0.5068493	0.5254237	0.516129	0.5125	0.6233766	0.4	0.4222222	0.3714286	0.5818182	0.3913043	0.3823529	0.3921569	0.3972603	0.4415584	0.4920635	0.5	0.490566	0.5294118	0.5789474	0.6341463	0.5735294	0.4545455	0.4142857	0.3789474	0.5116279	
corneille sp.	0.0	0.0	0.0	0.0	0.0	0.0	0.0	0.0	0.0	0.0	0.0	0.0	0.0147059	0.0	0.0	0.0	0.0	0.0	0.0	0.0	0.0	0.0	0.0	0.0	0.0	0.0	0.0	0.0	0.0015	0.0	0.0	0.0	0.0	0.0	0.0	0.0	0.0	0.0	0.0	0.0	0.0	0.0	0.0	0.0	0.0	0.0	0.0	0.0	
Mésange noire	0.0015	0.0151515	0.0015	0.0	0.0	0.0015	0.0	0.0	0.0	0.0	0.0	0.0	0.0	0.0	0.0015	0.0	0.0	0.0	0.0192308	0.0	0.0	0.0	0.0	0.0136986	0.0	0.0107527	0.0	0.0	0.0	0.0	0.0	0.0181818	0.0	0.0	0.0	0.0	0.0	0.0	0.0	0.0188679	0.0	0.0	0.0	0.0015	0.0015	0.0	0.0015	0.0232558	
Mésange huppée	0.057971	0.030303	0.037037	0.0120482	0.0392157	0.0131579	0.05	0.010101	0.1132075	0.0444444	0.0555556	0.0188679	0.0294118	0.0090909	0.0288462	0.0069444	0.0224719	0.0015	0.0	0.0078125	0.0142857	0.0413793	0.0491803	0.0410959	0.0847458	0.1075269	0.1375	0.0649351	0.04	0.1333333	0.0428571	0.0545455	0.0869565	0.0	0.0	0.0015	0.0	0.047619	0.03125	0.0377358	0.0015	0.0263158	0.0015	0.0588235	0.0363636	0.0428571	0.0315789	0.0697674	
Mésange nonnette	0.057971	0.0151515	0.0555556	0.0240964	0.0196078	0.0394737	0.0333333	0.040404	0.0566038	0.1333333	0.0277778	0.0188679	0.0588235	0.0181818	0.0192308	0.0208333	0.0561798	0.0	0.0192308	0.0078125	0.0571429	0.0275862	0.0163934	0.0273973	0.0338983	0.0322581	0.0625	0.038961	0.02	0.0222222	0.0571429	0.0545455	0.0434783	0.0	0.0392157	0.0684932	0.012987	0.047619	0.03125	0.0377358	0.0294118	0.0789474	0.0243902	0.0147059	0.0181818	0.0285714	0.0421053	0.1627907	
Mésange nonnette ou M. boréale	0.0	0.0	0.0	0.0	0.0	0.0	0.0	0.0	0.0	0.0	0.0	0.0	0.0	0.0	0.0	0.0	0.0	0.0	0.0	0.0	0.0	0.0	0.0	0.0	0.0	0.0	0.0	0.012987	0.0	0.0	0.0142857	0.0	0.0	0.0	0.0	0.0	0.0	0.0	0.0	0.0	0.0	0.0	0.0	0.0	0.0	0.0	0.0	0.0	
Mésange bleue	0.3188406	0.3181818	0.3148148	0.2771084	0.2745098	0.3289474	0.3833333	0.3030303	0.2641509	0.5555556	0.3611111	0.4339623	0.4411765	0.3454545	0.3846154	0.2569444	0.2022472	0.1688312	0.2307692	0.2734375	0.2714286	0.3655172	0.4262295	0.3835616	0.2711864	0.3978495	0.35	0.2987013	0.42	0.4444444	0.3714286	0.5636364	0.3913043	0.2058824	0.4509804	0.3150685	0.2727273	0.2857143	0.28125	0.2075472	0.3823529	0.4473684	0.3658537	0.25	0.3090909	0.2428571	0.2105263	0.255814	
Mésange charbonnière	0.2318841	0.2575758	0.2222222	0.253012	0.3333333	0.2631579	0.4333333	0.2929293	0.4339623	0.4222222	0.4444444	0.4716981	0.4705882	0.2818182	0.4615385	0.3194444	0.2696629	0.1558442	0.2115385	0.2734375	0.2428571	0.1862069	0.2459016	0.2054795	0.2372881	0.2580645	0.2125	0.2467532	0.32	0.2888889	0.2714286	0.4545455	0.2608696	0.2941176	0.2941176	0.369863	0.2337662	0.2698413	0.375	0.3207547	0.2941176	0.1842105	0.1219512	0.1764706	0.2363636	0.2285714	0.2315789	0.3023256	
Rémiz penduline	0.0015	0.0151515	0.0	0.0015	0.0	0.0	0.0	0.0	0.0	0.0	0.0	0.0	0.0	0.0	0.0	0.0	0.0	0.0	0.0	0.0	0.0	0.0	0.0	0.0	0.0	0.0	0.0	0.0	0.0	0.0	0.0	0.0	0.0	0.0	0.0	0.0	0.0	0.0	0.0	0.0	0.0	0.0015	0.0	0.0	0.0	0.0	0.0	0.0	
Alouette lulu	0.0434783	0.030303	0.0015	0.0015	0.0392157	0.0263158	0.0166667	0.040404	0.1320755	0.0888889	0.0833333	0.1132075	0.2205882	0.0818182	0.1442308	0.0694444	0.0449438	0.038961	0.0192308	0.0546875	0.0857143	0.0965517	0.0819672	0.0958904	0.1186441	0.0752688	0.0375	0.038961	0.02	0.0666667	0.0142857	0.0	0.0	0.0294118	0.0392157	0.0273973	0.025974	0.031746	0.03125	0.0377358	0.0294118	0.1052632	0.0731707	0.0441176	0.0015	0.0142857	0.0	0.0015	
Alouette des champs	0.0289855	0.030303	0.0555556	0.0120482	0.0392157	0.1052632	0.1	0.1212121	0.1320755	0.1333333	0.2222222	0.2641509	0.3088235	0.2272727	0.2884615	0.2430556	0.1460674	0.1818182	0.1153846	0.171875	0.1714286	0.137931	0.2295082	0.260274	0.3898305	0.311828	0.175	0.0909091	0.06	0.0015	0.0428571	0.0015	0.0015	0.0015	0.0196078	0.0	0.025974	0.1269841	0.21875	0.0943396	0.0588235	0.1842105	0.0731707	0.0588235	0.0015	0.0428571	0.0315789	0.0	
Cochevis huppé	0.0	0.0	0.0	0.0	0.0015	0.0	0.0166667	0.0	0.0	0.0	0.0277778	0.0	0.0	0.0	0.0015	0.0015	0.0015	0.0	0.0015	0.0015	0.0015	0.0068966	0.0015	0.0015	0.0169492	0.0	0.0015	0.0	0.0	0.0	0.0	0.0181818	0.0	0.0	0.0	0.0	0.0	0.0	0.0015	0.0	0.0015	0.0015	0.0	0.0015	0.0	0.0	0.0	0.0	
Cisticole des joncs	0.0	0.0	0.0	0.0	0.0	0.0131579	0.0	0.0	0.0188679	0.0666667	0.0277778	0.0015	0.0735294	0.0363636	0.0096154	0.0486111	0.0224719	0.038961	0.0769231	0.015625	0.0571429	0.0275862	0.0655738	0.0821918	0.1016949	0.1075269	0.0875	0.0519481	0.06	0.0888889	0.0428571	0.0363636	0.0434783	0.0294118	0.0196078	0.0136986	0.0	0.0	0.0625	0.0188679	0.0294118	0.0015	0.0	0.0	0.0015	0.0	0.0105263	0.0	
Hypolaïs polyglotte	0.0	0.0	0.0	0.0	0.0	0.0	0.0	0.0	0.0	0.0	0.0	0.0	0.0	0.0	0.0673077	0.0416667	0.0786517	0.1168831	0.0961538	0.0859375	0.1428571	0.1103448	0.1639344	0.1643836	0.1016949	0.0860215	0.0625	0.0649351	0.0015	0.1333333	0.0142857	0.0	0.0	0.0	0.0	0.0	0.0	0.0	0.0	0.0	0.0	0.0	0.0	0.0	0.0	0.0	0.0	0.0	
Phragmite des joncs	0.0	0.0	0.0	0.0	0.0	0.0	0.0	0.0	0.0	0.0	0.0	0.0188679	0.0294118	0.0909091	0.0192308	0.0694444	0.011236	0.1428571	0.0384615	0.0703125	0.0571429	0.0758621	0.0327869	0.0136986	0.0015	0.0215054	0.0	0.012987	0.02	0.0015	0.0	0.0	0.0	0.0015	0.0	0.0	0.0	0.0	0.0	0.0	0.0	0.0	0.0	0.0	0.0	0.0	0.0	0.0	
Rousserolle effarvatte	0.0	0.0	0.0	0.0	0.0	0.0	0.0	0.0	0.0	0.0	0.0	0.0	0.0147059	0.0015	0.0	0.0347222	0.0898876	0.0649351	0.1153846	0.1953125	0.2142857	0.1172414	0.1311475	0.109589	0.0338983	0.0967742	0.05	0.012987	0.04	0.0444444	0.0142857	0.0181818	0.0015	0.0	0.0	0.0136986	0.0	0.0	0.0	0.0	0.0	0.0	0.0	0.0	0.0	0.0	0.0	0.0	
Rousserolle turdoïde	0.0	0.0	0.0	0.0	0.0	0.0	0.0	0.0	0.0	0.0	0.0	0.0	0.0	0.0	0.0	0.0	0.0015	0.012987	0.0192308	0.015625	0.0	0.0	0.0	0.0	0.0	0.0	0.0	0.0	0.0	0.0	0.0	0.0	0.0	0.0	0.0	0.0	0.0	0.0	0.0	0.0	0.0	0.0	0.0	0.0	0.0	0.0	0.0	0.0	
Locustelle tachetée	0.0	0.0	0.0	0.0	0.0	0.0	0.0	0.0	0.0	0.0	0.0	0.0	0.0147059	0.0454545	0.0192308	0.0138889	0.011236	0.0015	0.0	0.0234375	0.0	0.0068966	0.0	0.0136986	0.0	0.0	0.0015	0.0	0.0015	0.0	0.0	0.0	0.0	0.0	0.0	0.0	0.0	0.0	0.0	0.0	0.0	0.0	0.0	0.0	0.0	0.0	0.0	0.0	
Hirondelle de rivage	0.0	0.0	0.0	0.0	0.0	0.0	0.0	0.010101	0.0	0.0444444	0.0277778	0.0754717	0.0441176	0.0636364	0.0961538	0.1041667	0.1573034	0.0909091	0.1346154	0.0859375	0.1285714	0.1103448	0.0655738	0.1506849	0.1186441	0.2043011	0.0375	0.1428571	0.18	0.1111111	0.1285714	0.0909091	0.1304348	0.0882353	0.0196078	0.0136986	0.012987	0.0	0.0	0.0	0.0	0.0	0.0	0.0	0.0	0.0	0.0	0.0	
Hirondelle rustique	0.0	0.0	0.0	0.0	0.0	0.0	0.0	0.0	0.0	0.1333333	0.1111111	0.2264151	0.3970588	0.2636364	0.4903846	0.3333333	0.3932584	0.3246753	0.25	0.2734375	0.3285714	0.3586207	0.4262295	0.4657534	0.5084746	0.5268817	0.4875	0.6233766	0.52	0.5111111	0.4857143	0.5818182	0.3043478	0.2352941	0.2352941	0.1506849	0.0519481	0.0015	0.0015	0.0015	0.0	0.0	0.0	0.0015	0.0	0.0	0.0	0.0	
Hirondelle de fenêtre	0.0	0.0	0.0	0.0	0.0	0.0	0.0	0.0	0.0	0.0	0.0015	0.0566038	0.1029412	0.0272727	0.1153846	0.1944444	0.1910112	0.1688312	0.3076923	0.140625	0.3428571	0.2275862	0.147541	0.3424658	0.2542373	0.2365591	0.2875	0.3896104	0.28	0.1777778	0.2428571	0.4	0.4347826	0.2352941	0.1372549	0.1369863	0.012987	0.0015	0.0	0.0	0.0	0.0	0.0	0.0	0.0	0.0	0.0	0.0	
hirondelle sp.	0.0	0.0	0.0	0.0	0.0	0.0	0.0	0.0	0.0	0.0	0.0	0.0	0.0	0.0	0.0	0.0	0.0	0.0	0.0	0.0015	0.0142857	0.0	0.0	0.0	0.0	0.0	0.0	0.0	0.0	0.0	0.0	0.0	0.0015	0.0	0.0	0.0	0.0	0.0	0.0	0.0	0.0	0.0	0.0	0.0	0.0	0.0	0.0	0.0	
Pouillot siffleur	0.0	0.0	0.0	0.0	0.0	0.0	0.0	0.0	0.0	0.0	0.0	0.0	0.0147059	0.0015	0.0	0.0208333	0.0224719	0.025974	0.0576923	0.015625	0.0285714	0.0827586	0.0491803	0.0273973	0.0169492	0.0107527	0.0125	0.0	0.0015	0.0	0.0	0.0	0.0	0.0	0.0	0.0	0.0	0.0	0.0	0.0	0.0	0.0	0.0	0.0	0.0	0.0	0.0	0.0	
Pouillot de Bonelli	0.0	0.0	0.0	0.0	0.0	0.0	0.0	0.0	0.0	0.0	0.0	0.0	0.0	0.0015	0.0096154	0.0138889	0.0	0.0	0.0192308	0.0078125	0.0	0.0015	0.0491803	0.0136986	0.0169492	0.0107527	0.0	0.0	0.0	0.0	0.0	0.0	0.0	0.0	0.0	0.0	0.0	0.0	0.0	0.0	0.0	0.0	0.0	0.0	0.0	0.0	0.0	0.0	
Pouillot fitis	0.0	0.0	0.0	0.0	0.0	0.0	0.0	0.0	0.0	0.0	0.0	0.0015	0.0441176	0.0818182	0.0673077	0.0763889	0.011236	0.025974	0.0384615	0.0234375	0.0428571	0.0137931	0.0327869	0.0136986	0.0	0.0	0.0	0.0	0.02	0.0666667	0.0285714	0.0545455	0.0434783	0.0294118	0.0196078	0.0	0.0	0.0	0.0	0.0	0.0	0.0	0.0	0.0	0.0	0.0	0.0	0.0	
Pouillot véloce	0.057971	0.0015	0.0185185	0.0481928	0.0588235	0.0657895	0.0333333	0.1010101	0.3018868	0.7111111	0.6111111	0.6226415	0.6323529	0.5727273	0.4903846	0.4513889	0.3932584	0.3766234	0.3846154	0.3515625	0.4142857	0.4827586	0.5901639	0.5205479	0.4067797	0.3010753	0.175	0.3766234	0.52	0.5555556	0.4142857	0.5454545	0.4347826	0.3529412	0.5098039	0.4109589	0.4155844	0.3333333	0.15625	0.2075472	0.1176471	0.2894737	0.0487805	0.0735294	0.0363636	0.0571429	0.0526316	0.0015	
Bouscarle de Cetti	0.0144928	0.0151515	0.0185185	0.0240964	0.0588235	0.0526316	0.05	0.1111111	0.0188679	0.1555556	0.1111111	0.0754717	0.1617647	0.0818182	0.1346154	0.0763889	0.0337079	0.1038961	0.0769231	0.078125	0.1142857	0.062069	0.0491803	0.0547945	0.0015	0.0107527	0.025	0.025974	0.0015	0.0222222	0.0714286	0.0909091	0.0434783	0.0882353	0.1176471	0.1232877	0.0909091	0.1587302	0.1875	0.0754717	0.0882353	0.1578947	0.0015	0.0441176	0.0181818	0.0142857	0.0315789	0.0232558	
Orite à longue queue	0.115942	0.0454545	0.0925926	0.0843373	0.2156863	0.1315789	0.1666667	0.0909091	0.1886792	0.1777778	0.1666667	0.0566038	0.1470588	0.1181818	0.1153846	0.0555556	0.0674157	0.038961	0.0769231	0.0390625	0.0428571	0.0827586	0.0983607	0.0684932	0.0677966	0.0860215	0.1	0.0909091	0.12	0.1555556	0.1571429	0.2181818	0.173913	0.0588235	0.1372549	0.109589	0.1298701	0.1428571	0.0625	0.0943396	0.1176471	0.1315789	0.0731707	0.1176471	0.0909091	0.0714286	0.0842105	0.1627907	
Fauvette à tête noire	0.0289855	0.0151515	0.0	0.0	0.0	0.0	0.0	0.020202	0.0188679	0.2	0.1666667	0.4339623	0.5735294	0.5909091	0.6346154	0.5069444	0.5280899	0.5064935	0.4038462	0.5234375	0.4142857	0.5517241	0.5901639	0.6027397	0.6440678	0.4623656	0.2625	0.2987013	0.2	0.2888889	0.3142857	0.3454545	0.173913	0.1764706	0.0588235	0.109589	0.038961	0.047619	0.0015	0.0377358	0.0015	0.0263158	0.0243902	0.0147059	0.0	0.0142857	0.0015	0.0	
Fauvette des jardins	0.0	0.0	0.0	0.0	0.0	0.0	0.0	0.0	0.0	0.0	0.0	0.0	0.0147059	0.0181818	0.0576923	0.0763889	0.1910112	0.1428571	0.0576923	0.125	0.2142857	0.0551724	0.2131148	0.1232877	0.0338983	0.0752688	0.025	0.025974	0.0	0.0	0.0	0.0	0.0	0.0	0.0	0.0	0.0	0.0	0.0	0.0	0.0	0.0	0.0	0.0	0.0	0.0	0.0	0.0	
Fauvette babillarde	0.0	0.0	0.0	0.0	0.0	0.0	0.0	0.0	0.0	0.0	0.0	0.0	0.0	0.0	0.0	0.0069444	0.0015	0.0	0.0	0.0	0.0	0.0	0.0	0.0	0.0	0.0107527	0.0	0.0	0.0	0.0	0.0	0.0	0.0	0.0	0.0	0.0	0.0	0.0	0.0	0.0	0.0	0.0	0.0	0.0	0.0	0.0	0.0	0.0	
Fauvette grisette	0.0	0.0	0.0	0.0	0.0	0.0	0.0	0.0	0.0	0.0	0.0	0.0188679	0.1176471	0.2	0.2692308	0.2430556	0.258427	0.1688312	0.1346154	0.1484375	0.3	0.1586207	0.2131148	0.2328767	0.1186441	0.1182796	0.1	0.038961	0.02	0.0666667	0.0571429	0.0181818	0.0015	0.0015	0.0	0.0015	0.0	0.0	0.0	0.0	0.0	0.0	0.0	0.0	0.0	0.0	0.0	0.0	
Fauvette pitchou	0.0	0.0	0.0	0.0	0.0	0.0	0.0	0.0	0.0	0.0015	0.0277778	0.0188679	0.0294118	0.0181818	0.0192308	0.0	0.0	0.0	0.0	0.0	0.0015	0.0015	0.0	0.0	0.0169492	0.0107527	0.0125	0.0	0.0	0.0222222	0.0	0.0	0.0	0.0	0.0	0.0	0.0	0.0	0.0	0.0	0.0	0.0	0.0	0.0	0.0	0.0	0.0	0.0	
Sylvia ou Curruca sp.	0.0	0.0	0.0	0.0	0.0	0.0	0.0	0.0	0.0	0.0	0.0	0.0	0.0	0.0	0.0	0.0	0.0	0.0	0.0	0.0	0.0	0.0	0.0	0.0	0.0	0.0	0.0	0.0	0.02	0.0	0.0	0.0	0.0	0.0	0.0	0.0	0.0	0.0	0.0	0.0	0.0	0.0	0.0	0.0	0.0	0.0	0.0	0.0	
Roitelet huppé	0.0015	0.0151515	0.037037	0.0015	0.0	0.0263158	0.0166667	0.040404	0.0754717	0.0222222	0.0015	0.0015	0.0015	0.0090909	0.0096154	0.0069444	0.0015	0.0	0.0	0.0	0.0571429	0.0344828	0.0	0.0136986	0.0	0.0107527	0.0	0.025974	0.04	0.0	0.0	0.0363636	0.0869565	0.0	0.0015	0.0273973	0.038961	0.0	0.0625	0.0377358	0.0588235	0.0526316	0.0487805	0.0588235	0.0363636	0.0428571	0.0315789	0.1162791	
Roitelet à triple bandeau	0.0434783	0.030303	0.037037	0.0120482	0.0196078	0.0263158	0.0666667	0.0707071	0.0943396	0.0888889	0.0555556	0.0943396	0.0588235	0.0727273	0.0961538	0.0625	0.1123596	0.038961	0.0769231	0.1328125	0.0571429	0.1241379	0.0819672	0.0273973	0.0677966	0.0107527	0.0	0.025974	0.0	0.0015	0.0285714	0.1090909	0.0434783	0.0588235	0.0980392	0.0821918	0.012987	0.047619	0.03125	0.0566038	0.1176471	0.1315789	0.0	0.0294118	0.0181818	0.0015	0.0210526	0.0465116	
Roitelet huppé ou R. à triple bandeau	0.0	0.0	0.0	0.0	0.0	0.0	0.0	0.0	0.0	0.0	0.0	0.0	0.0	0.0	0.0	0.0	0.0	0.0	0.0	0.0	0.0	0.0	0.0	0.0	0.0015	0.0	0.0	0.012987	0.0	0.0	0.0	0.0	0.0	0.0	0.0	0.0	0.0	0.0	0.0	0.0	0.0	0.0	0.0	0.0	0.0	0.0	0.0	0.0	
Tichodrome échelette	0.0	0.0	0.0	0.0	0.0015	0.0015	0.0015	0.0	0.0188679	0.0	0.0	0.0	0.0	0.0	0.0	0.0	0.0	0.0	0.0	0.0	0.0	0.0	0.0	0.0	0.0	0.0	0.0	0.0	0.0	0.0	0.0	0.0	0.0	0.0	0.0	0.0	0.0	0.0	0.0	0.0	0.0	0.0	0.0015	0.0	0.0	0.0	0.0	0.0	
Sittelle torchepot	0.1884058	0.1515152	0.1666667	0.1325301	0.1960784	0.2631579	0.3333333	0.1717172	0.2075472	0.2888889	0.2777778	0.3773585	0.2647059	0.0909091	0.1346154	0.0555556	0.0898876	0.0519481	0.1153846	0.140625	0.1714286	0.262069	0.2622951	0.2191781	0.1525424	0.311828	0.2625	0.2597403	0.2	0.2666667	0.2714286	0.3454545	0.2608696	0.1470588	0.254902	0.2054795	0.2207792	0.1111111	0.21875	0.0943396	0.0882353	0.1578947	0.2195122	0.1911765	0.1636364	0.1428571	0.1473684	0.2790698	
Grimpereau des jardins	0.0869565	0.0757576	0.0555556	0.0963855	0.1176471	0.1052632	0.15	0.1313131	0.2075472	0.1555556	0.2222222	0.1320755	0.2941176	0.0818182	0.2019231	0.1597222	0.1460674	0.1428571	0.1153846	0.2265625	0.2142857	0.2965517	0.2131148	0.2191781	0.1525424	0.2473118	0.275	0.2077922	0.32	0.2222222	0.2	0.3272727	0.3043478	0.1764706	0.2352941	0.1506849	0.1688312	0.0952381	0.09375	0.0754717	0.1176471	0.1315789	0.0487805	0.1617647	0.0545455	0.1	0.0631579	0.1627907	
Grimpereau des bois ou G. des jardins	0.0	0.0	0.0	0.0	0.0	0.0	0.0	0.0015	0.0	0.0	0.0	0.0	0.0	0.0	0.0	0.0	0.0	0.012987	0.0	0.0	0.0	0.0	0.0	0.0	0.0	0.0	0.0	0.012987	0.0	0.0	0.0	0.0181818	0.0	0.0	0.0	0.0	0.0	0.0	0.0	0.0188679	0.0	0.0	0.0	0.0	0.0	0.0	0.0	0.0	
Troglodyte mignon	0.2028986	0.1969697	0.0740741	0.1325301	0.254902	0.1315789	0.2333333	0.1818182	0.2830189	0.1777778	0.1666667	0.3018868	0.2647059	0.2272727	0.2307692	0.2013889	0.2808989	0.2207792	0.1923077	0.2421875	0.2142857	0.2896552	0.2622951	0.2465753	0.220339	0.2043011	0.1	0.1168831	0.14	0.0888889	0.1285714	0.1272727	0.173913	0.0294118	0.0392157	0.0410959	0.1038961	0.1587302	0.09375	0.1886792	0.2941176	0.3421053	0.2439024	0.2352941	0.1818182	0.1571429	0.2315789	0.255814	
Étourneau sansonnet	0.2173913	0.1818182	0.1851852	0.253012	0.2352941	0.2763158	0.2666667	0.1919192	0.2641509	0.3111111	0.3055556	0.3773585	0.3676471	0.2727273	0.4134615	0.2847222	0.3932584	0.3116883	0.3076923	0.2890625	0.3714286	0.2689655	0.442623	0.3972603	0.3728814	0.311828	0.2125	0.2597403	0.18	0.2888889	0.2714286	0.2909091	0.2173913	0.3235294	0.2156863	0.3013699	0.2337662	0.2063492	0.3125	0.3018868	0.4117647	0.4210526	0.2195122	0.2794118	0.1636364	0.2142857	0.2631579	0.0465116	
Étourneau sansonnet ou É. unicolore	0.0	0.0	0.0	0.0	0.0	0.0	0.0	0.0	0.0	0.0	0.0	0.0	0.0	0.0	0.0	0.0	0.0	0.0	0.0	0.0	0.0	0.0	0.0	0.0	0.0	0.0	0.0	0.012987	0.0	0.0	0.0	0.0	0.0	0.0	0.0	0.0	0.0	0.0	0.0	0.0	0.0	0.0	0.0	0.0	0.0	0.0	0.0	0.0	
Grive draine	0.115942	0.1515152	0.0740741	0.1686747	0.1372549	0.1315789	0.1166667	0.1414141	0.2264151	0.0888889	0.1111111	0.2641509	0.1617647	0.1090909	0.1730769	0.0833333	0.1123596	0.0	0.0576923	0.0859375	0.1142857	0.0827586	0.0819672	0.0958904	0.2542373	0.1290323	0.0875	0.1168831	0.04	0.0444444	0.0428571	0.0363636	0.0	0.0015	0.0588235	0.0547945	0.0649351	0.0793651	0.0625	0.0943396	0.2058824	0.1315789	0.1219512	0.0882353	0.0545455	0.1	0.0631579	0.1395349	
Grive musicienne	0.0869565	0.0151515	0.0	0.0240964	0.0588235	0.0921053	0.3	0.1818182	0.3018868	0.2666667	0.3611111	0.245283	0.2794118	0.2454545	0.1346154	0.1388889	0.1123596	0.1168831	0.1346154	0.203125	0.1571429	0.2068966	0.2459016	0.2054795	0.1864407	0.1397849	0.025	0.0519481	0.0015	0.0	0.0285714	0.1272727	0.0	0.0294118	0.0196078	0.0	0.0015	0.031746	0.0015	0.0566038	0.0294118	0.0015	0.0015	0.0	0.0	0.0285714	0.0105263	0.0	
Grive mauvis	0.057971	0.030303	0.0015	0.0015	0.0196078	0.0394737	0.0333333	0.0606061	0.0188679	0.0015	0.0277778	0.0188679	0.0	0.0	0.0	0.0	0.0	0.0	0.0	0.0	0.0	0.0	0.0	0.0	0.0	0.0	0.0	0.0	0.0	0.0	0.0	0.0	0.0	0.0	0.0	0.0	0.0	0.0015	0.03125	0.0188679	0.0294118	0.0789474	0.0015	0.0015	0.0545455	0.0285714	0.0015	0.0232558	
Merle noir	0.2753623	0.2575758	0.1666667	0.2409639	0.254902	0.2236842	0.2833333	0.2222222	0.3207547	0.4	0.4166667	0.4150943	0.5294118	0.5	0.5673077	0.5486111	0.6179775	0.4415584	0.5192308	0.640625	0.5571429	0.5517241	0.5081967	0.3835616	0.3728814	0.3763441	0.35	0.2597403	0.26	0.1333333	0.1428571	0.3454545	0.2608696	0.1176471	0.2156863	0.1369863	0.1298701	0.1587302	0.21875	0.2641509	0.3235294	0.3421053	0.2926829	0.1764706	0.2909091	0.2571429	0.2105263	0.3255814	
Grive litorne	0.057971	0.030303	0.037037	0.0120482	0.0	0.0263158	0.0166667	0.010101	0.0377358	0.0444444	0.0015	0.0015	0.0	0.0090909	0.0	0.0	0.0	0.0	0.0	0.0	0.0	0.0	0.0	0.0	0.0	0.0	0.0	0.0	0.0	0.0	0.0	0.0	0.0	0.0	0.0	0.0	0.0	0.0015	0.0	0.0188679	0.0	0.0015	0.0015	0.0147059	0.0015	0.0142857	0.0105263	0.0232558	
Merle à plastron	0.0	0.0	0.0	0.0	0.0	0.0	0.0	0.0	0.0	0.0	0.0	0.0	0.0	0.0015	0.0096154	0.0	0.0	0.0	0.0	0.0	0.0	0.0	0.0	0.0	0.0	0.0	0.0	0.0	0.0	0.0	0.0	0.0	0.0	0.0	0.0	0.0	0.0	0.0	0.0	0.0	0.0	0.0	0.0	0.0	0.0	0.0	0.0	0.0	
Turdus sp.	0.0	0.0	0.0	0.0	0.0	0.0	0.0	0.0	0.0	0.0	0.0	0.0	0.0	0.0	0.0	0.0	0.0	0.0	0.0	0.0	0.0	0.0	0.0	0.0	0.0	0.0	0.0	0.0	0.0	0.0	0.0	0.0	0.0	0.0	0.0015	0.0	0.0	0.0	0.0	0.0	0.0	0.0	0.0	0.0	0.0181818	0.0	0.0	0.0	
Gobemouche gris	0.0	0.0	0.0	0.0	0.0	0.0	0.0	0.0	0.0	0.0	0.0	0.0	0.0	0.0	0.0	0.0069444	0.011236	0.025974	0.0192308	0.078125	0.0	0.0344828	0.0491803	0.0273973	0.0508475	0.0537634	0.075	0.038961	0.04	0.0222222	0.0571429	0.0181818	0.0434783	0.0588235	0.0588235	0.0410959	0.0015	0.0	0.0	0.0	0.0	0.0	0.0	0.0	0.0	0.0	0.0	0.0	
Rougegorge familier	0.3768116	0.3181818	0.2777778	0.313253	0.3137255	0.3815789	0.65	0.4242424	0.509434	0.6888889	0.6388889	0.5660377	0.5147059	0.4	0.3557692	0.2569444	0.2921348	0.3506494	0.3076923	0.3828125	0.2428571	0.3724138	0.3442623	0.2876712	0.2372881	0.2365591	0.2625	0.2597403	0.24	0.2	0.2571429	0.4545455	0.3043478	0.3823529	0.5490196	0.5068493	0.6233766	0.6825397	0.75	0.7169811	0.7058824	0.6842105	0.4146341	0.3382353	0.4	0.2857143	0.2631579	0.5348837	
Rossignol philomèle	0.0	0.0	0.0	0.0	0.0	0.0	0.0	0.0	0.0	0.0	0.0	0.0	0.1617647	0.2818182	0.5096154	0.4444444	0.4494382	0.2727273	0.2307692	0.296875	0.1857143	0.0965517	0.1147541	0.0684932	0.0508475	0.0645161	0.05	0.1038961	0.02	0.0666667	0.0142857	0.0015	0.0	0.0	0.0	0.0	0.0	0.0	0.0	0.0	0.0	0.0	0.0	0.0	0.0	0.0	0.0	0.0	
Gorgebleue à miroir	0.0	0.0	0.0	0.0	0.0	0.0	0.0	0.0	0.0	0.0	0.0	0.0	0.0	0.0	0.0015	0.0	0.0	0.0	0.0	0.0	0.0	0.0	0.0	0.0	0.0	0.0	0.0	0.0	0.0	0.0	0.0	0.0015	0.0015	0.0	0.0	0.0136986	0.0	0.0	0.0	0.0	0.0	0.0	0.0	0.0	0.0	0.0	0.0	0.0	
Gobemouche noir	0.0	0.0	0.0	0.0	0.0	0.0	0.0	0.0	0.0	0.0	0.0	0.0	0.0	0.0	0.0	0.0015	0.0	0.0	0.0192308	0.0015	0.0	0.0	0.0015	0.0	0.0	0.0	0.0	0.0	0.0	0.0222222	0.0285714	0.0727273	0.0434783	0.0294118	0.0196078	0.0136986	0.0	0.0	0.0	0.0	0.0	0.0	0.0	0.0	0.0	0.0	0.0	0.0	
Rougequeue à front blanc	0.0	0.0	0.0	0.0	0.0	0.0	0.0	0.0	0.0	0.0	0.0	0.0015	0.0147059	0.0636364	0.1538462	0.0555556	0.0561798	0.0015	0.0384615	0.046875	0.1	0.0896552	0.0819672	0.0410959	0.0508475	0.0215054	0.0875	0.012987	0.02	0.0222222	0.0142857	0.0363636	0.0434783	0.0882353	0.0015	0.0136986	0.0015	0.0	0.0	0.0	0.0	0.0	0.0	0.0	0.0	0.0	0.0	0.0	
Rougequeue noir	0.0015	0.0015	0.0015	0.0	0.0	0.0394737	0.0015	0.0015	0.0377358	0.0888889	0.0833333	0.1886792	0.2352941	0.1363636	0.1730769	0.1041667	0.1235955	0.0649351	0.1346154	0.1015625	0.1428571	0.1793103	0.0655738	0.1369863	0.1355932	0.0752688	0.1125	0.0779221	0.1	0.0222222	0.1	0.1454545	0.1304348	0.1470588	0.1764706	0.109589	0.038961	0.031746	0.125	0.0377358	0.0588235	0.0263158	0.0015	0.0	0.0015	0.0	0.0	0.0015	
Tarier des prés	0.0	0.0	0.0	0.0	0.0	0.0	0.0	0.0	0.0	0.0	0.0	0.0	0.0	0.0	0.0	0.0208333	0.0015	0.0	0.0	0.0015	0.0	0.0	0.0	0.0	0.0	0.0	0.0	0.0	0.0	0.0	0.0015	0.0015	0.0869565	0.0015	0.0015	0.0	0.0	0.0	0.0	0.0	0.0	0.0	0.0	0.0	0.0	0.0	0.0	0.0	
Tarier pâtre	0.057971	0.0015	0.0015	0.0361446	0.0	0.0394737	0.0166667	0.0707071	0.0754717	0.2	0.2222222	0.3207547	0.2647059	0.1090909	0.1346154	0.1111111	0.1348315	0.0519481	0.0961538	0.0703125	0.1428571	0.1172414	0.147541	0.2328767	0.1864407	0.1612903	0.1	0.1168831	0.08	0.1111111	0.1	0.1272727	0.1304348	0.0588235	0.1176471	0.0821918	0.012987	0.031746	0.03125	0.0015	0.0588235	0.0263158	0.0243902	0.0735294	0.0363636	0.0142857	0.0315789	0.0232558	
Traquet motteux	0.0	0.0	0.0	0.0	0.0	0.0	0.0	0.0	0.0	0.0	0.0	0.0015	0.0015	0.0015	0.0096154	0.0347222	0.011236	0.0015	0.0	0.0	0.0	0.0	0.0	0.0	0.0	0.0	0.0	0.0	0.0	0.0	0.0	0.0015	0.0	0.0294118	0.0015	0.0136986	0.0	0.015873	0.0	0.0	0.0	0.0	0.0	0.0	0.0	0.0	0.0	0.0	
Diamant mandarin	0.0	0.0	0.0	0.0	0.0	0.0	0.0	0.0	0.0	0.0	0.0	0.0	0.0	0.0	0.0	0.0	0.0	0.0	0.0	0.0015	0.0	0.0	0.0	0.0	0.0	0.0	0.0	0.0	0.0	0.0	0.0	0.0	0.0	0.0	0.0	0.0	0.0	0.0	0.0	0.0	0.0	0.0	0.0	0.0	0.0	0.0	0.0	0.0	
Accenteur mouchet	0.115942	0.0757576	0.0	0.0963855	0.0784314	0.0789474	0.1666667	0.1111111	0.1509434	0.3111111	0.1388889	0.1509434	0.2352941	0.1181818	0.1634615	0.0902778	0.1235955	0.012987	0.0576923	0.0546875	0.0285714	0.0551724	0.0655738	0.0547945	0.0338983	0.0322581	0.0625	0.0649351	0.04	0.0444444	0.0285714	0.0181818	0.0	0.0294118	0.0980392	0.0273973	0.012987	0.1428571	0.09375	0.1509434	0.2647059	0.2631579	0.0487805	0.1029412	0.0727273	0.1857143	0.1052632	0.0	
Moineau domestique	0.115942	0.1363636	0.037037	0.1204819	0.1372549	0.1578947	0.1	0.1818182	0.1132075	0.2	0.2222222	0.245283	0.3676471	0.1909091	0.2884615	0.2222222	0.247191	0.2207792	0.2692308	0.265625	0.3142857	0.2758621	0.3114754	0.3287671	0.3220339	0.3010753	0.3875	0.4155844	0.26	0.1555556	0.1714286	0.2727273	0.3478261	0.0882353	0.1176471	0.1232877	0.038961	0.1587302	0.1875	0.1132075	0.1176471	0.1842105	0.097561	0.1764706	0.1090909	0.0714286	0.1052632	0.0232558	
Moineau friquet	0.0	0.0	0.0	0.0	0.0	0.0	0.0	0.0	0.0	0.0015	0.0	0.0	0.0	0.0015	0.0	0.0	0.0015	0.0	0.0	0.03125	0.0	0.0	0.0	0.0015	0.0	0.0	0.0	0.0	0.0	0.0	0.0	0.0	0.0	0.0	0.0	0.0	0.0	0.0	0.0	0.0	0.0	0.0	0.0	0.0	0.0	0.0	0.0	0.0	
Bergeronnette des ruisseaux	0.0434783	0.030303	0.0185185	0.0240964	0.0392157	0.0921053	0.0166667	0.0505051	0.0015	0.0666667	0.1111111	0.0377358	0.0015	0.0015	0.0288462	0.0277778	0.0224719	0.025974	0.0384615	0.0390625	0.0571429	0.0344828	0.0015	0.0684932	0.0015	0.0645161	0.05	0.025974	0.0015	0.0015	0.0571429	0.1272727	0.1304348	0.0294118	0.0588235	0.0547945	0.0909091	0.1111111	0.125	0.0943396	0.1764706	0.1052632	0.0015	0.1029412	0.0363636	0.0571429	0.0315789	0.0232558	
Bergeronnette printanière	0.0	0.0	0.0	0.0	0.0	0.0	0.0	0.0	0.0	0.0	0.0	0.0015	0.0015	0.0636364	0.1057692	0.125	0.0449438	0.025974	0.0015	0.0390625	0.0142857	0.0137931	0.0163934	0.0410959	0.0677966	0.0215054	0.0125	0.038961	0.04	0.0666667	0.1	0.0909091	0.0434783	0.0294118	0.0015	0.0273973	0.0	0.0	0.0	0.0	0.0	0.0	0.0	0.0	0.0	0.0	0.0	0.0	
Bergeronnette grise	0.1014493	0.1363636	0.1296296	0.1084337	0.0392157	0.1447368	0.1	0.1919192	0.1698113	0.4222222	0.4444444	0.4150943	0.2794118	0.2909091	0.3846154	0.2986111	0.4044944	0.2467532	0.2307692	0.3046875	0.2714286	0.2413793	0.2786885	0.2054795	0.2881356	0.3655914	0.275	0.4025974	0.28	0.3111111	0.3142857	0.3090909	0.3043478	0.4411765	0.3137255	0.3013699	0.3766234	0.3650794	0.40625	0.3207547	0.3529412	0.2368421	0.2439024	0.2794118	0.1818182	0.1428571	0.1789474	0.1395349	
bergeronette sp.	0.0	0.0	0.0	0.0	0.0	0.0	0.0	0.0	0.0	0.0	0.0	0.0	0.0	0.0	0.0	0.0	0.0	0.0	0.0	0.0	0.0142857	0.0	0.0	0.0	0.0	0.0	0.0	0.0	0.0	0.0	0.0	0.0	0.0	0.0	0.0	0.0	0.0	0.0	0.0	0.0	0.0	0.0	0.0	0.0	0.0	0.0	0.0	0.0	
Pipit rousseline	0.0	0.0	0.0	0.0	0.0	0.0	0.0	0.0	0.0	0.0	0.0	0.0	0.0	0.0	0.0	0.0	0.0	0.0	0.0	0.0	0.0	0.0	0.0	0.0	0.0	0.0	0.0	0.0	0.0	0.0	0.0	0.0015	0.0	0.0	0.0	0.0	0.0	0.0	0.0	0.0	0.0	0.0	0.0	0.0	0.0	0.0	0.0	0.0	
Pipit farlouse	0.115942	0.0454545	0.0015	0.060241	0.0196078	0.0263158	0.0333333	0.0505051	0.0015	0.0444444	0.0277778	0.0754717	0.0735294	0.0363636	0.0096154	0.0069444	0.0	0.0	0.0	0.0	0.0	0.0	0.0	0.0	0.0	0.0	0.0	0.0	0.0	0.0	0.0	0.0	0.0	0.0015	0.0	0.0136986	0.0649351	0.0634921	0.15625	0.0377358	0.0294118	0.1578947	0.1219512	0.1323529	0.0363636	0.0428571	0.0526316	0.0697674	
Pipit des arbres	0.0	0.0	0.0	0.0	0.0	0.0	0.0	0.0	0.0188679	0.0	0.0	0.0566038	0.1911765	0.1	0.2019231	0.0972222	0.1011236	0.038961	0.0576923	0.0625	0.1	0.0965517	0.2295082	0.1369863	0.2033898	0.0967742	0.025	0.0909091	0.02	0.0666667	0.0428571	0.0181818	0.0869565	0.0294118	0.0196078	0.0015	0.0	0.0	0.0	0.0	0.0	0.0	0.0	0.0	0.0	0.0	0.0	0.0	
Pipit spioncelle	0.057971	0.1060606	0.1296296	0.0722892	0.0588235	0.0789474	0.05	0.0909091	0.0015	0.0444444	0.0277778	0.0377358	0.0147059	0.0015	0.0015	0.0	0.0	0.0	0.0	0.0	0.0	0.0	0.0	0.0	0.0	0.0	0.0	0.0	0.0	0.0	0.0	0.0	0.0	0.0	0.0	0.0	0.025974	0.031746	0.25	0.2264151	0.2941176	0.3421053	0.3414634	0.2647059	0.2363636	0.2	0.0842105	0.1627907	
Pinson des arbres	0.4202899	0.530303	0.3148148	0.3373494	0.372549	0.3552632	0.5333333	0.3838384	0.5849057	0.5333333	0.6111111	0.6037736	0.5735294	0.5909091	0.6538462	0.6111111	0.5955056	0.5714286	0.5576923	0.59375	0.5285714	0.6827586	0.704918	0.6575342	0.5762712	0.483871	0.4625	0.4025974	0.24	0.4222222	0.2428571	0.4363636	0.3913043	0.2941176	0.372549	0.2876712	0.4155844	0.3968254	0.625	0.4716981	0.5	0.5	0.6585366	0.4558824	0.4909091	0.3857143	0.4315789	0.5581395	
Pinson du Nord	0.1014493	0.030303	0.0185185	0.0015	0.0392157	0.0263158	0.0666667	0.020202	0.0754717	0.0222222	0.0277778	0.0	0.0	0.0	0.0	0.0	0.0	0.0	0.0	0.0	0.0	0.0	0.0	0.0	0.0	0.0	0.0	0.0	0.0	0.0	0.0	0.0	0.0	0.0	0.0	0.0	0.0	0.015873	0.03125	0.0188679	0.0015	0.0789474	0.0487805	0.0015	0.0363636	0.0142857	0.0526316	0.0697674	
Grosbec casse-noyaux	0.0434783	0.0454545	0.037037	0.0240964	0.0015	0.0394737	0.0333333	0.0606061	0.0754717	0.0666667	0.1111111	0.0566038	0.0147059	0.0636364	0.0288462	0.0416667	0.0224719	0.025974	0.0576923	0.015625	0.0428571	0.0827586	0.0327869	0.0684932	0.220339	0.0537634	0.05	0.1038961	0.0015	0.0444444	0.0015	0.0545455	0.0434783	0.0015	0.0	0.0136986	0.0015	0.0634921	0.03125	0.0566038	0.0882353	0.0263158	0.0015	0.0015	0.0363636	0.0285714	0.0315789	0.0015	
Bouvreuil pivoine	0.0289855	0.0151515	0.037037	0.0240964	0.0	0.0263158	0.0166667	0.010101	0.0188679	0.0	0.0	0.0188679	0.0	0.0090909	0.0096154	0.0069444	0.0015	0.0015	0.0	0.0015	0.0285714	0.0206897	0.0163934	0.0136986	0.0169492	0.0107527	0.0	0.025974	0.02	0.0	0.0428571	0.0	0.0	0.0	0.0196078	0.0	0.012987	0.015873	0.0	0.0	0.0015	0.0263158	0.0487805	0.0147059	0.0545455	0.0714286	0.0315789	0.0697674	
Verdier d'Europe	0.1014493	0.0909091	0.037037	0.0361446	0.0980392	0.0263158	0.05	0.0808081	0.0377358	0.1111111	0.0833333	0.1509434	0.2352941	0.1272727	0.2115385	0.1388889	0.1348315	0.0519481	0.0769231	0.09375	0.1428571	0.1586207	0.0819672	0.1506849	0.2033898	0.2258065	0.15	0.2597403	0.12	0.1111111	0.0571429	0.0545455	0.1304348	0.0294118	0.0392157	0.0136986	0.0649351	0.015873	0.0625	0.0377358	0.1176471	0.1578947	0.097561	0.0882353	0.0727273	0.0857143	0.0947368	0.0232558	
Linotte mélodieuse	0.0289855	0.0151515	0.0	0.0120482	0.0196078	0.0263158	0.0333333	0.010101	0.0943396	0.0888889	0.0833333	0.245283	0.2794118	0.1454545	0.2980769	0.1388889	0.1573034	0.0519481	0.0576923	0.0703125	0.1428571	0.1034483	0.1803279	0.1917808	0.2711864	0.2150538	0.2625	0.2857143	0.04	0.1333333	0.1285714	0.0181818	0.0869565	0.0588235	0.0980392	0.0273973	0.0779221	0.047619	0.125	0.0754717	0.0588235	0.1315789	0.0487805	0.0294118	0.0545455	0.0285714	0.0315789	0.0	
Sizerin flammé	0.0015	0.0	0.0015	0.0	0.0	0.0	0.0	0.0	0.0	0.0	0.0	0.0	0.0	0.0	0.0	0.0	0.0	0.0	0.0	0.0	0.0	0.0	0.0	0.0	0.0	0.0	0.0	0.0	0.0	0.0	0.0	0.0	0.0	0.0	0.0	0.0	0.0	0.0	0.0	0.0	0.0	0.0015	0.0	0.0	0.0	0.0	0.0	0.0	
Bec-croisé des sapins	0.0	0.0	0.0	0.0	0.0	0.0	0.0	0.0	0.0	0.0	0.0	0.0	0.0	0.0	0.0	0.0	0.0	0.0	0.0	0.0	0.0	0.0	0.0	0.0	0.0	0.0015	0.0	0.0	0.0	0.0	0.0	0.0015	0.0	0.0	0.0	0.0	0.0	0.0	0.0	0.0188679	0.0	0.0	0.0	0.0015	0.0181818	0.0	0.0	0.0	
Chardonneret élégant	0.2028986	0.1060606	0.1111111	0.0722892	0.0784314	0.1052632	0.0833333	0.0808081	0.1132075	0.1777778	0.1111111	0.1886792	0.2647059	0.1909091	0.3173077	0.1944444	0.2134831	0.1038961	0.1153846	0.1328125	0.1857143	0.137931	0.1803279	0.2328767	0.2542373	0.2365591	0.325	0.3766234	0.14	0.2444444	0.2142857	0.1818182	0.1304348	0.1470588	0.1372549	0.0547945	0.038961	0.047619	0.125	0.1509434	0.0882353	0.2631579	0.1707317	0.2058824	0.0909091	0.1285714	0.1368421	0.0465116	
Serin cini	0.0015	0.0	0.0	0.0120482	0.0196078	0.0263158	0.0015	0.010101	0.0188679	0.0666667	0.0833333	0.0754717	0.1617647	0.0727273	0.1634615	0.0625	0.0561798	0.012987	0.0576923	0.0390625	0.0857143	0.0896552	0.0491803	0.1232877	0.0338983	0.0752688	0.0625	0.0909091	0.02	0.0222222	0.0571429	0.0	0.0	0.0294118	0.0015	0.0	0.0015	0.015873	0.0015	0.0015	0.0	0.0	0.0	0.0015	0.0181818	0.0	0.0	0.0015	
Tarin des aulnes	0.0434783	0.030303	0.037037	0.0843373	0.0784314	0.1052632	0.0	0.030303	0.0754717	0.0444444	0.1111111	0.0015	0.0441176	0.0015	0.0	0.0	0.0	0.0	0.0	0.0	0.0	0.0	0.0	0.0	0.0	0.0	0.0	0.0	0.0	0.0	0.0	0.0	0.0	0.0	0.0	0.0	0.038961	0.031746	0.0015	0.0377358	0.0588235	0.1315789	0.0487805	0.0147059	0.0363636	0.0285714	0.0526316	0.0465116	
Bruant proyer	0.0	0.0015	0.0	0.0	0.0015	0.0015	0.0166667	0.010101	0.0	0.0015	0.0555556	0.0377358	0.0588235	0.0363636	0.0673077	0.0763889	0.0561798	0.038961	0.0192308	0.0625	0.0571429	0.0413793	0.1311475	0.0821918	0.0508475	0.0430108	0.05	0.012987	0.02	0.0	0.0142857	0.0015	0.0	0.0	0.0196078	0.0015	0.0	0.015873	0.0015	0.0188679	0.0015	0.0015	0.0	0.0	0.0	0.0015	0.0015	0.0	
Bruant fou	0.0	0.0	0.0015	0.0	0.0	0.0	0.0	0.0	0.0	0.0	0.0	0.0	0.0	0.0	0.0	0.0	0.0	0.0	0.0	0.0	0.0	0.0	0.0	0.0	0.0	0.0	0.0	0.0	0.0	0.0	0.0	0.0	0.0	0.0	0.0	0.0	0.0	0.0	0.0	0.0	0.0	0.0	0.0	0.0	0.0	0.0	0.0	0.0	
Bruant zizi	0.0015	0.0015	0.0015	0.0120482	0.0392157	0.0657895	0.05	0.0606061	0.0943396	0.1333333	0.1111111	0.1886792	0.1470588	0.0818182	0.0865385	0.0625	0.1123596	0.025974	0.0384615	0.046875	0.1	0.1241379	0.0655738	0.0821918	0.1864407	0.172043	0.0875	0.1818182	0.04	0.1111111	0.1	0.0363636	0.0015	0.0588235	0.0196078	0.0136986	0.038961	0.031746	0.0625	0.0377358	0.0294118	0.0789474	0.0243902	0.0441176	0.0	0.0142857	0.0210526	0.0	
Bruant jaune	0.0144928	0.030303	0.0185185	0.0015	0.0392157	0.0657895	0.0333333	0.040404	0.0188679	0.0015	0.0833333	0.0943396	0.1176471	0.0909091	0.0865385	0.0416667	0.0786517	0.038961	0.1153846	0.046875	0.0428571	0.0413793	0.0819672	0.0821918	0.220339	0.0967742	0.125	0.025974	0.02	0.0222222	0.0142857	0.0181818	0.0434783	0.0015	0.0015	0.0015	0.012987	0.015873	0.03125	0.0	0.0015	0.0526316	0.0	0.0294118	0.0015	0.0142857	0.0315789	0.0697674	
Bruant ortolan	0.0	0.0	0.0	0.0	0.0	0.0	0.0	0.0	0.0	0.0	0.0	0.0	0.0	0.0	0.0	0.0	0.0	0.025974	0.0	0.0	0.0	0.0	0.0	0.0	0.0	0.0	0.0	0.0	0.0	0.0	0.0	0.0	0.0	0.0	0.0	0.0	0.0	0.0	0.0	0.0	0.0	0.0	0.0	0.0	0.0	0.0	0.0	0.0	
Bruant des roseaux	0.0869565	0.1212121	0.0185185	0.0722892	0.0015	0.0789474	0.0333333	0.0707071	0.0188679	0.0444444	0.0833333	0.0	0.0015	0.0015	0.0576923	0.0416667	0.0449438	0.025974	0.0384615	0.015625	0.0142857	0.0068966	0.0163934	0.0015	0.0	0.0	0.0	0.012987	0.04	0.0015	0.0142857	0.0015	0.0	0.0015	0.0015	0.0015	0.012987	0.015873	0.03125	0.0377358	0.1764706	0.0789474	0.0487805	0.0735294	0.0363636	0.0857143	0.0736842	0.0232558	
passereau sp.	0.0	0.0	0.0	0.0	0.0	0.0	0.0	0.0	0.0	0.0	0.0	0.0	0.0	0.0	0.0	0.0	0.0	0.0	0.0	0.0	0.0142857	0.0068966	0.0	0.0	0.0	0.0	0.0	0.0	0.0	0.0	0.0	0.0	0.0	0.0	0.0	0.0	0.0	0.0	0.0	0.0	0.0	0.0	0.0	0.0	0.0	0.0	0.0	0.0	
oiseau sp.	0.0	0.0	0.0	0.0	0.0	0.0	0.0	0.0	0.0	0.0	0.0	0.0	0.0	0.0	0.0	0.0	0.0	0.0	0.0	0.0	0.0142857	0.0	0.0	0.0	0.0	0.0	0.0	0.0	0.0	0.0	0.0	0.0	0.0	0.0	0.0	0.0	0.0	0.0	0.0	0.0	0.0	0.0	0.0	0.0	0.0	0.0	0.0	0.0	

