









Frequency of observations in the selected location(s).:
Number of taxa: 	295

	Jan				Feb				Mar				Apr				May				Jun				Jul				Aug				Sep				Oct				Nov				Dec				
Sample Size:	28.0	19.0	32.0	62.0	29.0	32.0	33.0	37.0	16.0	7.0	4.0	19.0	11.0	27.0	13.0	14.0	6.0	35.0	14.0	30.0	11.0	9.0	24.0	5.0	4.0	25.0	16.0	37.0	11.0	23.0	17.0	44.0	7.0	17.0	13.0	21.0	11.0	10.0	11.0	44.0	24.0	46.0	26.0	14.0	13.0	13.0	19.0	40.0	

Oie à tête barrée	0.0	0.0	0.0	0.0	0.0	0.0	0.0	0.0	0.0	0.0	0.0	0.0	0.0	0.0	0.0	0.0	0.0	0.0	0.0	0.0	0.0	0.0	0.0	0.0	0.0	0.0	0.0	0.0	0.0	0.0	0.0	0.0	0.0	0.0	0.0	0.0015	0.0	0.0	0.0	0.0	0.0	0.0	0.0	0.0	0.0	0.0015	0.0	0.0015	
Oie cendrée	0.3928571	0.1052632	0.375	0.4354839	0.0689655	0.0625	0.1515152	0.1621622	0.0	0.0	0.0	0.1052632	0.0	0.1111111	0.0	0.0714286	0.0	0.0	0.0	0.0333333	0.0909091	0.1111111	0.0	0.0	0.0	0.04	0.0	0.0	0.0909091	0.0434783	0.0	0.0454545	0.0015	0.1176471	0.0	0.0952381	0.1818182	0.3	0.3636364	0.3181818	0.2083333	0.2391304	0.1538462	0.3571429	0.3846154	0.3846154	0.4210526	0.35	
Oie cygnoïde	0.0	0.0	0.0	0.0	0.0	0.0	0.030303	0.0	0.0	0.0	0.0	0.0	0.0	0.0	0.0	0.0	0.0	0.0	0.0	0.0	0.0	0.0	0.0	0.0	0.0	0.0	0.0	0.0	0.0	0.0	0.0	0.0	0.0	0.0	0.0	0.0	0.0	0.0	0.0	0.0	0.0	0.0	0.0	0.0	0.0	0.0	0.0	0.0	
Oie rieuse	0.0357143	0.0015	0.0	0.0483871	0.0344828	0.0015	0.030303	0.027027	0.0	0.0	0.0	0.0	0.0	0.0	0.0	0.0	0.0	0.0	0.0	0.0	0.0	0.0	0.0	0.0	0.0	0.0	0.0	0.0	0.0	0.0	0.0	0.0	0.0	0.0	0.0	0.0	0.0	0.0	0.0909091	0.0	0.0416667	0.0015	0.0384615	0.0	0.0769231	0.0	0.1052632	0.075	
Oie naine	0.0	0.0	0.0	0.0	0.0	0.0015	0.0	0.0	0.0	0.0	0.0	0.0	0.0	0.0	0.0	0.0	0.0	0.0	0.0	0.0	0.0	0.0	0.0	0.0	0.0	0.0	0.0	0.0	0.0	0.0	0.0	0.0	0.0	0.0	0.0	0.0	0.0	0.0	0.0	0.0	0.0	0.0	0.0	0.0	0.0	0.0	0.0	0.0	
Oie de toundra	0.0357143	0.0015	0.0625	0.0322581	0.0344828	0.0015	0.0015	0.0	0.0	0.0	0.0	0.0	0.0	0.0	0.0	0.0	0.0	0.0	0.0	0.0	0.0	0.0	0.0	0.0	0.0	0.0	0.0	0.0	0.0	0.0	0.0	0.0	0.0	0.0	0.0	0.0	0.0	0.0	0.0	0.0227273	0.0	0.0	0.0	0.0	0.0	0.0	0.0015	0.075	
Oie de taïga ou O. de toundra	0.0	0.0	0.0	0.0	0.0	0.0	0.0	0.0	0.0	0.0	0.0	0.0	0.0	0.0	0.0	0.0	0.0	0.0	0.0	0.0	0.0	0.0	0.0	0.0	0.0	0.0	0.0	0.0	0.0	0.0	0.0	0.0	0.0	0.0	0.0	0.0	0.0	0.0	0.0	0.0	0.0	0.0	0.0	0.0	0.0	0.0	0.0015	0.0	
Bernache nonnette	0.0714286	0.0015	0.03125	0.0	0.0015	0.0015	0.0	0.0	0.0	0.0	0.0	0.0	0.0	0.0	0.0	0.0	0.0	0.0	0.0	0.0	0.0	0.0	0.0	0.0	0.0	0.0	0.0	0.0	0.0	0.0	0.0	0.0	0.0	0.0	0.0	0.0	0.0	0.0	0.0909091	0.0	0.0	0.0	0.0384615	0.0	0.0	0.0769231	0.0	0.025	
Bernache du Canada	0.0	0.0	0.0	0.0	0.0	0.0	0.030303	0.027027	0.0	0.0	0.0	0.0	0.0	0.0015	0.0	0.0	0.0	0.0	0.0	0.0	0.0	0.0	0.0	0.0	0.0	0.0	0.0	0.0	0.0	0.0	0.0	0.0	0.0	0.0	0.0	0.0	0.0	0.0	0.0909091	0.0227273	0.0	0.0	0.0	0.0	0.0	0.0769231	0.0	0.0	
Cygne tuberculé	0.6071429	0.3157895	0.71875	0.6129032	0.3448276	0.34375	0.4545455	0.6216216	0.625	0.5714286	0.25	0.3684211	0.3636364	0.4814815	0.2307692	0.2857143	0.0	0.3428571	0.1428571	0.2666667	0.4545455	0.2222222	0.2083333	0.2	0.25	0.32	0.3125	0.4594595	0.4545455	0.6086957	0.4117647	0.4772727	0.2857143	0.4705882	0.3846154	0.3333333	0.3636364	0.5	0.6363636	0.4545455	0.2916667	0.5217391	0.3461538	0.8571429	0.8461538	0.4615385	0.3684211	0.525	
Cygne noir	0.0	0.0	0.0	0.0	0.0	0.0	0.0	0.0	0.0	0.0	0.0	0.0	0.0	0.0	0.0	0.0	0.0	0.0	0.0	0.0	0.0	0.0	0.0	0.0	0.0	0.0	0.0	0.0	0.0	0.0	0.0	0.0	0.0	0.0588235	0.0	0.0	0.0	0.0	0.0	0.0	0.0	0.0	0.0	0.0	0.0	0.0	0.0	0.0	
Cygne de Bewick	0.25	0.1052632	0.21875	0.2419355	0.137931	0.03125	0.0909091	0.027027	0.1875	0.0	0.25	0.0526316	0.0	0.0	0.0	0.0	0.0	0.0	0.0	0.0	0.0	0.0	0.0	0.0	0.0	0.0	0.0	0.0	0.0	0.0	0.0	0.0	0.0	0.0	0.0	0.0	0.0	0.0	0.1818182	0.1136364	0.125	0.1086957	0.3076923	0.5714286	0.3076923	0.2307692	0.1052632	0.15	
Cygne chanteur	0.0	0.0526316	0.0	0.016129	0.0	0.0015	0.030303	0.0	0.0	0.0	0.0	0.0	0.0	0.037037	0.0	0.0	0.0	0.0	0.0	0.0	0.0	0.0	0.0	0.0	0.0	0.0	0.0	0.0	0.0	0.0	0.0	0.0	0.0	0.0	0.0	0.0	0.0	0.0	0.0	0.0	0.0	0.0	0.0015	0.0714286	0.1538462	0.0769231	0.0526316	0.0	
Ouette d'Égypte	0.0	0.0	0.0	0.016129	0.0	0.0	0.0	0.0	0.0	0.0	0.0	0.0	0.0	0.0	0.0	0.0	0.0	0.0	0.0	0.0	0.0	0.0	0.0	0.0	0.0	0.0	0.0	0.0	0.0	0.0	0.0	0.0	0.0	0.0	0.0	0.0	0.0	0.0	0.0909091	0.0	0.0	0.0217391	0.0384615	0.0714286	0.0	0.0769231	0.0015	0.0015	
Tadorne casarca	0.0	0.0	0.0	0.0	0.0	0.0	0.0	0.0	0.0	0.1428571	0.0	0.0	0.0	0.0740741	0.0	0.0	0.0	0.0	0.0	0.0	0.0	0.0	0.0	0.0	0.0	0.0	0.0	0.0	0.0	0.0	0.0	0.0	0.0	0.0	0.0	0.0	0.0	0.0	0.0	0.0	0.0	0.0217391	0.0	0.0	0.0	0.0	0.0	0.0	
Tadorne de Belon	0.1428571	0.1578947	0.1875	0.1129032	0.0689655	0.09375	0.0606061	0.0540541	0.0015	0.0	0.0	0.0526316	0.0	0.1111111	0.0769231	0.0	0.0	0.0	0.0	0.0	0.0	0.0	0.0	0.0	0.0	0.0	0.0	0.0	0.0	0.0	0.0	0.0	0.0	0.0	0.0	0.0	0.0	0.0	0.0	0.0227273	0.0833333	0.0652174	0.1538462	0.0714286	0.0769231	0.3846154	0.0526316	0.075	
Canard musqué	0.0	0.0	0.0	0.0	0.0	0.0	0.0	0.0	0.0	0.0	0.0	0.0	0.0	0.0	0.0	0.0	0.0	0.0	0.0	0.0	0.0	0.0	0.0	0.0	0.0	0.0	0.0	0.0	0.0	0.0	0.0	0.0454545	0.0	0.0	0.0	0.0	0.0	0.0	0.0	0.0	0.0	0.0	0.0384615	0.0	0.0	0.0	0.0	0.0	
Canard mandarin	0.0	0.0	0.0	0.0	0.0	0.0	0.0	0.0	0.0	0.0	0.0	0.0	0.0	0.0	0.0	0.0	0.0	0.0	0.0	0.0	0.0	0.0	0.0	0.0	0.0	0.0	0.0	0.0	0.0	0.0	0.0	0.0	0.0	0.0	0.0	0.0015	0.0	0.0	0.0	0.0	0.0	0.0	0.0	0.0	0.0	0.0	0.0	0.0	
Sarcelle d'été	0.0	0.0	0.0	0.0	0.0	0.0	0.0	0.0	0.0	0.0	0.0	0.0526316	0.0	0.0	0.0769231	0.0	0.0	0.0	0.0	0.0	0.0909091	0.0	0.0	0.0	0.0	0.0	0.0015	0.0	0.0	0.0	0.0588235	0.0227273	0.0	0.0	0.0	0.0	0.0	0.0	0.0	0.0	0.0	0.0	0.0	0.0	0.0	0.0	0.0	0.0	
Canard souchet	0.25	0.0015	0.1875	0.1290323	0.137931	0.125	0.0606061	0.1081081	0.0625	0.0	0.0	0.1578947	0.0909091	0.1111111	0.2307692	0.0015	0.0	0.0	0.0	0.0	0.0909091	0.0	0.0	0.0	0.0	0.0	0.0	0.0	0.0	0.0434783	0.0588235	0.1363636	0.1428571	0.1764706	0.0769231	0.2380952	0.0	0.1	0.2727273	0.2045455	0.25	0.3043478	0.3076923	0.4285714	0.5384615	0.1538462	0.2631579	0.15	
Canard chipeau	0.3928571	0.0526316	0.3125	0.2903226	0.2758621	0.15625	0.0909091	0.1891892	0.0625	0.0	0.0	0.1578947	0.0	0.1851852	0.1538462	0.0015	0.0	0.0571429	0.0	0.0	0.0909091	0.1111111	0.0	0.0	0.0	0.0	0.0	0.0	0.0	0.1304348	0.1176471	0.0909091	0.2857143	0.0588235	0.0769231	0.1904762	0.0909091	0.1	0.2727273	0.25	0.3333333	0.326087	0.3846154	0.5714286	0.4615385	0.2307692	0.1578947	0.225	
Canard siffleur	0.25	0.1578947	0.3125	0.3709677	0.2758621	0.09375	0.0909091	0.1891892	0.1875	0.2857143	0.0	0.0526316	0.0	0.0	0.0	0.0	0.0	0.0	0.0	0.0	0.0	0.0	0.0	0.0	0.0	0.0	0.0	0.0	0.0	0.0	0.0	0.0227273	0.0	0.0	0.0	0.047619	0.0	0.3	0.1818182	0.1818182	0.2083333	0.2173913	0.3076923	0.5	0.6923077	0.3076923	0.3157895	0.4	
Canard colvert	0.5	0.3684211	0.5	0.6129032	0.3793103	0.4375	0.4242424	0.6216216	0.5625	0.4285714	0.5	0.4210526	0.3636364	0.5925926	0.3846154	0.3571429	0.1666667	0.4285714	0.0714286	0.3666667	0.1818182	0.4444444	0.2916667	0.4	0.25	0.16	0.5625	0.1081081	0.1818182	0.4347826	0.4117647	0.5227273	0.4285714	0.3529412	0.4615385	0.5238095	0.5454545	0.4	0.6363636	0.5681818	0.4166667	0.5217391	0.5	0.7857143	0.9230769	0.5384615	0.5263158	0.6	
Canard pilet	0.1785714	0.0526316	0.28125	0.2903226	0.2758621	0.15625	0.0606061	0.1621622	0.125	0.0	0.0	0.0526316	0.0	0.037037	0.0	0.0	0.0	0.0	0.0	0.0	0.0	0.0	0.0	0.0	0.0	0.0	0.0	0.0	0.0	0.0	0.0	0.0	0.0	0.0	0.0	0.0952381	0.0	0.0	0.2727273	0.1818182	0.25	0.2608696	0.2692308	0.5714286	0.8461538	0.3076923	0.2631579	0.3	
Sarcelle d'hiver	0.3928571	0.2105263	0.46875	0.516129	0.4482759	0.28125	0.1818182	0.4324324	0.1875	0.0	0.0	0.1578947	0.1818182	0.1481481	0.0769231	0.0	0.0	0.0	0.0	0.0	0.0	0.1111111	0.0	0.0	0.0	0.04	0.0	0.0	0.0	0.0869565	0.1176471	0.1818182	0.2857143	0.1176471	0.0	0.2857143	0.1818182	0.3	0.4545455	0.4318182	0.2916667	0.5	0.3846154	0.7857143	0.9230769	0.3846154	0.4736842	0.475	
anatidé sp. (canard barboteur sp.)	0.0	0.0	0.0	0.0	0.0	0.0	0.0	0.0	0.0	0.0	0.0	0.0	0.0	0.0	0.0	0.0	0.0	0.0	0.0	0.0	0.0	0.0	0.0	0.0	0.0	0.0	0.0	0.0	0.0	0.0	0.0	0.0	0.0	0.0	0.0	0.0	0.0	0.0	0.0	0.0	0.0	0.0434783	0.0384615	0.0	0.0	0.0	0.0	0.0	
Nette rousse	0.1428571	0.1052632	0.09375	0.0806452	0.0689655	0.125	0.0909091	0.0540541	0.0	0.1428571	0.0	0.0526316	0.0909091	0.0740741	0.0769231	0.1428571	0.0	0.0571429	0.0	0.0	0.0909091	0.1111111	0.0416667	0.0	0.0	0.0	0.0	0.027027	0.0	0.0869565	0.0	0.0454545	0.0	0.0015	0.0769231	0.1428571	0.0909091	0.1	0.1818182	0.1590909	0.2083333	0.1521739	0.1923077	0.2857143	0.4615385	0.1538462	0.1578947	0.025	
Fuligule milouin	0.2142857	0.1578947	0.125	0.1935484	0.0689655	0.1875	0.1212121	0.0810811	0.125	0.1428571	0.0	0.1578947	0.0	0.0	0.0769231	0.0015	0.0	0.0571429	0.0	0.0	0.1818182	0.1111111	0.0	0.0	0.0	0.04	0.0	0.0	0.0	0.1304348	0.1176471	0.0909091	0.2857143	0.1176471	0.0769231	0.047619	0.0	0.0	0.1818182	0.1818182	0.3333333	0.1956522	0.0384615	0.2857143	0.3846154	0.1538462	0.2105263	0.1	
Fuligule à bec cerclé	0.0	0.0015	0.0015	0.0	0.0	0.0	0.0	0.0	0.0	0.0	0.0	0.0	0.0	0.0	0.0	0.0015	0.0	0.0	0.0	0.0	0.0	0.0	0.0	0.0	0.0	0.0	0.0	0.0	0.0	0.0	0.0	0.0	0.0	0.0	0.0	0.0	0.0	0.0	0.0	0.0	0.0	0.0	0.0015	0.0	0.0	0.0	0.0	0.0	
Fuligule nyroca	0.0015	0.0015	0.0	0.0322581	0.0	0.0015	0.0015	0.0	0.0	0.0	0.0	0.0	0.0	0.0	0.0	0.0	0.0	0.0	0.0	0.0	0.0	0.0	0.0	0.0	0.0	0.0	0.0	0.0	0.0	0.0434783	0.0588235	0.0	0.0	0.0	0.0	0.0	0.0	0.0	0.0	0.0	0.0015	0.0217391	0.0	0.1428571	0.0	0.0	0.0015	0.0015	
Hybride Fuligule milouin x F. nyroca	0.0	0.0015	0.0	0.0	0.0	0.0	0.0	0.0	0.0	0.0	0.0	0.0	0.0	0.0	0.0	0.0	0.0	0.0	0.0	0.0	0.0	0.0	0.0	0.0	0.0	0.0	0.0	0.0	0.0	0.0	0.0	0.0	0.0	0.0	0.0	0.0	0.0	0.0	0.0	0.0	0.0	0.0	0.0	0.0	0.0	0.0	0.0	0.0	
Fuligule morillon	0.1785714	0.0015	0.0625	0.1612903	0.0689655	0.15625	0.1515152	0.0540541	0.3125	0.1428571	0.0	0.1052632	0.0909091	0.0	0.0769231	0.0	0.0	0.0285714	0.0	0.0	0.0909091	0.0	0.0	0.0	0.0	0.04	0.0625	0.0	0.0	0.0869565	0.1176471	0.0454545	0.1428571	0.0	0.0769231	0.047619	0.0	0.0	0.1818182	0.0909091	0.125	0.1086957	0.0769231	0.0714286	0.3076923	0.1538462	0.1578947	0.05	
Hybride Fuligule milouin x F. morillon	0.0	0.0	0.0015	0.0	0.0	0.0	0.0	0.0	0.0	0.0	0.0	0.0526316	0.0	0.0	0.0	0.0	0.0	0.0	0.0	0.0	0.0	0.0	0.0	0.0	0.0	0.0	0.0	0.0	0.0	0.0	0.0	0.0	0.0	0.0	0.0	0.0	0.0	0.0	0.0	0.0	0.0	0.0	0.0	0.0	0.0	0.0	0.0	0.0	
Fuligule milouinan	0.0357143	0.0526316	0.03125	0.0483871	0.0689655	0.0625	0.0	0.0	0.0625	0.0	0.0	0.0526316	0.0	0.0	0.0	0.0	0.0	0.0	0.0	0.0	0.0	0.0	0.0	0.0	0.0	0.0	0.0	0.0	0.0	0.0	0.0	0.0	0.0	0.0	0.0	0.0	0.0	0.0	0.0	0.0	0.0	0.0	0.0	0.0	0.0	0.0	0.0	0.0	
Fuligule à tête noire	0.0	0.0	0.0015	0.0	0.0	0.0	0.0	0.0	0.0	0.0	0.0	0.0	0.0	0.0	0.0	0.0	0.0	0.0	0.0	0.0	0.0	0.0	0.0	0.0	0.0	0.0	0.0	0.0	0.0	0.0	0.0	0.0	0.0	0.0	0.0	0.0	0.0	0.0	0.0	0.0	0.0	0.0	0.0	0.0	0.0	0.0	0.0	0.0	
Macreuse brune	0.0	0.0526316	0.0625	0.0483871	0.2068966	0.0625	0.0015	0.0	0.0	0.0	0.0	0.0	0.0	0.0	0.0	0.0	0.0	0.0	0.0	0.0	0.0	0.0	0.0	0.0	0.0	0.0	0.0	0.0	0.0	0.0	0.0	0.0	0.0	0.0	0.0	0.0	0.0	0.0	0.0	0.0	0.0	0.0	0.0	0.0	0.0	0.0	0.0015	0.0	
Macreuse noire	0.0	0.0	0.0	0.016129	0.0344828	0.03125	0.0	0.0	0.0	0.0	0.0	0.0	0.0	0.0	0.0	0.0	0.0	0.0	0.0	0.0	0.0	0.0	0.0	0.0	0.0	0.0	0.0	0.0	0.0	0.0	0.0	0.0	0.0	0.0	0.0	0.0	0.0	0.0	0.0	0.0	0.0	0.0	0.0	0.0	0.0	0.0	0.0	0.0	
Harelde boréale	0.0015	0.0526316	0.0625	0.0645161	0.0344828	0.09375	0.0	0.0	0.0	0.0	0.0	0.0	0.0	0.0	0.0	0.0	0.0	0.0	0.0	0.0	0.0	0.0	0.0	0.0	0.0	0.0	0.0	0.0	0.0	0.0	0.0	0.0	0.0	0.0	0.0	0.0	0.0	0.0	0.0	0.0	0.0	0.0	0.0	0.0	0.0	0.0	0.0526316	0.0015	
Garrot à oeil d'or	0.1428571	0.1052632	0.1875	0.2580645	0.2068966	0.15625	0.1515152	0.1081081	0.125	0.0	0.0	0.1052632	0.0909091	0.0	0.0	0.0	0.0	0.0	0.0	0.0	0.0	0.0	0.0	0.0	0.0	0.0	0.0	0.0	0.0	0.0	0.0	0.0	0.0	0.0	0.0	0.0	0.0	0.0	0.0	0.0	0.0	0.0434783	0.0384615	0.0	0.3846154	0.0	0.1578947	0.175	
Harle piette	0.1071429	0.0	0.0	0.016129	0.0344828	0.0015	0.0015	0.027027	0.0	0.0	0.0	0.0	0.0	0.0	0.0	0.0	0.0	0.0	0.0	0.0	0.0	0.0	0.0	0.0	0.0	0.0	0.0	0.0	0.0	0.0	0.0	0.0	0.0	0.0	0.0	0.0	0.0	0.0	0.0	0.0	0.0	0.0	0.0	0.0	0.0	0.0769231	0.0	0.0015	
Harle bièvre	0.3928571	0.4210526	0.40625	0.4677419	0.3793103	0.1875	0.1818182	0.1891892	0.0625	0.1428571	0.0	0.0526316	0.0	0.0	0.0	0.0	0.0	0.0	0.0	0.0	0.0	0.0	0.0	0.0	0.0	0.0	0.0	0.0	0.0	0.0015	0.0	0.0	0.0	0.0	0.0	0.0	0.0	0.0	0.0909091	0.0	0.0	0.0217391	0.0769231	0.2857143	0.4615385	0.3076923	0.4210526	0.25	
Harle huppé	0.0357143	0.0526316	0.0015	0.0645161	0.0344828	0.03125	0.030303	0.0	0.0015	0.0	0.0	0.0	0.0	0.0	0.0	0.0	0.0	0.0	0.0	0.0	0.0	0.0	0.0	0.0	0.0	0.0	0.0	0.0	0.0	0.0	0.0	0.0	0.0	0.0	0.0	0.0	0.0	0.0	0.0	0.0	0.0	0.0	0.1153846	0.0	0.0	0.0	0.0015	0.0	
Érismature rousse	0.0	0.0	0.0	0.0	0.0	0.0	0.0	0.0	0.0	0.0	0.0	0.0	0.0	0.0	0.0	0.0	0.0	0.0	0.0	0.0	0.0	0.0	0.0	0.0	0.0	0.0	0.0	0.0	0.0	0.0	0.0	0.0	0.0	0.0	0.0	0.0	0.0	0.0	0.0	0.0	0.0	0.0	0.0	0.0	0.0769231	0.0	0.0015	0.0	
anatidé sp. (canard sp.)	0.0	0.0	0.0	0.0	0.0	0.0	0.0	0.0	0.0	0.0	0.0	0.0	0.0	0.0	0.0	0.0	0.0	0.0	0.0	0.0	0.0	0.0	0.0	0.0	0.0	0.0	0.0	0.0	0.0909091	0.0	0.0	0.0	0.0	0.0	0.0	0.0	0.0	0.0	0.0	0.0	0.0	0.0	0.0384615	0.0	0.0	0.0	0.0	0.0	
Perdrix grise	0.0357143	0.0	0.0015	0.016129	0.0689655	0.03125	0.0909091	0.0	0.0015	0.0	0.25	0.0526316	0.0015	0.037037	0.1538462	0.0	0.1666667	0.0857143	0.1428571	0.0333333	0.0015	0.0	0.0833333	0.2	0.0	0.0	0.0	0.0	0.0909091	0.0	0.1764706	0.0454545	0.0	0.0	0.0769231	0.0952381	0.0015	0.0	0.0	0.0227273	0.125	0.0434783	0.0384615	0.0	0.0	0.0	0.0526316	0.0	
Faisan vénéré	0.0	0.0	0.0	0.016129	0.0	0.0	0.0	0.0015	0.0	0.0	0.0	0.0	0.0	0.0	0.0769231	0.0	0.0	0.0	0.0714286	0.0	0.0	0.0	0.0	0.0	0.0	0.0	0.0	0.0	0.0	0.0	0.0	0.0	0.0	0.0	0.0	0.0	0.0	0.0	0.0	0.0	0.0	0.0	0.0	0.0	0.0	0.0	0.0	0.0	
Faisan doré	0.0	0.0	0.0	0.0	0.0	0.0	0.0	0.0	0.0	0.0	0.0	0.0	0.0	0.0	0.0	0.0	0.0	0.0	0.0	0.0	0.0	0.0	0.0	0.0	0.0	0.0	0.0	0.0	0.0	0.0	0.0	0.0	0.0	0.0	0.0	0.0	0.0	0.0	0.0015	0.0	0.0	0.0	0.0	0.0	0.0	0.0	0.0	0.0	
Faisan de Colchide	0.0357143	0.0526316	0.03125	0.0322581	0.0344828	0.03125	0.0606061	0.0015	0.0015	0.0	0.25	0.1578947	0.0015	0.1481481	0.0769231	0.1428571	0.3333333	0.2285714	0.0714286	0.0666667	0.0	0.0	0.1666667	0.0	0.25	0.04	0.0625	0.0015	0.0	0.0	0.0588235	0.0909091	0.1428571	0.0588235	0.1538462	0.0952381	0.0	0.0	0.0015	0.0454545	0.0833333	0.1086957	0.1153846	0.1428571	0.0	0.0	0.0526316	0.025	
Faisan versicolore	0.0	0.0	0.0	0.0	0.0	0.0	0.0	0.0	0.0	0.0	0.0	0.0	0.0	0.0	0.0	0.0	0.0	0.0	0.0	0.0	0.0	0.0	0.0	0.0	0.0	0.0	0.0	0.0	0.0	0.0	0.0	0.0	0.0	0.0	0.0	0.0	0.0	0.0	0.0	0.0	0.0	0.0	0.0	0.0	0.0	0.0	0.0	0.025	
Caille des blés	0.0	0.0	0.0	0.0	0.0	0.0	0.0	0.0	0.0	0.0	0.0	0.0	0.0	0.037037	0.0	0.0	0.0	0.0	0.0714286	0.0	0.0	0.1111111	0.0	0.0	0.0	0.0	0.0	0.0	0.0909091	0.0434783	0.0588235	0.0227273	0.0	0.0	0.0	0.0	0.0	0.0	0.0	0.0	0.0	0.0	0.0	0.0	0.0	0.0	0.0	0.0	
Perdrix rouge	0.0	0.0526316	0.0	0.0	0.0	0.0	0.0	0.0015	0.0	0.0	0.0	0.0526316	0.0015	0.0	0.0769231	0.0	0.0	0.0	0.0	0.0	0.0015	0.0	0.0416667	0.2	0.0	0.0	0.0	0.0	0.0	0.0434783	0.0	0.0	0.0	0.0	0.0	0.0952381	0.0	0.1	0.0	0.0	0.0	0.0434783	0.0	0.0	0.0	0.0	0.0	0.0015	
Pigeon biset	0.0	0.0	0.0625	0.0645161	0.0	0.0625	0.1212121	0.0810811	0.0015	0.0	0.5	0.0526316	0.1818182	0.1111111	0.0	0.0	0.0015	0.0	0.0	0.2	0.0	0.0	0.25	0.2	0.0015	0.08	0.3125	0.1351351	0.0	0.0434783	0.1176471	0.2954545	0.0015	0.2941176	0.0	0.1428571	0.0	0.0	0.0909091	0.0681818	0.0015	0.1086957	0.1538462	0.1428571	0.0769231	0.0769231	0.1052632	0.175	
Pigeon colombin	0.0714286	0.1052632	0.0	0.0483871	0.0344828	0.03125	0.0	0.0	0.0015	0.1428571	0.25	0.0	0.0015	0.1111111	0.0	0.0	0.0	0.0285714	0.0	0.0333333	0.0	0.0	0.0	0.0	0.0	0.04	0.0625	0.0	0.0909091	0.0015	0.0	0.0	0.0	0.0	0.0769231	0.0	0.0	0.0	0.0	0.0227273	0.0833333	0.0434783	0.0384615	0.0	0.0	0.0	0.1052632	0.075	
Pigeon ramier	0.25	0.3684211	0.25	0.2741935	0.2758621	0.40625	0.4848485	0.5405405	0.1875	0.4285714	0.5	0.4736842	0.3636364	0.5185185	0.3076923	0.4285714	0.5	0.4857143	0.5	0.7333333	0.1818182	0.6666667	0.5833333	0.6	0.5	0.48	0.6875	0.4864865	0.5454545	0.4347826	0.5882353	0.6818182	0.7142857	0.5882353	0.6923077	0.5238095	0.2727273	0.1	0.4545455	0.2272727	0.375	0.3043478	0.3461538	0.2142857	0.1538462	0.3846154	0.4736842	0.45	
Tourterelle des bois	0.0	0.0	0.0	0.0	0.0	0.0	0.0	0.0	0.0	0.0	0.0	0.0	0.0	0.0	0.0	0.0	0.1666667	0.2	0.0714286	0.1666667	0.0	0.3333333	0.25	0.0015	0.25	0.04	0.25	0.1621622	0.0909091	0.0015	0.1176471	0.0227273	0.2857143	0.0588235	0.0	0.047619	0.0	0.0	0.0	0.0	0.0	0.0	0.0	0.0	0.0	0.0	0.0	0.0	
Tourterelle turque	0.1071429	0.0526316	0.125	0.0967742	0.1034483	0.125	0.1515152	0.1081081	0.0015	0.1428571	0.5	0.1578947	0.1818182	0.2962963	0.3076923	0.2857143	0.3333333	0.2285714	0.1428571	0.5333333	0.0909091	0.3333333	0.3333333	0.2	0.25	0.24	0.3125	0.1081081	0.0909091	0.1304348	0.1764706	0.2727273	0.1428571	0.2941176	0.3846154	0.1904762	0.0909091	0.1	0.2727273	0.0909091	0.0833333	0.1086957	0.1153846	0.2142857	0.0769231	0.0769231	0.2631579	0.125	
Coucou gris	0.0	0.0	0.0	0.0	0.0	0.0	0.0	0.0	0.0	0.0	0.0	0.0	0.0015	0.2592593	0.2307692	0.0714286	0.3333333	0.3428571	0.2857143	0.2666667	0.2727273	0.1111111	0.0833333	0.0	0.25	0.0	0.0	0.0	0.0	0.0	0.0	0.0	0.0	0.0	0.0	0.0	0.0	0.0	0.0	0.0	0.0	0.0	0.0	0.0	0.0	0.0	0.0	0.0	
Engoulevent d'Europe	0.0	0.0	0.0	0.0	0.0	0.0	0.0	0.0	0.0	0.0	0.0	0.0	0.0	0.0	0.0	0.0	0.0	0.0	0.0	0.0	0.0	0.0	0.0015	0.0	0.0	0.04	0.0	0.0	0.0	0.0	0.0	0.0	0.0	0.0	0.0	0.0	0.0	0.0	0.0	0.0	0.0	0.0	0.0	0.0	0.0	0.0	0.0	0.0	
Martinet noir	0.0	0.0	0.0	0.0	0.0	0.0	0.0	0.0	0.0	0.0	0.0	0.0	0.0	0.0	0.0	0.0714286	0.1666667	0.2	0.0	0.1333333	0.0	0.2222222	0.2916667	0.0015	0.25	0.08	0.375	0.027027	0.0	0.0	0.0	0.0227273	0.0	0.0	0.0	0.0	0.0	0.0	0.0	0.0	0.0	0.0	0.0	0.0	0.0	0.0	0.0	0.0	
Râle d'eau	0.0	0.0	0.0	0.016129	0.0	0.0	0.0	0.027027	0.0	0.0	0.0	0.0	0.0	0.0	0.0	0.0	0.1666667	0.0285714	0.0	0.0	0.0	0.0	0.0	0.0015	0.0	0.0	0.0625	0.0	0.0	0.0869565	0.1176471	0.0	0.0	0.0	0.0	0.0	0.0	0.0	0.0909091	0.0681818	0.0	0.0	0.0	0.0	0.0	0.0	0.0	0.025	
Râle des genêts	0.0	0.0	0.0	0.0	0.0	0.0	0.0	0.0	0.0	0.0	0.0	0.0	0.0	0.0	0.0	0.0	0.0	0.0	0.0	0.0	0.0	0.0	0.0015	0.0	0.0	0.0	0.0	0.0	0.0	0.0	0.0	0.0	0.0	0.0	0.0	0.0	0.0	0.0	0.0	0.0	0.0	0.0	0.0	0.0	0.0	0.0	0.0	0.0	
Marouette ponctuée	0.0	0.0	0.0	0.0	0.0	0.0	0.0	0.0	0.0	0.0	0.0	0.0	0.0	0.037037	0.0	0.0	0.0	0.0	0.0	0.0	0.0	0.0	0.0	0.0	0.0	0.0	0.0	0.0	0.0	0.0	0.0	0.0	0.0	0.0	0.0	0.0	0.0015	0.0	0.0	0.0	0.0	0.0	0.0	0.0	0.0	0.0	0.0	0.0	
Gallinule poule-d'eau	0.0714286	0.0	0.03125	0.0322581	0.0015	0.0	0.030303	0.027027	0.0	0.0	0.25	0.0	0.0	0.2222222	0.0769231	0.2142857	0.0	0.0571429	0.0714286	0.2333333	0.0909091	0.3333333	0.0833333	0.0	0.0015	0.04	0.1875	0.0015	0.0909091	0.2173913	0.1764706	0.1818182	0.1428571	0.0588235	0.0769231	0.1428571	0.0	0.0	0.1818182	0.0	0.0	0.0217391	0.0384615	0.1428571	0.0769231	0.1538462	0.0526316	0.05	
Foulque macroule	0.2857143	0.1578947	0.3125	0.2419355	0.2413793	0.3125	0.3636364	0.3513514	0.375	0.2857143	0.25	0.4210526	0.3636364	0.4074074	0.4615385	0.1428571	0.0	0.3714286	0.2142857	0.2666667	0.3636364	0.3333333	0.1666667	0.0	0.0015	0.36	0.25	0.2972973	0.3636364	0.5217391	0.1764706	0.3409091	0.2857143	0.0588235	0.3076923	0.0952381	0.1818182	0.1	0.3636364	0.2727273	0.25	0.3043478	0.3846154	0.5714286	0.4615385	0.3076923	0.1578947	0.175	
Grue cendrée	0.2857143	0.3157895	0.4375	0.483871	0.4137931	0.1875	0.3939394	0.3243243	0.0625	0.1428571	0.0015	0.1052632	0.0	0.1481481	0.0	0.1428571	0.0	0.0	0.0	0.0	0.0	0.0	0.0	0.0	0.0	0.0	0.0	0.0	0.0	0.0	0.0	0.0	0.0015	0.0	0.0	0.0	0.1818182	0.1	0.4545455	0.5909091	0.3333333	0.6086957	0.7307692	0.7857143	0.9230769	0.5384615	0.5789474	0.475	
Oedicnème criard	0.0	0.0	0.0	0.0	0.0	0.0	0.0	0.0	0.0	0.0	0.0	0.1052632	0.0015	0.0740741	0.0	0.0	0.0	0.0	0.0	0.0	0.0	0.0	0.0	0.0	0.0	0.0	0.0	0.0015	0.0	0.0	0.0588235	0.0227273	0.0	0.0015	0.1538462	0.0	0.0	0.0	0.0	0.0	0.0	0.0	0.0	0.0	0.0	0.0	0.0	0.0	
Échasse blanche	0.0	0.0	0.0	0.0	0.0	0.0	0.0	0.0	0.0	0.0	0.0	0.0	0.0	0.0	0.0	0.0	0.0	0.0	0.0	0.0	0.0909091	0.0	0.0	0.0	0.0	0.0	0.0	0.0	0.0	0.0	0.0	0.0	0.0	0.0	0.0	0.0	0.0	0.0	0.0	0.0	0.0	0.0	0.0	0.0	0.0	0.0	0.0	0.0	
Avocette élégante	0.0	0.0	0.0	0.0	0.0	0.0	0.0	0.0	0.0	0.0	0.0	0.0	0.0	0.0	0.0769231	0.0	0.0	0.0015	0.0	0.0	0.0	0.0	0.0	0.0	0.0	0.0	0.0	0.0	0.0	0.0	0.0	0.0	0.0	0.0	0.0	0.0	0.0	0.0	0.0	0.0	0.0	0.0	0.1153846	0.0	0.0	0.0	0.0	0.0	
Huîtrier pie	0.0	0.0	0.0	0.0	0.0	0.0	0.0	0.0	0.0	0.0	0.0	0.0	0.0	0.0	0.0	0.0	0.0	0.0	0.0	0.0	0.0	0.0	0.0	0.0	0.0	0.0	0.0	0.0	0.0	0.0	0.0	0.0	0.0	0.0588235	0.0	0.047619	0.0909091	0.0015	0.0	0.0	0.0	0.0	0.0	0.0	0.0	0.0	0.0	0.0	
Pluvier argenté	0.0	0.0	0.0	0.016129	0.0	0.0	0.0	0.0	0.0	0.0	0.0	0.0	0.0	0.0	0.0	0.0	0.0	0.0	0.0	0.0	0.0	0.0	0.0	0.0	0.0	0.0	0.0	0.0	0.0	0.0	0.0	0.0	0.0	0.0	0.0	0.047619	0.0	0.0	0.0909091	0.0227273	0.0	0.0	0.0769231	0.2142857	0.0	0.0	0.0	0.0015	
Pluvier doré	0.2142857	0.0526316	0.125	0.0322581	0.1034483	0.0625	0.0606061	0.0540541	0.0625	0.1428571	0.0	0.0526316	0.0	0.0	0.0	0.0	0.0	0.0	0.0	0.0	0.0	0.0	0.0	0.0	0.0	0.0	0.0	0.0	0.0	0.0	0.0	0.0	0.0	0.0	0.0	0.0	0.0	0.0	0.0	0.0454545	0.0416667	0.0652174	0.0769231	0.3571429	0.2307692	0.0769231	0.1578947	0.2	
Guignard d’Eurasie	0.0	0.0	0.0	0.0	0.0	0.0	0.0	0.0	0.0	0.0	0.0	0.0	0.0	0.0	0.0769231	0.0	0.0	0.0	0.0	0.0015	0.0	0.0	0.0	0.0	0.0	0.0	0.0	0.0	0.0	0.0	0.0	0.0	0.1428571	0.0	0.0	0.0	0.0	0.0	0.0	0.0	0.0	0.0	0.0	0.0	0.0	0.0	0.0	0.0	
Grand Gravelot	0.0	0.0	0.0	0.0	0.0	0.0	0.0	0.0	0.0	0.0	0.0	0.0	0.0	0.0	0.0	0.0	0.0	0.0015	0.0	0.0	0.0	0.0	0.0	0.0	0.0	0.0	0.0	0.0	0.0	0.0	0.0	0.0227273	0.0	0.0588235	0.0015	0.1428571	0.0015	0.0	0.0	0.0	0.0	0.0	0.0	0.0	0.0	0.0	0.0	0.0	
Petit Gravelot	0.0	0.0	0.0	0.0	0.0	0.0	0.0	0.0	0.0015	0.0	0.0	0.0015	0.0909091	0.0740741	0.0	0.0	0.0	0.0	0.0	0.0	0.0	0.0	0.0	0.2	0.0	0.0	0.0	0.0540541	0.0	0.0015	0.1176471	0.0227273	0.0	0.0	0.0	0.0	0.0	0.0	0.0	0.0	0.0	0.0	0.0	0.0	0.0	0.0	0.0	0.0	
Vanneau huppé	0.3928571	0.2105263	0.4375	0.3870968	0.4137931	0.15625	0.1818182	0.2432432	0.0625	0.1428571	0.25	0.0526316	0.0015	0.0740741	0.0	0.0	0.0	0.0	0.0	0.0	0.1818182	0.0	0.125	0.2	0.25	0.04	0.0625	0.1621622	0.2727273	0.2173913	0.1764706	0.2045455	0.4285714	0.3529412	0.3076923	0.5238095	0.6363636	0.4	0.5454545	0.5227273	0.3333333	0.5434783	0.5384615	0.7857143	0.4615385	0.4615385	0.5263158	0.525	
Vanneau sociable	0.0	0.0	0.0	0.0	0.0	0.0	0.0	0.0	0.0	0.0	0.0	0.0	0.0	0.0	0.0	0.0	0.0	0.0	0.0	0.0	0.0	0.0	0.0	0.0	0.0	0.0	0.0	0.0	0.0	0.0	0.0	0.0	0.0	0.0	0.0	0.0	0.0	0.0	0.0909091	0.0015	0.0	0.0	0.0	0.0	0.0	0.0	0.0	0.0	
Gravelot à collier interrompu	0.0	0.0	0.0	0.0	0.0	0.0	0.0	0.0	0.0	0.0015	0.0	0.0	0.0	0.0	0.0	0.0	0.0	0.0	0.0	0.0	0.0	0.0	0.0	0.0	0.0	0.0	0.0	0.0	0.0	0.0	0.0	0.0	0.0	0.0	0.0	0.0	0.0	0.0	0.0	0.0	0.0	0.0	0.0	0.0	0.0	0.0	0.0	0.0	
Charadriidae sp.	0.0	0.0	0.0	0.0	0.0	0.0015	0.0	0.0	0.0	0.0	0.0	0.0	0.0	0.0	0.0	0.0	0.0	0.0	0.0	0.0	0.0	0.0	0.0	0.0	0.0	0.0	0.0	0.0	0.0	0.0	0.0	0.0	0.0	0.0	0.0	0.0	0.0	0.0	0.0	0.0	0.0	0.0	0.0	0.0	0.0	0.0	0.0	0.0	
Courlis corlieu	0.0	0.0	0.0	0.0	0.0	0.0	0.0	0.0	0.0	0.0	0.0	0.0	0.0	0.0015	0.0	0.0	0.0	0.0	0.0	0.0	0.0	0.0	0.0	0.0	0.0	0.0	0.0	0.0	0.0	0.0	0.0	0.0	0.0	0.0588235	0.0	0.0	0.0	0.0	0.0	0.0	0.0	0.0	0.0	0.0	0.0	0.0	0.0	0.0	
Courlis cendré	0.25	0.2105263	0.34375	0.1774194	0.0689655	0.09375	0.1212121	0.0540541	0.0625	0.0	0.25	0.0526316	0.0	0.0	0.0769231	0.0	0.0	0.0	0.0714286	0.0	0.0	0.0	0.0	0.0	0.0	0.0	0.0625	0.0810811	0.0	0.0869565	0.0588235	0.1363636	0.0	0.0015	0.0769231	0.1904762	0.2727273	0.0015	0.1818182	0.2272727	0.1666667	0.2173913	0.3461538	0.5714286	0.4615385	0.2307692	0.2631579	0.175	
Barge rousse	0.0	0.0	0.0	0.0	0.0	0.0	0.0	0.0	0.0	0.0	0.0	0.0	0.0	0.0	0.0	0.0	0.0	0.0	0.0	0.0	0.0	0.0	0.0	0.0	0.0	0.0	0.0	0.0	0.0	0.0	0.0	0.0	0.0	0.0	0.0	0.047619	0.0015	0.0	0.0	0.0	0.0	0.0	0.0	0.0	0.0	0.0	0.0	0.0	
Barge à queue noire	0.0	0.0	0.0	0.0	0.0	0.0	0.0	0.0	0.0	0.0015	0.0	0.0	0.0	0.0	0.0	0.0	0.0	0.0	0.0	0.0	0.0	0.0	0.0	0.0	0.0	0.0	0.0	0.0	0.0	0.0	0.0	0.0	0.0	0.0	0.0	0.0	0.0	0.0	0.0	0.0	0.0	0.0217391	0.0015	0.0	0.0	0.0	0.0	0.0	
Bécassine sourde	0.0	0.0	0.0	0.0322581	0.0	0.0	0.0	0.0	0.0	0.0	0.0	0.0	0.0	0.0	0.0	0.0	0.0	0.0	0.0	0.0	0.0	0.0	0.0	0.0	0.0	0.0	0.0	0.0	0.0	0.0	0.0	0.0	0.0	0.0	0.0	0.0	0.0	0.0	0.0	0.0	0.0	0.0	0.0	0.0	0.0	0.0	0.0	0.0	
Bécasse des bois	0.0	0.0526316	0.0	0.0	0.0	0.0015	0.030303	0.027027	0.0	0.0015	0.0	0.0	0.0	0.0	0.0	0.0	0.0	0.0	0.0	0.0	0.0	0.0	0.0	0.0	0.0	0.0	0.0	0.0	0.0	0.0	0.0	0.0	0.0	0.0	0.0	0.0	0.0	0.0	0.0	0.0	0.0	0.0	0.0	0.0	0.0	0.0	0.0	0.0	
Bécassine des marais	0.0015	0.0526316	0.0625	0.0483871	0.0344828	0.0	0.0	0.0	0.0	0.0	0.0	0.0	0.1818182	0.0	0.0769231	0.0	0.0	0.0	0.0	0.0	0.0	0.0	0.0	0.0	0.0	0.0	0.0	0.0810811	0.0	0.0869565	0.0588235	0.0909091	0.1428571	0.0588235	0.0015	0.2380952	0.0015	0.1	0.5454545	0.1818182	0.1666667	0.1304348	0.2307692	0.3571429	0.0769231	0.0769231	0.0015	0.0	
Phalarope à bec large	0.0357143	0.0015	0.0625	0.0	0.0	0.0	0.0	0.0	0.0	0.0	0.0	0.0	0.0	0.0	0.0	0.0	0.0	0.0	0.0	0.0	0.0	0.0	0.0	0.0	0.0	0.0	0.0	0.0	0.0	0.0	0.0	0.0	0.0	0.0	0.0	0.0	0.0	0.0	0.0	0.0	0.0	0.0	0.0	0.0	0.0	0.0	0.0	0.0	
Chevalier guignette	0.0357143	0.0526316	0.21875	0.0645161	0.0344828	0.0015	0.0	0.0	0.0	0.1428571	0.0	0.0526316	0.0	0.0	0.0	0.1428571	0.0	0.0285714	0.0	0.0666667	0.0	0.0	0.0	0.0	0.0	0.04	0.125	0.2162162	0.0909091	0.2173913	0.2352941	0.1363636	0.2857143	0.1176471	0.0769231	0.1428571	0.1818182	0.0	0.1818182	0.0681818	0.0	0.0217391	0.0769231	0.1428571	0.0769231	0.0769231	0.0526316	0.025	
Chevalier culblanc	0.0357143	0.0526316	0.0625	0.016129	0.0344828	0.0625	0.0	0.0	0.0	0.0	0.0	0.0	0.0	0.0	0.0	0.0	0.0	0.0	0.0	0.0	0.0	0.0	0.0	0.2	0.0	0.0	0.0	0.0	0.0909091	0.0869565	0.0	0.0681818	0.0	0.0	0.0769231	0.0	0.0015	0.0	0.0909091	0.0454545	0.0416667	0.0869565	0.0384615	0.0	0.0015	0.0	0.0526316	0.0	
Chevalier stagnatile	0.0	0.0	0.0	0.0	0.0	0.0	0.0	0.0	0.0	0.0	0.0	0.0	0.0	0.0	0.0	0.0	0.0	0.0	0.0	0.0	0.0	0.0	0.0	0.0	0.0	0.0	0.0	0.0	0.0	0.0	0.0	0.0	0.0	0.0015	0.0	0.0	0.0	0.0	0.0	0.0	0.0	0.0	0.0	0.0	0.0	0.0	0.0	0.0	
Chevalier sylvain	0.0	0.0	0.0	0.0	0.0	0.0	0.0	0.0	0.0	0.0	0.0	0.0	0.0	0.0	0.0	0.0	0.0	0.0	0.0	0.0	0.0	0.0	0.0	0.0	0.0	0.0	0.0	0.0810811	0.0	0.0434783	0.0015	0.0454545	0.0	0.0588235	0.0	0.0	0.0	0.0	0.0909091	0.0	0.0	0.0	0.0	0.0	0.0	0.0	0.0	0.0	
Chevalier gambette	0.0	0.0	0.0	0.0	0.0	0.0	0.0	0.0	0.0	0.0	0.0	0.0015	0.0	0.037037	0.0	0.0714286	0.0	0.0	0.0	0.0333333	0.0	0.0	0.0	0.0	0.0	0.0	0.0	0.0	0.0	0.0	0.0015	0.0227273	0.1428571	0.0588235	0.0	0.047619	0.0	0.0	0.0	0.0	0.0	0.0	0.0384615	0.0	0.0	0.0	0.0	0.0	
Chevalier arlequin	0.0	0.0015	0.0	0.016129	0.0	0.0	0.030303	0.0	0.0	0.0	0.0	0.0	0.0	0.037037	0.0	0.0	0.0	0.0	0.0	0.0	0.0	0.0	0.0	0.0	0.0	0.0	0.0	0.0	0.0	0.0869565	0.0	0.0227273	0.0	0.0	0.0015	0.047619	0.0015	0.0	0.0909091	0.0454545	0.0015	0.0434783	0.0384615	0.0714286	0.0	0.0	0.0015	0.0015	
Chevalier aboyeur	0.0015	0.0	0.0	0.0	0.0	0.0	0.0	0.0	0.0	0.0	0.0	0.0	0.0	0.1111111	0.0	0.0	0.0015	0.0	0.0	0.0	0.0	0.0	0.0	0.0	0.0	0.0	0.0	0.0540541	0.0	0.0869565	0.0588235	0.0454545	0.1428571	0.0588235	0.0015	0.1428571	0.0015	0.0	0.0909091	0.0454545	0.0416667	0.0217391	0.0	0.0	0.0	0.0	0.0	0.0015	
Tringa sp.	0.0	0.0	0.0	0.0	0.0	0.0	0.0	0.0	0.0	0.0	0.0	0.0	0.0	0.0	0.0	0.0	0.0	0.0	0.0	0.0	0.0	0.0	0.0	0.0	0.0	0.0	0.0	0.0	0.0	0.0	0.0	0.0227273	0.0	0.0	0.0	0.0	0.0	0.0	0.0	0.0	0.0	0.0	0.0	0.0	0.0	0.0	0.0	0.0	
Tournepierre à collier	0.0	0.0	0.0	0.0	0.0	0.0	0.0	0.0	0.0	0.0	0.0	0.0	0.0	0.0	0.0	0.0	0.0	0.0	0.0	0.0	0.0	0.0	0.0	0.0	0.0	0.0	0.0	0.0	0.0	0.0	0.0	0.0	0.0	0.0	0.0015	0.0	0.0	0.0	0.0	0.0	0.0	0.0	0.0	0.0	0.0	0.0	0.0	0.0	
Bécasseau maubèche	0.0	0.0	0.0	0.0	0.0	0.0	0.0	0.0	0.0	0.0	0.0	0.0	0.0	0.0	0.0	0.0	0.0	0.0	0.0	0.0	0.0	0.0	0.0	0.0	0.0	0.0	0.0	0.0	0.0	0.0	0.0	0.0	0.0	0.0	0.0015	0.0015	0.0	0.0	0.0	0.0	0.0	0.0	0.0	0.0	0.0	0.0	0.0	0.0	
Combattant varié	0.1071429	0.0015	0.21875	0.0967742	0.1034483	0.0625	0.0	0.027027	0.0	0.0	0.0	0.0	0.0	0.1111111	0.0	0.0	0.0015	0.0	0.0	0.0	0.0	0.0	0.0	0.0	0.0	0.0	0.0	0.0	0.0	0.0015	0.0588235	0.0227273	0.0	0.0	0.0015	0.0952381	0.0909091	0.0	0.1818182	0.2045455	0.0015	0.173913	0.1923077	0.1428571	0.0769231	0.0	0.0015	0.025	
Bécasseau cocorli	0.0	0.0	0.0	0.0	0.0	0.0	0.0	0.0	0.0	0.0	0.0	0.0	0.0	0.0	0.0	0.0	0.0	0.0	0.0	0.0	0.0	0.0	0.0	0.0	0.0	0.0	0.0	0.0	0.0	0.0	0.0	0.0454545	0.1428571	0.0	0.0015	0.0	0.0	0.0	0.0	0.0	0.0	0.0	0.0	0.0	0.0	0.0	0.0	0.0	
Bécasseau de Temminck	0.0	0.0	0.0	0.0	0.0	0.0	0.0	0.0	0.0	0.0	0.0	0.0	0.0	0.0	0.0	0.0	0.0	0.0	0.0	0.0	0.0	0.0	0.0	0.0	0.0	0.0	0.0	0.0	0.0	0.0015	0.0015	0.0	0.0	0.0	0.0	0.0	0.0	0.0	0.0	0.0	0.0	0.0	0.0	0.0	0.0	0.0	0.0	0.0	
Bécasseau sanderling	0.0	0.0	0.0	0.0	0.0	0.0	0.0	0.0	0.0	0.0	0.0	0.0	0.0	0.0	0.0	0.0	0.0	0.0015	0.0	0.0	0.0	0.0	0.0	0.0	0.0	0.0	0.0	0.0	0.0	0.0	0.0	0.0	0.0015	0.0	0.0	0.0	0.0	0.0	0.0	0.0	0.0	0.0	0.0	0.0	0.0	0.0	0.0	0.0	
Bécasseau variable	0.2857143	0.0526316	0.15625	0.1612903	0.137931	0.0	0.030303	0.0540541	0.0015	0.0	0.0	0.0	0.0	0.0	0.0	0.0	0.0	0.0	0.0	0.0	0.0	0.0	0.0	0.0	0.0	0.0	0.0	0.0	0.0	0.0	0.0588235	0.0227273	0.1428571	0.0	0.0015	0.047619	0.0015	0.0015	0.1818182	0.1590909	0.0	0.0869565	0.1923077	0.2857143	0.3076923	0.0769231	0.1578947	0.075	
Bécasseau minute	0.0	0.0526316	0.0625	0.0	0.0	0.0	0.0	0.0	0.0	0.0	0.0	0.0	0.0	0.0	0.0	0.0	0.0	0.0	0.0	0.0	0.0	0.0	0.0	0.0	0.0	0.0	0.0	0.0	0.0	0.0	0.0	0.0	0.0	0.0	0.0015	0.047619	0.0909091	0.0	0.0	0.0	0.0	0.0217391	0.0015	0.0714286	0.0	0.0769231	0.0	0.0	
Bécasseau tacheté	0.0	0.0	0.0	0.0	0.0	0.0	0.0	0.0	0.0	0.0	0.0	0.0	0.0	0.0	0.0	0.0	0.0	0.0	0.0	0.0	0.0	0.0	0.0	0.0	0.0	0.0	0.0	0.0	0.0	0.0015	0.0	0.0	0.0	0.0	0.0	0.0	0.0	0.0	0.0	0.0	0.0	0.0	0.0	0.0	0.0	0.0	0.0	0.0	
Labbe à longue queue	0.0	0.0	0.0	0.0	0.0	0.0	0.0	0.0	0.0	0.0	0.0	0.0	0.0	0.0	0.0	0.0	0.0	0.0	0.0	0.0	0.0	0.0	0.0	0.0	0.0	0.0	0.0	0.0	0.0	0.0	0.0	0.0	0.0015	0.0	0.0	0.0	0.0	0.0	0.0	0.0	0.0	0.0	0.0	0.0	0.0	0.0	0.0	0.0	
Grand Labbe	0.0	0.0	0.0	0.0	0.0	0.0	0.0	0.0	0.0	0.0	0.0	0.0	0.0	0.0	0.0	0.0	0.0	0.0	0.0	0.0	0.0	0.0	0.0	0.0	0.0	0.0	0.0	0.0	0.0	0.0	0.0	0.0	0.0	0.0	0.0	0.0	0.0	0.0	0.0	0.0	0.0	0.0	0.0	0.0	0.0015	0.0	0.0	0.0	
Mouette pygmée	0.0	0.0	0.0	0.0	0.0	0.0015	0.0	0.0	0.0	0.0	0.0	0.0	0.0	0.0	0.0769231	0.0	0.0	0.0	0.0	0.0	0.0	0.0	0.0	0.0	0.0	0.0	0.0	0.0	0.0	0.0	0.0	0.0	0.0	0.0	0.0	0.0	0.0	0.0	0.0909091	0.0	0.0	0.0	0.0	0.0	0.0	0.0	0.0	0.0	
Mouette tridactyle	0.0	0.0	0.0	0.0	0.0	0.0	0.0	0.0	0.0	0.0	0.0	0.0	0.0	0.0	0.0	0.0	0.0	0.0	0.0	0.0	0.0	0.0	0.0	0.0	0.0	0.0	0.0	0.0	0.0	0.0	0.0	0.0	0.0	0.0	0.0	0.0	0.0	0.0	0.0	0.0	0.0	0.0	0.0	0.0015	0.0	0.0	0.0	0.0	
Mouette de Sabine	0.0	0.0	0.0	0.0	0.0	0.0	0.0	0.0	0.0	0.0	0.0	0.0	0.0	0.0	0.0	0.0	0.0	0.0	0.0	0.0	0.0	0.0	0.0	0.0	0.0	0.0	0.0	0.0	0.0	0.0	0.0	0.0	0.0	0.0	0.0015	0.0	0.0	0.0	0.0	0.0	0.0	0.0	0.0	0.0	0.0	0.0	0.0	0.0	
Mouette rieuse	0.4642857	0.3157895	0.40625	0.4032258	0.3103448	0.21875	0.3030303	0.2702703	0.25	0.2857143	0.0	0.1578947	0.0909091	0.2592593	0.1538462	0.0714286	0.0	0.0571429	0.0	0.0333333	0.0909091	0.0	0.0833333	0.0	0.0015	0.08	0.1875	0.2972973	0.2727273	0.3043478	0.1764706	0.3636364	0.0015	0.2352941	0.3846154	0.4285714	0.6363636	0.3	0.6363636	0.5454545	0.3333333	0.4565217	0.6153846	0.7857143	0.8461538	0.3846154	0.3684211	0.4	
Mouette mélanocéphale	0.0	0.0	0.0	0.0	0.0344828	0.0	0.0	0.027027	0.0625	0.0	0.0	0.0	0.0	0.037037	0.0015	0.0	0.0	0.0	0.0	0.0	0.0909091	0.0	0.0	0.0	0.0	0.0	0.0	0.027027	0.0	0.0	0.0	0.0	0.0	0.0	0.0	0.0	0.0	0.0	0.0	0.0	0.0	0.0	0.0	0.0	0.0	0.0	0.0	0.0	
Goéland cendré	0.0714286	0.0015	0.0625	0.0806452	0.1034483	0.03125	0.0	0.0810811	0.0625	0.0	0.0	0.0	0.0	0.0	0.0	0.0	0.0	0.0	0.0	0.0	0.0	0.0	0.0	0.0	0.0	0.0	0.0	0.0	0.0	0.0	0.0	0.0	0.0	0.0	0.0	0.0	0.0	0.0	0.0	0.0	0.0	0.0015	0.0	0.2142857	0.0769231	0.1538462	0.0526316	0.025	
Goéland pontique	0.0714286	0.0015	0.03125	0.0322581	0.0344828	0.0	0.0	0.0	0.125	0.0	0.0	0.0526316	0.0	0.037037	0.0	0.0	0.0	0.0	0.0	0.0	0.0	0.0	0.0	0.0	0.0	0.0	0.0	0.027027	0.0	0.0	0.0	0.0	0.0	0.0	0.0	0.0	0.0	0.0	0.0	0.0227273	0.0	0.0217391	0.0384615	0.0714286	0.0769231	0.1538462	0.1052632	0.05	
Goéland argenté	0.0015	0.0	0.0	0.0015	0.0344828	0.0	0.0	0.027027	0.0	0.0	0.0	0.0	0.0	0.0	0.0	0.0	0.0	0.0	0.0	0.0	0.0	0.0	0.0	0.0	0.0	0.0	0.0	0.0	0.0	0.0	0.0	0.0	0.0	0.0	0.0	0.0	0.0	0.0	0.0	0.0	0.0	0.0217391	0.0	0.0	0.0	0.0	0.1052632	0.0015	
Goéland leucophée	0.3571429	0.0526316	0.1875	0.3548387	0.2758621	0.1875	0.1212121	0.0810811	0.0625	0.1428571	0.0	0.1578947	0.1818182	0.1111111	0.1538462	0.0714286	0.0	0.0571429	0.0	0.0666667	0.0	0.0	0.0833333	0.0	0.0	0.12	0.1875	0.1891892	0.1818182	0.1304348	0.1764706	0.4545455	0.1428571	0.2941176	0.1538462	0.3333333	0.2727273	0.3	0.3636364	0.3181818	0.2916667	0.4347826	0.3846154	0.6428571	0.9230769	0.3076923	0.3684211	0.125	
Goéland argenté ou G. leucophée	0.0	0.0	0.0	0.0	0.0	0.0	0.0	0.0	0.0	0.0	0.0	0.0	0.0	0.0	0.0	0.0	0.0	0.0	0.0	0.0	0.0	0.0	0.0	0.0	0.0	0.0	0.0	0.0	0.0	0.0	0.0	0.0	0.0	0.0	0.0	0.0	0.0	0.0	0.0	0.0	0.0	0.0217391	0.0	0.0	0.0	0.0	0.0	0.0	
Goéland pontique, G. argenté ou G. leucophée	0.0	0.0015	0.0	0.0	0.0	0.0	0.0	0.0	0.0	0.0	0.0	0.0	0.0	0.0	0.0	0.0	0.0	0.0	0.0	0.0	0.0	0.0	0.0	0.0	0.0	0.0	0.0	0.0	0.0	0.0	0.0	0.0	0.0	0.0	0.0	0.0	0.0	0.0	0.0	0.0	0.0	0.0	0.0	0.0	0.0	0.0	0.0	0.0	
Goéland brun	0.0357143	0.0015	0.0625	0.0322581	0.0015	0.03125	0.030303	0.027027	0.0	0.0	0.0	0.0	0.0	0.0	0.0	0.0	0.0	0.0	0.0	0.0	0.0	0.0	0.0	0.0	0.0	0.0	0.0	0.0	0.0	0.0	0.0	0.0227273	0.0	0.0	0.0015	0.0	0.0	0.1	0.0	0.0227273	0.0416667	0.0652174	0.0	0.0714286	0.0769231	0.0	0.0015	0.025	
goéland sp. (Larus sp.)	0.0	0.0	0.0	0.0	0.0	0.0	0.030303	0.027027	0.0	0.0	0.0	0.0	0.0	0.0	0.0	0.0	0.0	0.0	0.0	0.0	0.0	0.0	0.0	0.0	0.0	0.0	0.0	0.0	0.0	0.0	0.0	0.0	0.0	0.0	0.0	0.0	0.0	0.0	0.0909091	0.0	0.0	0.0	0.0	0.0714286	0.0	0.0	0.0	0.0	
goéland ou mouette sp.	0.0	0.0	0.0	0.0	0.0	0.0	0.0	0.0	0.0	0.0	0.0	0.0	0.0	0.0	0.0	0.0	0.0	0.0	0.0	0.0	0.0	0.0	0.0	0.0	0.0	0.0	0.0	0.0	0.0	0.0	0.0	0.0	0.0	0.0	0.0	0.0	0.0	0.0	0.0	0.0	0.0	0.0	0.0	0.0	0.0	0.0	0.0	0.05	
Sterne caspienne	0.0	0.0	0.0	0.0	0.0	0.0	0.0	0.0	0.0	0.0	0.0	0.0	0.0	0.0	0.0	0.0	0.0	0.0	0.0	0.0	0.0	0.0	0.0	0.0	0.0	0.0	0.0	0.0	0.0	0.0	0.0	0.0227273	0.0	0.0	0.0	0.0	0.0	0.0	0.0	0.0	0.0	0.0	0.0	0.0	0.0	0.0	0.0	0.0	
Guifette moustac	0.0	0.0	0.0	0.016129	0.0	0.0	0.0	0.0	0.0	0.0	0.0	0.0	0.0	0.0	0.0	0.0	0.0	0.0285714	0.0	0.0333333	0.0	0.1111111	0.0	0.0	0.0	0.0	0.0	0.0	0.0	0.0	0.0015	0.0227273	0.0	0.0	0.0	0.0	0.0	0.0	0.0	0.0	0.0	0.0	0.0	0.0	0.0	0.0	0.0	0.0	
Guifette noire	0.0	0.0	0.0	0.0	0.0	0.0	0.0	0.0	0.0	0.0	0.0	0.0	0.0	0.0	0.0769231	0.0	0.0015	0.0571429	0.0	0.0	0.0	0.0	0.0	0.0	0.0	0.0	0.0	0.027027	0.0	0.0015	0.0	0.0454545	0.0	0.0	0.0	0.047619	0.0	0.0	0.0	0.0	0.0	0.0	0.0	0.0	0.0	0.0	0.0	0.0	
Guifette leucoptère	0.0	0.0	0.0	0.0	0.0	0.0	0.0	0.0	0.0	0.0	0.0	0.0	0.0	0.0	0.0	0.0	0.0015	0.0	0.0	0.0	0.0	0.0	0.0	0.0	0.0	0.0	0.0	0.0	0.0	0.0	0.0	0.0	0.0	0.0	0.0	0.0	0.0015	0.0	0.0	0.0	0.0	0.0	0.0	0.0	0.0	0.0	0.0	0.0	
Sterne arctique	0.0	0.0	0.0	0.0	0.0	0.0	0.0	0.0	0.0	0.0	0.0	0.0	0.0	0.0	0.0	0.0	0.0	0.0	0.0	0.0	0.0	0.0	0.0	0.0	0.0	0.0	0.0	0.0	0.0	0.0	0.0	0.0	0.0	0.0	0.0	0.0	0.0	0.0	0.0	0.0	0.0	0.0	0.0015	0.0	0.0	0.0	0.0	0.0	
Sterne pierregarin	0.0	0.0	0.0	0.0	0.0	0.0	0.0	0.0	0.0	0.0	0.0	0.0	0.0	0.1851852	0.2307692	0.0714286	0.0	0.1142857	0.0714286	0.1	0.0909091	0.1111111	0.125	0.2	0.0015	0.12	0.25	0.2162162	0.1818182	0.1304348	0.0588235	0.0909091	0.0015	0.0588235	0.0	0.0	0.0	0.0	0.0	0.0	0.0	0.0	0.0	0.0	0.0	0.0	0.0	0.0	
Grèbe castagneux	0.0357143	0.0526316	0.03125	0.0483871	0.0015	0.03125	0.030303	0.1081081	0.0	0.0	0.0	0.0526316	0.0	0.037037	0.0769231	0.0	0.1666667	0.0857143	0.0714286	0.0	0.0909091	0.1111111	0.0	0.0	0.0015	0.04	0.0	0.0540541	0.2727273	0.2173913	0.1764706	0.1590909	0.1428571	0.2352941	0.0769231	0.0952381	0.1818182	0.0	0.1818182	0.1136364	0.0833333	0.1086957	0.1153846	0.2857143	0.0	0.1538462	0.1578947	0.05	
Grèbe esclavon	0.0015	0.0	0.0	0.0483871	0.0344828	0.0015	0.0015	0.0	0.0	0.0	0.0	0.0	0.0	0.0	0.0	0.0	0.0	0.0	0.0	0.0	0.0	0.0	0.0	0.0	0.0	0.0	0.0	0.0	0.0	0.0	0.0	0.0	0.0	0.0	0.0	0.0	0.0	0.0	0.0	0.0	0.0	0.0	0.0	0.0015	0.0	0.0	0.0	0.0	
Grèbe jougris	0.0	0.0	0.0	0.0015	0.0344828	0.03125	0.0015	0.0	0.0	0.0	0.0	0.0	0.0	0.0	0.0	0.0	0.0	0.0	0.0	0.0	0.0	0.0	0.0	0.0	0.0	0.0	0.0	0.0	0.0	0.0	0.0	0.0	0.0	0.0	0.0	0.0	0.0	0.0	0.0	0.0	0.0	0.0217391	0.0384615	0.0	0.0769231	0.0	0.0015	0.0	
Grèbe huppé	0.4642857	0.4736842	0.5	0.5322581	0.3793103	0.34375	0.3636364	0.4324324	0.625	0.5714286	0.25	0.4736842	0.2727273	0.3333333	0.3846154	0.1428571	0.1666667	0.2	0.0	0.1333333	0.1818182	0.3333333	0.2083333	0.2	0.25	0.2	0.125	0.3243243	0.4545455	0.4782609	0.2941176	0.3636364	0.1428571	0.4117647	0.3846154	0.1904762	0.3636364	0.3	0.2727273	0.2727273	0.25	0.5217391	0.5	0.7857143	0.7692308	0.3076923	0.4736842	0.45	
Grèbe à cou noir	0.0714286	0.0	0.0	0.016129	0.0015	0.0	0.0015	0.0540541	0.0	0.0	0.0	0.0	0.0	0.037037	0.0	0.0	0.0	0.0	0.0	0.0	0.0	0.0	0.0	0.0	0.0	0.0	0.0	0.027027	0.0	0.0	0.0	0.0	0.0	0.0015	0.0	0.0	0.0015	0.0	0.0	0.0	0.0	0.0015	0.0	0.0	0.0	0.0769231	0.0	0.025	
Plongeon catmarin	0.0	0.0015	0.0	0.0015	0.0344828	0.0015	0.0015	0.0015	0.0625	0.1428571	0.0	0.0526316	0.0015	0.0	0.0	0.0	0.0	0.0	0.0	0.0	0.0	0.0	0.0	0.0	0.0	0.0	0.0	0.0	0.0	0.0	0.0	0.0	0.0	0.0	0.0	0.0	0.0	0.0	0.0	0.0	0.0	0.0	0.0	0.0	0.0	0.0	0.0	0.0	
Plongeon arctique	0.0	0.0	0.0	0.0	0.0015	0.0	0.0015	0.0	0.0625	0.1428571	0.0	0.0	0.0	0.0	0.0	0.0	0.0	0.0	0.0	0.0	0.0	0.0	0.0	0.0	0.0	0.0	0.0	0.0	0.0	0.0	0.0	0.0	0.0	0.0	0.0	0.0	0.0	0.0	0.0	0.0	0.0015	0.0	0.0	0.0	0.0	0.0	0.1052632	0.0015	
Plongeon imbrin	0.0015	0.0015	0.03125	0.016129	0.0344828	0.03125	0.030303	0.0015	0.3125	0.2857143	0.0	0.1052632	0.0	0.0	0.0	0.0	0.0	0.0	0.0	0.0	0.0	0.0	0.0	0.0	0.0	0.0	0.0	0.0	0.0	0.0	0.0	0.0	0.0	0.0	0.0	0.0	0.0	0.0	0.0	0.0	0.0	0.0434783	0.0	0.0	0.0769231	0.0769231	0.0526316	0.0015	
Océanite culblanc	0.0	0.0	0.0	0.0	0.0	0.0	0.0	0.0	0.0	0.0	0.0	0.0	0.0	0.0	0.0	0.0	0.0	0.0	0.0	0.0	0.0	0.0	0.0	0.0	0.0	0.0	0.0	0.0	0.0	0.0	0.0	0.0	0.0	0.0	0.0	0.0	0.0	0.0	0.0	0.0	0.0416667	0.0	0.0	0.0	0.0	0.0	0.0	0.0	
Cigogne noire	0.0	0.0	0.0	0.0	0.0	0.0	0.0	0.0540541	0.0	0.0	0.0	0.0015	0.0909091	0.0	0.0015	0.0015	0.0	0.0285714	0.0	0.0	0.0	0.0	0.0	0.0	0.0	0.08	0.0625	0.027027	0.0909091	0.0015	0.0	0.0909091	0.0015	0.2352941	0.0769231	0.047619	0.0015	0.1	0.0909091	0.0	0.0	0.0	0.0	0.0	0.0	0.0	0.0	0.0	
Cigogne blanche	0.0357143	0.0	0.03125	0.016129	0.0	0.0	0.0	0.0015	0.0015	0.0	0.0	0.0	0.0	0.0740741	0.0	0.1428571	0.0015	0.0	0.0	0.0	0.0	0.0	0.0	0.0	0.0	0.0015	0.0625	0.0	0.0909091	0.0	0.0	0.0227273	0.0015	0.0015	0.0015	0.0	0.0909091	0.1	0.1818182	0.0681818	0.0	0.0217391	0.0	0.0714286	0.0	0.0	0.0015	0.0015	
ciconiidé sp.	0.0	0.0	0.0	0.0	0.0	0.0	0.0	0.0	0.0	0.0	0.0	0.0	0.0	0.0	0.0	0.0	0.0	0.0	0.0	0.0	0.0	0.0	0.0	0.0	0.0	0.0	0.0	0.0015	0.0	0.0	0.0	0.0	0.0	0.0	0.0	0.0	0.0	0.0	0.0	0.0	0.0	0.0	0.0	0.0	0.0	0.0	0.0	0.0	
Grand Cormoran	0.5714286	0.3157895	0.46875	0.483871	0.4827586	0.4375	0.3333333	0.5135135	0.4375	0.4285714	0.5	0.1052632	0.1818182	0.1851852	0.1538462	0.3571429	0.0	0.1714286	0.1428571	0.2333333	0.2727273	0.2222222	0.1666667	0.2	0.25	0.2	0.375	0.4324324	0.4545455	0.3043478	0.1764706	0.3863636	0.2857143	0.4705882	0.3076923	0.3809524	0.6363636	0.5	0.7272727	0.4318182	0.4166667	0.5869565	0.6538462	0.8571429	0.9230769	0.5384615	0.5789474	0.475	
cormoran sp.	0.0	0.0	0.0	0.0	0.0	0.0	0.0	0.0	0.0	0.0	0.0	0.0	0.0	0.0	0.0	0.0	0.0	0.0	0.0	0.0	0.0	0.0	0.0	0.0	0.0	0.0	0.0	0.0	0.0	0.0	0.0	0.0	0.0	0.0	0.0769231	0.0	0.0	0.0	0.0	0.0	0.0	0.0	0.0	0.0	0.0	0.0	0.0	0.0	
Ibis falcinelle	0.0	0.0	0.0	0.0	0.0	0.0	0.0	0.0	0.0	0.0	0.0	0.0	0.0	0.0	0.0	0.0	0.0	0.0	0.0	0.0	0.0	0.0	0.0	0.0	0.0	0.0	0.0	0.0	0.0	0.0	0.0	0.0	0.0	0.0015	0.0015	0.0	0.0015	0.0	0.0	0.0	0.0	0.0	0.0	0.0	0.0	0.0	0.0	0.0	
Spatule blanche	0.0714286	0.0015	0.0625	0.016129	0.0	0.0	0.0	0.0	0.0625	0.0	0.0	0.0	0.0	0.0	0.0	0.0	0.0	0.0	0.0	0.0333333	0.0909091	0.0	0.0	0.0	0.0	0.0	0.0	0.0	0.0	0.0	0.0	0.0	0.0	0.0	0.0	0.0	0.0	0.0	0.0	0.0	0.0015	0.0652174	0.0384615	0.0	0.0	0.0769231	0.0526316	0.0015	
Butor étoilé	0.0	0.0	0.0	0.0	0.0	0.0	0.0	0.0	0.0	0.0	0.0	0.0	0.0	0.0	0.0	0.0	0.0	0.0	0.0	0.0	0.0	0.0	0.0	0.0	0.0	0.0	0.0	0.0	0.0	0.0	0.0588235	0.0227273	0.0	0.0	0.0	0.0	0.0	0.0	0.0	0.0015	0.0	0.0	0.0	0.0	0.0	0.0	0.0	0.0	
Blongios nain	0.0	0.0	0.0	0.0	0.0	0.0	0.0	0.0	0.0	0.0	0.0	0.0	0.0	0.0	0.0	0.0	0.0	0.0	0.0	0.0333333	0.0	0.0	0.0	0.0	0.0	0.04	0.0	0.0015	0.0015	0.0	0.0	0.0	0.0	0.0	0.0	0.0	0.0	0.0	0.0	0.0	0.0	0.0	0.0	0.0	0.0	0.0	0.0	0.0	
Bihoreau gris	0.0	0.0	0.0	0.0	0.0	0.0	0.0	0.0	0.0	0.0	0.0	0.0	0.0	0.0	0.0	0.0	0.0	0.0	0.0	0.0	0.0	0.1111111	0.0	0.0015	0.0	0.0	0.125	0.0	0.0	0.0434783	0.0	0.0227273	0.0	0.0	0.0	0.0	0.0	0.0	0.0	0.0	0.0	0.0	0.0	0.0	0.0	0.0	0.0	0.0	
Aigrette garzette	0.0357143	0.0015	0.0	0.0483871	0.137931	0.0	0.030303	0.027027	0.0	0.1428571	0.0	0.0	0.0	0.0740741	0.0	0.0	0.0	0.0	0.0	0.0333333	0.0	0.1111111	0.0	0.2	0.0015	0.08	0.0625	0.1351351	0.1818182	0.2173913	0.1764706	0.3409091	0.0015	0.2941176	0.0769231	0.1904762	0.0015	0.1	0.0909091	0.1363636	0.0015	0.1086957	0.1538462	0.1428571	0.0	0.0	0.1052632	0.05	
Héron garde-boeufs	0.0015	0.0	0.0	0.0	0.0	0.0	0.0	0.0	0.0	0.0	0.0	0.0526316	0.0	0.0740741	0.1538462	0.0	0.0	0.0	0.0	0.0333333	0.0	0.2222222	0.0	0.0	0.0015	0.12	0.0	0.1081081	0.0909091	0.0869565	0.0015	0.0454545	0.0	0.0588235	0.0769231	0.0	0.0	0.0	0.0909091	0.0	0.0416667	0.0	0.0	0.0	0.0	0.0	0.0	0.0	
Grande Aigrette	0.5	0.2631579	0.5625	0.6774194	0.5517241	0.40625	0.3939394	0.4594595	0.5	0.2857143	0.0	0.2105263	0.1818182	0.1481481	0.0769231	0.0714286	0.0	0.0	0.0	0.0333333	0.0909091	0.1111111	0.0833333	0.2	0.25	0.16	0.0625	0.1891892	0.3636364	0.5217391	0.4705882	0.4545455	0.4285714	0.5294118	0.3846154	0.4285714	0.6363636	0.4	0.4545455	0.5227273	0.4166667	0.5869565	0.5769231	0.8571429	0.8461538	0.3846154	0.5789474	0.55	
Héron cendré	0.5	0.3157895	0.53125	0.516129	0.4482759	0.375	0.3333333	0.2702703	0.4375	0.2857143	0.25	0.3157895	0.1818182	0.2592593	0.3076923	0.2142857	0.0	0.2	0.1428571	0.2	0.2727273	0.2222222	0.1666667	0.2	0.25	0.08	0.25	0.1621622	0.3636364	0.5652174	0.3529412	0.5227273	0.4285714	0.4705882	0.4615385	0.4285714	0.4545455	0.5	0.8181818	0.6363636	0.4583333	0.5434783	0.5769231	0.7857143	0.7692308	0.5384615	0.5789474	0.625	
Héron pourpré	0.0	0.0	0.0	0.0	0.0	0.0	0.0	0.0	0.0	0.0	0.0	0.0	0.0	0.037037	0.0	0.0	0.0	0.0857143	0.1428571	0.0333333	0.0	0.2222222	0.0416667	0.0	0.0015	0.16	0.0625	0.1621622	0.2727273	0.3043478	0.1176471	0.1363636	0.1428571	0.0588235	0.0	0.0015	0.0	0.0	0.0	0.0	0.0	0.0	0.0	0.0	0.0	0.0	0.0	0.0	
ardeidé sp.	0.0	0.0	0.0	0.0	0.0	0.0	0.0	0.0	0.0	0.0	0.0	0.0	0.0	0.0	0.0	0.0	0.0	0.0	0.0	0.0	0.0	0.0	0.0	0.0	0.0	0.0	0.0	0.0	0.0	0.0	0.0	0.0227273	0.0	0.0	0.0	0.0	0.0	0.0	0.0	0.0	0.0	0.0	0.0	0.0	0.0	0.0	0.0	0.0	
Balbuzard pêcheur	0.0	0.0	0.0	0.0	0.0	0.0	0.0	0.0	0.0	0.0	0.0	0.0526316	0.0	0.0740741	0.0	0.0	0.0	0.0	0.0	0.0	0.0	0.0	0.0	0.0	0.0	0.0	0.0	0.0015	0.0	0.0	0.0	0.0454545	0.1428571	0.0588235	0.0015	0.047619	0.0909091	0.1	0.0909091	0.0	0.0	0.0217391	0.0	0.0	0.0	0.0	0.0	0.0	
Élanion blanc	0.0	0.0	0.0	0.016129	0.0	0.03125	0.0	0.0	0.0	0.0	0.0	0.0	0.0015	0.0	0.0	0.0	0.0	0.0	0.0	0.0	0.0	0.1111111	0.0	0.0	0.0	0.0	0.0	0.0	0.0	0.0	0.0	0.0	0.0	0.0	0.0	0.0	0.0	0.0	0.0909091	0.0227273	0.0015	0.0217391	0.0384615	0.0	0.0	0.0	0.1052632	0.0	
Bondrée apivore	0.0	0.0	0.0	0.0	0.0	0.0	0.0	0.0	0.0	0.0	0.0	0.0	0.0	0.0	0.0	0.0	0.0015	0.0	0.0	0.0333333	0.0	0.0	0.0	0.0	0.25	0.04	0.0	0.0540541	0.0	0.0	0.0588235	0.0454545	0.1428571	0.0	0.0769231	0.0	0.0	0.0	0.0	0.0	0.0	0.0	0.0	0.0	0.0	0.0	0.0	0.0	
Circaète Jean-le-Blanc	0.0	0.0	0.0	0.0	0.0	0.0	0.0	0.0	0.0	0.0	0.0	0.0	0.0	0.0	0.0	0.0	0.0	0.0	0.0	0.0	0.0	0.0	0.0	0.0	0.0	0.0	0.0	0.0	0.0	0.0015	0.0	0.0	0.0015	0.0	0.0	0.0	0.0	0.0	0.0	0.0	0.0	0.0	0.0	0.0	0.0	0.0	0.0	0.0	
Aigle botté	0.0	0.0	0.0	0.0	0.0	0.0	0.0	0.0	0.0	0.0	0.0	0.0	0.0	0.0	0.0	0.0	0.0	0.0	0.0	0.0	0.0	0.0	0.0	0.0015	0.0	0.0	0.0	0.0	0.0	0.0	0.0	0.0	0.0	0.0	0.0	0.0	0.0	0.0	0.0	0.0	0.0	0.0	0.0	0.0	0.0	0.0	0.0	0.0	
Aigle impérial	0.0	0.0	0.0	0.016129	0.0	0.0	0.0	0.0	0.0	0.0	0.0	0.0015	0.0	0.0	0.0	0.0	0.0	0.0	0.0	0.0	0.0	0.0	0.0	0.0	0.0	0.0	0.0	0.0	0.0	0.0	0.0	0.0	0.0	0.0	0.0	0.0	0.0	0.0	0.0	0.0	0.0	0.0	0.0	0.0	0.0769231	0.0	0.0526316	0.0	
Épervier d'Europe	0.0015	0.0015	0.03125	0.1129032	0.0015	0.0	0.030303	0.027027	0.0015	0.1428571	0.0	0.2105263	0.0909091	0.0740741	0.0769231	0.0	0.0	0.0	0.0714286	0.0333333	0.0	0.0	0.0	0.0	0.0	0.04	0.0625	0.0015	0.0	0.0	0.0588235	0.1136364	0.2857143	0.0588235	0.0	0.0952381	0.0	0.0	0.0909091	0.1136364	0.125	0.0434783	0.0	0.0714286	0.0015	0.0769231	0.1578947	0.05	
Autour des palombes	0.0015	0.0526316	0.0	0.016129	0.0344828	0.0015	0.030303	0.0	0.0	0.0	0.0	0.0526316	0.0	0.0	0.0	0.0	0.0	0.0	0.0714286	0.0	0.0	0.0	0.0	0.0	0.0015	0.0	0.0	0.0	0.0	0.0	0.0	0.0227273	0.0	0.0	0.0	0.0	0.0	0.0	0.0909091	0.0227273	0.0	0.0	0.0015	0.0	0.0769231	0.0	0.0	0.075	
Busard des roseaux	0.0	0.0	0.0	0.0	0.0	0.0	0.0	0.0	0.0	0.0	0.0	0.1052632	0.0909091	0.2222222	0.0769231	0.0714286	0.3333333	0.0857143	0.0714286	0.0	0.0	0.0015	0.0833333	0.0015	0.0015	0.04	0.0015	0.0	0.0909091	0.1304348	0.0588235	0.1136364	0.2857143	0.0588235	0.1538462	0.0952381	0.0	0.0015	0.0	0.0227273	0.0	0.0015	0.0	0.0	0.0	0.0	0.0	0.0	
Busard Saint-Martin	0.0357143	0.0015	0.0015	0.0806452	0.0344828	0.09375	0.0606061	0.027027	0.0015	0.1428571	0.25	0.1578947	0.0909091	0.1111111	0.1538462	0.0	0.0	0.1428571	0.0	0.0	0.0	0.0	0.0833333	0.0015	0.0015	0.0015	0.0	0.0	0.0	0.0015	0.0588235	0.0909091	0.1428571	0.0588235	0.1538462	0.047619	0.0	0.0015	0.0015	0.0454545	0.125	0.0434783	0.0769231	0.0015	0.0015	0.0	0.2105263	0.025	
Busard pâle	0.0	0.0	0.0	0.0	0.0	0.0	0.0	0.0	0.0	0.0	0.0	0.0015	0.0	0.0	0.0	0.0	0.0	0.0	0.0	0.0	0.0	0.0	0.0	0.0	0.0	0.0	0.0	0.0	0.0	0.0	0.0	0.0	0.0	0.0	0.0015	0.0015	0.0	0.0	0.0	0.0	0.0	0.0	0.0	0.0	0.0	0.0	0.0	0.0	
Busard cendré	0.0	0.0	0.0	0.0	0.0	0.0	0.0	0.0	0.0	0.0	0.0	0.0	0.0	0.037037	0.0769231	0.0	0.1666667	0.0571429	0.1428571	0.0	0.0	0.0015	0.0833333	0.0015	0.0015	0.0015	0.0015	0.0015	0.0909091	0.0869565	0.0588235	0.0681818	0.0	0.0	0.0	0.0	0.0	0.0	0.0	0.0	0.0	0.0	0.0	0.0	0.0	0.0	0.0	0.0	
busard sp.	0.0	0.0	0.0	0.0	0.0	0.0015	0.0	0.0	0.0	0.0	0.0	0.0	0.0	0.0	0.0	0.0	0.0	0.0	0.0	0.0	0.0	0.0	0.0	0.0	0.0	0.0	0.0	0.0	0.0	0.0	0.0	0.0	0.0	0.0	0.0	0.0	0.0	0.0	0.0	0.0	0.0	0.0	0.0	0.0	0.0	0.0	0.0	0.0	
Milan royal	0.0015	0.0	0.0015	0.016129	0.0344828	0.03125	0.0606061	0.1081081	0.0015	0.1428571	0.0	0.1052632	0.0	0.0	0.0	0.0714286	0.0	0.0285714	0.0	0.0	0.0	0.0	0.0	0.0	0.0015	0.0015	0.0	0.0015	0.0	0.0	0.0	0.0	0.0	0.0	0.0	0.0952381	0.0	0.2	0.0909091	0.0681818	0.0015	0.173913	0.1538462	0.0015	0.0769231	0.0	0.0015	0.0015	
Milan noir	0.0	0.0	0.0	0.0	0.0	0.0	0.0	0.0	0.0625	0.0	0.0	0.5263158	0.1818182	0.3703704	0.3076923	0.2857143	0.1666667	0.3428571	0.0714286	0.3	0.1818182	0.2222222	0.25	0.6	0.0015	0.36	0.125	0.1621622	0.0909091	0.1304348	0.0	0.0454545	0.0	0.0	0.0	0.0015	0.0	0.0	0.0015	0.0	0.0	0.0	0.0	0.0	0.0	0.0	0.0	0.0	
Milan royal ou M. noir	0.0	0.0	0.0	0.0	0.0	0.0	0.0	0.0	0.0	0.0	0.0	0.0	0.0	0.0	0.0	0.0	0.0	0.0	0.0	0.0333333	0.0	0.0	0.0	0.0	0.0	0.0	0.0	0.0	0.0	0.0	0.0	0.0	0.0	0.0	0.0	0.0	0.0	0.0	0.0	0.0	0.0	0.0	0.0	0.0	0.0	0.0	0.0	0.0	
Pygargue à queue blanche	0.2142857	0.0526316	0.09375	0.0967742	0.1034483	0.15625	0.1515152	0.0	0.0	0.0015	0.0	0.0	0.0	0.0	0.0	0.0	0.0	0.0	0.0	0.0	0.0	0.0	0.0	0.0	0.0	0.0	0.0	0.0	0.0	0.0434783	0.0	0.0	0.0	0.0	0.0	0.0	0.0	0.0	0.0909091	0.0	0.1666667	0.1086957	0.0769231	0.0015	0.3076923	0.0	0.0015	0.05	
Buse pattue	0.0	0.0	0.0015	0.0	0.0	0.03125	0.0	0.027027	0.0	0.0	0.0	0.0	0.0	0.0	0.0	0.0	0.0	0.0	0.0	0.0	0.0	0.0	0.0	0.0	0.0	0.0	0.0	0.0	0.0	0.0	0.0	0.0	0.0	0.0	0.0	0.0	0.0	0.0	0.0	0.0	0.0	0.0	0.0	0.0	0.0	0.0	0.0	0.0	
Buse variable	0.1071429	0.2105263	0.1875	0.3387097	0.3448276	0.28125	0.3030303	0.4594595	0.3125	0.1428571	0.0015	0.4210526	0.0909091	0.3703704	0.2307692	0.2142857	0.1666667	0.3428571	0.3571429	0.2333333	0.0	0.1111111	0.25	0.4	0.0015	0.2	0.1875	0.2432432	0.3636364	0.2173913	0.2941176	0.5	0.4285714	0.1764706	0.3846154	0.4285714	0.3636364	0.1	0.3636364	0.3409091	0.2083333	0.2608696	0.5	0.2857143	0.3076923	0.2307692	0.6315789	0.275	
Effraie des clochers	0.0	0.0	0.0	0.0483871	0.0015	0.0015	0.0	0.0	0.0	0.0	0.0	0.0	0.0	0.0	0.0	0.0	0.0015	0.0	0.0	0.0	0.0	0.0	0.0	0.0	0.0	0.04	0.0	0.0	0.0015	0.0	0.0	0.0	0.0	0.0588235	0.0769231	0.047619	0.0	0.0	0.0015	0.0015	0.0	0.0217391	0.0015	0.0015	0.0769231	0.0	0.0	0.0	
Petit-duc scops	0.0	0.0	0.0	0.0	0.0	0.0	0.0	0.0	0.0	0.0	0.0	0.0	0.0	0.0	0.0	0.0015	0.0	0.0	0.0	0.0	0.0909091	0.0	0.0	0.0	0.0	0.0	0.0	0.0	0.0	0.0	0.0	0.0	0.0	0.0	0.0	0.0	0.0	0.0	0.0	0.0	0.0	0.0	0.0	0.0	0.0	0.0	0.0	0.0	
Grand-duc d'Europe	0.0	0.0	0.0	0.0015	0.0	0.0015	0.0	0.0	0.0	0.0	0.0	0.0	0.0	0.0	0.0015	0.0	0.0015	0.0	0.0	0.0	0.0	0.0	0.0	0.0	0.0	0.0	0.0	0.0	0.0	0.0	0.0	0.0	0.0	0.0	0.0	0.0	0.0	0.0	0.0	0.0	0.0	0.0	0.0	0.0	0.0	0.0015	0.0	0.0	
Chevêche d'Athéna	0.0	0.0	0.0	0.0	0.0344828	0.0	0.0	0.0	0.0	0.0	0.0	0.0	0.0909091	0.0	0.0	0.0	0.0015	0.0	0.0	0.0	0.0	0.0015	0.0015	0.0	0.0	0.0	0.0	0.0	0.0	0.0	0.0	0.0	0.0	0.0	0.0	0.0	0.0	0.0	0.0	0.0	0.0015	0.0	0.0384615	0.0	0.0	0.0	0.0	0.0015	
Chouette hulotte	0.0	0.0526316	0.0	0.0	0.0689655	0.0015	0.0	0.0	0.0	0.0	0.0	0.0	0.0	0.0	0.0	0.0	0.0015	0.0	0.0	0.0	0.0909091	0.0	0.0	0.0	0.0	0.0	0.0	0.027027	0.0	0.0	0.0	0.0	0.0015	0.0588235	0.0769231	0.0952381	0.0909091	0.0	0.0	0.0	0.0	0.0217391	0.0	0.0	0.0	0.0015	0.0	0.0	
Hibou moyen-duc	0.0	0.0	0.0015	0.0	0.0	0.03125	0.0	0.0	0.0	0.1428571	0.25	0.0526316	0.0909091	0.037037	0.0	0.0	0.0015	0.0	0.0	0.0333333	0.0	0.1111111	0.0015	0.0015	0.0	0.0	0.0	0.0	0.0	0.0	0.0	0.0227273	0.0	0.0015	0.0	0.0	0.0	0.0	0.0	0.0	0.0	0.0015	0.0	0.0	0.0	0.0	0.0526316	0.0	
Hibou des marais	0.0	0.0	0.0	0.0	0.0	0.0	0.030303	0.0	0.0	0.0	0.0	0.0	0.0	0.0	0.0	0.0	0.0	0.0	0.0	0.0	0.0	0.0	0.0	0.0	0.0	0.0	0.0	0.0	0.0	0.0	0.0	0.0	0.0	0.0	0.0	0.0	0.0	0.0	0.0	0.0	0.0	0.0	0.0	0.0015	0.0	0.0	0.0	0.0	
Huppe fasciée	0.0	0.0	0.0	0.0	0.0	0.0	0.0	0.0	0.0	0.0	0.0	0.0	0.0	0.0	0.0	0.0	0.0	0.0285714	0.0714286	0.0333333	0.0015	0.0	0.0015	0.0	0.0	0.0	0.0	0.0	0.0	0.0	0.0	0.0	0.0	0.0	0.0	0.0	0.0	0.0	0.0	0.0	0.0	0.0	0.0	0.0	0.0	0.0	0.0	0.0	
Guêpier d'Europe	0.0	0.0	0.0	0.0	0.0	0.0	0.0	0.0	0.0	0.0	0.0	0.0	0.0	0.0	0.0	0.0	0.0015	0.0285714	0.0	0.0333333	0.0	0.0	0.0	0.2	0.0	0.0	0.0	0.0	0.0	0.0	0.0	0.0	0.0	0.0	0.0	0.0	0.0	0.0	0.0	0.0	0.0	0.0	0.0	0.0	0.0	0.0	0.0	0.0	
Martin-pêcheur d'Europe	0.2857143	0.0526316	0.09375	0.0483871	0.0015	0.03125	0.030303	0.027027	0.0	0.0	0.0	0.1578947	0.0	0.037037	0.0	0.0	0.0	0.0571429	0.0015	0.1	0.0909091	0.1111111	0.0	0.0	0.0	0.0	0.25	0.1351351	0.0909091	0.2173913	0.1764706	0.1136364	0.2857143	0.2352941	0.0015	0.2380952	0.0909091	0.0	0.4545455	0.25	0.0416667	0.326087	0.2692308	0.2857143	0.1538462	0.4615385	0.2105263	0.0015	
Rollier d'Europe	0.0	0.0	0.0	0.0	0.0	0.0	0.0	0.0	0.0	0.0	0.0	0.0	0.0	0.0	0.0	0.0	0.0	0.0	0.0	0.0	0.0	0.0	0.0	0.0	0.0	0.0	0.0	0.0	0.0	0.0	0.0588235	0.0	0.0	0.0	0.0	0.0	0.0	0.0	0.0	0.0	0.0	0.0	0.0	0.0	0.0	0.0	0.0	0.0	
Torcol fourmilier	0.0	0.0	0.0	0.0	0.0	0.0	0.0	0.0	0.0	0.0	0.0	0.0	0.0909091	0.0	0.0	0.0	0.0	0.0	0.0	0.0	0.0	0.0	0.0	0.0	0.0	0.0	0.0	0.0	0.0	0.0	0.0	0.0	0.0	0.0	0.0	0.0	0.0	0.0	0.0	0.0	0.0	0.0	0.0	0.0	0.0	0.0	0.0	0.0	
Pic mar	0.0357143	0.0	0.09375	0.0806452	0.137931	0.0625	0.0606061	0.1621622	0.125	0.1428571	0.0015	0.2631579	0.0909091	0.0740741	0.0015	0.0714286	0.0	0.0015	0.1428571	0.0	0.0	0.1111111	0.0	0.0	0.0	0.12	0.0015	0.0810811	0.1818182	0.1304348	0.0588235	0.0909091	0.0	0.0	0.1538462	0.0	0.0	0.0	0.1818182	0.0909091	0.0833333	0.1304348	0.0	0.0	0.0769231	0.0769231	0.0015	0.05	
Pic épeiche	0.25	0.2631579	0.25	0.2580645	0.2758621	0.15625	0.2121212	0.2702703	0.3125	0.1428571	0.25	0.2631579	0.0909091	0.2962963	0.1538462	0.0015	0.3333333	0.1142857	0.1428571	0.3333333	0.1818182	0.0	0.25	0.0	0.0	0.2	0.25	0.1891892	0.6363636	0.2173913	0.4117647	0.4090909	0.4285714	0.4117647	0.0769231	0.2380952	0.1818182	0.2	0.1818182	0.3409091	0.1666667	0.173913	0.1538462	0.2142857	0.1538462	0.3076923	0.3684211	0.1	
Pic épeichette	0.0357143	0.0015	0.0	0.016129	0.0344828	0.03125	0.030303	0.0540541	0.0	0.0	0.0	0.1578947	0.0	0.0	0.0	0.0714286	0.0	0.0	0.0	0.0	0.0	0.0	0.0416667	0.0015	0.0	0.08	0.0	0.027027	0.0	0.0434783	0.0588235	0.0227273	0.1428571	0.0	0.0	0.047619	0.0	0.0	0.0	0.0454545	0.0416667	0.0434783	0.0	0.0	0.0	0.0	0.0	0.0	
Pic cendré	0.0	0.0	0.0	0.0015	0.0	0.0	0.0	0.0	0.0015	0.0	0.0	0.0	0.0	0.0	0.0	0.0	0.1666667	0.0	0.0714286	0.0	0.0	0.0	0.0	0.0	0.0	0.0	0.0	0.027027	0.0	0.0	0.0	0.0	0.0	0.0	0.0	0.0	0.0	0.0	0.0	0.0	0.0	0.0	0.0	0.0	0.0	0.0	0.0	0.0	
Pic vert	0.1071429	0.0526316	0.15625	0.1935484	0.137931	0.125	0.0606061	0.2972973	0.125	0.0	0.0	0.1052632	0.0909091	0.2222222	0.1538462	0.1428571	0.0	0.2285714	0.0	0.1333333	0.0	0.0	0.0	0.0	0.0015	0.24	0.0625	0.2162162	0.3636364	0.173913	0.1764706	0.2272727	0.2857143	0.0588235	0.0769231	0.2380952	0.1818182	0.1	0.2727273	0.1818182	0.0416667	0.1304348	0.0769231	0.1428571	0.1538462	0.2307692	0.2105263	0.025	
Pic noir	0.0714286	0.0526316	0.0625	0.0967742	0.1034483	0.03125	0.0606061	0.1351351	0.125	0.1428571	0.0015	0.1578947	0.0	0.0	0.0	0.0	0.0	0.0857143	0.0	0.0	0.0	0.1111111	0.0	0.0	0.0	0.08	0.0625	0.0540541	0.0	0.0	0.0	0.0227273	0.1428571	0.0588235	0.0	0.1904762	0.0	0.1	0.0909091	0.0681818	0.0416667	0.1521739	0.0384615	0.0714286	0.1538462	0.0	0.1052632	0.025	
Faucon crécerelle	0.25	0.0015	0.125	0.2419355	0.137931	0.1875	0.0909091	0.1891892	0.0625	0.4285714	0.25	0.2631579	0.2727273	0.2962963	0.3846154	0.2857143	0.3333333	0.2571429	0.2857143	0.1666667	0.0909091	0.1111111	0.1666667	0.2	0.25	0.08	0.1875	0.027027	0.1818182	0.0434783	0.3529412	0.3409091	0.5714286	0.2941176	0.4615385	0.2380952	0.2727273	0.1	0.2727273	0.2727273	0.2083333	0.1956522	0.1923077	0.3571429	0.2307692	0.2307692	0.3684211	0.325	
Faucon émerillon	0.0	0.0526316	0.0	0.0	0.0	0.0	0.0015	0.0	0.0	0.0015	0.0	0.0	0.0	0.037037	0.0	0.0	0.0	0.0	0.0	0.0	0.0	0.0	0.0	0.0	0.0	0.0	0.0	0.0	0.0	0.0	0.0	0.0	0.0	0.0	0.0	0.0	0.0	0.0	0.0	0.0015	0.0833333	0.0	0.0	0.0	0.0015	0.0	0.0	0.0	
Faucon hobereau	0.0	0.0	0.0	0.0	0.0	0.0	0.0	0.0	0.0	0.0	0.0	0.0	0.0	0.0	0.0769231	0.0	0.0015	0.0285714	0.0714286	0.0666667	0.0	0.0015	0.0	0.0	0.0	0.0	0.0	0.0540541	0.0	0.0	0.1176471	0.0681818	0.0	0.0588235	0.0769231	0.0015	0.0015	0.0	0.0	0.0	0.0	0.0	0.0	0.0	0.0	0.0	0.0	0.0	
Faucon pèlerin	0.0714286	0.0015	0.0015	0.0806452	0.0344828	0.0625	0.0606061	0.0	0.0	0.0	0.0	0.0526316	0.0	0.0	0.0	0.0	0.0	0.0	0.0	0.0	0.0	0.0	0.0	0.0	0.0	0.0015	0.0	0.0	0.0	0.0	0.0588235	0.0227273	0.0	0.0	0.0769231	0.047619	0.0	0.1	0.0909091	0.0454545	0.0416667	0.0434783	0.0384615	0.0015	0.0769231	0.0	0.0526316	0.075	
Perruche à collier	0.0015	0.0	0.0	0.0	0.0	0.0	0.0	0.0	0.0	0.0	0.0	0.0	0.0	0.0	0.0	0.0	0.0	0.0	0.0	0.0	0.0015	0.0	0.0416667	0.0	0.0	0.0	0.0	0.0	0.0	0.0	0.0588235	0.0	0.0	0.0	0.0	0.0	0.0	0.0	0.0	0.0	0.0	0.0	0.0	0.0	0.0	0.0	0.0	0.0	
Loriot d'Europe	0.0	0.0	0.0	0.0	0.0	0.0	0.0	0.0	0.0	0.0	0.0	0.0	0.0	0.037037	0.0	0.0015	0.3333333	0.4	0.2857143	0.2	0.0909091	0.3333333	0.25	0.0	0.0015	0.12	0.0015	0.1621622	0.0909091	0.1304348	0.0	0.0	0.0	0.0	0.0	0.0	0.0	0.0	0.0	0.0	0.0	0.0	0.0	0.0	0.0	0.0	0.0	0.0	
Pie-grièche écorcheur	0.0	0.0	0.0	0.0	0.0	0.0	0.0	0.0	0.0	0.0	0.0	0.0	0.0	0.0	0.0	0.0	0.0	0.1428571	0.1428571	0.1333333	0.0015	0.2222222	0.2916667	0.2	0.5	0.0015	0.125	0.0540541	0.0909091	0.0869565	0.0588235	0.0681818	0.0	0.0	0.0	0.0	0.0	0.0	0.0	0.0	0.0	0.0	0.0	0.0	0.0	0.0	0.0	0.0	
Pie-grièche grise	0.0	0.0	0.0	0.0483871	0.0344828	0.0	0.0015	0.0	0.0	0.0	0.0	0.0	0.0	0.0	0.0	0.0	0.0	0.0	0.0714286	0.0	0.0015	0.0	0.0	0.0	0.0	0.0	0.0	0.0	0.0	0.0	0.0	0.0	0.0	0.0	0.0	0.0	0.0	0.0	0.0	0.0	0.0	0.0	0.0	0.0	0.0769231	0.0	0.0	0.0	
Pie-grièche à tête rousse	0.0	0.0	0.0	0.0	0.0	0.0	0.0	0.0	0.0	0.0	0.0	0.0	0.0	0.0	0.0	0.0	0.0	0.0	0.0	0.0	0.0	0.1111111	0.0	0.0	0.0	0.0	0.0	0.0	0.0015	0.0	0.0	0.0	0.0	0.0	0.0	0.0	0.0	0.0	0.0	0.0	0.0	0.0	0.0	0.0	0.0	0.0	0.0	0.0	
Geai des chênes	0.1428571	0.2105263	0.15625	0.2903226	0.137931	0.1875	0.1212121	0.1621622	0.1875	0.1428571	0.0	0.3157895	0.0909091	0.1851852	0.1538462	0.2857143	0.0	0.0857143	0.0714286	0.2	0.0909091	0.2222222	0.0833333	0.0	0.0015	0.04	0.0625	0.0810811	0.1818182	0.173913	0.3529412	0.1818182	0.1428571	0.1764706	0.1538462	0.2380952	0.2727273	0.4	0.1818182	0.3181818	0.3333333	0.1956522	0.2307692	0.1428571	0.2307692	0.0769231	0.3157895	0.2	
Pie bavarde	0.2857143	0.2105263	0.25	0.2096774	0.2068966	0.15625	0.3030303	0.2972973	0.125	0.0	0.25	0.2631579	0.2727273	0.1481481	0.3076923	0.2857143	0.0015	0.2571429	0.0	0.5	0.0909091	0.2222222	0.4166667	0.4	0.25	0.2	0.125	0.1621622	0.0909091	0.0	0.2352941	0.2272727	0.2857143	0.1764706	0.3846154	0.2380952	0.1818182	0.2	0.4545455	0.25	0.25	0.2391304	0.3461538	0.4285714	0.2307692	0.0769231	0.3157895	0.35	
Choucas des tours	0.0714286	0.0015	0.03125	0.0645161	0.0344828	0.0625	0.0606061	0.1081081	0.0015	0.0	0.25	0.0	0.0	0.0015	0.0	0.0714286	0.0	0.0571429	0.0	0.0333333	0.0	0.0	0.0	0.2	0.0	0.0	0.0	0.0	0.0	0.0	0.0588235	0.1590909	0.0	0.1176471	0.0769231	0.0952381	0.0909091	0.1	0.1818182	0.0454545	0.0833333	0.0869565	0.0769231	0.1428571	0.0	0.0	0.0526316	0.075	
Corbeau freux	0.1071429	0.0526316	0.03125	0.0483871	0.0689655	0.125	0.0015	0.1081081	0.0015	0.1428571	0.25	0.0015	0.0	0.1851852	0.1538462	0.0714286	0.0	0.0285714	0.0714286	0.0666667	0.0015	0.1111111	0.0833333	0.0	0.0015	0.04	0.0	0.0	0.0909091	0.0	0.0	0.1136364	0.1428571	0.0588235	0.0769231	0.1428571	0.0909091	0.1	0.0909091	0.0909091	0.1666667	0.1086957	0.1538462	0.1428571	0.1538462	0.1538462	0.0015	0.2	
Corneille noire	0.7142857	0.5263158	0.4375	0.516129	0.3793103	0.4375	0.7272727	0.5945946	0.5625	0.2857143	0.5	0.7894737	0.4545455	0.7777778	0.3846154	0.4285714	0.6666667	0.4	0.2142857	0.6	0.1818182	0.4444444	0.5416667	0.4	0.5	0.28	0.625	0.2702703	0.3636364	0.173913	0.6470588	0.5681818	0.7142857	0.4705882	0.6923077	0.6190476	0.6363636	0.2	0.8181818	0.5681818	0.4583333	0.6086957	0.6538462	0.5714286	0.6153846	0.3846154	0.7368421	0.675	
Grand Corbeau	0.0	0.0	0.0015	0.0015	0.0	0.0015	0.0	0.027027	0.0	0.0	0.0015	0.0526316	0.0	0.037037	0.0	0.0714286	0.0	0.0	0.0	0.0333333	0.0	0.0	0.0	0.0	0.0	0.0	0.0	0.0	0.0	0.0	0.0	0.0	0.0	0.0	0.0	0.047619	0.0	0.0	0.0	0.0	0.0416667	0.0	0.0	0.0	0.0	0.0	0.0	0.0	
corneille ou corbeau sp.	0.0	0.0	0.0	0.0	0.0	0.0	0.0	0.0	0.0	0.0	0.0	0.0	0.0	0.0	0.0	0.0	0.0	0.0	0.0	0.0	0.0	0.0	0.0	0.0	0.0	0.0	0.0	0.0	0.0	0.0	0.0	0.0	0.0	0.0	0.0	0.0	0.0	0.0	0.0	0.0	0.0416667	0.0	0.0	0.0	0.0	0.0	0.0	0.0	
Mésange noire	0.0	0.0	0.0	0.016129	0.0	0.03125	0.0	0.0	0.0	0.0	0.0015	0.1052632	0.0	0.0	0.0	0.0	0.0	0.0	0.0	0.0	0.0	0.0	0.0	0.0	0.0	0.0	0.0	0.0	0.0	0.0	0.0015	0.0	0.0	0.0588235	0.0769231	0.0	0.0	0.0	0.0	0.0227273	0.0	0.0434783	0.0	0.0	0.0	0.0	0.0526316	0.0	
Mésange huppée	0.0	0.0526316	0.03125	0.0483871	0.0344828	0.0625	0.0606061	0.0	0.0015	0.1428571	0.0015	0.0	0.0	0.0	0.0	0.0	0.0	0.0	0.0	0.0	0.0	0.0	0.0	0.0	0.0	0.0015	0.0	0.027027	0.0	0.0	0.0588235	0.0227273	0.0	0.0	0.0	0.2380952	0.0	0.0	0.0	0.0454545	0.0	0.0217391	0.0384615	0.0	0.0	0.0	0.0	0.0	
Mésange nonnette	0.1071429	0.2105263	0.15625	0.0806452	0.137931	0.09375	0.0606061	0.1891892	0.0625	0.1428571	0.0	0.1052632	0.0909091	0.037037	0.0015	0.0714286	0.0	0.0285714	0.0714286	0.0	0.0909091	0.0	0.0416667	0.0	0.0	0.2	0.0625	0.1351351	0.1818182	0.173913	0.0588235	0.1136364	0.1428571	0.0588235	0.0	0.1428571	0.0909091	0.0015	0.0909091	0.1590909	0.125	0.1304348	0.1153846	0.0714286	0.0769231	0.0	0.3157895	0.05	
Mésange boréale	0.0	0.0015	0.03125	0.0322581	0.0689655	0.0015	0.030303	0.0	0.0	0.0	0.0	0.0526316	0.0	0.0	0.0	0.0	0.0	0.0	0.0	0.0	0.0	0.0	0.0	0.0	0.0	0.0	0.0	0.0	0.0	0.0434783	0.0588235	0.0227273	0.0	0.0	0.0015	0.0015	0.0	0.1	0.0909091	0.0681818	0.0	0.0217391	0.0	0.0	0.0769231	0.0769231	0.0015	0.025	
Mésange bleue	0.2142857	0.4736842	0.40625	0.4032258	0.4137931	0.3125	0.5151515	0.5945946	0.375	0.2857143	0.25	0.4736842	0.2727273	0.4074074	0.2307692	0.0015	0.5	0.3428571	0.4285714	0.5333333	0.0909091	0.1111111	0.3333333	0.2	0.0015	0.2	0.3125	0.2702703	0.2727273	0.1304348	0.3529412	0.4318182	0.8571429	0.5294118	0.3076923	0.4285714	0.2727273	0.2	0.4545455	0.4545455	0.375	0.4347826	0.4615385	0.2857143	0.2307692	0.3076923	0.4736842	0.25	
Mésange charbonnière	0.3928571	0.3684211	0.4375	0.4516129	0.2758621	0.21875	0.4242424	0.5675676	0.375	0.2857143	0.5	0.5263158	0.1818182	0.2962963	0.5384615	0.2142857	0.3333333	0.4571429	0.2857143	0.4	0.1818182	0.2222222	0.0416667	0.4	0.5	0.16	0.4375	0.2702703	0.6363636	0.3043478	0.1764706	0.2727273	0.7142857	0.3529412	0.3846154	0.3333333	0.1818182	0.1	0.1818182	0.3863636	0.2916667	0.326087	0.3846154	0.3571429	0.2307692	0.3076923	0.4736842	0.275	
Rémiz penduline	0.0	0.0	0.0	0.0	0.0	0.0	0.0	0.0	0.0	0.0	0.0	0.0526316	0.0	0.0	0.0	0.0	0.0	0.0	0.0	0.0	0.0	0.0	0.0	0.0	0.0	0.0	0.0	0.0	0.0	0.0	0.0	0.0	0.0	0.0	0.0	0.0	0.0	0.0	0.0909091	0.0	0.0	0.0217391	0.0	0.0	0.0	0.0	0.0	0.0	
Alouette lulu	0.0	0.0	0.0	0.0	0.0	0.0	0.0	0.0	0.0	0.0	0.0	0.0526316	0.0	0.0	0.0	0.0015	0.0	0.0	0.0	0.0	0.0909091	0.0	0.0	0.0	0.25	0.0	0.0	0.0	0.0909091	0.0	0.0	0.0	0.0	0.0	0.0	0.0952381	0.0	0.1	0.0015	0.0227273	0.0015	0.0	0.0384615	0.0015	0.0	0.0	0.0526316	0.025	
Alouette des champs	0.0714286	0.2105263	0.0625	0.0806452	0.137931	0.125	0.1818182	0.1621622	0.0015	0.1428571	0.25	0.2631579	0.2727273	0.1851852	0.3846154	0.2857143	0.3333333	0.2857143	0.3571429	0.1666667	0.0909091	0.1111111	0.3333333	0.2	0.25	0.04	0.125	0.0540541	0.1818182	0.0434783	0.0	0.0909091	0.1428571	0.0	0.0769231	0.1428571	0.0909091	0.1	0.1818182	0.2954545	0.375	0.3478261	0.0769231	0.0714286	0.0	0.0	0.1578947	0.075	
Cochevis huppé	0.0	0.0	0.0	0.0	0.0344828	0.0015	0.0	0.027027	0.0625	0.0	0.0	0.0	0.0	0.0	0.0	0.0	0.0	0.0	0.0015	0.0	0.0015	0.0	0.0	0.0	0.0	0.0	0.0625	0.0015	0.0	0.0	0.0	0.0	0.0	0.0	0.0	0.0	0.0	0.0	0.0	0.0	0.0015	0.0	0.0	0.0	0.0	0.0	0.0	0.0	
Cisticole des joncs	0.0	0.0	0.0	0.0	0.0	0.0	0.0	0.0	0.0	0.0	0.0	0.0	0.0	0.0	0.0	0.0	0.0	0.0	0.0	0.0	0.0	0.0	0.0	0.2	0.0015	0.0	0.0	0.0	0.0	0.0	0.0	0.0	0.0	0.0	0.0	0.0	0.0	0.0	0.0	0.0	0.0	0.0	0.0	0.0	0.0	0.0	0.0	0.0	
Hypolaïs polyglotte	0.0	0.0	0.0	0.0	0.0	0.0	0.0	0.0	0.0	0.0	0.0	0.0	0.0	0.0	0.0	0.0714286	0.0015	0.2571429	0.0714286	0.1333333	0.0	0.1111111	0.0015	0.0	0.25	0.0	0.0	0.027027	0.0	0.0	0.0	0.0	0.0	0.0	0.0	0.0	0.0	0.0	0.0	0.0	0.0	0.0	0.0	0.0	0.0	0.0	0.0	0.0	
Hypolaïs ictérine	0.0	0.0	0.0	0.0	0.0	0.0	0.0	0.0	0.0	0.0	0.0	0.0	0.0	0.0	0.0	0.0	0.0	0.0	0.0015	0.0	0.0	0.0	0.0	0.0	0.0	0.0	0.0	0.0	0.0	0.0	0.0	0.0	0.0	0.0	0.0	0.0	0.0	0.0	0.0	0.0	0.0	0.0	0.0	0.0	0.0	0.0	0.0	0.0	
Phragmite des joncs	0.0	0.0	0.0	0.0	0.0	0.0	0.0	0.0	0.0	0.0	0.0	0.0015	0.1818182	0.2222222	0.2307692	0.1428571	0.3333333	0.0857143	0.1428571	0.0333333	0.0909091	0.0	0.125	0.0	0.0015	0.04	0.0625	0.0	0.0	0.0434783	0.0	0.0227273	0.0	0.0	0.0	0.0	0.0	0.0	0.0	0.0	0.0	0.0	0.0	0.0	0.0	0.0	0.0	0.0	
Rousserolle verderolle	0.0	0.0	0.0	0.0	0.0	0.0	0.0	0.0	0.0	0.0	0.0	0.0	0.0	0.0	0.0	0.0	0.0	0.0	0.0	0.0	0.0	0.0	0.0015	0.0015	0.0	0.0	0.0	0.0	0.0	0.0	0.0	0.0	0.0	0.0	0.0	0.0	0.0	0.0	0.0	0.0	0.0	0.0	0.0	0.0	0.0	0.0	0.0	0.0	
Rousserolle effarvatte	0.0	0.0	0.0	0.0	0.0	0.0	0.0	0.0	0.0	0.0	0.0	0.0	0.0	0.0	0.0769231	0.0	0.0	0.0285714	0.1428571	0.1666667	0.1818182	0.0	0.0833333	0.0	0.0015	0.04	0.125	0.0015	0.0909091	0.0869565	0.1176471	0.0227273	0.0	0.0	0.0	0.0	0.0	0.0	0.0	0.0	0.0	0.0217391	0.0	0.0	0.0	0.0	0.0	0.0	
Rousserolle turdoïde	0.0	0.0	0.0	0.0	0.0	0.0	0.0	0.0	0.0	0.0	0.0	0.0	0.0	0.0015	0.1538462	0.1428571	0.3333333	0.1714286	0.3571429	0.1333333	0.5454545	0.1111111	0.1666667	0.2	0.0015	0.16	0.125	0.1081081	0.0	0.0	0.0588235	0.0	0.0	0.0	0.0	0.0	0.0	0.0	0.0	0.0	0.0	0.0	0.0	0.0	0.0	0.0	0.0	0.0	
Acrocephalus sp.	0.0	0.0	0.0	0.0	0.0	0.0	0.0	0.0	0.0	0.0	0.0	0.0	0.0	0.0	0.0	0.0	0.0	0.0	0.0	0.0	0.0	0.0	0.0	0.0	0.0	0.0	0.0	0.027027	0.0	0.0	0.0	0.0	0.0	0.0	0.0	0.0	0.0	0.0	0.0	0.0	0.0	0.0	0.0	0.0	0.0	0.0	0.0	0.0	
Locustelle luscinioïde	0.0	0.0	0.0	0.0	0.0	0.0	0.0	0.0	0.0	0.0	0.0	0.0	0.0	0.0	0.0	0.0	0.1666667	0.0	0.0	0.0	0.0	0.0	0.0	0.0	0.0	0.0	0.0	0.0	0.0	0.0	0.0	0.0	0.0	0.0	0.0	0.0	0.0	0.0	0.0	0.0	0.0	0.0	0.0	0.0	0.0	0.0	0.0	0.0	
Locustelle tachetée	0.0	0.0	0.0	0.0	0.0	0.0	0.0	0.0	0.0	0.0	0.0	0.0	0.0	0.0	0.0	0.0	0.0	0.0	0.0	0.0333333	0.0	0.0	0.0	0.2	0.0	0.0	0.0	0.027027	0.0	0.0	0.0	0.0	0.0	0.0	0.0	0.0	0.0	0.0	0.0	0.0	0.0	0.0	0.0	0.0	0.0	0.0	0.0	0.0	
Hirondelle de rivage	0.0	0.0	0.0	0.0	0.0	0.0	0.0	0.0	0.0	0.0	0.0	0.0526316	0.0	0.0740741	0.0	0.0	0.0015	0.0571429	0.0015	0.0333333	0.0	0.0	0.0	0.0	0.0015	0.04	0.0625	0.0540541	0.0	0.0434783	0.0	0.1363636	0.1428571	0.0588235	0.1538462	0.0	0.0015	0.0	0.0	0.0	0.0	0.0	0.0	0.0	0.0	0.0	0.0	0.0	
Hirondelle rustique	0.0	0.0	0.0	0.0	0.0	0.0	0.0	0.0	0.0	0.0	0.0	0.1578947	0.1818182	0.3703704	0.3076923	0.3571429	0.1666667	0.4857143	0.3571429	0.5	0.0	0.3333333	0.2083333	0.4	0.5	0.28	0.25	0.2972973	0.5454545	0.173913	0.3529412	0.6136364	0.5714286	0.1764706	0.6153846	0.2857143	0.0909091	0.0	0.0	0.0	0.0	0.0	0.0	0.0714286	0.0	0.0	0.0	0.0	
Hirondelle de fenêtre	0.0	0.0	0.0	0.0	0.0	0.0	0.0	0.0	0.0	0.0	0.0	0.0526316	0.1818182	0.1111111	0.0015	0.0	0.1666667	0.2857143	0.0	0.3333333	0.0	0.1111111	0.125	0.0015	0.0015	0.12	0.5	0.0810811	0.0909091	0.1304348	0.0588235	0.2272727	0.1428571	0.2941176	0.1538462	0.047619	0.0015	0.0	0.0	0.0	0.0	0.0	0.0	0.0	0.0	0.0	0.0	0.0	
Pouillot siffleur	0.0	0.0	0.0	0.0	0.0	0.0	0.0	0.0	0.0	0.0	0.0	0.0	0.0	0.0	0.0	0.0714286	0.0	0.0	0.0	0.0	0.0	0.0	0.0	0.0	0.0	0.0	0.0	0.0	0.0	0.0	0.0	0.0	0.0	0.0	0.0	0.0	0.0	0.0	0.0	0.0	0.0	0.0	0.0	0.0	0.0	0.0	0.0	0.0	
Pouillot de Bonelli	0.0	0.0	0.0	0.0	0.0	0.0	0.0	0.0	0.0	0.0	0.0	0.0	0.0	0.0	0.0	0.0	0.0	0.0	0.0714286	0.0015	0.0	0.0	0.0	0.0	0.0	0.0	0.0	0.0	0.0	0.0	0.0	0.0	0.0	0.0	0.0	0.0	0.0	0.0	0.0	0.0	0.0	0.0	0.0	0.0	0.0	0.0	0.0	0.0	
Pouillot fitis	0.0	0.0	0.0	0.0	0.0	0.0	0.0	0.0	0.0	0.0	0.0	0.0	0.1818182	0.1111111	0.2307692	0.1428571	0.1666667	0.0571429	0.0714286	0.0	0.0	0.0	0.0	0.0	0.0	0.0	0.0	0.0015	0.0	0.0015	0.0	0.0909091	0.0	0.0588235	0.0769231	0.1428571	0.0	0.0	0.0	0.0	0.0	0.0	0.0	0.0	0.0	0.0	0.0	0.0	
Pouillot véloce	0.0357143	0.1578947	0.0625	0.016129	0.0689655	0.0	0.0	0.1081081	0.375	0.1428571	0.25	0.7894737	0.3636364	0.6296296	0.6923077	0.3571429	0.3333333	0.5428571	0.3571429	0.4333333	0.1818182	0.3333333	0.3333333	0.2	0.5	0.2	0.25	0.2432432	0.2727273	0.3478261	0.2352941	0.5227273	0.8571429	0.5294118	0.3076923	0.5714286	0.2727273	0.0	0.5454545	0.1818182	0.125	0.1521739	0.0	0.0714286	0.0769231	0.0	0.0	0.0015	
Bouscarle de Cetti	0.0	0.0	0.0	0.0	0.0	0.0	0.0	0.0	0.0	0.0	0.0	0.0	0.0	0.0	0.0	0.0015	0.0	0.0	0.0	0.0333333	0.0	0.1111111	0.0	0.0	0.0	0.0	0.0	0.0	0.0	0.0434783	0.0	0.0227273	0.0	0.0	0.0	0.0	0.0	0.0	0.0909091	0.0	0.0	0.0434783	0.0	0.0	0.0	0.0	0.0	0.0	
Orite à longue queue	0.0714286	0.0526316	0.15625	0.1290323	0.0689655	0.09375	0.0909091	0.2162162	0.125	0.1428571	0.0	0.3684211	0.0	0.1851852	0.3076923	0.2857143	0.0015	0.1142857	0.0714286	0.0333333	0.0909091	0.0	0.0833333	0.0	0.25	0.0015	0.1875	0.0540541	0.0909091	0.0	0.2352941	0.0681818	0.1428571	0.1176471	0.0769231	0.2380952	0.1818182	0.0015	0.2727273	0.25	0.1666667	0.1956522	0.0769231	0.0714286	0.1538462	0.0769231	0.1052632	0.1	
Fauvette à tête noire	0.0	0.0	0.0	0.0	0.0	0.0	0.0	0.0	0.0	0.0	0.25	0.2631579	0.3636364	0.7037037	0.7692308	0.5714286	0.5	0.6857143	0.5	0.5333333	0.3636364	0.4444444	0.5	0.4	0.25	0.32	0.4375	0.1621622	0.0	0.1304348	0.2941176	0.2727273	0.7142857	0.1176471	0.3076923	0.2857143	0.0	0.1	0.0	0.0681818	0.0	0.0015	0.0	0.0	0.0	0.0	0.0	0.0	
Fauvette des jardins	0.0	0.0	0.0	0.0	0.0	0.0	0.0	0.0	0.0	0.0	0.0	0.0	0.0	0.037037	0.0769231	0.1428571	0.1666667	0.2	0.2142857	0.1666667	0.0909091	0.2222222	0.0833333	0.2	0.0015	0.04	0.0	0.0	0.0	0.0434783	0.0	0.0227273	0.0	0.0	0.0	0.0	0.0	0.0	0.0	0.0	0.0	0.0	0.0	0.0	0.0	0.0	0.0	0.0	
Fauvette babillarde	0.0	0.0	0.0	0.0	0.0	0.0	0.0	0.0	0.0	0.0	0.0	0.0	0.0	0.0	0.0769231	0.0714286	0.0	0.0015	0.0	0.0	0.0	0.0	0.0	0.2	0.0	0.0	0.0	0.0	0.0	0.0	0.0	0.0	0.0	0.0	0.0	0.0	0.0	0.0	0.0	0.0	0.0	0.0	0.0	0.0	0.0	0.0	0.0	0.0	
Fauvette grisette	0.0	0.0	0.0	0.0	0.0	0.0	0.0	0.0	0.0	0.0	0.0	0.0	0.0	0.1111111	0.1538462	0.2142857	0.0	0.2285714	0.2857143	0.0666667	0.0	0.2222222	0.3333333	0.4	0.25	0.0	0.0	0.027027	0.0	0.0434783	0.0	0.0227273	0.1428571	0.0	0.0	0.047619	0.0	0.0	0.0	0.0	0.0	0.0	0.0	0.0	0.0	0.0	0.0	0.0	
Roitelet huppé	0.1428571	0.0526316	0.0625	0.0645161	0.0344828	0.125	0.030303	0.1081081	0.0015	0.1428571	0.0	0.0526316	0.0	0.0740741	0.0	0.0	0.0	0.0	0.0	0.0	0.0	0.0	0.0	0.0	0.0	0.04	0.0	0.0	0.1818182	0.0	0.0	0.0	0.0	0.0	0.0	0.047619	0.0	0.0	0.0	0.0454545	0.0416667	0.1086957	0.0	0.0714286	0.0	0.0	0.1578947	0.05	
Roitelet à triple bandeau	0.1071429	0.0	0.0625	0.0015	0.0689655	0.0625	0.0909091	0.027027	0.125	0.0	0.25	0.2631579	0.0909091	0.0740741	0.0	0.0714286	0.0	0.0571429	0.1428571	0.0	0.0	0.0	0.0416667	0.0	0.0	0.0	0.0	0.0	0.0	0.0	0.0	0.0	0.1428571	0.0588235	0.0	0.047619	0.0909091	0.0	0.0	0.0454545	0.1666667	0.0434783	0.0384615	0.0	0.0	0.0769231	0.1578947	0.075	
Roitelet huppé ou R. à triple bandeau	0.0	0.0	0.0	0.0	0.0	0.0	0.0	0.0	0.0	0.0	0.0	0.0	0.0	0.0	0.0	0.0	0.0	0.0	0.0	0.0	0.0	0.0	0.0	0.0	0.0	0.0	0.0	0.0	0.0	0.0	0.0	0.0	0.0	0.0	0.0	0.0	0.0	0.0	0.0	0.0227273	0.0	0.0217391	0.0	0.0	0.0	0.0	0.0	0.025	
Tichodrome échelette	0.0	0.0	0.0015	0.0	0.0015	0.0	0.0015	0.0	0.0	0.0	0.25	0.0	0.0	0.0	0.0	0.0	0.0	0.0	0.0	0.0	0.0	0.0	0.0	0.0	0.0	0.0	0.0	0.0	0.0	0.0	0.0	0.0	0.0	0.0	0.0	0.0	0.0	0.0	0.0	0.0	0.0	0.0	0.0	0.0	0.0	0.0	0.0015	0.0	
Sittelle torchepot	0.1071429	0.1578947	0.1875	0.2419355	0.3103448	0.09375	0.1515152	0.3243243	0.125	0.2857143	0.0	0.2105263	0.0909091	0.1111111	0.0	0.0714286	0.0	0.0571429	0.0	0.0333333	0.0909091	0.3333333	0.0833333	0.0	0.0015	0.32	0.25	0.2432432	0.6363636	0.3043478	0.2941176	0.1590909	0.4285714	0.2941176	0.0769231	0.2857143	0.0909091	0.1	0.0	0.2954545	0.125	0.1521739	0.1923077	0.0	0.2307692	0.0769231	0.2631579	0.175	
Grimpereau des bois	0.0357143	0.0	0.03125	0.0322581	0.0	0.0015	0.030303	0.0	0.125	0.0	0.0	0.0526316	0.0	0.0	0.0	0.0	0.0	0.0015	0.0015	0.0	0.0	0.0	0.0	0.0	0.0015	0.0	0.0	0.0	0.0	0.0434783	0.0	0.0	0.0	0.0	0.0	0.0	0.0	0.0	0.0	0.0	0.0	0.0015	0.0	0.0	0.0	0.0	0.0526316	0.0	
Grimpereau des jardins	0.1428571	0.3684211	0.25	0.2741935	0.2758621	0.25	0.2727273	0.2972973	0.3125	0.2857143	0.0	0.3157895	0.0909091	0.2222222	0.1538462	0.1428571	0.1666667	0.2285714	0.3571429	0.2333333	0.0909091	0.0	0.25	0.2	0.0015	0.24	0.25	0.1891892	0.5454545	0.1304348	0.1764706	0.25	0.1428571	0.2352941	0.1538462	0.3809524	0.1818182	0.0	0.1818182	0.3409091	0.2083333	0.2826087	0.1153846	0.1428571	0.0769231	0.1538462	0.3157895	0.225	
Grimpereau des bois ou G. des jardins	0.0	0.0	0.0	0.0	0.0	0.0	0.0	0.0	0.0	0.0	0.0	0.0	0.0909091	0.037037	0.0	0.0	0.0	0.0	0.0	0.0	0.0	0.0	0.0	0.0	0.0	0.0	0.0	0.027027	0.0	0.0	0.0	0.0	0.0	0.0	0.0	0.0	0.0	0.0	0.0	0.0	0.0	0.0	0.0	0.0	0.0	0.0	0.0	0.0	
Troglodyte mignon	0.2142857	0.2105263	0.28125	0.1935484	0.2413793	0.21875	0.2121212	0.3513514	0.25	0.1428571	0.25	0.5263158	0.1818182	0.2222222	0.3846154	0.2857143	0.3333333	0.1714286	0.2857143	0.3	0.0909091	0.3333333	0.2916667	0.0	0.0	0.36	0.1875	0.0810811	0.0909091	0.0869565	0.0588235	0.0909091	0.0	0.0588235	0.0769231	0.2380952	0.0	0.2	0.2727273	0.2272727	0.4166667	0.326087	0.1923077	0.2142857	0.1538462	0.3076923	0.3684211	0.15	
Cincle plongeur	0.0	0.0	0.0015	0.0	0.0	0.0	0.0	0.0	0.0	0.0	0.0	0.0	0.0015	0.0	0.0015	0.0	0.0	0.0285714	0.0	0.0	0.0	0.0	0.0	0.0	0.0	0.0	0.0	0.0	0.0	0.0	0.0	0.0	0.0	0.0	0.0	0.0	0.0	0.0	0.0	0.0	0.0	0.0	0.0	0.0	0.0	0.0769231	0.0	0.0	
Étourneau sansonnet	0.4642857	0.3157895	0.375	0.5	0.3793103	0.28125	0.3636364	0.4864865	0.5625	0.2857143	0.25	0.3684211	0.2727273	0.4074074	0.3076923	0.0714286	0.3333333	0.4857143	0.1428571	0.5	0.3636364	0.5555556	0.375	0.2	0.25	0.2	0.1875	0.1351351	0.2727273	0.3478261	0.1764706	0.2727273	0.4285714	0.4117647	0.4615385	0.4761905	0.2727273	0.2	0.4545455	0.3863636	0.4166667	0.326087	0.5	0.5	0.6153846	0.3846154	0.6315789	0.425	
Grive draine	0.2142857	0.3157895	0.1875	0.3548387	0.3103448	0.28125	0.1515152	0.1621622	0.0625	0.1428571	0.25	0.1578947	0.0909091	0.037037	0.0015	0.0015	0.0	0.0	0.0	0.0	0.0	0.0	0.0	0.0	0.0	0.04	0.0	0.0015	0.1818182	0.0	0.0588235	0.0454545	0.0	0.0	0.0769231	0.1428571	0.0	0.0015	0.0909091	0.2045455	0.1666667	0.1521739	0.1538462	0.2142857	0.1538462	0.2307692	0.5263158	0.125	
Grive musicienne	0.0714286	0.1578947	0.0625	0.0806452	0.1034483	0.03125	0.0	0.2162162	0.3125	0.1428571	0.25	0.3684211	0.1818182	0.1851852	0.1538462	0.1428571	0.3333333	0.1428571	0.0714286	0.1666667	0.0909091	0.0	0.2083333	0.0	0.0	0.12	0.0	0.027027	0.0909091	0.0434783	0.0588235	0.0227273	0.0	0.0588235	0.0769231	0.1904762	0.0	0.0	0.0	0.1136364	0.1666667	0.0652174	0.0	0.0714286	0.0769231	0.0	0.2105263	0.05	
Grive mauvis	0.1071429	0.2631579	0.0625	0.0483871	0.137931	0.0625	0.0	0.0540541	0.0625	0.0	0.25	0.1578947	0.0	0.0	0.0	0.0	0.0	0.0	0.0	0.0	0.0	0.0	0.0	0.0	0.0	0.0	0.0	0.0	0.0	0.0	0.0	0.0	0.0	0.0	0.0	0.0	0.0	0.1	0.0909091	0.0454545	0.1666667	0.1086957	0.0769231	0.0714286	0.0	0.0	0.1052632	0.05	
Merle noir	0.4285714	0.4736842	0.4375	0.4193548	0.2758621	0.40625	0.6363636	0.4324324	0.25	0.2857143	0.75	0.5789474	0.4545455	0.5925926	0.5384615	0.5	0.6666667	0.7142857	0.5	0.7333333	0.2727273	0.6666667	0.75	0.6	0.0015	0.44	0.5	0.1891892	0.2727273	0.2608696	0.4705882	0.25	0.1428571	0.1176471	0.3846154	0.3809524	0.2727273	0.2	0.4545455	0.3409091	0.4583333	0.4130435	0.3461538	0.3571429	0.3846154	0.4615385	0.4210526	0.275	
Grive litorne	0.1071429	0.1052632	0.09375	0.0645161	0.1724138	0.09375	0.030303	0.0540541	0.0625	0.0	0.0	0.0526316	0.0	0.0	0.0	0.0	0.0	0.0	0.0	0.0	0.0	0.0	0.0	0.0	0.0	0.0	0.0	0.0	0.0	0.0	0.0	0.0	0.0	0.0	0.0	0.0	0.0	0.0	0.0	0.0227273	0.0416667	0.0869565	0.0	0.0	0.0	0.0769231	0.2105263	0.0015	
Merle à plastron	0.0	0.0	0.0	0.0	0.0	0.0	0.0	0.0	0.0	0.0	0.0	0.0	0.0	0.0	0.0015	0.0	0.0	0.0015	0.0	0.0	0.0	0.0	0.0	0.0	0.0	0.0	0.0	0.0	0.0	0.0	0.0	0.0	0.0	0.0	0.0	0.0	0.0	0.0	0.0	0.0	0.0	0.0	0.0	0.0	0.0	0.0	0.0	0.0	
Gobemouche gris	0.0	0.0	0.0	0.0	0.0	0.0	0.0	0.0	0.0	0.0	0.0	0.0	0.0	0.0	0.0	0.0	0.1666667	0.0285714	0.0	0.0666667	0.0	0.0	0.0833333	0.0	0.0015	0.04	0.125	0.0015	0.2727273	0.1304348	0.0	0.0681818	0.0015	0.0588235	0.0	0.047619	0.0	0.0	0.0	0.0	0.0	0.0	0.0	0.0	0.0	0.0	0.0	0.0	
Rougegorge familier	0.4285714	0.3684211	0.46875	0.3870968	0.3103448	0.25	0.3939394	0.5675676	0.25	0.4285714	0.5	0.6315789	0.1818182	0.3333333	0.1538462	0.2857143	0.1666667	0.2571429	0.2142857	0.4333333	0.1818182	0.3333333	0.2083333	0.0	0.25	0.24	0.1875	0.1891892	0.4545455	0.0869565	0.1764706	0.2954545	0.4285714	0.3529412	0.3846154	0.3809524	0.1818182	0.4	0.7272727	0.6590909	0.625	0.4782609	0.5	0.4285714	0.3076923	0.4615385	0.5789474	0.325	
Rossignol philomèle	0.0	0.0	0.0	0.0	0.0	0.0	0.0	0.0	0.0	0.0	0.0	0.0	0.0	0.2222222	0.1538462	0.5	0.0015	0.5428571	0.2857143	0.2666667	0.0909091	0.1111111	0.0833333	0.0	0.0	0.0	0.125	0.027027	0.0	0.0	0.0	0.0227273	0.0	0.0	0.0	0.0	0.0	0.0	0.0	0.0	0.0	0.0	0.0	0.0	0.0	0.0	0.0	0.0	
Gorgebleue à miroir	0.0	0.0	0.0	0.0	0.0	0.0	0.0	0.0	0.0	0.0	0.0	0.0	0.0015	0.037037	0.0	0.0	0.0	0.0	0.0	0.0	0.0	0.0	0.0	0.0	0.0	0.0	0.0	0.0	0.0	0.0	0.0	0.0227273	0.1428571	0.0	0.0	0.0	0.0	0.0	0.0	0.0	0.0	0.0	0.0	0.0	0.0	0.0	0.0	0.0	
Gobemouche noir	0.0	0.0	0.0	0.0	0.0	0.0	0.0	0.0	0.0	0.0	0.0	0.0	0.0	0.0	0.0769231	0.0	0.0	0.0285714	0.0	0.0	0.0	0.0	0.0	0.0	0.0	0.0015	0.0	0.0	0.0	0.0015	0.0	0.0454545	0.1428571	0.1176471	0.0769231	0.047619	0.0	0.0	0.0	0.0	0.0	0.0	0.0	0.0	0.0	0.0	0.0	0.0	
Rougequeue à front blanc	0.0	0.0	0.0	0.0	0.0	0.0	0.0	0.0	0.0	0.0	0.0	0.0526316	0.0	0.0740741	0.2307692	0.0015	0.1666667	0.1142857	0.2142857	0.1666667	0.0	0.1111111	0.1666667	0.0	0.0	0.04	0.0015	0.0540541	0.0015	0.0	0.0588235	0.1136364	0.0	0.0	0.1538462	0.0952381	0.0	0.0	0.0015	0.0	0.0	0.0	0.0	0.0	0.0	0.0	0.0	0.0	
Rougequeue noir	0.0	0.0526316	0.0015	0.0015	0.0	0.03125	0.030303	0.027027	0.0	0.0	0.5	0.1578947	0.2727273	0.1481481	0.0769231	0.2142857	0.1666667	0.1142857	0.1428571	0.3	0.0	0.2222222	0.1666667	0.2	0.25	0.08	0.0015	0.0540541	0.1818182	0.0869565	0.0	0.1590909	0.0	0.2352941	0.2307692	0.1428571	0.0909091	0.2	0.0909091	0.0454545	0.0015	0.1086957	0.0384615	0.0015	0.0769231	0.0769231	0.0526316	0.0	
rougequeue sp.	0.0	0.0	0.0	0.0	0.0	0.0	0.0	0.0	0.0	0.0	0.0	0.0	0.0	0.0	0.0	0.0	0.0	0.0	0.0	0.0	0.0	0.0	0.0	0.0	0.0	0.0	0.0	0.0	0.0	0.0	0.0	0.0	0.0	0.0	0.0	0.0	0.0	0.0	0.0	0.0015	0.0	0.0	0.0	0.0	0.0	0.0	0.0	0.0	
Tarier des prés	0.0	0.0	0.0	0.0	0.0	0.0	0.0	0.0	0.0	0.0	0.0	0.0	0.0	0.0	0.0769231	0.0714286	0.0	0.0	0.0	0.0	0.0	0.0	0.0	0.0	0.0	0.0	0.0	0.0	0.0	0.0	0.0	0.0454545	0.2857143	0.0588235	0.0769231	0.047619	0.0	0.0	0.0	0.0	0.0	0.0	0.0	0.0	0.0	0.0	0.0	0.0	
Tarier pâtre	0.0357143	0.0526316	0.0	0.0	0.0	0.0	0.0	0.1081081	0.0625	0.1428571	0.0	0.1578947	0.0	0.0740741	0.1538462	0.0714286	0.0	0.1428571	0.1428571	0.1333333	0.0015	0.2222222	0.1666667	0.4	0.25	0.0	0.0	0.0540541	0.0	0.0434783	0.0	0.0454545	0.2857143	0.0	0.0769231	0.0952381	0.0909091	0.0	0.0909091	0.0	0.0	0.0217391	0.0769231	0.0	0.0769231	0.0	0.0526316	0.0	
Traquet motteux	0.0	0.0	0.0	0.0	0.0	0.0	0.0	0.0	0.0	0.0	0.0	0.0526316	0.0	0.037037	0.0769231	0.0015	0.0	0.0285714	0.0	0.0	0.0	0.0	0.0	0.0	0.0	0.0	0.0	0.0	0.0	0.0	0.0	0.0681818	0.2857143	0.0588235	0.0769231	0.047619	0.0	0.0	0.0	0.0	0.0	0.0	0.0	0.0	0.0	0.0	0.0	0.0	
Accenteur alpin	0.0	0.0	0.0015	0.016129	0.0015	0.0	0.0	0.0	0.0	0.0	0.0	0.0	0.0	0.0	0.0	0.0	0.0	0.0	0.0	0.0	0.0	0.0	0.0	0.0	0.0	0.0	0.0	0.0	0.0	0.0	0.0	0.0	0.0	0.0	0.0	0.0	0.0	0.0	0.0	0.0	0.0015	0.0015	0.0384615	0.0015	0.0015	0.0	0.0	0.0	
Accenteur mouchet	0.1071429	0.0	0.0625	0.016129	0.0344828	0.03125	0.0606061	0.027027	0.0	0.0	0.0	0.1052632	0.0	0.1111111	0.0	0.1428571	0.0	0.0285714	0.0	0.0666667	0.0	0.0	0.0	0.0	0.0	0.0	0.0	0.0	0.0	0.0	0.0	0.0227273	0.0	0.0	0.0	0.047619	0.0	0.0	0.2727273	0.0227273	0.0833333	0.1304348	0.0384615	0.0714286	0.0	0.0	0.0526316	0.025	
Moineau domestique	0.1785714	0.2105263	0.09375	0.1774194	0.1034483	0.21875	0.3030303	0.1621622	0.125	0.0	0.5	0.2631579	0.2727273	0.3333333	0.3076923	0.2142857	0.1666667	0.3714286	0.3571429	0.5666667	0.0909091	0.4444444	0.4583333	0.6	0.25	0.32	0.4375	0.2702703	0.1818182	0.173913	0.4117647	0.1818182	0.0015	0.2941176	0.2307692	0.3333333	0.1818182	0.3	0.1818182	0.1590909	0.0015	0.1086957	0.2692308	0.2142857	0.1538462	0.2307692	0.2631579	0.175	
Moineau friquet	0.0	0.0	0.0	0.0	0.0	0.0	0.0	0.0	0.0	0.0	0.0	0.0	0.0	0.0	0.0	0.0	0.0	0.0	0.0	0.0	0.0	0.0	0.0	0.0	0.0	0.0	0.0	0.0	0.0909091	0.0434783	0.0	0.0	0.0	0.0	0.0	0.0	0.0	0.0	0.0	0.0	0.0	0.0	0.0384615	0.0	0.0	0.0	0.0	0.0	
Bergeronnette des ruisseaux	0.0714286	0.1052632	0.09375	0.0322581	0.0689655	0.0	0.030303	0.0	0.0625	0.1428571	0.25	0.0	0.0	0.037037	0.0	0.0	0.0	0.0285714	0.0	0.0333333	0.0909091	0.0	0.0416667	0.0	0.0	0.0015	0.0	0.0015	0.0909091	0.0434783	0.0	0.0	0.0	0.0	0.1538462	0.1428571	0.0015	0.0	0.2727273	0.0227273	0.0	0.1086957	0.0769231	0.0714286	0.0	0.1538462	0.0015	0.05	
Bergeronnette printanière	0.0	0.0	0.0	0.0	0.0	0.0	0.0	0.0	0.0	0.0	0.0	0.0526316	0.0909091	0.2592593	0.3076923	0.1428571	0.3333333	0.2	0.2142857	0.2	0.0015	0.1111111	0.25	0.4	0.25	0.16	0.0625	0.1081081	0.1818182	0.173913	0.1176471	0.2045455	0.5714286	0.0588235	0.0769231	0.047619	0.0	0.0	0.0909091	0.0	0.0	0.0	0.0	0.0	0.0	0.0	0.0	0.0	
Bergeronnette grise	0.25	0.3157895	0.4375	0.4032258	0.2413793	0.21875	0.2424242	0.4054054	0.25	0.5714286	0.25	0.6842105	0.3636364	0.4074074	0.3846154	0.3571429	0.0	0.4285714	0.3571429	0.4	0.3636364	0.2222222	0.2083333	0.4	0.5	0.24	0.25	0.3243243	0.2727273	0.2173913	0.2352941	0.4090909	0.1428571	0.3529412	0.4615385	0.3809524	0.4545455	0.3	0.1818182	0.4772727	0.3333333	0.3478261	0.3461538	0.5	0.5384615	0.3076923	0.3684211	0.35	
bergeronette sp.	0.0	0.0	0.0	0.0	0.0	0.0	0.0	0.0	0.0	0.0	0.0	0.0	0.0	0.0	0.0	0.0	0.0	0.0	0.0	0.0	0.0	0.0	0.0	0.0	0.0	0.0	0.0	0.0	0.0	0.0	0.0	0.0	0.0	0.0	0.0	0.0	0.0	0.0	0.0	0.0	0.0	0.0	0.0	0.0	0.0	0.0	0.0	0.025	
Pipit rousseline	0.0	0.0	0.0	0.0	0.0	0.0	0.0	0.0	0.0	0.0	0.0	0.0	0.0	0.0	0.0	0.0015	0.0	0.0	0.0	0.0	0.0	0.0	0.0	0.0	0.0	0.0	0.0	0.0	0.0	0.0	0.0	0.0015	0.0	0.0	0.0	0.0	0.0	0.0	0.0	0.0	0.0	0.0	0.0	0.0	0.0	0.0	0.0	0.0	
Pipit farlouse	0.0714286	0.1578947	0.0625	0.1451613	0.137931	0.125	0.1212121	0.027027	0.1875	0.1428571	0.0	0.2105263	0.0909091	0.1111111	0.0769231	0.0	0.0	0.0	0.0	0.0666667	0.0	0.0	0.125	0.0	0.25	0.0	0.0	0.0540541	0.0	0.0	0.0	0.0681818	0.0	0.0	0.0769231	0.2380952	0.0909091	0.2	0.0909091	0.1590909	0.2083333	0.3043478	0.1923077	0.2857143	0.2307692	0.3076923	0.4736842	0.175	
Pipit des arbres	0.0	0.0	0.0	0.0	0.0	0.0	0.0	0.0	0.0	0.0	0.0	0.0	0.0	0.0740741	0.0	0.0015	0.0	0.0571429	0.0	0.0333333	0.0	0.1111111	0.125	0.0	0.0	0.0	0.0	0.0	0.0	0.0015	0.0	0.2045455	0.4285714	0.0588235	0.1538462	0.1904762	0.0909091	0.0	0.0	0.0	0.0	0.0	0.0	0.0	0.0	0.0	0.0	0.0	
Pipit spioncelle	0.1071429	0.1578947	0.3125	0.3225806	0.2068966	0.125	0.1212121	0.1891892	0.0625	0.0	0.0	0.1052632	0.0909091	0.0	0.0	0.0	0.0	0.0	0.0	0.0	0.0	0.0	0.0	0.0	0.0	0.0	0.0	0.0	0.0	0.0	0.0	0.0	0.0	0.0	0.0	0.0	0.0	0.0	0.1818182	0.2045455	0.0833333	0.2608696	0.2307692	0.5714286	0.3846154	0.1538462	0.2631579	0.225	
Pipit farlouse ou P. spioncelle	0.0	0.0	0.0	0.0	0.0344828	0.0	0.0	0.027027	0.0	0.0	0.0	0.0	0.0	0.0	0.0	0.0	0.0	0.0	0.0	0.0	0.0	0.0	0.0	0.0	0.0	0.0	0.0	0.0	0.0	0.0	0.0	0.0	0.0	0.0	0.0	0.0	0.0	0.0	0.0	0.0454545	0.0	0.0	0.0	0.0	0.0	0.0	0.0	0.025	
Anthus sp.	0.0	0.0	0.0	0.0	0.0	0.0	0.0	0.0	0.0	0.0	0.0	0.0	0.0	0.0	0.0	0.0	0.0	0.0	0.0	0.0	0.0	0.0	0.0	0.0	0.0	0.0	0.0	0.0	0.0	0.0	0.0	0.0	0.0	0.0	0.0	0.0	0.0	0.0	0.0	0.0	0.0	0.0	0.0	0.0	0.0	0.0	0.0	0.025	
Pinson des arbres	0.3214286	0.4210526	0.3125	0.4032258	0.3448276	0.28125	0.4848485	0.4864865	0.5625	0.5714286	0.25	0.8421053	0.2727273	0.5925926	0.5384615	0.4285714	0.3333333	0.5714286	0.5714286	0.5333333	0.1818182	0.5555556	0.5416667	0.4	0.75	0.36	0.5	0.1351351	0.1818182	0.173913	0.3529412	0.2727273	0.4285714	0.4705882	0.2307692	0.4761905	0.1818182	0.1	0.2727273	0.5454545	0.25	0.3478261	0.5384615	0.2857143	0.1538462	0.4615385	0.6842105	0.25	
Pinson du Nord	0.0	0.0	0.0	0.0322581	0.0	0.03125	0.0	0.0	0.0015	0.0	0.0	0.1052632	0.0909091	0.0	0.0	0.0	0.0	0.0	0.0	0.0	0.0	0.0	0.0	0.0	0.0	0.0	0.0	0.0	0.0	0.0	0.0	0.0	0.0	0.0	0.0	0.0	0.0	0.0	0.0909091	0.1363636	0.1666667	0.1304348	0.0384615	0.0	0.0	0.0	0.1052632	0.0015	
Grosbec casse-noyaux	0.0015	0.0526316	0.09375	0.0645161	0.0689655	0.0015	0.0606061	0.0540541	0.0625	0.0	0.0	0.2105263	0.0015	0.0740741	0.0015	0.0015	0.0015	0.0571429	0.0714286	0.0333333	0.0	0.1111111	0.0015	0.0	0.25	0.08	0.0	0.027027	0.0	0.0434783	0.0588235	0.0454545	0.0015	0.0	0.0	0.047619	0.0	0.1	0.1818182	0.0227273	0.0416667	0.0434783	0.0769231	0.0	0.0769231	0.0	0.0526316	0.0015	
Bouvreuil pivoine	0.0357143	0.0526316	0.0625	0.016129	0.0344828	0.0015	0.030303	0.0	0.0	0.0	0.0	0.0	0.0	0.037037	0.0	0.0	0.0	0.0	0.0	0.0	0.0	0.0	0.0	0.0	0.0	0.0	0.0	0.0	0.0	0.0434783	0.1176471	0.0227273	0.0015	0.0	0.0	0.0	0.0	0.0	0.0	0.0	0.0833333	0.0434783	0.0384615	0.0	0.0769231	0.0	0.0526316	0.0015	
Verdier d'Europe	0.0714286	0.0015	0.03125	0.0483871	0.0689655	0.03125	0.1212121	0.1081081	0.0625	0.0	0.75	0.2105263	0.1818182	0.1481481	0.0769231	0.3571429	0.1666667	0.2	0.1428571	0.2333333	0.0	0.3333333	0.125	0.0	0.0015	0.16	0.1875	0.0540541	0.0909091	0.0	0.0	0.0909091	0.1428571	0.0588235	0.0	0.0	0.0909091	0.0	0.2727273	0.0681818	0.0416667	0.0652174	0.0384615	0.0	0.0	0.0	0.1578947	0.025	
Linotte mélodieuse	0.0357143	0.1052632	0.03125	0.0322581	0.1034483	0.09375	0.030303	0.0	0.0625	0.1428571	0.25	0.2631579	0.2727273	0.4074074	0.3846154	0.1428571	0.3333333	0.3714286	0.5	0.3333333	0.1818182	0.1111111	0.2083333	0.0	0.5	0.32	0.375	0.1351351	0.0	0.1304348	0.1176471	0.2727273	0.4285714	0.0588235	0.2307692	0.2380952	0.3636364	0.0	0.2727273	0.0681818	0.125	0.2391304	0.0769231	0.0	0.1538462	0.0769231	0.3157895	0.025	
Sizerin flammé	0.0	0.0015	0.0	0.0	0.0	0.03125	0.0	0.0	0.0	0.0	0.0	0.0	0.0	0.0	0.0	0.0	0.0	0.0	0.0	0.0	0.0	0.0	0.0	0.0	0.0	0.0	0.0	0.0	0.0	0.0	0.0	0.0	0.0	0.0	0.0	0.0	0.0	0.0	0.0	0.0	0.0	0.0217391	0.0	0.0	0.0	0.0	0.0	0.0015	
Bec-croisé des sapins	0.0	0.0	0.0	0.0	0.0	0.0	0.0	0.0	0.0	0.0	0.0	0.0	0.0	0.0	0.0	0.0	0.0	0.0	0.0	0.0	0.0	0.0	0.0	0.0	0.0	0.0	0.0	0.0	0.0	0.0	0.0	0.0227273	0.0	0.0	0.0	0.0	0.0	0.0	0.0	0.0	0.0	0.0	0.0	0.0	0.0	0.0	0.0	0.0	
Chardonneret élégant	0.1785714	0.1578947	0.125	0.0967742	0.1724138	0.09375	0.030303	0.2432432	0.0015	0.0	0.25	0.2105263	0.2727273	0.3703704	0.3076923	0.1428571	0.3333333	0.2	0.3571429	0.4	0.0909091	0.2222222	0.1666667	0.4	0.5	0.24	0.25	0.1351351	0.2727273	0.0434783	0.0588235	0.25	0.1428571	0.1176471	0.1538462	0.3333333	0.1818182	0.1	0.4545455	0.2727273	0.1666667	0.1521739	0.0769231	0.1428571	0.1538462	0.1538462	0.2631579	0.025	
Serin cini	0.0	0.0	0.0	0.0	0.0	0.0	0.0	0.027027	0.0	0.0	0.0	0.0	0.0	0.1111111	0.1538462	0.0714286	0.0	0.0857143	0.0	0.1	0.0	0.1111111	0.0416667	0.0	0.25	0.04	0.1875	0.0540541	0.0	0.0	0.0588235	0.0	0.0	0.0	0.0	0.0	0.0	0.1	0.0	0.0	0.0416667	0.0217391	0.0	0.0	0.0	0.0	0.0	0.0	
Tarin des aulnes	0.0714286	0.1578947	0.09375	0.0483871	0.0689655	0.0625	0.0	0.0540541	0.0625	0.0	0.0	0.2105263	0.0	0.037037	0.0	0.0	0.0	0.0	0.0	0.0	0.0	0.1111111	0.0	0.0	0.0	0.0	0.0	0.0	0.0	0.0	0.0	0.0	0.0	0.0	0.0	0.047619	0.0015	0.0	0.1818182	0.0681818	0.0416667	0.1956522	0.0	0.0714286	0.0769231	0.1538462	0.1052632	0.0	
Bruant proyer	0.0	0.0	0.0	0.016129	0.0	0.0625	0.0606061	0.027027	0.0015	0.0	0.25	0.1052632	0.0909091	0.1851852	0.3076923	0.1428571	0.3333333	0.2285714	0.2857143	0.0666667	0.0015	0.2222222	0.375	0.0	0.25	0.0015	0.125	0.0	0.0	0.0434783	0.0	0.0454545	0.1428571	0.0588235	0.0	0.047619	0.0909091	0.0	0.1818182	0.0909091	0.0416667	0.0652174	0.0	0.0	0.0	0.0	0.0526316	0.025	
Bruant zizi	0.0	0.0	0.03125	0.0	0.0	0.0625	0.0	0.027027	0.0625	0.0	0.25	0.0015	0.0	0.037037	0.0769231	0.0015	0.3333333	0.1142857	0.0714286	0.1333333	0.0015	0.0	0.0416667	0.2	0.25	0.0	0.0	0.0540541	0.0909091	0.0869565	0.0	0.0	0.0	0.0	0.0	0.0	0.0	0.1	0.0	0.0454545	0.0	0.0015	0.0	0.0	0.0	0.0	0.0	0.075	
Bruant jaune	0.0	0.1578947	0.03125	0.0322581	0.0689655	0.03125	0.030303	0.0540541	0.0	0.1428571	0.0	0.2105263	0.0	0.037037	0.0	0.1428571	0.1666667	0.1142857	0.0714286	0.0666667	0.0	0.3333333	0.1666667	0.2	0.25	0.04	0.0625	0.0810811	0.0	0.0	0.0	0.0681818	0.0	0.0	0.2307692	0.1428571	0.0909091	0.0	0.0	0.0681818	0.0833333	0.1086957	0.0	0.0714286	0.0769231	0.1538462	0.1578947	0.0	
Bruant ortolan	0.0	0.0	0.0	0.0	0.0	0.0	0.0	0.0	0.0	0.0	0.0	0.0	0.0	0.0	0.0	0.0	0.0	0.0	0.0	0.0	0.0	0.0	0.0	0.0	0.0	0.0	0.0	0.0	0.0	0.0	0.0	0.0	0.0015	0.0	0.0	0.0	0.0	0.0	0.0	0.0	0.0	0.0	0.0	0.0	0.0	0.0	0.0	0.0	
Bruant des roseaux	0.0015	0.0015	0.03125	0.0483871	0.137931	0.03125	0.0909091	0.1351351	0.0015	0.0	0.25	0.1578947	0.0909091	0.1111111	0.0769231	0.1428571	0.0	0.0285714	0.0714286	0.0333333	0.0	0.0	0.2083333	0.2	0.0015	0.0015	0.0625	0.0	0.0	0.0869565	0.0588235	0.0227273	0.1428571	0.0	0.0	0.0	0.0909091	0.0	0.3636364	0.0909091	0.125	0.1956522	0.2307692	0.0714286	0.0	0.0	0.1052632	0.025	
passereau sp.	0.0	0.0	0.0	0.0	0.0	0.0	0.0	0.0	0.0	0.0	0.0	0.0	0.0	0.0	0.0	0.0	0.0	0.0	0.0	0.0	0.0	0.0	0.0	0.0	0.0	0.0	0.0	0.0	0.0	0.0	0.0	0.0	0.0	0.0	0.0	0.0	0.0	0.0	0.0	0.0454545	0.0	0.0	0.0	0.0	0.0	0.0	0.0	0.0	

