









Frequency of observations in the selected location(s).:
Number of taxa: 	235

	Jan				Feb				Mar				Apr				May				Jun				Jul				Aug				Sep				Oct				Nov				Dec				
Sample Size:	23.0	24.0	25.0	18.0	28.0	30.0	17.0	32.0	55.0	31.0	41.0	48.0	49.0	31.0	32.0	67.0	35.0	61.0	27.0	47.0	52.0	40.0	33.0	23.0	22.0	48.0	19.0	22.0	17.0	14.0	20.0	9.0	11.0	13.0	11.0	23.0	15.0	25.0	9.0	29.0	19.0	14.0	16.0	26.0	19.0	24.0	21.0	31.0	

Oie cendrée	0.0	0.0416667	0.04	0.0555556	0.0357143	0.1	0.0	0.0625	0.0545455	0.0645161	0.097561	0.0	0.0	0.0322581	0.0625	0.0298507	0.0	0.0163934	0.0	0.0212766	0.0384615	0.05	0.030303	0.0434783	0.0	0.0416667	0.0526316	0.0454545	0.0	0.0714286	0.05	0.0	0.0	0.0	0.0909091	0.0434783	0.0666667	0.08	0.0	0.0689655	0.0526316	0.0	0.0	0.0769231	0.0	0.0	0.0	0.0322581	
Oie cygnoïde	0.0	0.0	0.0	0.0	0.0	0.0	0.0	0.0	0.0	0.0	0.0	0.0	0.0	0.0	0.0015	0.0	0.0	0.0	0.0	0.0	0.0192308	0.0	0.0	0.0	0.0	0.0	0.0	0.0	0.0	0.0	0.0	0.1111111	0.0	0.0	0.0	0.0	0.0	0.0	0.0	0.0344828	0.0	0.0	0.0	0.0	0.0	0.0	0.0	0.0	
Oie rieuse	0.0	0.0	0.0	0.0	0.0	0.0	0.0	0.0	0.0	0.0	0.0	0.0	0.0	0.0	0.0	0.0	0.0	0.0	0.0	0.0	0.0	0.0	0.0	0.0	0.0	0.0	0.0	0.0	0.0	0.0714286	0.0	0.0	0.0	0.0	0.0	0.0	0.0	0.0	0.0	0.0	0.0	0.0	0.0	0.0	0.0	0.0	0.0	0.0	
Bernache nonnette	0.0	0.0	0.0	0.0	0.0	0.0	0.0	0.0	0.0	0.0322581	0.0	0.0	0.0204082	0.0	0.0015	0.0	0.0	0.0	0.0	0.0	0.0	0.0	0.0	0.0	0.0	0.0	0.0	0.0	0.0	0.0	0.0	0.0	0.0	0.0	0.0	0.0	0.0	0.0	0.0	0.0344828	0.0	0.0	0.0	0.0	0.0	0.0	0.0	0.0	
Bernache du Canada	0.0	0.0833333	0.04	0.0	0.0714286	0.0333333	0.0588235	0.03125	0.0015	0.0645161	0.0731707	0.0	0.0204082	0.0322581	0.03125	0.0298507	0.0571429	0.0983607	0.037037	0.0425532	0.0769231	0.0	0.0909091	0.0434783	0.0	0.0416667	0.0015	0.0454545	0.0	0.0	0.05	0.0	0.0	0.0	0.0	0.0434783	0.1333333	0.0015	0.1111111	0.1034483	0.0	0.0	0.0	0.0384615	0.0526316	0.0	0.0015	0.0	
Hybride Oie cendrée x Bernache du Canada	0.0	0.0	0.0	0.0	0.0	0.0	0.0	0.0	0.0	0.0	0.0	0.0	0.0	0.0	0.0	0.0	0.0	0.0	0.0	0.0	0.0	0.0	0.0	0.0	0.0	0.0	0.0	0.0	0.0	0.0	0.0015	0.0	0.0	0.0	0.0	0.0	0.0	0.0	0.0	0.0	0.0	0.0	0.0	0.0	0.0	0.0	0.0	0.0	
Hybride Bernache nonnette x B. du Canada	0.0	0.0	0.0	0.0	0.0	0.0	0.0	0.0	0.0	0.0	0.0	0.0	0.0	0.0	0.0	0.0	0.0	0.0	0.0	0.0	0.0	0.0	0.0	0.0	0.0	0.0	0.0	0.0	0.0	0.0	0.0	0.0	0.0	0.0	0.0	0.0	0.0	0.0	0.1111111	0.0	0.0	0.0	0.0	0.0	0.0	0.0	0.0	0.0	
Cygne tuberculé	0.0869565	0.2916667	0.32	0.1111111	0.3214286	0.2	0.1764706	0.28125	0.4	0.3225806	0.3414634	0.375	0.1836735	0.3225806	0.21875	0.358209	0.2571429	0.2295082	0.037037	0.2553191	0.2307692	0.15	0.2121212	0.0434783	0.3636364	0.3541667	0.2105263	0.3181818	0.3529412	0.5714286	0.4	0.2222222	0.3636364	0.4615385	0.7272727	0.173913	0.4	0.4	0.1111111	0.3448276	0.1578947	0.2857143	0.1875	0.0769231	0.1052632	0.1666667	0.3333333	0.3225806	
Cygne noir	0.0	0.0416667	0.04	0.0	0.0	0.0	0.0	0.0	0.0	0.0	0.0	0.0	0.0	0.0	0.0	0.0	0.0	0.0	0.0	0.0	0.0	0.0	0.0	0.0	0.0	0.0	0.0	0.0	0.0	0.0	0.0	0.0	0.0	0.0	0.0	0.0	0.0	0.04	0.0	0.0344828	0.0	0.0	0.0	0.0	0.0	0.0	0.0	0.0322581	
anatidé sp. (oie sp.)	0.0	0.0	0.0	0.0	0.0	0.0	0.0	0.0	0.0	0.0	0.0	0.0	0.0	0.0	0.0	0.0	0.0	0.0	0.0	0.0	0.0	0.0	0.0	0.0	0.0	0.0	0.0	0.0	0.0	0.0	0.0	0.0	0.0	0.0	0.0	0.0	0.0	0.0	0.1111111	0.0	0.0	0.0	0.0	0.0	0.0	0.0	0.0	0.0	
Ouette d'Égypte	0.0	0.0	0.0	0.0	0.0714286	0.0333333	0.0	0.0625	0.0727273	0.1290323	0.0731707	0.0208333	0.0612245	0.1290323	0.0625	0.0447761	0.0571429	0.0491803	0.0	0.0212766	0.0384615	0.0	0.030303	0.0	0.0	0.0416667	0.0526316	0.0454545	0.1764706	0.0714286	0.0	0.1111111	0.0	0.0769231	0.0	0.0	0.0	0.04	0.0	0.0	0.0526316	0.0	0.0	0.0	0.0	0.0	0.047619	0.0015	
Tadorne casarca	0.0	0.0	0.0	0.0	0.0	0.0	0.0	0.0	0.0	0.0	0.0	0.0	0.0	0.0	0.0	0.0	0.0285714	0.0	0.0	0.0	0.0	0.0	0.0	0.0	0.0	0.0	0.0	0.0	0.0	0.0	0.0	0.0	0.0	0.0	0.0	0.0	0.0	0.0	0.0	0.0	0.0	0.0	0.0	0.0	0.0	0.0	0.0	0.0	
Tadorne de Belon	0.0434783	0.0416667	0.0015	0.1111111	0.1071429	0.1666667	0.1176471	0.125	0.1272727	0.3548387	0.2195122	0.2291667	0.1836735	0.2580645	0.15625	0.1044776	0.1142857	0.1147541	0.1111111	0.0638298	0.1346154	0.025	0.0909091	0.0434783	0.0909091	0.2291667	0.0526316	0.0	0.0	0.0	0.15	0.0	0.0	0.0769231	0.0	0.0	0.0	0.0	0.0	0.0344828	0.0526316	0.0	0.0	0.0	0.0	0.0	0.0	0.1612903	
Canard mandarin	0.0	0.0	0.0	0.0	0.0	0.0	0.0	0.0	0.0	0.0	0.0	0.0208333	0.0	0.0	0.03125	0.0	0.0	0.0	0.0	0.0	0.0	0.0	0.0	0.0	0.0	0.0	0.0	0.0	0.0	0.0	0.0	0.0	0.0	0.0	0.0	0.0	0.0	0.0	0.0	0.0	0.0	0.0	0.0	0.0	0.0	0.0	0.0	0.0015	
Sarcelle d'été	0.0	0.0	0.0	0.0	0.0	0.0	0.0	0.0	0.0181818	0.0	0.2195122	0.2083333	0.122449	0.1290323	0.03125	0.0149254	0.0	0.0	0.0	0.0	0.0015	0.0	0.030303	0.0	0.0	0.0208333	0.0	0.0	0.0588235	0.0714286	0.0	0.0	0.0	0.0	0.0	0.0	0.0	0.0	0.0	0.0344828	0.0	0.0	0.0	0.0	0.0	0.0	0.0	0.0	
Canard souchet	0.0434783	0.125	0.08	0.1111111	0.0357143	0.1666667	0.0588235	0.125	0.1818182	0.2258065	0.2926829	0.2291667	0.0816327	0.2258065	0.09375	0.0746269	0.0571429	0.0163934	0.0	0.0	0.0015	0.0	0.0606061	0.0	0.0454545	0.0833333	0.0	0.0	0.2352941	0.0714286	0.25	0.1111111	0.1818182	0.1538462	0.3636364	0.0434783	0.0	0.08	0.0	0.1034483	0.0526316	0.1428571	0.0625	0.0384615	0.0526316	0.0	0.0952381	0.0645161	
Canard chipeau	0.0869565	0.125	0.2	0.0555556	0.1071429	0.1333333	0.0588235	0.125	0.1818182	0.0967742	0.195122	0.125	0.0408163	0.0967742	0.03125	0.0746269	0.0285714	0.0327869	0.0	0.0212766	0.0192308	0.0	0.030303	0.0434783	0.0454545	0.0416667	0.0526316	0.0	0.0588235	0.0	0.1	0.1111111	0.1818182	0.1538462	0.2727273	0.0434783	0.1333333	0.08	0.0	0.137931	0.0526316	0.0714286	0.0625	0.0	0.1052632	0.0833333	0.1904762	0.0967742	
Canard siffleur	0.0434783	0.0833333	0.08	0.0	0.0	0.0	0.1176471	0.03125	0.0909091	0.0322581	0.097561	0.0625	0.0204082	0.0	0.0	0.0	0.0	0.0	0.0	0.0212766	0.0	0.025	0.0	0.0	0.0	0.0	0.0	0.0	0.0	0.0	0.05	0.0	0.0	0.0	0.0	0.0	0.0	0.04	0.0	0.1034483	0.0526316	0.0	0.125	0.0	0.0	0.0416667	0.0	0.0322581	
Canard colvert	0.1304348	0.2916667	0.32	0.2222222	0.3571429	0.2333333	0.1764706	0.46875	0.4181818	0.483871	0.3658537	0.3541667	0.2653061	0.4193548	0.34375	0.3731343	0.2857143	0.2295082	0.1851852	0.212766	0.2307692	0.2	0.2424242	0.173913	0.2727273	0.3958333	0.2105263	0.2727273	0.4705882	0.6428571	0.45	0.3333333	0.4545455	0.3846154	0.6363636	0.2173913	0.4666667	0.4	0.1111111	0.3793103	0.1578947	0.4285714	0.3125	0.1923077	0.1578947	0.125	0.3333333	0.3225806	
Canard pilet	0.0	0.0	0.04	0.0	0.0714286	0.1	0.0588235	0.09375	0.1454545	0.1935484	0.2682927	0.1875	0.0612245	0.0	0.03125	0.0	0.0285714	0.0163934	0.0	0.0212766	0.0192308	0.0	0.0	0.0	0.0	0.0	0.0	0.0	0.0	0.0	0.0	0.0	0.0	0.0769231	0.0	0.0	0.0666667	0.04	0.0	0.0	0.0	0.0714286	0.0	0.0	0.0	0.0	0.0	0.0322581	
Sarcelle d'hiver	0.0	0.1666667	0.08	0.0555556	0.0357143	0.1	0.0588235	0.125	0.2545455	0.2903226	0.2439024	0.1875	0.0612245	0.1290323	0.0625	0.0015	0.0285714	0.0	0.0	0.0	0.0192308	0.0	0.0	0.0	0.0	0.0	0.0	0.0	0.1176471	0.0	0.05	0.1111111	0.2727273	0.1538462	0.1818182	0.0	0.0	0.12	0.0	0.137931	0.0526316	0.0714286	0.0	0.0	0.1052632	0.0416667	0.1428571	0.0967742	
Nette rousse	0.0	0.0	0.0	0.0	0.0	0.0333333	0.0	0.0	0.0	0.0	0.0	0.0	0.0	0.0	0.0	0.0	0.0	0.0163934	0.0	0.0	0.0	0.0	0.0	0.0	0.0	0.0	0.0	0.0	0.0	0.0	0.0	0.0	0.0	0.0	0.0	0.0	0.0	0.0	0.0	0.0	0.0	0.0	0.0	0.0	0.0	0.0	0.047619	0.0322581	
Fuligule milouin	0.0434783	0.125	0.2	0.1111111	0.1071429	0.1	0.0588235	0.0625	0.2	0.1290323	0.2195122	0.1041667	0.0	0.0967742	0.03125	0.0298507	0.0	0.0015	0.0	0.0	0.0192308	0.0	0.0	0.0	0.0909091	0.0625	0.0	0.0454545	0.1176471	0.0714286	0.1	0.1111111	0.1818182	0.0769231	0.2727273	0.0434783	0.0	0.08	0.0	0.1034483	0.0526316	0.1428571	0.0625	0.0	0.0	0.0416667	0.2380952	0.0967742	
Fuligule à bec cerclé	0.0	0.0416667	0.0	0.0	0.0	0.0	0.0	0.0	0.0	0.0	0.0	0.0	0.0	0.0	0.0	0.0	0.0	0.0	0.0	0.0	0.0	0.0	0.0	0.0	0.0	0.0	0.0	0.0	0.0	0.0	0.0	0.0	0.0	0.0	0.0	0.0	0.0	0.0	0.0	0.0	0.0	0.0	0.0	0.0	0.0	0.0	0.0	0.0	
Fuligule nyroca	0.0	0.0	0.0	0.0	0.0	0.0	0.0	0.0	0.0	0.0	0.0	0.0	0.0	0.0	0.0	0.0	0.0	0.0	0.0	0.0	0.0	0.0	0.0	0.0	0.0	0.0	0.0	0.0	0.0	0.0	0.0	0.0	0.0	0.0	0.0	0.0	0.0	0.0	0.0	0.0	0.0	0.0	0.0	0.0	0.0	0.0	0.047619	0.0015	
Fuligule morillon	0.0869565	0.125	0.32	0.1666667	0.1785714	0.1	0.0588235	0.1875	0.2909091	0.0967742	0.2439024	0.1458333	0.0816327	0.1935484	0.09375	0.1044776	0.1142857	0.0327869	0.037037	0.0638298	0.1153846	0.025	0.030303	0.0434783	0.1363636	0.2291667	0.1052632	0.0454545	0.1764706	0.2857143	0.2	0.1111111	0.2727273	0.1538462	0.2727273	0.0434783	0.1333333	0.12	0.1111111	0.1034483	0.0526316	0.1428571	0.125	0.0769231	0.0	0.0833333	0.2857143	0.1290323	
Hybride Fuligule milouin x F. morillon	0.0	0.0	0.04	0.0	0.0	0.0	0.0	0.0	0.0181818	0.0	0.0	0.0	0.0	0.0	0.0	0.0	0.0	0.0	0.0	0.0	0.0	0.0	0.0	0.0	0.0	0.0	0.0	0.0	0.0	0.0	0.0	0.0	0.0	0.0	0.0	0.0	0.0	0.0	0.0	0.0	0.0	0.0	0.0	0.0	0.0	0.0	0.0	0.0	
Macreuse brune	0.0015	0.0416667	0.0	0.0	0.0357143	0.0	0.0	0.0	0.0	0.0	0.0015	0.0	0.0	0.0	0.0	0.0	0.0	0.0	0.0	0.0	0.0	0.0	0.0	0.0	0.0	0.0	0.0	0.0	0.0	0.0	0.0	0.0	0.0	0.0	0.0	0.0	0.0	0.0	0.0	0.0	0.0526316	0.0	0.0	0.0	0.0	0.0	0.0	0.0322581	
Harelde boréale	0.0	0.0	0.0	0.0555556	0.0	0.0	0.0	0.0	0.0	0.0	0.0	0.0	0.0	0.0322581	0.03125	0.0	0.0	0.0	0.0	0.0	0.0	0.0	0.0	0.0	0.0	0.0	0.0	0.0	0.0	0.0	0.0	0.0	0.0	0.0	0.0	0.0	0.0	0.0	0.0	0.0	0.0	0.0	0.0	0.0	0.0	0.0	0.0	0.0	
Garrot à oeil d'or	0.0	0.0416667	0.04	0.0	0.0357143	0.0333333	0.0	0.0625	0.0545455	0.0	0.0731707	0.0416667	0.0	0.0	0.0	0.0	0.0	0.0	0.0	0.0	0.0	0.0	0.0	0.0	0.0	0.0208333	0.0	0.0	0.0	0.0	0.0	0.0	0.0	0.0	0.0	0.0	0.0	0.0	0.0	0.0	0.0	0.0	0.0	0.0	0.0	0.0	0.047619	0.0322581	
Harle piette	0.0	0.0	0.08	0.0555556	0.0	0.0333333	0.0	0.0	0.0	0.0	0.0	0.0	0.0	0.0	0.0	0.0	0.0	0.0	0.0	0.0	0.0	0.0	0.0	0.0	0.0	0.0	0.0	0.0	0.0	0.0	0.0	0.0	0.0	0.0	0.0	0.0	0.0	0.0	0.0	0.0	0.0	0.0	0.0	0.0	0.0	0.0416667	0.0952381	0.0	
Harle bièvre	0.0015	0.0416667	0.04	0.0	0.0	0.0	0.0	0.03125	0.0015	0.0	0.0	0.0	0.0	0.0	0.0	0.0	0.0	0.0	0.0	0.0	0.0	0.0	0.0	0.0	0.0	0.0	0.0	0.0	0.0	0.0	0.0	0.0	0.0	0.0	0.0	0.0	0.0	0.0	0.0	0.0	0.0	0.0	0.0	0.0384615	0.1052632	0.0	0.0	0.0645161	
Perdrix grise	0.0434783	0.125	0.08	0.0	0.0357143	0.0	0.0	0.03125	0.0181818	0.0322581	0.0	0.0416667	0.0612245	0.0645161	0.09375	0.0298507	0.0571429	0.0163934	0.037037	0.1276596	0.0192308	0.025	0.030303	0.0434783	0.0454545	0.0208333	0.0	0.0	0.1176471	0.0714286	0.05	0.0	0.0909091	0.0769231	0.1818182	0.0434783	0.0666667	0.08	0.0	0.0344828	0.1578947	0.0	0.0	0.0	0.0	0.0	0.0	0.0	
Faisan de Colchide	0.1304348	0.2916667	0.2	0.2222222	0.25	0.1333333	0.1176471	0.15625	0.3818182	0.483871	0.5121951	0.3333333	0.5510204	0.6451613	0.65625	0.5373134	0.4857143	0.5081967	0.5925926	0.5106383	0.3461538	0.25	0.3333333	0.3478261	0.4545455	0.375	0.0526316	0.2272727	0.2352941	0.3571429	0.25	0.1111111	0.2727273	0.2307692	0.1818182	0.1304348	0.2	0.28	0.0	0.3448276	0.2631579	0.4285714	0.125	0.1538462	0.0015	0.1666667	0.0952381	0.2258065	
Caille des blés	0.0	0.0	0.0	0.0	0.0	0.0	0.0	0.0	0.0	0.0	0.0	0.0	0.0	0.0	0.0	0.0	0.0285714	0.0	0.0	0.0425532	0.0015	0.075	0.0	0.0	0.0	0.0	0.0	0.0	0.0	0.0	0.0	0.2222222	0.0	0.0	0.0	0.0	0.0	0.0	0.0	0.0	0.0	0.0	0.0	0.0	0.0	0.0	0.0	0.0	
Perdrix rouge	0.0	0.0	0.0015	0.0	0.0	0.0	0.0	0.0	0.0015	0.0	0.0	0.0	0.0	0.0	0.0	0.0	0.0	0.0	0.0	0.0	0.0192308	0.0	0.0	0.0	0.0	0.0	0.0	0.0	0.0	0.0	0.05	0.0	0.0	0.0	0.0	0.0434783	0.0666667	0.0	0.0	0.0	0.0	0.0	0.0	0.0	0.0	0.0	0.0	0.0	
Pigeon biset	0.6956522	0.625	0.36	0.7222222	0.5357143	0.2	0.3529412	0.34375	0.3818182	0.3548387	0.4878049	0.3333333	0.3469388	0.483871	0.34375	0.1940299	0.2857143	0.1803279	0.3703704	0.2340426	0.25	0.225	0.3333333	0.2173913	0.3181818	0.2083333	0.2105263	0.1818182	0.1764706	0.1428571	0.2	0.2222222	0.1818182	0.0769231	0.2727273	0.1304348	0.2	0.28	0.3333333	0.137931	0.2631579	0.2857143	0.3125	0.4230769	0.6842105	0.625	0.5714286	0.483871	
Pigeon colombin	0.0	0.0	0.04	0.0	0.0357143	0.0666667	0.0	0.0	0.0	0.0645161	0.0731707	0.0416667	0.0408163	0.0967742	0.0	0.0447761	0.0015	0.0327869	0.0740741	0.0	0.0576923	0.025	0.030303	0.0869565	0.0454545	0.125	0.0	0.0	0.1176471	0.0714286	0.2	0.1111111	0.1818182	0.0769231	0.0909091	0.0434783	0.0666667	0.08	0.0	0.2413793	0.1052632	0.0714286	0.0	0.0	0.0	0.0	0.0	0.0	
Pigeon ramier	0.9130435	0.9583333	0.72	0.8333333	0.7857143	0.7	0.8823529	0.65625	0.6545455	0.8064516	0.8536585	0.7708333	0.7755102	0.8709677	0.875	0.761194	0.7142857	0.704918	0.8148148	0.7234043	0.7307692	0.775	0.7272727	0.7391304	0.9545455	0.9375	0.8947368	0.8636364	0.9411765	0.7142857	0.95	0.6666667	0.8181818	0.6153846	0.8181818	0.9130435	0.8666667	0.8	0.6666667	0.8275862	0.8947368	0.8571429	0.8125	0.8461538	0.8421053	0.75	0.8571429	0.8064516	
Tourterelle des bois	0.0	0.0	0.0	0.0	0.0	0.0	0.0	0.0	0.0	0.0	0.0	0.0	0.0	0.0	0.0	0.0149254	0.1142857	0.1639344	0.2962963	0.3404255	0.1730769	0.15	0.2424242	0.2173913	0.3181818	0.2708333	0.1052632	0.2727273	0.1764706	0.1428571	0.05	0.1111111	0.0	0.0015	0.0	0.0434783	0.0	0.0	0.0	0.0	0.0	0.0	0.0	0.0	0.0	0.0	0.0	0.0	
Tourterelle turque	0.6521739	0.6666667	0.52	0.7777778	0.5	0.3333333	0.4117647	0.4375	0.4	0.4193548	0.4390244	0.3958333	0.3877551	0.4516129	0.375	0.3880597	0.2857143	0.2459016	0.4444444	0.4468085	0.2692308	0.275	0.3636364	0.4782609	0.4090909	0.25	0.1578947	0.2727273	0.3529412	0.1428571	0.3	0.3333333	0.1818182	0.0769231	0.1818182	0.2608696	0.0666667	0.36	0.1111111	0.2068966	0.3157895	0.2857143	0.25	0.5	0.5789474	0.625	0.5714286	0.5806452	
Coucou gris	0.0	0.0	0.0	0.0	0.0	0.0	0.0	0.0	0.0	0.0	0.0	0.0	0.0408163	0.1290323	0.46875	0.5373134	0.6285714	0.4590164	0.6296296	0.4893617	0.4038462	0.375	0.2424242	0.1304348	0.1363636	0.0416667	0.0	0.0	0.0	0.0	0.0	0.0	0.0	0.0	0.0	0.0	0.0	0.0	0.0	0.0	0.0	0.0	0.0	0.0	0.0	0.0	0.0	0.0	
Martinet noir	0.0	0.0	0.0	0.0	0.0	0.0	0.0	0.0	0.0	0.0	0.0	0.0	0.0	0.0	0.0015	0.1492537	0.2857143	0.2295082	0.4814815	0.3829787	0.3076923	0.425	0.4848485	0.2608696	0.5454545	0.3541667	0.3157895	0.0015	0.1764706	0.4285714	0.2	0.1111111	0.0909091	0.0	0.0	0.0	0.0	0.0	0.0	0.0	0.0	0.0	0.0	0.0	0.0	0.0	0.0	0.0	
Râle d'eau	0.0	0.0	0.0	0.0	0.0357143	0.0	0.0	0.0	0.0545455	0.0	0.0487805	0.0625	0.0	0.0	0.0	0.0015	0.0285714	0.0	0.0	0.0	0.0	0.0	0.0	0.0	0.0454545	0.0015	0.0	0.0	0.0588235	0.0	0.0	0.0	0.0909091	0.0	0.0	0.0	0.0	0.0	0.0	0.0	0.0015	0.0714286	0.0	0.0384615	0.0	0.0	0.047619	0.0	
Râle des genêts	0.0	0.0	0.0	0.0	0.0	0.0	0.0	0.0	0.0	0.0	0.0	0.0	0.0	0.0	0.0	0.0	0.0	0.0	0.0	0.0212766	0.0015	0.0015	0.030303	0.0	0.0454545	0.0	0.0	0.0	0.0	0.0	0.0	0.0	0.0	0.0	0.0	0.0	0.0	0.0	0.0	0.0	0.0	0.0	0.0	0.0	0.0	0.0	0.0	0.0	
Marouette ponctuée	0.0	0.0	0.0	0.0	0.0	0.0	0.0	0.0	0.0	0.0	0.0	0.0	0.0	0.0	0.0	0.0	0.0	0.0	0.0	0.0	0.0015	0.0	0.0	0.0	0.0	0.0	0.0	0.0	0.0	0.0	0.0	0.1111111	0.0	0.0	0.0	0.0	0.0	0.0	0.0	0.0	0.0	0.0	0.0	0.0	0.0	0.0	0.0	0.0	
Gallinule poule-d'eau	0.3478261	0.5416667	0.36	0.4444444	0.4285714	0.3333333	0.2941176	0.375	0.4545455	0.4193548	0.4634146	0.25	0.3265306	0.5806452	0.375	0.2537313	0.3428571	0.1967213	0.4074074	0.2765957	0.25	0.125	0.4848485	0.2173913	0.3181818	0.2916667	0.1578947	0.1818182	0.5294118	0.5	0.35	0.3333333	0.7272727	0.3846154	0.5454545	0.2173913	0.5333333	0.48	0.0	0.2068966	0.2105263	0.3571429	0.3125	0.3461538	0.2105263	0.25	0.4761905	0.3870968	
Foulque macroule	0.1304348	0.2083333	0.32	0.1666667	0.2857143	0.2	0.1764706	0.375	0.4545455	0.3548387	0.3658537	0.2916667	0.2040816	0.3548387	0.28125	0.2985075	0.2571429	0.2622951	0.1111111	0.1914894	0.2307692	0.1	0.3030303	0.0869565	0.3181818	0.375	0.2105263	0.4090909	0.4705882	0.6428571	0.55	0.2222222	0.4545455	0.3846154	0.6363636	0.2173913	0.4	0.44	0.1111111	0.3103448	0.0526316	0.3571429	0.1875	0.1923077	0.1052632	0.1666667	0.3809524	0.2903226	
Grue cendrée	0.0	0.0	0.0	0.0	0.0	0.0	0.0588235	0.0	0.0181818	0.0015	0.0243902	0.0208333	0.0408163	0.0322581	0.0	0.0	0.0	0.0	0.0	0.0	0.0	0.0	0.0	0.0	0.0	0.0	0.0	0.0	0.0	0.0	0.0	0.0	0.0	0.0	0.0	0.0	0.0	0.0015	0.0	0.0	0.0	0.0	0.0	0.0	0.0015	0.0	0.0	0.0	
Oedicnème criard	0.0	0.0	0.0	0.0	0.0	0.0	0.0	0.0	0.0	0.0	0.0	0.0	0.0	0.0322581	0.0	0.0	0.0015	0.0	0.0	0.0212766	0.0015	0.0	0.0	0.0	0.0	0.0	0.0	0.0015	0.0	0.1428571	0.05	0.2222222	0.1818182	0.0	0.1818182	0.0434783	0.1333333	0.08	0.0	0.0	0.0	0.0	0.0	0.0	0.0	0.0	0.0	0.0	
Échasse blanche	0.0	0.0	0.0	0.0	0.0	0.0	0.0	0.0	0.0	0.0	0.0	0.0	0.0	0.0	0.03125	0.0149254	0.0	0.0327869	0.0	0.0212766	0.0192308	0.0	0.0	0.0	0.0	0.0833333	0.0	0.0	0.0	0.0	0.0	0.0	0.0	0.0	0.0	0.0	0.0	0.0	0.0	0.0	0.0	0.0	0.0	0.0	0.0	0.0	0.0	0.0	
Avocette élégante	0.0	0.0	0.0	0.0	0.0	0.0	0.0	0.0	0.0	0.0322581	0.0243902	0.0208333	0.0204082	0.0	0.03125	0.0447761	0.0285714	0.0491803	0.0	0.0212766	0.0576923	0.0	0.030303	0.0434783	0.0454545	0.0416667	0.0526316	0.0454545	0.0	0.0	0.0	0.0	0.0	0.0	0.0	0.0	0.0	0.0	0.0	0.0	0.0	0.0	0.0	0.0	0.0	0.0	0.0	0.0	
Pluvier doré	0.0	0.0416667	0.12	0.0015	0.0357143	0.0	0.0	0.0	0.0181818	0.0322581	0.0	0.0416667	0.0	0.0	0.0	0.0	0.0	0.0	0.0	0.0	0.0	0.0	0.0	0.0	0.0	0.0	0.0	0.0	0.0	0.0	0.05	0.1111111	0.0	0.0	0.0	0.0	0.0015	0.08	0.0	0.0689655	0.1578947	0.0714286	0.0625	0.0015	0.0	0.0	0.047619	0.0322581	
Guignard d’Eurasie	0.0	0.0	0.0	0.0	0.0	0.0	0.0	0.0	0.0	0.0	0.0	0.0	0.0	0.0	0.0	0.0	0.0	0.0	0.0	0.0	0.0	0.0	0.0	0.0	0.0	0.0	0.0	0.0	0.0	0.0	0.0	0.1111111	0.0	0.0	0.0	0.0	0.0	0.0	0.0	0.0	0.0	0.0	0.0	0.0	0.0	0.0	0.0	0.0	
Grand Gravelot	0.0	0.0	0.0	0.0	0.0	0.0	0.0	0.0	0.0	0.0	0.0	0.0	0.0408163	0.0	0.0	0.0149254	0.0	0.0163934	0.0	0.0015	0.0192308	0.0	0.0	0.0	0.0	0.0	0.0	0.0	0.0	0.0	0.1	0.0	0.0909091	0.0769231	0.1818182	0.0	0.0	0.0	0.0	0.0	0.0	0.0	0.0	0.0	0.0	0.0	0.0	0.0	
Petit Gravelot	0.0	0.0	0.0	0.0	0.0	0.0	0.0	0.0	0.0	0.0	0.0731707	0.0833333	0.0612245	0.0967742	0.0625	0.0447761	0.0285714	0.0655738	0.0	0.0212766	0.0769231	0.0	0.030303	0.0434783	0.0	0.0625	0.0526316	0.0	0.0	0.0	0.05	0.0	0.0	0.0	0.0909091	0.0	0.0	0.0	0.0	0.0	0.0	0.0	0.0	0.0	0.0	0.0	0.0	0.0	
Vanneau huppé	0.0434783	0.125	0.08	0.0015	0.1785714	0.1333333	0.0588235	0.125	0.1818182	0.3225806	0.2439024	0.1041667	0.0816327	0.0967742	0.15625	0.0746269	0.1142857	0.1147541	0.037037	0.1276596	0.1153846	0.125	0.1212121	0.0869565	0.1818182	0.375	0.1578947	0.2272727	0.4117647	0.2857143	0.4	0.2222222	0.4545455	0.3076923	0.5454545	0.1304348	0.0666667	0.16	0.0015	0.2758621	0.3157895	0.0714286	0.0625	0.0384615	0.0015	0.0833333	0.1904762	0.1290323	
Charadriidae sp.	0.0	0.0	0.0	0.0	0.0	0.0	0.0	0.0	0.0	0.0	0.0	0.0	0.0	0.0	0.0	0.0	0.0	0.0	0.0	0.0	0.0	0.0	0.0	0.0	0.0	0.0208333	0.0	0.0	0.0	0.0	0.0	0.0	0.0	0.0	0.0	0.0	0.0	0.0	0.0	0.0	0.0	0.0	0.0	0.0	0.0	0.0	0.0	0.0	
Courlis corlieu	0.0	0.0	0.0	0.0	0.0	0.0	0.0	0.0	0.0	0.0	0.0	0.0	0.0	0.0322581	0.0	0.0	0.0	0.0	0.0	0.0	0.0	0.0	0.0	0.0	0.0	0.0	0.0	0.0	0.0	0.0	0.0	0.0	0.0	0.0	0.0	0.0	0.0	0.0	0.0	0.0	0.0	0.0	0.0	0.0	0.0	0.0	0.0	0.0	
Courlis cendré	0.0	0.0	0.0	0.0	0.0	0.0333333	0.0588235	0.03125	0.1272727	0.0645161	0.0731707	0.1041667	0.0408163	0.0645161	0.0	0.0149254	0.0	0.0327869	0.037037	0.0425532	0.0576923	0.05	0.0	0.0	0.0454545	0.0	0.0	0.0	0.0	0.0	0.0	0.1111111	0.0	0.0	0.0	0.0	0.0	0.0	0.0	0.0	0.0	0.0	0.0	0.0	0.0	0.0	0.0	0.0	
Barge rousse	0.0	0.0	0.0	0.0	0.0	0.0	0.0	0.0	0.0	0.0	0.0	0.0	0.0	0.0	0.0	0.0149254	0.0	0.0	0.0	0.0	0.0	0.0	0.0	0.0	0.0	0.0	0.0	0.0	0.0	0.0	0.0	0.0	0.0	0.0	0.0	0.0	0.0	0.04	0.0	0.0	0.0	0.0	0.0	0.0	0.0	0.0	0.0	0.0	
Barge à queue noire	0.0	0.0	0.0	0.0	0.0	0.0	0.0	0.0	0.0181818	0.0	0.0	0.0	0.0408163	0.0	0.0	0.0	0.0285714	0.0	0.0	0.0	0.0192308	0.0	0.0	0.0	0.0	0.0	0.0	0.0	0.0	0.0	0.0	0.0	0.0909091	0.0	0.0909091	0.0	0.0	0.0	0.0	0.0689655	0.0	0.0	0.0	0.0	0.0	0.0	0.0	0.0	
Bécassine sourde	0.0	0.0	0.0015	0.0	0.0	0.0	0.0	0.0	0.0363636	0.0322581	0.1219512	0.0625	0.0204082	0.0	0.0	0.0	0.0	0.0	0.0	0.0	0.0	0.0	0.0	0.0	0.0	0.0	0.0	0.0	0.0	0.0	0.0	0.0	0.0	0.0	0.0	0.0	0.0	0.0	0.0	0.0	0.0526316	0.0	0.0	0.0	0.0	0.0	0.0	0.0	
Bécasse des bois	0.0434783	0.0	0.04	0.0	0.0	0.0333333	0.0015	0.0	0.0181818	0.0015	0.0	0.0	0.0204082	0.0	0.0	0.0	0.0	0.0	0.0	0.0	0.0192308	0.0	0.0	0.0	0.0	0.0	0.0	0.0	0.0	0.0	0.0	0.0	0.0	0.0	0.0	0.0	0.0	0.0	0.0	0.0344828	0.0	0.0	0.0625	0.0	0.0015	0.0	0.0	0.0	
Bécassine des marais	0.0434783	0.0833333	0.0015	0.0	0.0	0.1333333	0.0015	0.125	0.0727273	0.1935484	0.2195122	0.2083333	0.1020408	0.1290323	0.09375	0.0447761	0.0285714	0.0	0.0	0.0	0.0	0.0	0.0	0.0	0.0	0.0	0.0	0.0	0.0588235	0.0714286	0.25	0.0	0.2727273	0.1538462	0.0909091	0.0	0.0666667	0.04	0.0	0.0689655	0.0526316	0.1428571	0.0625	0.0	0.0	0.0	0.0952381	0.0967742	
Chevalier guignette	0.0	0.0	0.0	0.0	0.0	0.0	0.0	0.0	0.0	0.0	0.0243902	0.0	0.0204082	0.0322581	0.03125	0.1641791	0.1428571	0.0983607	0.0	0.0212766	0.0	0.0	0.0	0.0434783	0.0454545	0.2083333	0.1052632	0.1363636	0.4705882	0.4285714	0.35	0.1111111	0.2727273	0.0769231	0.2727273	0.1304348	0.0666667	0.0	0.0	0.0	0.0	0.0	0.0	0.0	0.0	0.0	0.0	0.0322581	
Chevalier culblanc	0.0	0.0416667	0.0	0.0	0.0714286	0.0	0.0	0.0	0.0545455	0.0322581	0.1463415	0.1041667	0.122449	0.1290323	0.0625	0.0149254	0.0285714	0.0163934	0.0	0.0	0.0384615	0.0	0.030303	0.0434783	0.1363636	0.3125	0.1052632	0.0454545	0.4117647	0.2142857	0.25	0.1111111	0.1818182	0.0769231	0.2727273	0.0	0.0666667	0.04	0.0	0.0344828	0.0	0.0	0.0	0.0	0.0	0.0	0.0	0.0	
Chevalier sylvain	0.0	0.0	0.0	0.0	0.0	0.0	0.0	0.0	0.0	0.0	0.0	0.0	0.0	0.0	0.0	0.0149254	0.0857143	0.0	0.0	0.0	0.0	0.0	0.0	0.0	0.0	0.0625	0.0	0.0	0.0	0.1428571	0.05	0.0	0.0909091	0.0	0.0	0.0	0.0	0.0	0.0	0.0	0.0	0.0	0.0	0.0	0.0	0.0	0.0	0.0	
Chevalier gambette	0.0	0.0416667	0.0	0.0	0.0	0.0	0.0	0.0	0.0	0.0	0.0015	0.1041667	0.1020408	0.0322581	0.03125	0.0746269	0.0571429	0.0491803	0.0	0.0	0.0192308	0.0	0.0	0.0434783	0.0	0.0208333	0.0	0.0	0.0	0.0	0.15	0.0	0.0	0.0	0.0	0.0	0.0	0.0	0.0	0.0	0.0	0.0	0.0	0.0	0.0	0.0	0.0	0.0	
Chevalier arlequin	0.0	0.0	0.0	0.0	0.0	0.0	0.0	0.0	0.0	0.0	0.0	0.0208333	0.0	0.0	0.0	0.0298507	0.0	0.0	0.0	0.0	0.0	0.0	0.0	0.0434783	0.0	0.0	0.0	0.0	0.0	0.0	0.0	0.0	0.0	0.0	0.0	0.0	0.0	0.0	0.0	0.0	0.0	0.0	0.0	0.0	0.0	0.0	0.0	0.0	
Chevalier aboyeur	0.0	0.0	0.0	0.0	0.0	0.0	0.0	0.0	0.0	0.0	0.0	0.0	0.0	0.0	0.0625	0.0746269	0.0857143	0.0491803	0.0	0.0212766	0.0	0.0	0.0	0.0	0.0	0.0	0.0526316	0.0	0.0588235	0.0714286	0.05	0.0	0.0909091	0.0769231	0.0909091	0.0	0.0	0.04	0.0	0.0	0.0	0.0	0.0	0.0	0.0	0.0	0.0	0.0	
Combattant varié	0.0	0.0	0.0	0.0	0.0	0.0	0.0	0.0	0.0	0.0	0.097561	0.1041667	0.0612245	0.0322581	0.03125	0.0298507	0.0	0.0	0.0	0.0	0.0	0.0	0.0	0.0	0.0	0.0625	0.0	0.0	0.0588235	0.0	0.0	0.0	0.0	0.0	0.0909091	0.0	0.0015	0.0	0.0	0.0	0.0	0.0	0.0	0.0	0.0	0.0	0.0	0.0	
Bécasseau cocorli	0.0	0.0	0.0	0.0	0.0	0.0	0.0	0.0	0.0	0.0	0.0	0.0	0.0	0.0	0.0	0.0	0.0	0.0163934	0.0	0.0	0.0	0.0	0.0	0.0	0.0	0.0	0.0	0.0	0.0	0.0	0.0	0.0	0.0	0.0	0.0	0.0434783	0.0	0.0	0.0	0.0	0.0	0.0	0.0	0.0	0.0	0.0	0.0	0.0	
Bécasseau de Temminck	0.0	0.0	0.0	0.0	0.0	0.0	0.0	0.0	0.0	0.0	0.0	0.0	0.0	0.0	0.0	0.0	0.0	0.0327869	0.0	0.0	0.0	0.0	0.0	0.0	0.0	0.0	0.0	0.0	0.0	0.0	0.0	0.0	0.0	0.0	0.0	0.0	0.0	0.0	0.0	0.0	0.0	0.0	0.0	0.0	0.0	0.0	0.0	0.0	
Bécasseau variable	0.0	0.0	0.0	0.0	0.0	0.0	0.0	0.0	0.0181818	0.0	0.0	0.0208333	0.0	0.0	0.0	0.0149254	0.0	0.0163934	0.0	0.0	0.0	0.0	0.0	0.0	0.0	0.0	0.0	0.0	0.0	0.0	0.05	0.0	0.1818182	0.0769231	0.1818182	0.0434783	0.0	0.0	0.0	0.0	0.0	0.0	0.0	0.0	0.0	0.0	0.0	0.0	
Bécasseau minute	0.0	0.0	0.0	0.0	0.0	0.0	0.0	0.0	0.0	0.0	0.0	0.0	0.0	0.0	0.0	0.0	0.0	0.0	0.0	0.0	0.0	0.0	0.0	0.0	0.0	0.0	0.0	0.0	0.0	0.0	0.0	0.0	0.0	0.0	0.0909091	0.0	0.0	0.0	0.0	0.0	0.0	0.0	0.0	0.0	0.0	0.0	0.0	0.0	
Mouette pygmée	0.0	0.0	0.0	0.0	0.0	0.0	0.0	0.0	0.0	0.0322581	0.0	0.0	0.0	0.0	0.03125	0.0447761	0.0015	0.0	0.0	0.0	0.0	0.0	0.0	0.0	0.0	0.0	0.0	0.0	0.0	0.0	0.0	0.0	0.0	0.0	0.0	0.0	0.0	0.0	0.0	0.0	0.0	0.0	0.0	0.0	0.0	0.0	0.0	0.0	
Mouette rieuse	0.173913	0.3333333	0.32	0.1111111	0.3214286	0.2666667	0.1176471	0.375	0.5636364	0.5483871	0.3658537	0.3541667	0.3469388	0.4516129	0.40625	0.3432836	0.2285714	0.2786885	0.2962963	0.3617021	0.4038462	0.175	0.3636364	0.173913	0.5454545	0.4375	0.3157895	0.3636364	0.5882353	0.5	0.45	0.4444444	0.4545455	0.4615385	0.5454545	0.2608696	0.3333333	0.4	0.1111111	0.3793103	0.3157895	0.2857143	0.125	0.1153846	0.1578947	0.1666667	0.3809524	0.3225806	
Mouette mélanocéphale	0.0	0.0	0.0	0.0	0.0	0.0	0.0	0.0	0.0181818	0.0	0.0243902	0.0833333	0.0	0.0	0.0	0.0	0.0	0.0	0.0	0.0	0.0	0.025	0.030303	0.0	0.0454545	0.0	0.0	0.0	0.0	0.0	0.0	0.0	0.0	0.0	0.0	0.0	0.0	0.0	0.0	0.0	0.0	0.0	0.0	0.0	0.0	0.0	0.0	0.0	
Goéland cendré	0.0	0.0416667	0.04	0.0	0.0	0.0	0.0	0.0	0.0363636	0.0	0.0	0.0	0.0	0.0	0.0	0.0	0.0	0.0	0.0	0.0	0.0	0.0	0.0	0.0	0.0	0.0	0.0	0.0	0.0	0.0	0.0	0.0	0.0	0.0015	0.0	0.0	0.0	0.0	0.0	0.0	0.0	0.0	0.0	0.0	0.0	0.0	0.0	0.0	
Goéland pontique	0.0	0.0416667	0.04	0.0	0.0	0.0	0.0	0.0	0.0	0.0	0.0	0.0	0.0	0.0	0.0	0.0	0.0	0.0	0.0	0.0	0.0	0.0	0.0	0.0	0.0	0.0	0.0	0.0	0.0	0.0	0.0	0.0	0.0	0.0	0.0	0.0	0.0	0.0	0.0	0.0	0.0	0.0	0.0	0.0384615	0.0	0.0	0.047619	0.0	
Goéland argenté	0.0015	0.0416667	0.04	0.0	0.0	0.0	0.0	0.0	0.0181818	0.0	0.0	0.0208333	0.0	0.0	0.0	0.0149254	0.0	0.0	0.0	0.0	0.0	0.0	0.0	0.0	0.0	0.0	0.0	0.0015	0.0	0.0	0.0	0.0	0.0	0.0	0.0909091	0.0	0.0	0.04	0.0	0.0	0.0526316	0.0	0.125	0.0384615	0.0	0.0	0.047619	0.0	
Goéland leucophée	0.0434783	0.0416667	0.04	0.0555556	0.0	0.0333333	0.0	0.03125	0.0	0.0	0.0243902	0.0	0.0204082	0.0	0.0	0.0	0.0285714	0.0	0.0	0.0	0.0015	0.025	0.0	0.0	0.0015	0.0	0.0	0.0	0.1176471	0.0	0.0	0.0	0.0	0.0	0.0	0.0	0.0666667	0.04	0.0	0.0	0.0526316	0.0	0.0	0.0384615	0.0	0.0	0.0	0.0	
Goéland brun	0.0	0.0416667	0.08	0.0	0.0357143	0.0333333	0.0	0.03125	0.0363636	0.0645161	0.0487805	0.0	0.0204082	0.0	0.03125	0.0	0.0	0.0	0.0	0.0	0.0	0.0	0.030303	0.0	0.0454545	0.0416667	0.0015	0.0	0.0	0.0	0.3	0.3333333	0.1818182	0.1538462	0.2727273	0.0869565	0.1333333	0.16	0.0	0.0689655	0.3157895	0.1428571	0.0625	0.0384615	0.0	0.0	0.047619	0.0	
goéland sp. (Larus sp.)	0.0	0.0416667	0.0	0.0	0.0	0.0	0.0	0.0	0.0	0.0	0.0	0.0	0.0204082	0.0	0.0	0.0	0.0	0.0	0.0	0.0	0.0	0.0	0.0	0.0	0.0	0.0208333	0.0	0.0	0.0588235	0.0714286	0.0	0.0	0.0	0.0	0.0909091	0.0	0.0	0.0	0.0	0.0344828	0.0	0.0	0.0625	0.0	0.0	0.0	0.0	0.0322581	
goéland ou mouette sp.	0.0	0.0	0.0	0.0	0.0	0.0	0.0	0.0	0.0	0.0	0.0	0.0	0.0	0.0	0.0	0.0	0.0	0.0	0.0	0.0	0.0	0.0	0.0	0.0	0.0	0.0	0.0	0.0	0.0	0.0	0.05	0.0	0.0	0.0	0.0	0.0	0.0	0.0	0.0	0.0	0.0	0.0	0.0	0.0	0.0	0.0	0.0	0.0	
Guifette moustac	0.0	0.0	0.0	0.0	0.0	0.0	0.0	0.0	0.0	0.0	0.0	0.0	0.0	0.0	0.0	0.0	0.0	0.0	0.0	0.0425532	0.0	0.0	0.0	0.0	0.0	0.0	0.0	0.0	0.0	0.0	0.0	0.0	0.0	0.0	0.0	0.0	0.0	0.0	0.0	0.0	0.0	0.0	0.0	0.0	0.0	0.0	0.0	0.0	
Guifette noire	0.0	0.0	0.0	0.0	0.0	0.0	0.0	0.0	0.0	0.0	0.0	0.0	0.0	0.0	0.0	0.0149254	0.0285714	0.0	0.0	0.0	0.0192308	0.0	0.0	0.0	0.0	0.0	0.0	0.0	0.0	0.0	0.0	0.0	0.0	0.0	0.0	0.0	0.0	0.0	0.0	0.0	0.0	0.0	0.0	0.0	0.0	0.0	0.0	0.0	
Sterne arctique	0.0	0.0	0.0	0.0	0.0	0.0	0.0	0.0	0.0	0.0	0.0	0.0	0.0	0.0	0.0	0.0	0.0285714	0.0	0.0	0.0	0.0	0.0	0.0	0.0	0.0	0.0	0.0	0.0	0.0	0.0	0.0	0.0	0.0	0.0	0.0	0.0	0.0	0.0	0.0	0.0	0.0	0.0	0.0	0.0	0.0	0.0	0.0	0.0	
Sterne pierregarin	0.0	0.0	0.0	0.0	0.0	0.0	0.0	0.0	0.0	0.0	0.0	0.0	0.0204082	0.1612903	0.21875	0.2238806	0.2571429	0.1803279	0.0015	0.212766	0.2307692	0.05	0.1818182	0.0869565	0.3181818	0.2916667	0.2105263	0.2727273	0.1176471	0.0714286	0.05	0.0	0.0	0.0	0.0	0.0	0.0	0.0	0.0	0.0	0.0	0.0	0.0	0.0	0.0	0.0	0.0	0.0	
Sterne pierregarin ou S. arctique	0.0	0.0	0.0	0.0	0.0	0.0	0.0	0.0	0.0	0.0	0.0	0.0	0.0	0.0	0.0015	0.0	0.0	0.0	0.0	0.0	0.0	0.0	0.0	0.0	0.0	0.0	0.0	0.0	0.0	0.0	0.0	0.0	0.0	0.0	0.0	0.0	0.0	0.0	0.0	0.0	0.0	0.0	0.0	0.0	0.0	0.0	0.0	0.0	
Grèbe castagneux	0.0869565	0.0833333	0.24	0.1111111	0.1785714	0.1	0.0588235	0.09375	0.2181818	0.0322581	0.1219512	0.1458333	0.0408163	0.0645161	0.09375	0.0447761	0.0571429	0.0163934	0.0	0.0425532	0.0015	0.05	0.0	0.0	0.0909091	0.125	0.0526316	0.0909091	0.0588235	0.2142857	0.05	0.0	0.0909091	0.1538462	0.6363636	0.0869565	0.2	0.16	0.0	0.137931	0.0526316	0.1428571	0.0	0.1538462	0.0526316	0.125	0.0952381	0.0967742	
Grèbe jougris	0.0	0.0	0.0	0.0	0.0	0.0	0.0	0.0	0.0	0.0	0.0	0.0	0.0	0.0	0.0	0.0149254	0.0	0.0	0.0	0.0	0.0	0.0	0.0	0.0	0.0	0.0	0.0	0.0	0.0	0.0	0.0	0.0	0.0	0.0	0.0	0.0	0.0	0.0	0.0	0.0	0.0	0.0	0.0	0.0	0.0	0.0	0.0	0.0	
Grèbe huppé	0.1304348	0.2083333	0.32	0.0555556	0.25	0.1333333	0.1176471	0.3125	0.2727273	0.1935484	0.3170732	0.25	0.122449	0.1935484	0.1875	0.2835821	0.1714286	0.1639344	0.037037	0.1276596	0.25	0.05	0.1818182	0.0869565	0.2272727	0.2291667	0.1578947	0.1363636	0.4117647	0.4285714	0.45	0.2222222	0.2727273	0.2307692	0.4545455	0.173913	0.2666667	0.28	0.1111111	0.2758621	0.0526316	0.2857143	0.1875	0.1153846	0.0526316	0.1666667	0.3809524	0.2258065	
Grèbe à cou noir	0.0434783	0.0	0.0	0.0	0.0	0.0333333	0.0	0.0625	0.0363636	0.0322581	0.0487805	0.0625	0.0408163	0.0322581	0.09375	0.0298507	0.0	0.0327869	0.0	0.0	0.0384615	0.05	0.030303	0.0	0.0	0.0833333	0.0	0.0	0.0588235	0.0	0.05	0.0	0.0	0.1538462	0.0909091	0.0	0.0	0.0	0.0	0.0	0.0526316	0.0	0.0	0.0	0.0	0.0	0.0952381	0.0	
Plongeon arctique	0.0	0.0	0.0015	0.0	0.0	0.0	0.0	0.0	0.0	0.0	0.0	0.0	0.0	0.0	0.0	0.0	0.0	0.0	0.0	0.0	0.0	0.0	0.0	0.0	0.0	0.0	0.0	0.0	0.0	0.0	0.0	0.0	0.0	0.0	0.0	0.0	0.0	0.0	0.0	0.0	0.0	0.0	0.0	0.0	0.0	0.0	0.0	0.0	
Plongeon imbrin	0.0015	0.0	0.12	0.0	0.0	0.0	0.0	0.0	0.0015	0.0	0.0243902	0.0	0.0	0.0	0.0	0.0	0.0	0.0	0.0	0.0	0.0	0.0	0.0	0.0	0.0	0.0	0.0	0.0	0.0	0.0	0.0	0.0	0.0	0.0	0.0	0.0	0.0	0.0	0.0	0.0	0.0	0.0	0.0	0.0	0.0	0.0	0.0	0.0322581	
Cigogne noire	0.0	0.0	0.0	0.0	0.0	0.0	0.0	0.0	0.0	0.0322581	0.0	0.0	0.0204082	0.0	0.0	0.0015	0.0	0.0015	0.0015	0.0212766	0.0015	0.025	0.0	0.0	0.0	0.0	0.0	0.0909091	0.2352941	0.0714286	0.0	0.0	0.0	0.0	0.0	0.0	0.0	0.0	0.0	0.0	0.0	0.0	0.0	0.0	0.0	0.0	0.0	0.0	
Cigogne blanche	0.0	0.0416667	0.04	0.0015	0.0015	0.0666667	0.0	0.0625	0.0545455	0.0322581	0.0731707	0.0833333	0.1020408	0.1935484	0.0625	0.0149254	0.0285714	0.0983607	0.2592593	0.0638298	0.0384615	0.025	0.0	0.0	0.1363636	0.0208333	0.0015	0.0	0.0588235	0.0714286	0.0015	0.0	0.0909091	0.0015	0.0909091	0.0	0.0666667	0.0	0.0	0.0015	0.0	0.0	0.0	0.0	0.0	0.0	0.0	0.0015	
Grand Cormoran	0.2173913	0.4166667	0.4	0.2222222	0.5357143	0.3333333	0.3529412	0.25	0.3818182	0.4193548	0.3414634	0.2083333	0.2244898	0.4193548	0.09375	0.1791045	0.2	0.2131148	0.1851852	0.2340426	0.2115385	0.1	0.1212121	0.1304348	0.2272727	0.25	0.2105263	0.1818182	0.4705882	0.5714286	0.4	0.4444444	0.8181818	0.4615385	0.5454545	0.173913	0.4666667	0.48	0.1111111	0.4137931	0.2105263	0.5	0.375	0.0769231	0.2105263	0.2083333	0.3333333	0.516129	
Spatule blanche	0.0	0.0	0.0	0.0	0.0	0.0	0.0	0.0	0.0	0.0	0.0	0.0	0.0	0.0322581	0.0	0.0149254	0.0	0.0	0.0	0.0212766	0.0	0.0	0.0	0.0	0.0	0.0	0.0	0.0	0.0	0.0	0.0	0.0	0.0	0.0	0.0	0.0	0.0	0.0	0.0	0.0	0.0	0.0	0.0	0.0	0.0	0.0	0.0	0.0	
Butor étoilé	0.0	0.0416667	0.0	0.0	0.0	0.0	0.0	0.0	0.0	0.0	0.0	0.0	0.0	0.0	0.0	0.0	0.0	0.0	0.0	0.0	0.0	0.0	0.0	0.0	0.0	0.0	0.0	0.0	0.0	0.0	0.0	0.0	0.0	0.0	0.0	0.0	0.0	0.0	0.0	0.0	0.0	0.0	0.0	0.0	0.0	0.0	0.0	0.0	
Blongios nain	0.0	0.0	0.0	0.0	0.0	0.0	0.0	0.0	0.0	0.0	0.0	0.0	0.0	0.0	0.0	0.0	0.0	0.0	0.0	0.0	0.0	0.0	0.0	0.0	0.0454545	0.0	0.0	0.0	0.0	0.0	0.05	0.0	0.0909091	0.0	0.0	0.0	0.0	0.0	0.0	0.0	0.0	0.0	0.0	0.0	0.0	0.0	0.0	0.0	
Bihoreau gris	0.0	0.0	0.0	0.0	0.0	0.0	0.0	0.0	0.0	0.0	0.0	0.0	0.0	0.0	0.0	0.0	0.0	0.0	0.037037	0.0	0.0	0.0	0.0	0.0434783	0.0	0.0	0.0	0.0	0.0	0.0	0.0	0.0	0.0	0.0	0.0	0.0015	0.0	0.0	0.0	0.0	0.0	0.0	0.0	0.0	0.0	0.0	0.0	0.0	
Aigrette garzette	0.0434783	0.0416667	0.0015	0.0	0.0714286	0.0333333	0.0588235	0.0625	0.0545455	0.0645161	0.1707317	0.125	0.0816327	0.1290323	0.0	0.0597015	0.0285714	0.0163934	0.037037	0.0	0.0384615	0.025	0.030303	0.0434783	0.0909091	0.1666667	0.1578947	0.2272727	0.2941176	0.5	0.4	0.3333333	0.4545455	0.2307692	0.1818182	0.0869565	0.2	0.16	0.0	0.137931	0.0526316	0.2142857	0.125	0.0384615	0.0015	0.0	0.1428571	0.0645161	
Héron garde-boeufs	0.0869565	0.0416667	0.0015	0.0	0.0357143	0.0015	0.0	0.0625	0.0181818	0.0322581	0.0487805	0.0416667	0.0204082	0.0645161	0.0	0.0298507	0.0571429	0.0	0.0015	0.0425532	0.0192308	0.025	0.030303	0.0	0.0909091	0.1041667	0.0	0.0	0.1176471	0.1428571	0.15	0.0	0.1818182	0.1538462	0.1818182	0.0434783	0.0	0.16	0.0	0.1034483	0.0015	0.0	0.0625	0.0015	0.0015	0.0015	0.0952381	0.0322581	
Grande Aigrette	0.1304348	0.3333333	0.4	0.2777778	0.25	0.2333333	0.1176471	0.28125	0.3636364	0.2580645	0.2682927	0.1458333	0.1836735	0.1935484	0.125	0.0597015	0.0285714	0.0327869	0.037037	0.0851064	0.0961538	0.0	0.0	0.0869565	0.1818182	0.1458333	0.0526316	0.0	0.2352941	0.2142857	0.35	0.2222222	0.6363636	0.3076923	0.3636364	0.173913	0.3333333	0.44	0.0	0.2758621	0.2105263	0.4285714	0.1875	0.1538462	0.2105263	0.1666667	0.2380952	0.3225806	
Héron cendré	0.0869565	0.375	0.52	0.1666667	0.25	0.3333333	0.0588235	0.3125	0.3454545	0.3225806	0.4146341	0.2708333	0.244898	0.3548387	0.28125	0.2686567	0.4	0.1967213	0.3333333	0.3191489	0.2692308	0.175	0.2424242	0.2173913	0.3181818	0.375	0.2105263	0.2727273	0.5882353	0.5714286	0.75	0.4444444	0.8181818	0.3076923	0.4545455	0.1304348	0.4	0.56	0.0	0.4137931	0.2105263	0.4285714	0.375	0.2692308	0.2631579	0.2083333	0.3333333	0.483871	
Héron pourpré	0.0	0.0	0.0	0.0	0.0	0.0	0.0	0.0	0.0	0.0	0.0	0.0	0.0	0.0	0.0	0.0	0.0	0.0163934	0.0	0.0	0.0	0.0	0.0	0.0	0.0	0.0	0.0	0.0	0.1176471	0.0	0.0	0.0	0.0	0.0	0.0909091	0.0	0.0	0.0	0.0	0.0	0.0	0.0	0.0	0.0	0.0	0.0	0.0	0.0	
Balbuzard pêcheur	0.0	0.0	0.0	0.0	0.0	0.0	0.0	0.0	0.0	0.0	0.0	0.0	0.0	0.0645161	0.03125	0.0149254	0.0	0.0015	0.0	0.0	0.0	0.0	0.0	0.0	0.0	0.0	0.0	0.0	0.0	0.0714286	0.05	0.1111111	0.5454545	0.2307692	0.0	0.1304348	0.0	0.04	0.0	0.0	0.0	0.0	0.0	0.0	0.0	0.0	0.0	0.0	
Élanion blanc	0.0	0.0	0.0	0.0	0.0	0.0	0.0	0.0	0.0	0.0	0.0	0.0015	0.0	0.0	0.0	0.0	0.0	0.0	0.0	0.0	0.0	0.0	0.0	0.0	0.0	0.0	0.0	0.0	0.0	0.0	0.0	0.0	0.0	0.0	0.0	0.0	0.0	0.0	0.0	0.0	0.0	0.0	0.0	0.0	0.0	0.0	0.0	0.0	
Bondrée apivore	0.0	0.0	0.0	0.0	0.0	0.0	0.0	0.0	0.0	0.0	0.0	0.0	0.0	0.0	0.0	0.0	0.0015	0.0327869	0.0740741	0.1276596	0.0576923	0.05	0.030303	0.0015	0.0909091	0.0625	0.0526316	0.0015	0.2352941	0.2857143	0.15	0.1111111	0.0909091	0.0	0.0909091	0.0	0.0	0.0	0.0	0.0	0.0	0.0	0.0	0.0	0.0	0.0	0.0	0.0	
Épervier d'Europe	0.0	0.0416667	0.04	0.0	0.0714286	0.0666667	0.0588235	0.09375	0.0363636	0.1935484	0.1463415	0.0416667	0.1428571	0.1612903	0.09375	0.0597015	0.0285714	0.0163934	0.037037	0.0212766	0.0	0.05	0.030303	0.0434783	0.0015	0.125	0.0526316	0.0454545	0.1764706	0.2142857	0.25	0.3333333	0.2727273	0.0769231	0.1818182	0.0869565	0.2	0.28	0.1111111	0.2413793	0.1578947	0.1428571	0.0625	0.0384615	0.1052632	0.0	0.1904762	0.0645161	
Autour des palombes	0.0	0.0	0.04	0.0	0.0015	0.0	0.0	0.0	0.0	0.0	0.0	0.0	0.0204082	0.0	0.0	0.0	0.0	0.0163934	0.0015	0.0	0.0	0.0	0.0	0.0	0.0909091	0.0	0.0	0.0	0.0	0.0	0.05	0.0	0.0	0.0	0.0909091	0.0434783	0.0	0.0	0.0	0.0	0.0	0.0	0.0625	0.0	0.0	0.0	0.0	0.0	
Busard des roseaux	0.0	0.0	0.0	0.0	0.0	0.0	0.0	0.0	0.0	0.0	0.0	0.0625	0.0204082	0.0645161	0.0625	0.0447761	0.0015	0.0327869	0.0	0.0851064	0.0384615	0.125	0.030303	0.0434783	0.0015	0.0833333	0.0	0.0015	0.0	0.1428571	0.3	0.3333333	0.4545455	0.3076923	0.2727273	0.0869565	0.0666667	0.04	0.0	0.0344828	0.0	0.0	0.0	0.0	0.0	0.0	0.0	0.0	
Busard Saint-Martin	0.0	0.0015	0.08	0.0015	0.0357143	0.0333333	0.0588235	0.0	0.0181818	0.0	0.0015	0.0015	0.0408163	0.0015	0.0	0.0015	0.0	0.0015	0.0	0.0638298	0.0192308	0.075	0.0	0.0434783	0.0	0.0	0.0	0.0015	0.0588235	0.0	0.0015	0.0015	0.0909091	0.0015	0.0909091	0.0869565	0.1333333	0.0	0.0	0.0344828	0.0526316	0.0	0.0	0.0	0.0	0.0	0.0	0.0645161	
Busard pâle	0.0	0.0	0.0	0.0	0.0	0.0	0.0	0.0	0.0	0.0	0.0	0.0	0.0	0.0	0.0	0.0	0.0	0.0	0.0	0.0	0.0	0.0	0.0	0.0	0.0	0.0	0.0	0.0	0.0	0.0	0.0	0.0	0.0	0.0	0.0909091	0.0	0.0	0.0	0.0	0.0	0.0	0.0	0.0	0.0	0.0	0.0	0.0	0.0	
Busard cendré	0.0	0.0	0.0	0.0	0.0	0.0	0.0	0.0	0.0	0.0	0.0	0.0	0.0	0.0	0.0015	0.0015	0.0571429	0.0	0.037037	0.0425532	0.0	0.0	0.0	0.0434783	0.0015	0.0208333	0.0	0.0	0.0	0.0714286	0.05	0.1111111	0.0	0.0	0.0	0.0	0.0	0.0	0.0	0.0	0.0	0.0	0.0	0.0	0.0	0.0	0.0	0.0	
busard sp.	0.0	0.0	0.0	0.0	0.0	0.0	0.0	0.0	0.0	0.0	0.0	0.0	0.0	0.0	0.0	0.0	0.0	0.0015	0.0	0.0	0.0	0.0	0.0	0.0	0.0454545	0.0	0.0	0.0454545	0.0	0.0	0.0	0.0	0.0	0.0	0.0	0.0	0.0	0.0	0.0	0.0	0.0	0.0	0.0	0.0	0.0	0.0	0.0	0.0	
Milan royal	0.0	0.0	0.0	0.0555556	0.0	0.0	0.0	0.03125	0.0	0.0	0.0	0.0	0.0204082	0.0322581	0.03125	0.0015	0.0015	0.0	0.0015	0.0212766	0.0192308	0.025	0.0	0.0434783	0.0	0.0	0.0526316	0.0015	0.0	0.0	0.0	0.0	0.0909091	0.0015	0.0909091	0.0	0.0666667	0.0	0.1111111	0.0	0.0	0.0	0.0	0.0	0.0	0.0416667	0.0	0.0322581	
Milan noir	0.0	0.0	0.0	0.0	0.0	0.0	0.0	0.0	0.0	0.0	0.0	0.0	0.0	0.0967742	0.0625	0.0746269	0.0571429	0.0491803	0.1111111	0.106383	0.0192308	0.05	0.0	0.0434783	0.0454545	0.0625	0.0526316	0.0015	0.0588235	0.0714286	0.0	0.0	0.0	0.0769231	0.0	0.0	0.0	0.0	0.0	0.0	0.0	0.0	0.0	0.0	0.0	0.0	0.0	0.0	
Buse variable	0.4782609	0.4166667	0.44	0.5	0.4285714	0.4666667	0.5294118	0.59375	0.4545455	0.7096774	0.4390244	0.5208333	0.4897959	0.3548387	0.5	0.358209	0.4285714	0.1803279	0.4074074	0.4255319	0.2884615	0.25	0.3939394	0.2173913	0.4545455	0.5416667	0.2105263	0.2272727	0.5882353	0.6428571	0.45	0.5555556	0.8181818	0.5384615	0.5454545	0.3913043	0.7333333	0.64	0.3333333	0.3103448	0.5263158	0.5714286	0.3125	0.5	0.2631579	0.2916667	0.6190476	0.5483871	
Buteo sp.	0.0	0.0	0.0	0.0	0.0	0.0	0.0	0.0	0.0	0.0	0.0	0.0	0.0	0.0	0.0	0.0	0.0	0.0	0.0	0.0	0.0	0.025	0.0	0.0	0.0	0.0	0.0	0.0	0.0	0.0	0.0	0.0	0.0	0.0	0.0	0.0	0.0	0.0	0.0	0.0	0.0	0.0	0.0	0.0	0.0	0.0	0.0	0.0	
rapace sp.	0.0	0.0	0.0	0.0	0.0	0.0	0.0	0.0	0.0	0.0	0.0	0.0	0.0	0.0	0.0	0.0	0.0	0.0	0.0	0.0	0.0	0.0	0.0	0.0	0.0454545	0.0	0.0	0.0	0.0	0.0	0.05	0.0	0.0	0.0	0.0	0.0	0.0	0.0	0.0	0.0	0.0	0.0	0.0	0.0	0.0	0.0	0.0	0.0	
Effraie des clochers	0.0	0.0015	0.0	0.0	0.0015	0.0015	0.0	0.0015	0.0015	0.0	0.0015	0.0	0.0	0.0	0.0	0.0	0.0015	0.0	0.0015	0.0	0.0	0.0	0.0	0.0434783	0.0015	0.0	0.0	0.0	0.0	0.0	0.0	0.0	0.0015	0.0	0.0015	0.0015	0.0015	0.0015	0.0015	0.0	0.0015	0.0015	0.0015	0.0	0.0	0.0015	0.0	0.0	
Chevêche d'Athéna	0.0	0.0	0.0	0.0	0.0	0.0	0.0	0.0	0.0015	0.0322581	0.0	0.0015	0.0	0.0	0.0	0.0	0.0015	0.0	0.0	0.0425532	0.0192308	0.0015	0.0	0.0	0.0	0.0208333	0.0526316	0.0	0.0	0.0	0.0	0.0	0.0	0.0015	0.0	0.0	0.0	0.0	0.0	0.0	0.0	0.0	0.0	0.0384615	0.0	0.0	0.0	0.0	
Chouette hulotte	0.0015	0.0	0.04	0.0015	0.0	0.0	0.0588235	0.0015	0.0181818	0.0322581	0.0015	0.0416667	0.0816327	0.0	0.0	0.0015	0.0285714	0.0015	0.0015	0.0212766	0.0192308	0.0	0.0015	0.0434783	0.0015	0.0015	0.0	0.0015	0.0588235	0.0	0.0	0.0015	0.0015	0.0015	0.0	0.0434783	0.0666667	0.12	0.0015	0.0344828	0.0	0.0	0.0	0.0	0.0015	0.0015	0.0	0.0322581	
Hibou moyen-duc	0.0	0.0	0.0	0.0015	0.0	0.0	0.0015	0.0	0.0015	0.0	0.0	0.0	0.0	0.0	0.0	0.0	0.0	0.0	0.0	0.0212766	0.0	0.0	0.0	0.0869565	0.0454545	0.0208333	0.0	0.0	0.0	0.0	0.0	0.0	0.0	0.0	0.0	0.0	0.0	0.0015	0.0	0.0	0.0	0.0714286	0.0	0.0	0.0	0.0	0.0	0.0	
Huppe fasciée	0.0	0.0	0.0	0.0	0.0	0.0	0.0	0.0	0.0	0.0	0.0	0.0	0.0	0.0	0.0	0.0	0.0	0.0	0.0	0.0212766	0.0	0.0	0.0	0.0	0.0	0.0	0.0	0.0	0.0	0.0	0.0	0.0	0.0	0.0	0.0	0.0	0.0	0.0	0.0	0.0	0.0	0.0	0.0	0.0	0.0	0.0	0.0	0.0	
Guêpier d'Europe	0.0	0.0	0.0	0.0	0.0	0.0	0.0	0.0	0.0	0.0	0.0	0.0	0.0	0.0	0.0	0.0015	0.0285714	0.0655738	0.0015	0.0212766	0.0192308	0.05	0.030303	0.0015	0.0454545	0.125	0.1052632	0.1363636	0.1764706	0.0714286	0.1	0.0	0.0909091	0.0	0.0	0.0	0.0	0.0	0.0	0.0	0.0	0.0	0.0	0.0	0.0	0.0	0.0	0.0	
Martin-pêcheur d'Europe	0.0434783	0.0833333	0.0015	0.0	0.0357143	0.1	0.0015	0.03125	0.0545455	0.0967742	0.1219512	0.0625	0.0408163	0.0967742	0.0625	0.0597015	0.2	0.0163934	0.037037	0.0212766	0.0576923	0.075	0.0909091	0.0434783	0.1363636	0.1041667	0.2105263	0.2272727	0.2941176	0.2857143	0.2	0.1111111	0.1818182	0.3076923	0.3636364	0.0434783	0.2666667	0.36	0.0	0.2068966	0.0	0.2857143	0.0	0.1923077	0.1578947	0.0	0.047619	0.0967742	
Torcol fourmilier	0.0	0.0	0.0	0.0	0.0	0.0	0.0	0.0	0.0	0.0	0.0	0.0	0.0	0.0	0.0	0.0149254	0.0285714	0.0	0.0	0.0	0.0	0.0	0.0	0.0	0.0	0.0	0.0	0.0	0.0	0.0	0.05	0.0	0.0	0.0	0.0	0.0	0.0	0.0	0.0	0.0	0.0	0.0	0.0	0.0	0.0	0.0	0.0	0.0	
Pic mar	0.0434783	0.0833333	0.0	0.0	0.0	0.0666667	0.0588235	0.0625	0.0363636	0.0	0.0243902	0.0	0.0408163	0.0322581	0.03125	0.0447761	0.0	0.0327869	0.0	0.0	0.0015	0.0	0.0	0.0	0.0454545	0.0208333	0.0	0.0	0.0588235	0.0	0.0	0.1111111	0.0	0.0769231	0.0	0.0	0.0	0.0	0.0	0.0344828	0.0526316	0.0714286	0.0	0.0769231	0.0	0.0015	0.047619	0.0	
Pic épeiche	0.2608696	0.4166667	0.36	0.2222222	0.2142857	0.3333333	0.4117647	0.28125	0.3272727	0.4516129	0.4146341	0.3125	0.3673469	0.2258065	0.28125	0.2238806	0.1142857	0.2622951	0.4074074	0.3191489	0.3269231	0.1	0.3030303	0.2173913	0.4090909	0.2083333	0.1052632	0.1363636	0.5294118	0.4285714	0.35	0.4444444	0.4545455	0.5384615	0.5454545	0.173913	0.4666667	0.44	0.1111111	0.3793103	0.6315789	0.5	0.4375	0.4230769	0.5789474	0.4166667	0.4285714	0.2903226	
Dendrocopos sp.	0.0	0.0	0.0	0.0	0.0	0.0	0.0	0.0	0.0	0.0	0.0	0.0	0.0	0.0	0.0	0.0	0.0	0.0	0.0	0.0	0.0	0.0	0.0	0.0	0.0	0.0	0.0	0.0	0.0	0.0	0.0	0.0	0.0	0.0	0.0	0.0	0.0	0.0	0.0	0.0	0.0	0.0	0.0625	0.0	0.0	0.0	0.0	0.0	
Pic épeichette	0.0	0.0416667	0.0	0.0	0.0	0.0	0.0588235	0.03125	0.0181818	0.0645161	0.0	0.0	0.0015	0.0	0.0015	0.0149254	0.0015	0.0	0.0	0.0212766	0.0015	0.0	0.030303	0.0	0.0015	0.0416667	0.1052632	0.0	0.1176471	0.1428571	0.05	0.0	0.0	0.0015	0.0	0.0	0.0666667	0.04	0.0	0.0344828	0.0	0.0	0.0	0.0	0.0	0.0	0.0	0.0	
Pic vert	0.3913043	0.4166667	0.28	0.6111111	0.3571429	0.3	0.4117647	0.5	0.4909091	0.6451613	0.6097561	0.3958333	0.4285714	0.2903226	0.4375	0.4626866	0.2857143	0.2786885	0.2962963	0.1914894	0.1538462	0.1	0.3030303	0.3043478	0.3636364	0.375	0.3684211	0.3636364	0.7647059	0.4285714	0.35	0.5555556	0.5454545	0.3076923	0.5454545	0.2608696	0.5333333	0.4	0.2222222	0.4827586	0.3684211	0.4285714	0.25	0.5769231	0.2105263	0.2916667	0.4285714	0.3548387	
Pic noir	0.0434783	0.0	0.0015	0.0	0.0	0.0666667	0.0	0.0	0.0	0.0322581	0.0243902	0.0416667	0.0612245	0.0015	0.0015	0.0746269	0.0285714	0.0491803	0.037037	0.0015	0.0384615	0.0	0.0	0.0	0.0	0.0	0.0526316	0.0	0.0588235	0.0714286	0.0	0.0015	0.0909091	0.0769231	0.0	0.0434783	0.0	0.04	0.0	0.0	0.1052632	0.0714286	0.0625	0.0	0.0	0.0416667	0.047619	0.0	
Faucon crécerelle	0.173913	0.375	0.12	0.0555556	0.1428571	0.2	0.0588235	0.09375	0.0727273	0.1612903	0.1707317	0.1041667	0.2040816	0.1612903	0.28125	0.1492537	0.1714286	0.1311475	0.2592593	0.1489362	0.0961538	0.1	0.0909091	0.0434783	0.2727273	0.25	0.1052632	0.2727273	0.0588235	0.3571429	0.25	0.5555556	0.3636364	0.2307692	0.3636364	0.2608696	0.4666667	0.4	0.2222222	0.1724138	0.2105263	0.0015	0.0625	0.2307692	0.1052632	0.125	0.1428571	0.2903226	
Faucon émerillon	0.0	0.0	0.0	0.0	0.0	0.0	0.0	0.0	0.0	0.0	0.0	0.0	0.0	0.0	0.0	0.0015	0.0	0.0	0.0	0.0	0.0	0.0	0.0	0.0	0.0	0.0	0.0	0.0	0.0	0.0	0.0	0.0	0.0	0.0	0.0	0.0434783	0.0015	0.0	0.0	0.0	0.0	0.0714286	0.0625	0.0	0.0	0.0	0.0	0.0	
Faucon hobereau	0.0	0.0	0.0	0.0	0.0	0.0	0.0	0.0	0.0	0.0	0.0	0.0	0.0	0.0	0.03125	0.0298507	0.1142857	0.0491803	0.0	0.0425532	0.0576923	0.075	0.1515152	0.0434783	0.1363636	0.0625	0.0015	0.0015	0.0588235	0.1428571	0.05	0.0015	0.1818182	0.0769231	0.0909091	0.0434783	0.0	0.04	0.0	0.0	0.0	0.0	0.0	0.0	0.0	0.0	0.0	0.0	
Faucon pèlerin	0.0	0.0416667	0.04	0.0	0.0	0.0	0.0	0.0	0.0	0.0	0.0	0.0015	0.0	0.0	0.0	0.0	0.0	0.0	0.0015	0.0	0.0	0.0	0.0	0.0434783	0.0	0.0208333	0.0	0.0	0.0	0.0	0.0	0.0	0.0	0.0	0.0909091	0.0	0.0	0.04	0.0	0.0	0.0	0.0	0.0	0.0	0.0	0.0	0.0	0.0015	
Falco sp.	0.0	0.0	0.0	0.0	0.0	0.0	0.0	0.0	0.0	0.0	0.0	0.0	0.0	0.0	0.0	0.0	0.0	0.0	0.0	0.0	0.0	0.0	0.0	0.0	0.0	0.0	0.0	0.0454545	0.0	0.0	0.0	0.0	0.0	0.0	0.0	0.0	0.0	0.0	0.0	0.0	0.0	0.0	0.0625	0.0	0.0	0.0	0.0	0.0	
Perruche à collier	0.0	0.0	0.0	0.0	0.0	0.0	0.0	0.0	0.0	0.0	0.0	0.0	0.0	0.0	0.0	0.0	0.0	0.0	0.0	0.0	0.0	0.0	0.0	0.0	0.0	0.0	0.0	0.0454545	0.0	0.0015	0.0	0.0	0.0	0.0	0.0	0.0	0.0	0.0	0.0	0.0	0.0	0.0	0.0	0.0	0.0	0.0	0.0	0.0	
Loriot d'Europe	0.0	0.0	0.0	0.0	0.0	0.0	0.0	0.0	0.0	0.0	0.0	0.0	0.0	0.0	0.0	0.0895522	0.3714286	0.2295082	0.3333333	0.1914894	0.25	0.125	0.0909091	0.0869565	0.1363636	0.2291667	0.0526316	0.0909091	0.4117647	0.0714286	0.0	0.0	0.0	0.0	0.0	0.0	0.0	0.0	0.0	0.0	0.0	0.0	0.0	0.0	0.0	0.0	0.0	0.0	
Pie-grièche écorcheur	0.0	0.0	0.0	0.0	0.0	0.0	0.0	0.0	0.0	0.0	0.0	0.0	0.0	0.0	0.0	0.0	0.0	0.0819672	0.2222222	0.2340426	0.1730769	0.1	0.0606061	0.0	0.2272727	0.1666667	0.1052632	0.1363636	0.4117647	0.1428571	0.15	0.0	0.0	0.0	0.0909091	0.0	0.0	0.0	0.0	0.0	0.0	0.0	0.0	0.0	0.0	0.0	0.0	0.0	
Pie-grièche grise	0.0	0.0	0.0	0.0015	0.0	0.0	0.0	0.0	0.0	0.0	0.0	0.0	0.0	0.0	0.0	0.0	0.0	0.0	0.0	0.0	0.0	0.0	0.0	0.0	0.0	0.0	0.0	0.0	0.0	0.0	0.0	0.0	0.0	0.0	0.0	0.0	0.0	0.0	0.0	0.0689655	0.0	0.0	0.0	0.0	0.0	0.0	0.0	0.0	
Geai des chênes	0.3478261	0.4583333	0.32	0.1111111	0.2857143	0.0666667	0.2352941	0.1875	0.2181818	0.483871	0.195122	0.1875	0.2653061	0.1612903	0.1875	0.2686567	0.1428571	0.147541	0.2592593	0.106383	0.1346154	0.075	0.0909091	0.1304348	0.2272727	0.2083333	0.0	0.0909091	0.3529412	0.2142857	0.3	0.2222222	0.6363636	0.5384615	0.6363636	0.3043478	0.6	0.64	0.2222222	0.3448276	0.4736842	0.5	0.3125	0.5	0.3157895	0.4583333	0.2380952	0.3870968	
Pie bavarde	0.826087	0.75	0.6	0.8333333	0.6071429	0.5333333	0.4705882	0.5625	0.4909091	0.4516129	0.5365854	0.4583333	0.5918367	0.5806452	0.59375	0.3283582	0.3428571	0.3114754	0.6296296	0.4042553	0.2692308	0.275	0.3333333	0.3043478	0.3636364	0.2916667	0.1578947	0.2727273	0.2941176	0.0714286	0.15	0.2222222	0.2727273	0.3076923	0.3636364	0.173913	0.3333333	0.48	0.2222222	0.3448276	0.3684211	0.5	0.375	0.5384615	0.6842105	0.7083333	0.7619048	0.6774194	
Choucas des tours	0.0869565	0.0833333	0.24	0.1111111	0.1071429	0.2333333	0.0588235	0.1875	0.2	0.2903226	0.1463415	0.1666667	0.0408163	0.0967742	0.0625	0.0447761	0.0571429	0.1147541	0.0015	0.1914894	0.0769231	0.15	0.030303	0.0	0.0909091	0.1041667	0.0015	0.0	0.2352941	0.0714286	0.1	0.1111111	0.2727273	0.3076923	0.2727273	0.2173913	0.3333333	0.44	0.2222222	0.3103448	0.1052632	0.0714286	0.125	0.1153846	0.0526316	0.125	0.1904762	0.0645161	
Corbeau freux	0.4782609	0.375	0.28	0.3888889	0.1785714	0.2	0.2352941	0.125	0.1636364	0.1612903	0.2682927	0.125	0.2244898	0.2258065	0.09375	0.0597015	0.1428571	0.0819672	0.2222222	0.212766	0.0769231	0.05	0.0606061	0.0869565	0.0454545	0.0833333	0.0	0.0454545	0.0	0.0	0.0015	0.2222222	0.2727273	0.3076923	0.0909091	0.0434783	0.2	0.2	0.0	0.1034483	0.2105263	0.2857143	0.3125	0.4230769	0.4210526	0.2916667	0.2857143	0.2580645	
Corneille noire	0.9130435	0.8333333	0.72	0.8333333	0.8214286	0.6666667	0.8235294	0.78125	0.7636364	0.7741935	0.7317073	0.6875	0.7755102	0.7096774	0.75	0.7462687	0.5714286	0.5901639	0.7037037	0.6808511	0.5	0.65	0.5454545	0.5652174	0.7727273	0.6666667	0.5789474	0.5454545	0.8235294	0.7142857	0.7	0.6666667	0.9090909	0.5384615	0.9090909	0.826087	0.8666667	0.72	0.6666667	0.7931034	0.6315789	0.8571429	0.5625	0.9615385	0.7894737	0.7083333	0.9047619	0.9032258	
Grand Corbeau	0.0	0.0	0.0	0.0015	0.0	0.0	0.0	0.0	0.0	0.0	0.0	0.0015	0.0	0.0	0.0	0.0	0.0	0.0163934	0.0	0.0	0.0192308	0.0015	0.0	0.0	0.0015	0.0	0.0	0.0	0.0	0.0	0.0	0.0	0.0	0.0	0.0	0.0	0.0	0.0015	0.0	0.0	0.0	0.0	0.0	0.0384615	0.0	0.0416667	0.0	0.0	
Mésange noire	0.0434783	0.0	0.0	0.0	0.0	0.0666667	0.0588235	0.0	0.0545455	0.0645161	0.0731707	0.0	0.0	0.0322581	0.0	0.0	0.0	0.0	0.0	0.0212766	0.0	0.05	0.0	0.0	0.0	0.0	0.0	0.0	0.0	0.0	0.0	0.0	0.0015	0.0	0.0909091	0.0434783	0.0666667	0.16	0.0	0.137931	0.1052632	0.0714286	0.0	0.0	0.0	0.0015	0.0	0.0	
Mésange huppée	0.0	0.0	0.0	0.0	0.0	0.0666667	0.0588235	0.0	0.0181818	0.0	0.0243902	0.0015	0.0	0.0322581	0.0	0.0	0.0	0.0163934	0.0	0.0	0.0769231	0.025	0.0606061	0.0	0.0	0.0	0.0	0.0454545	0.1176471	0.0714286	0.0	0.0	0.0	0.0769231	0.0	0.0434783	0.0	0.0	0.0	0.0	0.1052632	0.0	0.0	0.0	0.0	0.0	0.0	0.0015	
Mésange nonnette	0.0869565	0.0833333	0.04	0.0555556	0.0357143	0.1666667	0.2352941	0.28125	0.1090909	0.0645161	0.0731707	0.0625	0.0612245	0.0322581	0.125	0.0	0.0285714	0.0819672	0.1111111	0.0638298	0.0576923	0.05	0.0606061	0.0434783	0.0909091	0.0208333	0.0	0.0015	0.2352941	0.1428571	0.2	0.1111111	0.1818182	0.1538462	0.0909091	0.0434783	0.2666667	0.16	0.0	0.0689655	0.2631579	0.1428571	0.0625	0.2307692	0.1052632	0.125	0.047619	0.0967742	
Mésange boréale	0.0	0.0833333	0.12	0.0	0.0	0.0333333	0.0588235	0.03125	0.0545455	0.0015	0.1219512	0.0833333	0.0	0.0322581	0.03125	0.0	0.0	0.0	0.037037	0.0212766	0.0769231	0.0	0.1818182	0.0	0.0454545	0.0208333	0.0526316	0.0	0.0588235	0.1428571	0.0	0.0	0.0909091	0.1538462	0.0	0.0434783	0.0	0.04	0.1111111	0.0344828	0.0526316	0.0714286	0.0	0.0	0.0	0.0	0.047619	0.0	
Mésange nonnette ou M. boréale	0.0	0.0	0.0	0.0	0.0	0.0	0.0	0.0	0.0	0.0	0.0	0.0	0.0	0.0	0.0	0.0	0.0	0.0	0.0	0.0	0.0	0.05	0.0	0.0	0.0	0.0	0.0	0.0	0.0	0.0	0.0	0.0	0.0	0.0	0.0	0.0	0.0	0.0	0.0	0.0	0.0	0.0	0.0	0.0	0.0	0.0	0.0	0.0	
Mésange bleue	0.7826087	0.875	0.72	0.8333333	0.8214286	0.7333333	0.7058824	0.6875	0.6181818	0.7096774	0.6097561	0.5416667	0.6122449	0.6129032	0.5625	0.5074627	0.4	0.2622951	0.5185185	0.3191489	0.4038462	0.275	0.3939394	0.2173913	0.4545455	0.4375	0.3684211	0.4090909	0.5294118	0.5	0.5	0.4444444	0.9090909	0.6923077	0.4545455	0.4347826	0.7333333	0.68	0.5555556	0.6896552	0.8421053	0.8571429	0.875	0.8461538	0.9473684	0.7083333	0.8571429	0.6451613	
Mésange charbonnière	0.826087	0.875	0.72	0.8333333	0.8571429	0.7666667	0.7647059	0.6875	0.7454545	0.7419355	0.8536585	0.5416667	0.6326531	0.7096774	0.53125	0.6716418	0.5142857	0.295082	0.8148148	0.2553191	0.2884615	0.15	0.4545455	0.2173913	0.3636364	0.3125	0.3684211	0.4545455	0.6470588	0.3571429	0.3	0.2222222	0.4545455	0.4615385	0.7272727	0.5217391	0.8	0.6	0.4444444	0.6206897	0.7368421	0.9285714	0.8125	0.8461538	0.8421053	0.875	0.6190476	0.5483871	
Alouette lulu	0.0	0.0	0.0	0.0	0.0	0.0	0.0	0.03125	0.0	0.0322581	0.0	0.0	0.0015	0.0	0.0	0.0	0.0285714	0.0	0.0	0.0	0.0	0.0	0.0	0.0	0.0	0.0	0.0	0.0015	0.0	0.0	0.0	0.0	0.0	0.0	0.0	0.0	0.0	0.04	0.0	0.137931	0.0	0.0	0.0	0.0	0.0	0.0	0.0	0.0	
Alouette des champs	0.0	0.0833333	0.12	0.0	0.0714286	0.1333333	0.0015	0.03125	0.1272727	0.2258065	0.1463415	0.1666667	0.1428571	0.1935484	0.1875	0.1791045	0.1428571	0.2622951	0.2592593	0.3191489	0.1346154	0.225	0.0909091	0.1304348	0.2272727	0.1666667	0.0526316	0.0909091	0.1176471	0.0714286	0.05	0.0	0.0909091	0.0	0.0	0.0869565	0.4	0.24	0.2222222	0.3103448	0.3684211	0.0714286	0.0625	0.0015	0.0	0.0416667	0.047619	0.0322581	
Cisticole des joncs	0.0	0.0	0.0	0.0	0.0	0.0	0.0	0.0	0.0	0.0	0.0	0.0	0.0	0.0	0.0	0.0	0.0	0.0	0.0	0.0212766	0.0	0.0	0.0	0.0	0.0454545	0.0	0.0	0.0	0.0	0.0	0.0	0.0	0.0	0.0	0.0	0.0	0.0	0.0	0.0	0.0	0.0	0.0	0.0	0.0	0.0	0.0	0.0	0.0	
Hypolaïs polyglotte	0.0	0.0	0.0	0.0	0.0	0.0	0.0	0.0	0.0	0.0	0.0	0.0	0.0	0.0	0.0	0.0298507	0.1142857	0.2295082	0.1111111	0.212766	0.25	0.2	0.0606061	0.1304348	0.3636364	0.2916667	0.0526316	0.0909091	0.1764706	0.0	0.0	0.0	0.0	0.0	0.0	0.0	0.0	0.0	0.0	0.0	0.0	0.0	0.0	0.0	0.0	0.0	0.0	0.0	
Hypolaïs ictérine	0.0	0.0	0.0	0.0	0.0	0.0	0.0	0.0	0.0	0.0	0.0	0.0	0.0	0.0	0.0	0.0	0.0	0.0015	0.0015	0.0	0.0	0.025	0.0	0.0	0.0	0.0	0.0	0.0	0.0	0.0	0.0	0.0	0.0	0.0	0.0	0.0	0.0	0.0	0.0	0.0	0.0	0.0	0.0	0.0	0.0	0.0	0.0	0.0	
Phragmite des joncs	0.0	0.0	0.0	0.0	0.0	0.0	0.0	0.0	0.0	0.0	0.0	0.0	0.0408163	0.1290323	0.0625	0.1044776	0.1714286	0.0655738	0.0015	0.1276596	0.1346154	0.1	0.1818182	0.0	0.2272727	0.0416667	0.0526316	0.0	0.1176471	0.0714286	0.05	0.0	0.0	0.0	0.0	0.0	0.0	0.0	0.0	0.0	0.0	0.0	0.0	0.0	0.0	0.0	0.0	0.0	
Rousserolle verderolle	0.0	0.0	0.0	0.0	0.0	0.0	0.0	0.0	0.0	0.0	0.0	0.0	0.0	0.0	0.0	0.0298507	0.0	0.0	0.1481481	0.1276596	0.1153846	0.125	0.2121212	0.1304348	0.0454545	0.0833333	0.0526316	0.0454545	0.0	0.0	0.0	0.0	0.0	0.0	0.0	0.0	0.0	0.0	0.0	0.0	0.0	0.0	0.0	0.0	0.0	0.0	0.0	0.0	
Rousserolle effarvatte	0.0	0.0	0.0	0.0	0.0	0.0	0.0	0.0	0.0	0.0	0.0	0.0	0.0	0.0	0.0	0.0447761	0.1714286	0.0655738	0.0740741	0.106383	0.1923077	0.1	0.3333333	0.0869565	0.1363636	0.1875	0.0526316	0.0909091	0.1764706	0.1428571	0.05	0.0	0.0909091	0.0769231	0.0	0.0	0.0	0.0	0.0	0.0	0.0	0.0	0.0	0.0	0.0	0.0	0.0	0.0	
Rousserolle turdoïde	0.0	0.0	0.0	0.0	0.0	0.0	0.0	0.0	0.0	0.0	0.0	0.0	0.0	0.0	0.0	0.0	0.0857143	0.0163934	0.0	0.0212766	0.0576923	0.025	0.030303	0.0	0.0	0.0	0.0	0.0	0.0	0.0	0.0	0.0	0.0	0.0	0.0	0.0	0.0	0.0	0.0	0.0	0.0	0.0	0.0	0.0	0.0	0.0	0.0	0.0	
Locustelle luscinioïde	0.0	0.0	0.0	0.0	0.0	0.0	0.0	0.0	0.0	0.0	0.0	0.0	0.0	0.0	0.0	0.0149254	0.0571429	0.0	0.0	0.0	0.0	0.025	0.0	0.0	0.0	0.0	0.0	0.0	0.0	0.0	0.0	0.0	0.0	0.0	0.0	0.0	0.0	0.0	0.0	0.0	0.0	0.0	0.0	0.0	0.0	0.0	0.0	0.0	
Locustelle tachetée	0.0	0.0	0.0	0.0	0.0	0.0	0.0	0.0	0.0	0.0	0.0	0.0	0.0	0.0322581	0.0	0.0298507	0.0	0.0015	0.037037	0.0851064	0.0384615	0.1	0.0606061	0.1304348	0.0909091	0.0416667	0.0526316	0.0	0.0	0.0	0.0	0.0	0.0	0.0	0.0	0.0	0.0	0.0	0.0	0.0	0.0	0.0	0.0	0.0	0.0	0.0	0.0	0.0	
Hirondelle de rivage	0.0	0.0	0.0	0.0	0.0	0.0	0.0	0.0	0.0	0.0	0.0	0.0208333	0.0	0.1290323	0.03125	0.0298507	0.1428571	0.1147541	0.0	0.0425532	0.0769231	0.0	0.0606061	0.0	0.2272727	0.25	0.1052632	0.1818182	0.2352941	0.2142857	0.1	0.1111111	0.0909091	0.0769231	0.0	0.0	0.0	0.0	0.0	0.0	0.0	0.0	0.0	0.0	0.0	0.0	0.0	0.0	
Hirondelle rustique	0.0	0.0	0.0	0.0	0.0	0.0	0.0	0.0	0.0	0.0	0.0015	0.2291667	0.2653061	0.516129	0.40625	0.5223881	0.4571429	0.295082	0.5185185	0.4255319	0.3076923	0.475	0.4545455	0.3043478	0.5	0.4583333	0.5263158	0.3636364	0.7647059	0.3571429	0.8	0.4444444	0.7272727	0.2307692	0.1818182	0.173913	0.1333333	0.04	0.0	0.0344828	0.0526316	0.0	0.0	0.0	0.0	0.0	0.0	0.0	
Hirondelle de fenêtre	0.0	0.0	0.0	0.0	0.0	0.0	0.0	0.0	0.0	0.0	0.0	0.0208333	0.0408163	0.0967742	0.21875	0.238806	0.2857143	0.1803279	0.5185185	0.3404255	0.3461538	0.25	0.4545455	0.3478261	0.2272727	0.3541667	0.3684211	0.2727273	0.4117647	0.3571429	0.55	0.5555556	0.5454545	0.2307692	0.0909091	0.1304348	0.1333333	0.04	0.0	0.0689655	0.0	0.0	0.0	0.0	0.0	0.0	0.0	0.0	
hirondelle sp.	0.0	0.0	0.0	0.0	0.0	0.0	0.0	0.0	0.0	0.0	0.0	0.0	0.0	0.0	0.0	0.0	0.0	0.0163934	0.0	0.0	0.0	0.0	0.0	0.0	0.0	0.0208333	0.0	0.0	0.0	0.0	0.0	0.0	0.0	0.0	0.0909091	0.0434783	0.0	0.0	0.0	0.0	0.0	0.0	0.0	0.0	0.0	0.0	0.0	0.0	
Pouillot siffleur	0.0	0.0	0.0	0.0	0.0	0.0	0.0	0.0	0.0	0.0	0.0	0.0	0.0	0.0	0.0	0.0	0.0	0.0163934	0.0	0.0	0.0384615	0.025	0.030303	0.0434783	0.0	0.0	0.0	0.0	0.0	0.0	0.0	0.0	0.0	0.0	0.0	0.0	0.0	0.0	0.0	0.0	0.0	0.0	0.0	0.0	0.0	0.0	0.0	0.0	
Pouillot à grands sourcils	0.0	0.0	0.0	0.0	0.0	0.0	0.0	0.0	0.0	0.0	0.0	0.0	0.0	0.0	0.0	0.0	0.0	0.0	0.0	0.0	0.0	0.0	0.0	0.0	0.0	0.0	0.0	0.0	0.0	0.0	0.0	0.0	0.0	0.0	0.0	0.0	0.0	0.0	0.0	0.0	0.0	0.0714286	0.0	0.0	0.0	0.0	0.0	0.0	
Pouillot fitis	0.0	0.0	0.0	0.0	0.0	0.0	0.0	0.0	0.0	0.0	0.0	0.0208333	0.0612245	0.1935484	0.0625	0.1641791	0.2285714	0.0819672	0.0740741	0.0212766	0.1153846	0.05	0.0606061	0.0	0.0	0.0625	0.0	0.0	0.1764706	0.0	0.1	0.3333333	0.5454545	0.3846154	0.3636364	0.0434783	0.0	0.0	0.0	0.0	0.0	0.0	0.0	0.0	0.0	0.0	0.0	0.0	
Pouillot véloce	0.0	0.0833333	0.04	0.0	0.0357143	0.0	0.0588235	0.15625	0.2727273	0.483871	0.7317073	0.6666667	0.5918367	0.8387097	0.625	0.761194	0.7142857	0.6557377	0.8148148	0.5531915	0.5769231	0.45	0.4545455	0.4782609	0.6363636	0.6041667	0.3684211	0.3181818	0.6470588	0.7142857	0.55	0.4444444	1.0	0.6153846	0.8181818	0.5217391	0.6	0.6	0.1111111	0.2758621	0.1052632	0.3571429	0.0625	0.0769231	0.0	0.0416667	0.0952381	0.0322581	
Bouscarle de Cetti	0.0434783	0.0416667	0.0015	0.0	0.1071429	0.1333333	0.0588235	0.09375	0.1818182	0.2258065	0.2439024	0.2083333	0.1428571	0.2258065	0.21875	0.119403	0.1714286	0.1967213	0.2222222	0.2553191	0.2884615	0.1	0.2121212	0.0434783	0.2272727	0.0625	0.0	0.0454545	0.1764706	0.2857143	0.05	0.0	0.1818182	0.2307692	0.4545455	0.1304348	0.2	0.16	0.0	0.0344828	0.0	0.3571429	0.0	0.0	0.0	0.0416667	0.0952381	0.0	
Orite à longue queue	0.0015	0.1666667	0.12	0.0555556	0.1071429	0.3333333	0.3529412	0.25	0.2363636	0.3548387	0.3170732	0.125	0.2653061	0.2258065	0.21875	0.2089552	0.2857143	0.0491803	0.1481481	0.1702128	0.1153846	0.025	0.2121212	0.0434783	0.1363636	0.125	0.2105263	0.0909091	0.1764706	0.1428571	0.25	0.3333333	0.2727273	0.2307692	0.2727273	0.2173913	0.2666667	0.32	0.0	0.2758621	0.2631579	0.3571429	0.4375	0.1153846	0.0526316	0.0416667	0.2857143	0.2258065	
Fauvette à tête noire	0.0	0.0	0.0	0.0	0.0	0.0	0.0	0.03125	0.0181818	0.0322581	0.0731707	0.25	0.4489796	0.6774194	0.65625	0.7014925	0.6571429	0.5901639	0.7407407	0.4893617	0.5769231	0.325	0.5757576	0.3913043	0.5454545	0.6875	0.5263158	0.3181818	0.4117647	0.2142857	0.4	0.3333333	0.4545455	0.3846154	0.3636364	0.1304348	0.2666667	0.16	0.1111111	0.1034483	0.0	0.0714286	0.125	0.0769231	0.0	0.0	0.0	0.0	
Fauvette des jardins	0.0	0.0	0.0	0.0	0.0	0.0	0.0	0.0	0.0	0.0	0.0	0.0	0.0	0.0	0.09375	0.1343284	0.3142857	0.2459016	0.3703704	0.1914894	0.2692308	0.15	0.2727273	0.1304348	0.2272727	0.1875	0.0526316	0.0	0.1176471	0.0	0.1	0.0	0.0	0.0	0.0	0.0	0.0	0.0	0.0	0.0	0.0	0.0	0.0	0.0	0.0	0.0	0.0	0.0	
Fauvette babillarde	0.0	0.0	0.0	0.0	0.0	0.0	0.0	0.0	0.0	0.0	0.0	0.0	0.0	0.0645161	0.03125	0.0298507	0.0	0.0327869	0.0	0.106383	0.0769231	0.075	0.1515152	0.0869565	0.0454545	0.0625	0.0	0.0	0.0	0.0714286	0.0	0.0	0.0	0.0769231	0.0	0.0	0.0	0.0	0.0	0.0	0.0	0.0	0.0	0.0	0.0	0.0	0.0	0.0	
Fauvette grisette	0.0	0.0	0.0	0.0	0.0	0.0	0.0	0.0	0.0	0.0	0.0	0.0	0.0408163	0.2903226	0.25	0.2835821	0.4	0.295082	0.4444444	0.4468085	0.3653846	0.25	0.2727273	0.2173913	0.4090909	0.3958333	0.1052632	0.0015	0.3529412	0.1428571	0.15	0.0	0.2727273	0.0769231	0.0	0.0	0.0	0.0	0.0	0.0	0.0	0.0	0.0	0.0	0.0	0.0	0.0	0.0	
Roitelet huppé	0.0	0.0833333	0.16	0.0	0.0	0.1	0.1176471	0.125	0.0363636	0.0322581	0.0487805	0.0208333	0.0204082	0.0645161	0.03125	0.0447761	0.0285714	0.0163934	0.037037	0.0212766	0.0384615	0.0	0.0909091	0.0869565	0.0	0.0208333	0.0	0.0015	0.0588235	0.0714286	0.0	0.0	0.0	0.0769231	0.0909091	0.0	0.0666667	0.04	0.0	0.1034483	0.1578947	0.1428571	0.25	0.1153846	0.0	0.0	0.0	0.0322581	
Roitelet à triple bandeau	0.0	0.125	0.08	0.0	0.0	0.1666667	0.0015	0.125	0.0545455	0.1612903	0.1463415	0.2708333	0.1836735	0.1290323	0.15625	0.2089552	0.0571429	0.0819672	0.0015	0.0638298	0.0576923	0.05	0.1212121	0.0869565	0.0454545	0.0	0.0526316	0.0	0.0	0.0	0.0	0.0	0.0	0.0	0.0	0.0869565	0.1333333	0.12	0.1111111	0.0689655	0.1052632	0.1428571	0.1875	0.0384615	0.0526316	0.0416667	0.047619	0.0645161	
Roitelet huppé ou R. à triple bandeau	0.0434783	0.0	0.0	0.0	0.0	0.0	0.0	0.0	0.0	0.0	0.0	0.0208333	0.0	0.0	0.0	0.0	0.0	0.0	0.0	0.0	0.0	0.0	0.0	0.0	0.0	0.0	0.0	0.0	0.0	0.0	0.0	0.0	0.0	0.0	0.0	0.0	0.0	0.0	0.0	0.0	0.0	0.0	0.0	0.0	0.0	0.0	0.0	0.0	
Sittelle torchepot	0.0869565	0.125	0.24	0.1111111	0.1071429	0.2	0.1764706	0.09375	0.1090909	0.1290323	0.097561	0.1458333	0.1836735	0.0322581	0.09375	0.0597015	0.1142857	0.0327869	0.037037	0.1702128	0.0576923	0.075	0.0909091	0.0434783	0.1363636	0.0833333	0.1052632	0.0	0.1176471	0.2142857	0.25	0.3333333	0.3636364	0.1538462	0.0	0.173913	0.2	0.32	0.2222222	0.3103448	0.4210526	0.0714286	0.3125	0.2692308	0.1052632	0.125	0.0952381	0.0322581	
Grimpereau des bois	0.0	0.0	0.0	0.0	0.0	0.0	0.0	0.0	0.0	0.0	0.0	0.0	0.0015	0.0	0.0	0.0	0.0	0.0	0.0	0.0015	0.0	0.0	0.030303	0.0	0.0	0.0	0.0	0.0	0.0	0.0	0.0	0.0	0.0	0.0	0.0	0.0	0.0	0.0	0.0	0.0	0.0	0.0	0.0	0.0	0.0	0.0	0.0	0.0	
Grimpereau des jardins	0.0434783	0.125	0.24	0.0555556	0.1071429	0.3333333	0.2352941	0.3125	0.2909091	0.3225806	0.195122	0.1666667	0.244898	0.2258065	0.1875	0.358209	0.4	0.147541	0.3333333	0.2553191	0.0769231	0.0	0.1818182	0.3043478	0.2272727	0.1666667	0.2105263	0.1363636	0.4117647	0.3571429	0.3	0.1111111	0.2727273	0.3846154	0.2727273	0.2173913	0.2	0.24	0.1111111	0.137931	0.2631579	0.1428571	0.25	0.1538462	0.1578947	0.0833333	0.1428571	0.0967742	
Grimpereau des bois ou G. des jardins	0.0	0.0	0.0	0.0	0.0	0.0	0.0	0.0	0.0	0.0	0.0	0.0	0.0	0.0	0.0	0.0	0.0	0.0	0.0	0.0212766	0.0	0.0	0.0	0.0	0.0	0.0	0.0	0.0	0.0	0.0	0.0	0.0	0.0	0.0	0.0	0.0	0.0	0.0	0.0	0.0	0.0	0.0	0.0	0.0	0.0	0.0	0.0	0.0	
Troglodyte mignon	0.0434783	0.375	0.36	0.1666667	0.3214286	0.5333333	0.2941176	0.46875	0.5090909	0.6774194	0.5365854	0.5625	0.5306122	0.516129	0.59375	0.4776119	0.4285714	0.4262295	0.7037037	0.5106383	0.4230769	0.2	0.6363636	0.2173913	0.5	0.5416667	0.3157895	0.1363636	0.3529412	0.5	0.2	0.3333333	0.2727273	0.2307692	0.4545455	0.2608696	0.2666667	0.48	0.4444444	0.3793103	0.6315789	0.6428571	0.5625	0.5384615	0.2631579	0.3333333	0.4761905	0.4516129	
Cincle plongeur	0.0	0.0	0.0	0.0	0.0	0.0	0.0	0.0	0.0	0.0	0.0487805	0.0	0.0	0.0	0.0	0.0	0.0	0.0	0.0	0.0	0.0	0.0	0.0	0.0434783	0.0	0.0	0.0	0.0	0.0	0.0	0.0	0.0	0.0	0.0	0.0	0.0	0.0	0.0	0.0	0.0344828	0.0	0.0	0.0	0.0	0.0	0.0	0.0	0.0	
Étourneau sansonnet	0.7391304	0.625	0.64	0.8333333	0.5357143	0.4666667	0.4705882	0.5	0.6545455	0.6451613	0.5365854	0.4375	0.5510204	0.4193548	0.6875	0.5671642	0.4285714	0.3442623	0.6296296	0.4042553	0.3653846	0.3	0.4545455	0.3913043	0.5	0.3958333	0.1578947	0.1363636	0.2941176	0.2857143	0.35	0.2222222	0.5454545	0.4615385	0.5454545	0.2608696	0.2	0.56	0.2222222	0.4827586	0.7368421	0.5714286	0.5625	0.5384615	0.6842105	0.625	0.6190476	0.5483871	
Grive draine	0.0869565	0.3333333	0.24	0.0	0.1071429	0.1666667	0.0	0.09375	0.0909091	0.0967742	0.0731707	0.0625	0.1020408	0.0645161	0.09375	0.0447761	0.0285714	0.0163934	0.037037	0.0425532	0.0576923	0.0	0.0	0.0434783	0.0454545	0.1041667	0.0	0.0	0.1176471	0.0	0.0	0.0	0.0	0.0769231	0.0909091	0.0015	0.3333333	0.24	0.0	0.2068966	0.2105263	0.2142857	0.0	0.1538462	0.0526316	0.0416667	0.0952381	0.0645161	
Grive musicienne	0.173913	0.25	0.24	0.1666667	0.3214286	0.2	0.3529412	0.25	0.3636364	0.516129	0.3902439	0.3125	0.3265306	0.2580645	0.3125	0.2238806	0.2571429	0.2459016	0.3333333	0.3404255	0.1923077	0.15	0.1818182	0.1304348	0.3181818	0.2708333	0.1052632	0.0454545	0.2352941	0.0	0.1	0.0	0.0	0.3076923	0.3636364	0.2608696	0.4	0.56	0.1111111	0.3103448	0.3684211	0.4285714	0.1875	0.3076923	0.1052632	0.0	0.1428571	0.0967742	
Grive mauvis	0.0434783	0.125	0.12	0.0	0.1071429	0.1333333	0.0015	0.0625	0.0545455	0.1290323	0.1463415	0.2083333	0.0408163	0.0322581	0.0	0.0	0.0	0.0	0.0	0.0	0.0	0.0	0.0	0.0	0.0	0.0	0.0	0.0	0.0	0.0	0.0	0.0	0.0	0.0	0.0	0.0	0.0	0.24	0.0015	0.2068966	0.3684211	0.5714286	0.1875	0.1923077	0.0	0.0	0.0952381	0.0967742	
Merle noir	0.826087	0.8333333	0.68	0.8333333	0.7857143	0.6666667	0.6470588	0.5625	0.7636364	0.7419355	0.804878	0.5833333	0.7142857	0.8387097	0.8125	0.7462687	0.8	0.6885246	0.9259259	0.7234043	0.6153846	0.575	0.8181818	0.7391304	0.7727273	0.75	0.7368421	0.4545455	0.7647059	0.3571429	0.35	0.5555556	0.7272727	0.6153846	0.4545455	0.4782609	0.6	0.72	0.3333333	0.862069	0.7894737	0.8571429	0.6875	0.7692308	0.8421053	0.8333333	0.7619048	0.7419355	
Grive litorne	0.0869565	0.125	0.28	0.0555556	0.1071429	0.2	0.0	0.03125	0.0909091	0.1290323	0.1219512	0.0833333	0.0612245	0.0	0.03125	0.0	0.0	0.0	0.0	0.0	0.0	0.0	0.0	0.0	0.0	0.0	0.0	0.0	0.0	0.0	0.0	0.0	0.0	0.0	0.0	0.0	0.0	0.0	0.0	0.137931	0.1578947	0.1428571	0.0625	0.0769231	0.0526316	0.0833333	0.0952381	0.0645161	
Merle à plastron	0.0	0.0	0.0	0.0	0.0	0.0	0.0	0.0	0.0	0.0	0.0	0.0	0.0	0.0	0.03125	0.0298507	0.0	0.0	0.0	0.0	0.0	0.0	0.0	0.0	0.0	0.0	0.0	0.0	0.0	0.0	0.0	0.0	0.0	0.0	0.0	0.0	0.0	0.0	0.0015	0.0	0.0526316	0.0	0.0	0.0	0.0	0.0	0.0	0.0	
Gobemouche gris	0.0	0.0	0.0	0.0	0.0	0.0	0.0	0.0	0.0	0.0	0.0	0.0	0.0	0.0	0.0	0.0	0.0857143	0.0327869	0.1111111	0.1276596	0.1538462	0.05	0.0606061	0.0869565	0.0454545	0.125	0.0015	0.1363636	0.2941176	0.1428571	0.25	0.1111111	0.1818182	0.1538462	0.0909091	0.0869565	0.0	0.08	0.0015	0.0	0.0	0.0	0.0	0.0	0.0	0.0	0.0	0.0	
Rougegorge familier	0.826087	0.8333333	0.72	0.7777778	0.7142857	0.6	0.6470588	0.625	0.5818182	0.7741935	0.7804878	0.6041667	0.6122449	0.6774194	0.375	0.3880597	0.4285714	0.3114754	0.4444444	0.4042553	0.2884615	0.2	0.3939394	0.2608696	0.2272727	0.25	0.2105263	0.1818182	0.4117647	0.3571429	0.2	0.2222222	0.5454545	0.6153846	0.5454545	0.4347826	0.6666667	0.68	0.5555556	0.7586207	0.8421053	1.0	0.625	0.8076923	0.5263158	0.7916667	0.7142857	0.6451613	
Rossignol philomèle	0.0	0.0	0.0	0.0	0.0	0.0	0.0	0.0	0.0	0.0	0.0	0.0	0.0408163	0.1612903	0.1875	0.358209	0.3714286	0.3114754	0.3703704	0.2765957	0.2692308	0.2	0.1515152	0.0	0.1818182	0.0833333	0.0	0.0454545	0.0	0.0	0.0	0.0	0.0	0.0	0.0	0.0	0.0	0.0	0.0	0.0	0.0	0.0	0.0	0.0	0.0	0.0	0.0	0.0	
Gorgebleue à miroir	0.0	0.0	0.0	0.0	0.0	0.0	0.0	0.0	0.0	0.0322581	0.0487805	0.0625	0.0816327	0.1612903	0.03125	0.0746269	0.0857143	0.0015	0.0	0.0638298	0.0769231	0.05	0.030303	0.0	0.0454545	0.0416667	0.0	0.0	0.0	0.0	0.0	0.1111111	0.0	0.0	0.0	0.0	0.0	0.0	0.0	0.0	0.0	0.0	0.0	0.0	0.0	0.0	0.0	0.0	
Gobemouche noir	0.0	0.0	0.0	0.0	0.0	0.0	0.0	0.0	0.0	0.0	0.0	0.0	0.0	0.0	0.0	0.0298507	0.0285714	0.0	0.0	0.0212766	0.0	0.0	0.0	0.0	0.0	0.0	0.0	0.0	0.0	0.0	0.0	0.0	0.1818182	0.0769231	0.0	0.0	0.0	0.0	0.0	0.0	0.0	0.0	0.0	0.0	0.0	0.0	0.0	0.0	
Rougequeue à front blanc	0.0	0.0	0.0	0.0	0.0	0.0	0.0	0.0	0.0	0.0	0.0487805	0.0	0.0204082	0.0967742	0.09375	0.0298507	0.1714286	0.0655738	0.1481481	0.1276596	0.1346154	0.075	0.030303	0.0	0.0	0.0416667	0.0	0.0	0.0	0.0	0.0	0.0	0.4545455	0.0769231	0.0909091	0.0	0.0	0.0	0.0	0.0	0.0	0.0	0.0	0.0	0.0	0.0	0.0	0.0	
Rougequeue noir	0.0	0.0	0.0	0.0	0.0	0.0	0.0	0.0	0.0363636	0.0645161	0.1707317	0.1666667	0.3265306	0.2258065	0.25	0.2089552	0.0857143	0.0327869	0.2222222	0.2765957	0.1730769	0.125	0.2121212	0.1304348	0.0909091	0.1458333	0.1578947	0.1363636	0.1176471	0.0714286	0.05	0.0	0.0	0.0769231	0.0	0.173913	0.0666667	0.28	0.0	0.0689655	0.1578947	0.0	0.0625	0.0384615	0.0	0.0833333	0.047619	0.0	
Tarier des prés	0.0	0.0	0.0	0.0	0.0	0.0	0.0	0.0	0.0	0.0	0.0	0.0	0.0	0.0645161	0.125	0.0597015	0.0571429	0.0819672	0.1481481	0.1914894	0.0961538	0.1	0.030303	0.0434783	0.2272727	0.0208333	0.0526316	0.0	0.0	0.0714286	0.05	0.2222222	0.4545455	0.1538462	0.0	0.0	0.0	0.0	0.0	0.0344828	0.0	0.0	0.0	0.0	0.0	0.0	0.0	0.0	
Tarier pâtre	0.0	0.0	0.0	0.0	0.0357143	0.0	0.0	0.03125	0.0545455	0.0322581	0.097561	0.1041667	0.0408163	0.0645161	0.0625	0.0597015	0.0	0.0983607	0.0740741	0.1276596	0.0961538	0.1	0.030303	0.0869565	0.1818182	0.0625	0.0	0.0	0.0	0.0	0.05	0.0	0.0	0.0	0.0	0.0869565	0.0	0.08	0.0	0.0344828	0.0	0.0	0.0	0.0	0.0	0.0	0.047619	0.0	
Traquet motteux	0.0	0.0	0.0	0.0	0.0	0.0	0.0	0.0	0.0	0.0	0.0	0.0	0.0204082	0.0322581	0.0625	0.0447761	0.0857143	0.0327869	0.037037	0.0638298	0.0015	0.0	0.0	0.0	0.0	0.0	0.0	0.0	0.0	0.0	0.05	0.2222222	0.2727273	0.0769231	0.0909091	0.0434783	0.0666667	0.04	0.0	0.0	0.0	0.0	0.0	0.0	0.0	0.0	0.0	0.0	
Accenteur mouchet	0.4347826	0.375	0.32	0.3888889	0.3214286	0.4333333	0.3529412	0.46875	0.4545455	0.4516129	0.3414634	0.3125	0.3061224	0.2258065	0.21875	0.2089552	0.2571429	0.2459016	0.2962963	0.1914894	0.1538462	0.075	0.1515152	0.0434783	0.0454545	0.1458333	0.0	0.0	0.0588235	0.0714286	0.1	0.1111111	0.1818182	0.2307692	0.2727273	0.0869565	0.1333333	0.32	0.1111111	0.3103448	0.3157895	0.5	0.25	0.2692308	0.1578947	0.1666667	0.2857143	0.2258065	
Moineau domestique	0.6086957	0.5833333	0.52	0.6111111	0.5	0.3333333	0.4117647	0.40625	0.4727273	0.3225806	0.4634146	0.2708333	0.3877551	0.3548387	0.4375	0.3134328	0.3714286	0.2459016	0.5555556	0.4468085	0.25	0.3	0.4848485	0.3478261	0.2272727	0.25	0.4736842	0.5	0.2352941	0.0714286	0.3	0.3333333	0.0909091	0.1538462	0.0909091	0.3043478	0.0666667	0.28	0.1111111	0.2758621	0.3684211	0.2857143	0.375	0.6153846	0.5789474	0.6666667	0.6190476	0.516129	
Moineau friquet	0.0	0.0	0.04	0.0	0.0	0.0	0.0	0.0	0.0363636	0.0	0.0731707	0.0208333	0.0	0.0645161	0.03125	0.0	0.0	0.0163934	0.037037	0.1702128	0.0769231	0.05	0.0606061	0.0434783	0.0909091	0.0416667	0.1052632	0.0909091	0.0	0.0	0.0015	0.0	0.0	0.0769231	0.0	0.0	0.0	0.04	0.0	0.0344828	0.0	0.0	0.0	0.0	0.0	0.0	0.0	0.0	
Bergeronnette des ruisseaux	0.0434783	0.0833333	0.0	0.0	0.0357143	0.0333333	0.0	0.15625	0.0909091	0.1290323	0.0487805	0.0416667	0.0408163	0.0	0.125	0.0447761	0.0857143	0.0327869	0.037037	0.0212766	0.1346154	0.025	0.030303	0.0869565	0.0909091	0.0833333	0.0	0.0	0.1764706	0.0	0.15	0.1111111	0.1818182	0.1538462	0.1818182	0.173913	0.1333333	0.28	0.0	0.1034483	0.1052632	0.0	0.1875	0.1153846	0.0	0.0	0.047619	0.1290323	
Bergeronnette printanière	0.0	0.0	0.0	0.0	0.0	0.0	0.0	0.0	0.0	0.0	0.0	0.0	0.0612245	0.1290323	0.125	0.119403	0.1142857	0.1311475	0.037037	0.106383	0.0576923	0.025	0.030303	0.0434783	0.0454545	0.1458333	0.0526316	0.0454545	0.1176471	0.2142857	0.3	0.3333333	0.7272727	0.1538462	0.0909091	0.0434783	0.0	0.04	0.0	0.0	0.0	0.0	0.0	0.0	0.0	0.0	0.0	0.0	
Bergeronnette grise	0.0434783	0.125	0.08	0.0	0.0357143	0.1333333	0.0588235	0.15625	0.3272727	0.3548387	0.3902439	0.4166667	0.3061224	0.3225806	0.3125	0.3134328	0.2857143	0.1967213	0.2592593	0.3191489	0.3076923	0.375	0.3636364	0.1304348	0.5	0.4375	0.3157895	0.2272727	0.3529412	0.2142857	0.45	0.3333333	0.6363636	0.3076923	0.3636364	0.2173913	0.3333333	0.52	0.3333333	0.2758621	0.1052632	0.2142857	0.0	0.0	0.0	0.0	0.047619	0.0645161	
Pipit farlouse	0.0434783	0.0833333	0.04	0.0	0.1071429	0.1333333	0.0	0.09375	0.1454545	0.0967742	0.1707317	0.1875	0.1632653	0.2580645	0.15625	0.0447761	0.0	0.0655738	0.0740741	0.1702128	0.1153846	0.075	0.030303	0.0434783	0.2272727	0.0416667	0.0526316	0.0	0.0	0.0	0.05	0.1111111	0.0909091	0.0769231	0.1818182	0.0869565	0.3333333	0.32	0.2222222	0.2758621	0.2631579	0.4285714	0.0625	0.0384615	0.0526316	0.0416667	0.0952381	0.0645161	
Pipit des arbres	0.0	0.0	0.0	0.0	0.0	0.0	0.0	0.0	0.0	0.0	0.0	0.0	0.0	0.0645161	0.03125	0.0597015	0.0571429	0.0327869	0.037037	0.0212766	0.0769231	0.05	0.030303	0.0	0.0909091	0.0208333	0.0	0.0015	0.0588235	0.0	0.05	0.2222222	0.2727273	0.2307692	0.0	0.0434783	0.1333333	0.0	0.0	0.0	0.0	0.0	0.0	0.0	0.0	0.0	0.0	0.0	
Pipit spioncelle	0.0434783	0.0416667	0.04	0.0	0.1428571	0.1333333	0.0588235	0.0625	0.1272727	0.0645161	0.1463415	0.0833333	0.0408163	0.1290323	0.0	0.0	0.0	0.0	0.0	0.0	0.0	0.0	0.0	0.0	0.0	0.0	0.0	0.0	0.0	0.0	0.0	0.0	0.0	0.0	0.0	0.0	0.0	0.0	0.0	0.0344828	0.0	0.1428571	0.0625	0.0	0.0	0.0	0.047619	0.0645161	
Pinson des arbres	0.8695652	0.875	0.76	0.7222222	0.7142857	0.7	0.7647059	0.65625	0.7454545	0.8709677	0.8292683	0.5833333	0.7346939	0.7419355	0.75	0.6865672	0.7714286	0.5245902	0.8888889	0.5957447	0.6538462	0.45	0.7272727	0.5217391	0.7272727	0.7291667	0.6842105	0.3636364	0.6470588	0.2857143	0.25	0.2222222	0.3636364	0.2307692	0.4545455	0.3043478	0.6666667	0.72	0.6666667	0.6551724	0.8421053	0.9285714	0.6875	0.7307692	0.7894737	0.7083333	0.9047619	0.7096774	
Pinson du Nord	0.0869565	0.1666667	0.0	0.1666667	0.0714286	0.0333333	0.1176471	0.0015	0.0181818	0.0645161	0.0731707	0.0015	0.1020408	0.0322581	0.0	0.0	0.0	0.0	0.0	0.0	0.0	0.0	0.0	0.0	0.0	0.0	0.0	0.0	0.0	0.0	0.0	0.0	0.0	0.0	0.0	0.0	0.0	0.12	0.1111111	0.2068966	0.3157895	0.1428571	0.125	0.0769231	0.1052632	0.0416667	0.3333333	0.0645161	
Grosbec casse-noyaux	0.0869565	0.0416667	0.0015	0.1111111	0.0	0.0	0.0588235	0.15625	0.1454545	0.0015	0.097561	0.125	0.0204082	0.0967742	0.0	0.0149254	0.0285714	0.0	0.037037	0.0638298	0.0576923	0.0	0.030303	0.0	0.0454545	0.0208333	0.0	0.0	0.0	0.1428571	0.0	0.0	0.0	0.0769231	0.0	0.0869565	0.0666667	0.12	0.0	0.137931	0.1578947	0.1428571	0.1875	0.1153846	0.0	0.0833333	0.0	0.0322581	
Bouvreuil pivoine	0.0015	0.0416667	0.08	0.0	0.0	0.1	0.1176471	0.03125	0.0909091	0.0645161	0.1463415	0.0416667	0.0204082	0.0322581	0.03125	0.0298507	0.0285714	0.0163934	0.1111111	0.0851064	0.1153846	0.025	0.0606061	0.0869565	0.1363636	0.0625	0.0	0.0	0.3529412	0.1428571	0.05	0.0	0.0	0.0	0.1818182	0.0434783	0.0	0.16	0.0	0.0344828	0.1052632	0.0714286	0.0625	0.1153846	0.0526316	0.0833333	0.1904762	0.0	
Verdier d'Europe	0.2608696	0.2083333	0.24	0.3333333	0.2857143	0.2666667	0.1764706	0.34375	0.2727273	0.3225806	0.3902439	0.3125	0.3877551	0.3870968	0.25	0.2835821	0.3142857	0.0819672	0.2592593	0.1702128	0.1730769	0.175	0.3636364	0.0869565	0.1363636	0.1666667	0.3157895	0.2272727	0.1764706	0.1428571	0.1	0.2222222	0.1818182	0.0769231	0.0	0.0434783	0.0666667	0.16	0.1111111	0.137931	0.2105263	0.5	0.25	0.3461538	0.3684211	0.2916667	0.2380952	0.2903226	
Linotte mélodieuse	0.0	0.0833333	0.12	0.0	0.0	0.0333333	0.0	0.03125	0.0181818	0.0967742	0.1219512	0.0625	0.0816327	0.2258065	0.21875	0.2089552	0.1428571	0.1147541	0.1481481	0.212766	0.0961538	0.1	0.1212121	0.0434783	0.1363636	0.3125	0.3684211	0.2727273	0.1176471	0.1428571	0.1	0.2222222	0.0909091	0.0769231	0.3636364	0.0869565	0.2666667	0.16	0.1111111	0.2758621	0.2105263	0.2142857	0.0625	0.0384615	0.0526316	0.0416667	0.0	0.0	
Sizerin flammé	0.0	0.0	0.0	0.0	0.0	0.0333333	0.0	0.0	0.0	0.0	0.0	0.0	0.0	0.0	0.0	0.0	0.0	0.0	0.0	0.0	0.0	0.0	0.0	0.0	0.0	0.0	0.0	0.0	0.0	0.0	0.0	0.0	0.0	0.0	0.0	0.0	0.0	0.04	0.0	0.0344828	0.0	0.0	0.0	0.0	0.0	0.0	0.0	0.0322581	
Bec-croisé des sapins	0.0	0.0	0.0	0.0	0.0	0.0	0.0	0.0	0.0	0.0	0.0	0.0	0.0	0.0	0.0	0.0	0.0	0.0	0.0	0.0	0.0	0.0	0.0	0.0	0.0	0.0	0.0	0.0	0.0	0.0	0.0	0.0	0.0	0.0	0.0	0.0	0.0	0.0	0.0	0.1034483	0.0526316	0.0	0.0	0.0	0.0	0.0	0.0	0.0	
Chardonneret élégant	0.0434783	0.375	0.36	0.3333333	0.3214286	0.1666667	0.4117647	0.375	0.1818182	0.2580645	0.195122	0.1041667	0.244898	0.2258065	0.34375	0.3134328	0.3142857	0.1803279	0.2592593	0.2978723	0.2692308	0.225	0.2424242	0.2173913	0.3636364	0.4375	0.2631579	0.1818182	0.2941176	0.3571429	0.3	0.2222222	0.5454545	0.3846154	0.3636364	0.1304348	0.0	0.36	0.1111111	0.4137931	0.3157895	0.4285714	0.3125	0.2692308	0.2631579	0.125	0.2857143	0.1612903	
Serin cini	0.0	0.0	0.0	0.0	0.0	0.0	0.0	0.0	0.0	0.0	0.0	0.0625	0.0408163	0.1290323	0.0015	0.1343284	0.0285714	0.0163934	0.0	0.106383	0.0	0.075	0.1515152	0.0434783	0.0454545	0.0208333	0.0015	0.0015	0.0	0.0	0.0	0.0	0.0	0.0	0.0	0.0	0.0	0.04	0.0	0.0	0.0	0.0	0.0	0.0	0.0	0.0	0.0	0.0	
Tarin des aulnes	0.0	0.0833333	0.08	0.0555556	0.0	0.2333333	0.1764706	0.125	0.2363636	0.1612903	0.0731707	0.0208333	0.0	0.0645161	0.0	0.0	0.0	0.0	0.0	0.0	0.0	0.0	0.0	0.0	0.0	0.0	0.0	0.0	0.0	0.0	0.0	0.0	0.0015	0.0	0.0	0.0	0.2	0.32	0.1111111	0.3103448	0.1578947	0.2857143	0.0625	0.0769231	0.0526316	0.0416667	0.2380952	0.0645161	
Bruant proyer	0.0	0.0	0.0	0.0555556	0.0357143	0.0333333	0.0	0.0	0.0181818	0.0967742	0.0731707	0.125	0.0816327	0.2258065	0.15625	0.0746269	0.0571429	0.1311475	0.2962963	0.2553191	0.1538462	0.25	0.1212121	0.0434783	0.3636364	0.1458333	0.1052632	0.0909091	0.0	0.0	0.1	0.1111111	0.1818182	0.0769231	0.0	0.0434783	0.0	0.08	0.1111111	0.0689655	0.1578947	0.0	0.0	0.0	0.0	0.0	0.0	0.0	
Bruant zizi	0.0	0.0	0.0	0.0	0.0	0.0015	0.0	0.0	0.0	0.0	0.0	0.0	0.0204082	0.0	0.0	0.0	0.0285714	0.0163934	0.0	0.0638298	0.0	0.0015	0.0	0.0	0.0	0.0	0.0	0.0	0.0	0.0	0.0	0.0	0.0	0.0769231	0.0	0.0	0.0	0.0	0.0	0.0	0.0	0.0	0.0	0.0	0.0	0.0015	0.0	0.0	
Bruant jaune	0.0869565	0.1666667	0.12	0.0	0.0357143	0.1	0.0588235	0.125	0.0181818	0.1290323	0.0487805	0.0208333	0.0408163	0.0645161	0.03125	0.0149254	0.0285714	0.0491803	0.0740741	0.1276596	0.0961538	0.15	0.0	0.173913	0.1818182	0.2083333	0.1052632	0.1363636	0.1176471	0.0714286	0.1	0.1111111	0.1818182	0.1538462	0.0909091	0.0434783	0.0666667	0.08	0.0	0.0689655	0.2105263	0.0714286	0.0	0.0384615	0.0	0.0833333	0.0952381	0.0322581	
Bruant des roseaux	0.0	0.0416667	0.0015	0.0	0.1428571	0.1333333	0.1176471	0.0625	0.1818182	0.2580645	0.2439024	0.2083333	0.0816327	0.2903226	0.09375	0.0895522	0.1714286	0.1311475	0.1481481	0.2553191	0.2307692	0.15	0.2121212	0.0869565	0.3636364	0.1875	0.0526316	0.0	0.0588235	0.0714286	0.1	0.0	0.0	0.2307692	0.0909091	0.0434783	0.0666667	0.2	0.1111111	0.2068966	0.2105263	0.1428571	0.0625	0.0	0.0	0.0	0.0952381	0.0645161	

