









Frequency of observations in the selected location(s).:
Number of taxa: 	238

	Jan				Feb				Mar				Apr				May				Jun				Jul				Aug				Sep				Oct				Nov				Dec				
Sample Size:	8.0	13.0	8.0	33.0	18.0	3.0	14.0	11.0	12.0	9.0	19.0	32.0	58.0	47.0	53.0	61.0	56.0	119.0	64.0	103.0	53.0	50.0	95.0	41.0	22.0	33.0	28.0	22.0	23.0	46.0	21.0	53.0	11.0	16.0	20.0	23.0	4.0	7.0	5.0	24.0	6.0	6.0	4.0	1.0	1.0	4.0	8.0	37.0	

Oie à tête barrée	0.0	0.0	0.0	0.0	0.0	0.0	0.0	0.0	0.0	0.0	0.0	0.0	0.0	0.0	0.0	0.0	0.0	0.0	0.0	0.0	0.0	0.0	0.0	0.0	0.0	0.0	0.0	0.0	0.0	0.0	0.0	0.0	0.0	0.0	0.0	0.0434783	0.0	0.0	0.0	0.0	0.0	0.0	0.0	0.0	0.0	0.0	0.0	0.0	
Oie cendrée	0.0	0.0	0.0	0.0	0.0	0.0	0.0	0.0	0.0	0.0	0.0	0.03125	0.0344828	0.0212766	0.0	0.0	0.0	0.0084034	0.03125	0.0097087	0.0	0.0	0.0210526	0.0487805	0.0	0.0	0.0	0.0909091	0.0	0.0	0.0	0.0188679	0.0	0.0625	0.0	0.0015	0.25	0.1428571	0.0	0.0	0.1666667	0.0	0.0	0.0	0.0	0.0	0.125	0.0	
Oie cygnoïde	0.0	0.0	0.0	0.0	0.0	0.0	0.0	0.0	0.0	0.0	0.0	0.0	0.0	0.0	0.0	0.0	0.0	0.0	0.0	0.0	0.0	0.0	0.0	0.0	0.0	0.0	0.0	0.0	0.0	0.0	0.0	0.0	0.0	0.0625	0.0	0.0	0.0	0.0	0.0	0.0	0.0	0.0	0.0	0.0	0.0	0.0	0.0	0.0	
Bernache du Canada	0.0	0.0	0.0	0.0	0.0	0.0	0.0	0.0909091	0.0	0.0	0.0	0.0	0.0	0.0015	0.0	0.0327869	0.0	0.0084034	0.0	0.0194175	0.0	0.0	0.0	0.0243902	0.0	0.030303	0.0	0.0	0.0434783	0.0	0.0	0.0	0.0	0.0	0.0	0.0	0.0	0.0	0.0	0.0	0.0	0.0	0.0	0.0	0.0	0.0	0.0	0.0	
Cygne tuberculé	0.0	0.0769231	0.0	0.2424242	0.3333333	0.0015	0.0	0.0909091	0.0	0.2222222	0.1578947	0.0625	0.2068966	0.1276596	0.0943396	0.0655738	0.0535714	0.092437	0.09375	0.0970874	0.0754717	0.06	0.0842105	0.097561	0.0909091	0.1515152	0.1785714	0.0454545	0.2173913	0.1304348	0.047619	0.1509434	0.0	0.0625	0.05	0.173913	0.25	0.0	0.0	0.0833333	0.1666667	0.1666667	0.5	0.0	0.0	0.0	0.0	0.0015	
Cygne noir	0.0	0.0	0.0	0.0	0.0	0.0	0.0	0.0	0.0	0.0	0.0	0.0	0.0	0.0	0.0	0.0	0.0	0.0	0.0	0.0	0.0	0.0	0.0	0.0	0.0	0.0	0.0	0.0	0.0	0.0	0.0	0.0	0.0	0.0	0.0	0.0	0.0	0.0	0.2	0.0	0.0	0.0	0.0	0.0	0.0	0.0	0.0	0.0	
anatidé sp. (oie sp.)	0.0	0.0	0.0	0.0	0.0	0.0	0.0	0.0	0.0	0.0	0.0	0.0	0.0	0.0	0.0188679	0.0	0.0	0.0	0.0	0.0	0.0	0.0	0.0	0.0	0.0	0.0	0.0	0.0	0.0	0.0	0.0	0.0	0.0	0.0	0.0	0.0	0.0	0.0	0.0	0.0	0.0	0.0	0.0	0.0	0.0	0.0	0.0	0.0	
Ouette d'Égypte	0.0	0.0	0.125	0.1212121	0.1666667	0.0	0.0	0.0	0.0	0.0	0.0	0.03125	0.0344828	0.0	0.0015	0.0327869	0.0015	0.0168067	0.046875	0.0194175	0.0	0.0	0.0105263	0.0	0.0	0.0	0.0	0.0	0.0434783	0.0	0.0	0.0188679	0.0	0.0	0.0	0.0	0.0	0.0	0.0	0.0	0.1666667	0.0	0.25	0.0	0.0	0.0	0.0	0.0	
Tadorne casarca	0.0	0.0	0.0	0.0	0.0	0.0	0.0	0.0	0.0	0.0	0.0	0.03125	0.0	0.0	0.0	0.0	0.0	0.0	0.0	0.0	0.0	0.0	0.0	0.0	0.0	0.0	0.0	0.0	0.0434783	0.0	0.0	0.0	0.0	0.0	0.0	0.0	0.0	0.0	0.0	0.0	0.1666667	0.0	0.0	0.0	0.0	0.0	0.0	0.0	
Tadorne de Belon	0.0	0.0	0.0	0.1515152	0.1111111	0.0	0.0	0.0	0.0	0.1111111	0.0526316	0.0	0.1034483	0.0212766	0.0015	0.0015	0.0178571	0.0168067	0.0015	0.0	0.0	0.02	0.0105263	0.0	0.0	0.0015	0.0	0.0	0.0	0.0	0.0	0.0	0.0	0.0	0.0	0.0	0.0	0.0	0.0	0.0	0.1666667	0.0	0.0	0.0	0.0	0.0	0.125	0.0	
Canard musqué	0.0	0.0	0.0	0.0	0.0	0.0	0.0	0.0	0.0	0.0	0.0	0.0	0.0	0.0	0.0	0.0	0.0	0.0	0.0	0.0	0.0	0.0	0.0105263	0.0	0.0	0.0	0.0357143	0.0	0.0	0.0	0.0	0.0	0.0	0.0	0.0	0.0	0.0	0.0	0.0	0.0	0.0	0.0	0.0	0.0	0.0	0.0	0.0	0.0	
Canard mandarin	0.0	0.0	0.0	0.0	0.0	0.0	0.0	0.0	0.0	0.0	0.0	0.0	0.0	0.0	0.0	0.0	0.0	0.0	0.0	0.0	0.0	0.0	0.0	0.0	0.0	0.0	0.0	0.0	0.0	0.0	0.0	0.0	0.0	0.0	0.0	0.0	0.0	0.0	0.2	0.0	0.0	0.0	0.0	0.0	0.0	0.0	0.0	0.0	
Sarcelle d'été	0.0	0.0	0.0	0.0	0.0	0.0	0.0	0.0	0.0	0.0	0.0	0.0	0.0	0.0	0.0	0.0	0.0	0.0084034	0.0	0.0	0.0	0.0	0.0	0.0	0.0	0.0	0.0	0.0	0.0	0.0	0.0	0.0	0.0	0.0	0.0	0.0	0.0	0.0	0.0	0.0	0.0	0.0	0.0	0.0	0.0	0.0	0.0	0.0	
Canard souchet	0.0	0.0	0.0	0.0909091	0.0	0.0	0.0	0.1818182	0.0833333	0.0	0.0526316	0.03125	0.0517241	0.0	0.0015	0.0015	0.0	0.0	0.015625	0.0	0.0	0.0	0.0	0.0	0.0	0.0	0.0	0.0	0.0	0.0	0.0	0.0	0.0	0.0	0.0	0.0	0.0	0.0	0.0	0.0	0.0	0.1666667	0.0	0.0	0.0	0.0	0.0	0.0	
Canard chipeau	0.0	0.0	0.0	0.1515152	0.0555556	0.0	0.0714286	0.2727273	0.0833333	0.0	0.0	0.03125	0.0517241	0.0425532	0.0	0.0	0.0	0.0084034	0.0	0.0	0.0	0.0	0.0015	0.0	0.0	0.0	0.0	0.0	0.0	0.0217391	0.0	0.0	0.0	0.0	0.0	0.0	0.0	0.0	0.0	0.0833333	0.0	0.0	0.0	0.0	0.0	0.0	0.0015	0.0	
Canard siffleur	0.0	0.0	0.0	0.0	0.0	0.0	0.0	0.0909091	0.0	0.0	0.0	0.0	0.0	0.0	0.0	0.0	0.0	0.0	0.0	0.0	0.0	0.0	0.0	0.0	0.0	0.0	0.0	0.0	0.0	0.0	0.0	0.0	0.0	0.0	0.0	0.0	0.0	0.0	0.0	0.0	0.0	0.0	0.0	0.0	0.0	0.0	0.0	0.0015	
Canard à front blanc	0.0	0.0	0.0	0.0	0.0	0.0	0.0	0.0	0.0	0.0	0.0	0.0	0.0172414	0.0	0.0	0.0	0.0	0.0	0.0	0.0	0.0	0.0	0.0	0.0	0.0	0.0	0.0	0.0	0.0	0.0	0.0	0.0	0.0	0.0	0.0	0.0	0.0	0.0	0.0	0.0	0.0	0.0	0.0	0.0	0.0	0.0	0.0	0.0	
Canard colvert	0.0	0.2307692	0.0	0.1818182	0.1111111	0.0015	0.1428571	0.3636364	0.3333333	0.2222222	0.2105263	0.28125	0.3448276	0.1702128	0.1320755	0.1967213	0.125	0.1848739	0.171875	0.2038835	0.1886792	0.06	0.1052632	0.097561	0.0454545	0.1212121	0.1785714	0.2727273	0.3913043	0.173913	0.0952381	0.2075472	0.0909091	0.0625	0.1	0.0434783	0.25	0.2857143	0.2	0.25	0.1666667	0.1666667	0.25	0.0	0.0	0.0	0.125	0.1891892	
Canard pilet	0.0	0.0	0.0	0.1212121	0.0	0.0	0.0	0.0	0.0	0.0	0.0	0.0	0.0	0.0	0.0	0.0	0.0	0.0	0.0	0.0	0.0	0.0	0.0	0.0	0.0	0.0	0.0	0.0	0.0	0.0	0.0	0.0	0.0	0.0	0.0	0.0	0.0	0.0	0.0	0.0	0.0	0.0	0.0	0.0	0.0	0.0	0.0	0.0	
Sarcelle d'hiver	0.0	0.0	0.0	0.1212121	0.1111111	0.0	0.0714286	0.1818182	0.0833333	0.0	0.1052632	0.0	0.0517241	0.0	0.0015	0.0	0.0	0.0	0.0	0.0	0.0	0.0	0.0	0.0	0.0	0.0	0.0	0.0	0.0	0.0	0.0	0.0	0.0	0.0	0.0	0.0015	0.0	0.0	0.0	0.0416667	0.0	0.0	0.0	0.0	0.0	0.0	0.0	0.0	
anatidé sp. (canard barboteur sp.)	0.0	0.0	0.0	0.0	0.0	0.0	0.0	0.0	0.0	0.0	0.0	0.0	0.0	0.0	0.0	0.0	0.0	0.0	0.0	0.0	0.0	0.0	0.0	0.0243902	0.0	0.0	0.0	0.0	0.0	0.0	0.0	0.0	0.0	0.0	0.0	0.0	0.0	0.0	0.0	0.0	0.0	0.0	0.0	0.0	0.0	0.0	0.0	0.0	
Nette rousse	0.0	0.0	0.0	0.0	0.0	0.0	0.0	0.0	0.0	0.0	0.0	0.0625	0.0172414	0.0638298	0.0	0.0	0.0015	0.0084034	0.0	0.0	0.0	0.0	0.0015	0.0	0.0	0.0606061	0.0357143	0.0	0.0	0.0	0.0	0.0	0.0	0.0	0.0	0.0	0.0	0.0	0.0	0.0	0.0	0.0	0.0	0.0	0.0	0.0	0.0	0.0	
Fuligule milouin	0.0	0.0	0.0	0.0606061	0.0555556	0.0	0.0	0.0909091	0.0833333	0.0	0.0	0.0	0.0517241	0.0425532	0.0	0.0	0.0	0.0252101	0.015625	0.0	0.0	0.0	0.0105263	0.0	0.0	0.0606061	0.0	0.0454545	0.0434783	0.0	0.047619	0.0	0.0	0.0	0.0	0.0015	0.0	0.0	0.0	0.0	0.1666667	0.0	0.0	0.0	0.0	0.0	0.0	0.0	
Fuligule nyroca	0.0	0.0	0.0	0.0	0.0555556	0.0	0.0	0.0	0.0	0.0	0.0	0.0	0.0	0.0	0.0	0.0	0.0	0.0	0.0	0.0	0.0	0.0	0.0	0.0	0.0	0.0	0.0	0.0	0.0	0.0	0.0	0.0	0.0	0.0	0.0	0.0	0.0	0.0	0.0	0.0	0.0	0.0	0.0	0.0	0.0	0.0	0.0	0.0	
Fuligule morillon	0.0	0.0	0.0	0.0	0.0	0.0	0.0714286	0.0	0.0	0.0	0.0015	0.0	0.0	0.0	0.0	0.0	0.0	0.0	0.0	0.0	0.0	0.0	0.0	0.0	0.0	0.0	0.0	0.0454545	0.0	0.0	0.0	0.0	0.0	0.0	0.0	0.0	0.0	0.0	0.0	0.0	0.1666667	0.0	0.0	0.0	0.0	0.0	0.0	0.0	
Harle bièvre	0.0	0.0	0.0	0.0	0.0	0.0	0.0	0.0	0.0	0.0	0.0526316	0.0	0.0	0.0638298	0.0	0.0	0.0	0.0	0.0015	0.0	0.0	0.0	0.0	0.0	0.0	0.0	0.0	0.0	0.0	0.0	0.0	0.0	0.0	0.0	0.0	0.0	0.0	0.0	0.0	0.0	0.0	0.0	0.0	0.0	0.0	0.0	0.0015	0.0	
anatidé sp. (canard sp.)	0.0	0.0	0.0	0.0	0.0	0.0	0.0	0.0	0.0	0.0	0.0	0.0	0.0	0.0	0.0	0.0	0.0	0.0	0.0	0.0097087	0.0	0.0	0.0105263	0.0	0.0	0.030303	0.0	0.0	0.0	0.0	0.0	0.0	0.0	0.0	0.0	0.0	0.0	0.0	0.0	0.0	0.0	0.0	0.0	0.0	0.0	0.0	0.0	0.0	
Perdrix grise	0.0	0.0	0.0	0.0	0.0	0.0	0.0	0.0	0.0	0.0	0.0	0.0	0.0172414	0.0	0.0	0.0163934	0.0	0.0	0.0	0.0	0.0	0.02	0.0	0.0	0.0	0.030303	0.0	0.0	0.0	0.0	0.0	0.0	0.0	0.0	0.0	0.0	0.0	0.0	0.0	0.0	0.0	0.0	0.0	0.0	0.0	0.0	0.0	0.0	
Faisan de Colchide	0.0	0.0015	0.125	0.0	0.1666667	0.0	0.0	0.0	0.1666667	0.0	0.0	0.0625	0.0344828	0.0851064	0.0188679	0.0655738	0.0357143	0.0336134	0.03125	0.038835	0.0754717	0.0	0.0421053	0.0	0.0	0.030303	0.0357143	0.0	0.0434783	0.0	0.047619	0.0	0.0909091	0.0	0.0	0.0	0.0	0.0	0.0	0.0	0.0	0.0	0.0	0.0	0.0	0.0	0.0	0.0	
Paon bleu	0.0	0.0	0.0	0.0	0.0	0.0	0.0	0.0	0.0	0.0	0.0	0.0	0.0862069	0.0851064	0.0377358	0.0	0.0357143	0.0336134	0.0	0.0	0.0	0.0	0.0	0.0	0.0	0.0	0.0	0.0	0.0	0.0	0.0	0.0	0.0	0.0	0.0	0.0	0.0	0.0	0.0	0.0	0.0	0.0	0.0	0.0	0.0	0.0	0.0	0.0	
Caille des blés	0.0	0.0	0.0	0.0	0.0	0.0	0.0	0.0	0.0	0.0	0.0	0.0	0.0	0.0	0.0	0.0	0.0178571	0.0168067	0.0015	0.0097087	0.0188679	0.08	0.0015	0.0	0.0	0.030303	0.0	0.0	0.0	0.0	0.0	0.0	0.0	0.0	0.0	0.0	0.0	0.0	0.0	0.0	0.0	0.0	0.0	0.0	0.0	0.0	0.0	0.0	
Perdrix rouge	0.0	0.0	0.0	0.0	0.0	0.0	0.0	0.0	0.0	0.0	0.0	0.0015	0.0	0.0	0.0	0.0	0.0	0.0	0.0	0.0	0.0	0.0	0.0	0.0	0.0	0.0	0.0	0.0	0.0	0.0	0.0015	0.0	0.0	0.0	0.0	0.0	0.0	0.0	0.0	0.0015	0.0	0.0	0.0	0.0	0.0	0.0	0.0	0.0	
Pigeon biset	0.125	0.1538462	0.125	0.030303	0.0	0.0	0.0015	0.0909091	0.0833333	0.1111111	0.1052632	0.125	0.0517241	0.0425532	0.0943396	0.147541	0.1428571	0.1428571	0.125	0.1262136	0.0943396	0.08	0.0736842	0.0487805	0.0909091	0.0606061	0.1785714	0.3181818	0.2173913	0.2391304	0.1428571	0.0943396	0.0	0.25	0.1	0.1304348	0.25	0.0015	0.2	0.0416667	0.0	0.0015	0.25	0.0	0.0	0.0	0.125	0.1081081	
Pigeon colombin	0.0	0.0	0.0	0.0	0.0	0.0	0.0714286	0.0	0.0	0.0	0.0	0.0	0.0172414	0.0	0.0	0.0	0.0	0.0168067	0.015625	0.0	0.0	0.0015	0.0526316	0.0	0.0015	0.0606061	0.0	0.0	0.0434783	0.0217391	0.047619	0.0	0.0909091	0.0625	0.0	0.0434783	0.0	0.1428571	0.0	0.0416667	0.0	0.0015	0.0	0.0	0.0	0.0	0.0	0.0	
Pigeon ramier	0.375	0.2307692	0.5	0.2424242	0.3888889	0.0	0.7142857	0.3636364	0.5	0.6666667	0.4210526	0.5625	0.5517241	0.5531915	0.5660377	0.6885246	0.5357143	0.3193277	0.453125	0.5339806	0.4150943	0.54	0.5052632	0.4390244	0.3181818	0.3939394	0.6785714	0.6818182	0.5217391	0.7173913	0.9047619	0.5660377	0.6363636	0.375	0.3	0.2173913	0.5	0.2857143	0.6	0.0833333	0.1666667	0.6666667	0.25	0.0	0.0	0.0	0.0015	0.5135135	
Columba sp.	0.0	0.0	0.0	0.0	0.0	0.0	0.0	0.0	0.0	0.0	0.0	0.0	0.0	0.0	0.0	0.0	0.0	0.0	0.0	0.0	0.0	0.0	0.0	0.0	0.0	0.0	0.0	0.0	0.0	0.0	0.0	0.0188679	0.0	0.0	0.0	0.0	0.0	0.0	0.0	0.0	0.0	0.0	0.0	0.0	0.0	0.0	0.0	0.0	
Tourterelle des bois	0.0	0.0	0.0	0.0	0.0	0.0	0.0	0.0	0.0	0.0	0.0	0.0	0.0	0.0	0.0015	0.0491803	0.0714286	0.0672269	0.109375	0.1067961	0.1509434	0.24	0.2315789	0.195122	0.0015	0.030303	0.0714286	0.0	0.0015	0.0217391	0.0952381	0.0943396	0.0909091	0.0	0.0	0.0	0.0	0.0	0.0	0.0	0.0	0.0	0.0	0.0	0.0	0.0	0.0	0.0	
Tourterelle turque	0.125	0.1538462	0.25	0.1515152	0.1111111	0.0015	0.0714286	0.0	0.1666667	0.1111111	0.1578947	0.34375	0.3103448	0.4255319	0.3584906	0.4590164	0.375	0.3193277	0.375	0.4174757	0.4339623	0.32	0.2736842	0.2195122	0.1363636	0.2424242	0.4642857	0.4090909	0.2608696	0.3695652	0.2857143	0.2830189	0.1818182	0.3125	0.15	0.2608696	0.5	0.2857143	0.2	0.0	0.0	0.1666667	0.25	0.0	0.0	0.0	0.125	0.1351351	
Coucou gris	0.0	0.0	0.0	0.0	0.0	0.0	0.0	0.0	0.0	0.0	0.0	0.125	0.3103448	0.3404255	0.2641509	0.4590164	0.4464286	0.1932773	0.328125	0.2427184	0.2075472	0.18	0.0526316	0.0	0.0	0.0015	0.0357143	0.0	0.0	0.0	0.0	0.0	0.0	0.0	0.0	0.0	0.0	0.0	0.0	0.0	0.0	0.0	0.0	0.0	0.0	0.0	0.0	0.0	
Engoulevent d'Europe	0.0	0.0	0.0	0.0	0.0	0.0	0.0	0.0	0.0	0.0	0.0	0.0	0.0	0.0	0.0	0.0	0.0	0.0	0.03125	0.0194175	0.0015	0.0	0.0210526	0.0	0.0	0.0	0.0357143	0.0	0.0015	0.0	0.0	0.0	0.0	0.0	0.0	0.0	0.0	0.0	0.0	0.0	0.0	0.0	0.0	0.0	0.0	0.0	0.0	0.0	
Martinet à ventre blanc	0.0	0.0	0.0	0.0	0.0	0.0	0.0	0.0	0.0	0.0	0.0	0.09375	0.0172414	0.0015	0.0377358	0.0327869	0.0357143	0.0015	0.0625	0.0097087	0.0	0.0	0.0015	0.0	0.0015	0.030303	0.0015	0.0454545	0.0015	0.0217391	0.047619	0.0188679	0.0	0.0625	0.0	0.0	0.0	0.0	0.0	0.0	0.0	0.0	0.0	0.0	0.0	0.0	0.0	0.0	
Martinet noir	0.0	0.0	0.0	0.0	0.0	0.0	0.0	0.0	0.0	0.0	0.0	0.0	0.0015	0.0	0.0566038	0.1311475	0.125	0.1008403	0.171875	0.1941748	0.1320755	0.22	0.1894737	0.1707317	0.0015	0.1818182	0.2142857	0.1363636	0.1304348	0.0869565	0.047619	0.0566038	0.0	0.0	0.0	0.0	0.0	0.0	0.0	0.0	0.0	0.0	0.0	0.0	0.0	0.0	0.0	0.0	
Râle d'eau	0.0	0.0	0.0	0.0	0.0	0.0	0.0	0.0	0.0	0.0	0.0	0.0	0.0517241	0.0	0.0	0.0	0.0	0.0	0.0	0.0	0.0	0.0	0.0	0.0	0.0	0.0	0.0	0.0	0.0434783	0.0	0.0	0.0	0.0	0.0	0.0	0.0	0.0	0.0	0.0	0.0	0.0	0.0	0.0	0.0	0.0	0.0	0.0	0.0	
Gallinule poule-d'eau	0.0	0.0	0.0	0.0909091	0.1111111	0.0	0.0	0.0	0.1666667	0.2222222	0.1578947	0.03125	0.137931	0.0851064	0.0188679	0.0655738	0.0357143	0.0420168	0.0625	0.0291262	0.0566038	0.04	0.0210526	0.0243902	0.0	0.1212121	0.0714286	0.0454545	0.1304348	0.1521739	0.0952381	0.1320755	0.0909091	0.0	0.1	0.0015	0.0	0.0	0.2	0.0	0.0	0.1666667	0.25	0.0	0.0	0.0	0.0	0.0	
Foulque macroule	0.0	0.0769231	0.0	0.1818182	0.1666667	0.0	0.0714286	0.3636364	0.25	0.0	0.0526316	0.0625	0.0689655	0.0851064	0.0188679	0.0163934	0.0714286	0.0588235	0.015625	0.0194175	0.0	0.02	0.0	0.0731707	0.0454545	0.1515152	0.1071429	0.0454545	0.0434783	0.0217391	0.0015	0.0943396	0.0	0.0	0.0	0.0434783	0.0	0.0	0.0	0.125	0.1666667	0.1666667	0.25	0.0	0.0	0.0	0.0015	0.027027	
Grue cendrée	0.0	0.0	0.0	0.0	0.0	0.0	0.0	0.0015	0.0	0.0	0.0	0.0	0.0344828	0.0	0.0	0.0	0.0	0.0	0.0	0.0	0.0	0.0	0.0	0.0	0.0	0.0	0.0	0.0	0.0	0.0	0.0	0.0	0.0	0.0	0.0	0.0	0.0	0.0	0.0015	0.0015	0.0	0.0	0.0	0.0	0.0	0.0015	0.0	0.0015	
Oedicnème criard	0.0	0.0	0.0	0.0	0.0	0.0	0.0	0.0	0.0	0.0	0.0526316	0.0625	0.0172414	0.0	0.0188679	0.0655738	0.0178571	0.0168067	0.046875	0.0291262	0.0377358	0.0	0.0015	0.0	0.0	0.0909091	0.0015	0.0	0.0	0.0	0.0	0.0377358	0.0	0.0	0.0	0.0	0.0	0.0	0.0	0.0	0.0	0.0	0.0	0.0	0.0	0.0	0.0	0.0	
Échasse blanche	0.0	0.0	0.0	0.0	0.0	0.0	0.0	0.0	0.0	0.0	0.0	0.0	0.0	0.0	0.0	0.0	0.0	0.0	0.0	0.0	0.0	0.0	0.0	0.0	0.0	0.0	0.0	0.0	0.0	0.0	0.0	0.0188679	0.0	0.0	0.0	0.0	0.0	0.0	0.0	0.0	0.0	0.0	0.0	0.0	0.0	0.0	0.0	0.0	
Pluvier doré	0.0	0.0	0.0	0.030303	0.0	0.0	0.0	0.0	0.0	0.0	0.0	0.0	0.0	0.0	0.0	0.0	0.0	0.0	0.0	0.0	0.0	0.0	0.0	0.0	0.0	0.0	0.0	0.0	0.0	0.0	0.0	0.0	0.0	0.0	0.0	0.0	0.0	0.0015	0.0	0.0	0.0	0.0	0.0	0.0	0.0	0.0	0.0	0.027027	
Pluvier bronzé	0.0	0.0	0.0	0.0	0.0	0.0	0.0	0.0	0.0	0.0	0.0	0.0	0.0	0.0	0.0	0.0	0.0	0.0	0.0	0.0015	0.0	0.0	0.0	0.0	0.0	0.0	0.0	0.0	0.0	0.0	0.0	0.0	0.0	0.0	0.0	0.0	0.0	0.0	0.0	0.0	0.0	0.0	0.0	0.0	0.0	0.0	0.0	0.0	
Petit Gravelot	0.0	0.0	0.0	0.0	0.0	0.0	0.0	0.0	0.0	0.0	0.0526316	0.03125	0.0015	0.0638298	0.0015	0.0	0.0	0.0	0.0015	0.0097087	0.0377358	0.0	0.0015	0.0	0.0	0.0606061	0.0015	0.0	0.0	0.0015	0.0	0.0377358	0.0	0.0	0.0	0.0	0.0	0.0	0.0	0.0	0.0	0.0	0.0	0.0	0.0	0.0	0.0	0.0	
Vanneau huppé	0.0015	0.0	0.125	0.2121212	0.1666667	0.0	0.0	0.0	0.0833333	0.0	0.0	0.0	0.0172414	0.0	0.0	0.0015	0.0535714	0.0015	0.0	0.0	0.0015	0.0015	0.0015	0.0243902	0.0015	0.1212121	0.0	0.0	0.0	0.0	0.047619	0.0566038	0.0015	0.0625	0.05	0.0	0.0	0.0	0.0	0.0	0.1666667	0.0	0.0	0.0	0.0	0.0	0.0015	0.0015	
Courlis corlieu	0.0	0.0	0.0	0.0	0.0	0.0	0.0	0.0	0.0	0.0	0.0	0.0	0.0	0.0	0.0	0.0	0.0	0.0	0.0	0.0	0.0	0.0	0.0	0.0	0.0	0.0	0.0	0.0	0.0	0.0	0.0	0.0188679	0.0	0.0	0.0	0.0	0.0	0.0	0.0	0.0	0.0	0.0	0.0	0.0	0.0	0.0	0.0	0.0	
Courlis cendré	0.0	0.0	0.0	0.1515152	0.0555556	0.0	0.0	0.0	0.0	0.2222222	0.0	0.09375	0.1034483	0.0212766	0.0	0.0327869	0.0357143	0.0672269	0.0	0.0097087	0.0188679	0.06	0.0	0.0243902	0.0	0.0	0.0015	0.0	0.0	0.0	0.0	0.0	0.0015	0.0	0.0	0.0	0.0	0.0	0.0	0.0	0.1666667	0.0	0.0	0.0	0.0	0.0	0.0	0.0	
Barge à queue noire	0.0	0.0	0.0	0.0	0.0	0.0	0.0	0.0	0.0	0.0	0.0526316	0.0	0.0	0.0	0.0	0.0	0.0	0.0	0.0	0.0	0.0	0.0	0.0	0.0	0.0	0.0	0.0	0.0	0.0	0.0	0.0	0.0	0.0	0.0	0.0	0.0	0.0	0.0	0.0	0.0	0.0	0.0	0.0	0.0	0.0	0.0	0.0	0.0	
Bécassine sourde	0.0	0.0769231	0.0	0.0	0.0	0.0	0.0	0.0	0.0	0.0	0.0	0.03125	0.0	0.0	0.0	0.0	0.0	0.0	0.0	0.0	0.0	0.0	0.0	0.0	0.0	0.0	0.0	0.0	0.0	0.0	0.0	0.0	0.0	0.0	0.0	0.0	0.0	0.0	0.0	0.0	0.0	0.1666667	0.0	0.0	0.0	0.0	0.0	0.0	
Bécassine des marais	0.0	0.0	0.0	0.0909091	0.0	0.0	0.0	0.0909091	0.0	0.0	0.0526316	0.0015	0.0	0.0	0.0015	0.0	0.0	0.0	0.0	0.0097087	0.0	0.0	0.0	0.0	0.0	0.030303	0.0	0.0	0.0	0.0217391	0.0	0.0754717	0.0	0.0	0.05	0.0	0.0	0.1428571	0.0	0.0416667	0.1666667	0.0	0.0	0.0	0.0	0.0	0.0	0.0	
Chevalier guignette	0.0	0.0	0.0	0.0	0.0	0.0	0.0	0.0	0.0	0.0	0.0526316	0.0	0.0344828	0.0425532	0.0	0.0491803	0.0015	0.0084034	0.0015	0.0	0.0	0.0	0.0015	0.0243902	0.0	0.030303	0.0714286	0.0	0.0869565	0.0652174	0.0	0.1132075	0.0015	0.0	0.0	0.0	0.0	0.0	0.0	0.0	0.0	0.0	0.0	0.0	0.0	0.0	0.0	0.027027	
Chevalier culblanc	0.0	0.0	0.125	0.0	0.0	0.0	0.0	0.0	0.0	0.0	0.0	0.0015	0.0689655	0.0638298	0.0188679	0.0163934	0.0178571	0.0	0.0	0.0	0.0188679	0.0	0.0015	0.0015	0.0	0.030303	0.0	0.0	0.0	0.0	0.0	0.0188679	0.0	0.0	0.0	0.0015	0.0	0.0	0.0	0.0416667	0.0	0.0	0.0	0.0	0.0	0.0	0.0	0.0	
Chevalier sylvain	0.0	0.0	0.0	0.0	0.0	0.0	0.0	0.0	0.0	0.0	0.0	0.0	0.0	0.0	0.0	0.0	0.0178571	0.0	0.0	0.0	0.0	0.0	0.0	0.0	0.0	0.0	0.0	0.0	0.0	0.0015	0.0	0.0188679	0.0	0.0	0.0	0.0	0.0015	0.0	0.0	0.0	0.0	0.0	0.0	0.0	0.0	0.0	0.0	0.0	
Chevalier gambette	0.0	0.0	0.0	0.0	0.0	0.0	0.0	0.0	0.0	0.0	0.0	0.0	0.0	0.0	0.0	0.0	0.0	0.0	0.0015	0.0	0.0	0.0	0.0	0.0	0.0	0.0	0.0	0.0	0.0	0.0	0.0	0.0	0.0	0.0	0.0	0.0	0.0	0.0	0.0	0.0	0.0	0.0	0.0	0.0	0.0	0.0	0.0	0.0	
Chevalier aboyeur	0.0	0.0	0.0	0.0	0.0	0.0	0.0	0.0	0.0	0.0	0.0	0.0	0.0	0.0	0.0	0.0	0.0	0.0	0.0015	0.0097087	0.0	0.0	0.0015	0.0	0.0	0.0	0.0	0.0	0.0	0.0	0.047619	0.0377358	0.0	0.0	0.0	0.0	0.0	0.0	0.0	0.0	0.0	0.0	0.0	0.0	0.0	0.0	0.0	0.0	
Tournepierre à collier	0.0	0.0	0.0	0.0	0.0	0.0	0.0	0.0	0.0	0.0	0.0	0.0	0.0	0.0	0.0	0.0	0.0	0.0	0.0	0.0	0.0	0.0	0.0	0.0	0.0	0.0	0.0	0.0	0.0	0.0	0.0	0.0188679	0.0	0.0	0.0	0.0	0.0	0.0	0.0	0.0	0.0	0.0	0.0	0.0	0.0	0.0	0.0	0.0	
Combattant varié	0.0	0.0	0.0	0.0	0.0	0.0	0.0	0.0	0.0	0.0	0.0526316	0.0	0.0	0.0	0.0	0.0	0.0	0.0	0.0	0.0	0.0	0.0	0.0	0.0	0.0	0.0	0.0	0.0	0.0	0.0	0.0	0.0188679	0.0	0.0	0.0	0.0	0.0	0.0	0.0	0.0	0.0	0.0	0.0	0.0	0.0	0.0	0.0	0.0	
limicole sp.	0.0	0.0	0.0	0.0	0.0	0.0	0.0	0.0	0.0	0.0	0.0	0.0	0.0	0.0	0.0	0.0	0.0	0.0	0.0	0.0097087	0.0	0.0	0.0	0.0	0.0	0.0	0.0	0.0	0.0	0.0	0.0	0.0	0.0	0.0	0.0	0.0	0.0	0.0	0.0	0.0	0.0	0.0	0.0	0.0	0.0	0.0	0.0	0.0	
Mouette rieuse	0.0	0.0769231	0.125	0.2424242	0.2777778	0.0015	0.0	0.0	0.0	0.0	0.0	0.0	0.0	0.0015	0.0	0.0163934	0.0	0.0	0.0	0.0097087	0.0	0.0	0.0210526	0.0243902	0.0015	0.1212121	0.0357143	0.0454545	0.1304348	0.0	0.0	0.0754717	0.0	0.0	0.0	0.0869565	0.0	0.0	0.0	0.0416667	0.1666667	0.0	0.0	0.0	0.0	0.0	0.25	0.0540541	
Mouette de Franklin	0.0	0.0	0.0	0.2424242	0.0555556	0.0	0.0	0.0	0.0	0.0	0.0	0.0	0.0	0.0	0.0	0.0	0.0	0.0	0.0	0.0	0.0	0.0	0.0	0.0	0.0	0.0	0.0	0.0	0.0	0.0	0.0	0.0	0.0	0.0	0.0	0.0	0.0	0.0	0.0	0.0	0.0	0.0	0.0	0.0	0.0	0.0	0.0	0.0	
Mouette mélanocéphale	0.0	0.0	0.0	0.030303	0.0	0.0	0.0	0.0	0.0	0.0	0.0	0.0	0.0	0.0	0.0	0.0	0.0	0.0	0.0	0.0	0.0	0.0	0.0105263	0.0	0.0	0.0	0.0	0.0	0.0	0.0	0.0	0.0377358	0.0	0.0	0.0	0.0	0.0	0.0	0.0	0.0	0.0	0.0	0.0	0.0	0.0	0.0	0.0	0.0	
Goéland cendré	0.0	0.0	0.0	0.1515152	0.2222222	0.0	0.0	0.0	0.0	0.0	0.0	0.0	0.0	0.0	0.0	0.0	0.0	0.0	0.0	0.0	0.0	0.0	0.0	0.0	0.0	0.0	0.0	0.0	0.0	0.0	0.0	0.0	0.0	0.0	0.0	0.0	0.0	0.0	0.0	0.0	0.0	0.0	0.0	0.0	0.0	0.0	0.125	0.0	
Goéland pontique	0.0	0.0	0.0	0.030303	0.0555556	0.0	0.0	0.0	0.0	0.0	0.0	0.0	0.0	0.0	0.0	0.0	0.0	0.0	0.0	0.0	0.0	0.0	0.0	0.0	0.0	0.0	0.0	0.0	0.0	0.0	0.0	0.0	0.0	0.0	0.0	0.0	0.0	0.0	0.0	0.0	0.0	0.0	0.0	0.0	0.0	0.0	0.0	0.0	
Goéland leucophée	0.0015	0.0	0.0	0.1212121	0.2777778	0.0	0.0015	0.0	0.0	0.0	0.0	0.03125	0.0172414	0.0	0.0188679	0.0015	0.0	0.0	0.03125	0.0291262	0.0015	0.02	0.0315789	0.0	0.0015	0.0909091	0.0357143	0.0	0.0434783	0.0015	0.047619	0.0188679	0.0	0.0	0.0	0.0434783	0.0	0.0	0.0	0.0	0.3333333	0.0	0.0	0.0	0.0	0.0	0.25	0.0	
Goéland argenté ou G. leucophée	0.0	0.0	0.0	0.0	0.0	0.0	0.0	0.0	0.0	0.0	0.0	0.0	0.0	0.0	0.0	0.0015	0.0	0.0	0.0	0.0	0.0	0.0	0.0	0.0	0.0	0.0	0.0	0.0	0.0	0.0	0.0	0.0	0.0	0.0	0.0	0.0	0.0	0.0	0.0	0.0	0.0	0.0	0.0	0.0	0.0	0.0	0.0	0.0	
goéland ou mouette sp.	0.0	0.0	0.0	0.0	0.0	0.0	0.0	0.0	0.0	0.0	0.0	0.0	0.0	0.0	0.0	0.0	0.0	0.0	0.0	0.0	0.0	0.0	0.0	0.0	0.0	0.030303	0.0	0.0	0.0	0.0	0.047619	0.0188679	0.0	0.0	0.0	0.0	0.0	0.0	0.0	0.0	0.0	0.0	0.0	0.0	0.0	0.0	0.0	0.0	
Sterne naine	0.0	0.0	0.0	0.0	0.0	0.0	0.0	0.0	0.0	0.0	0.0	0.0	0.0	0.0	0.0	0.0015	0.0	0.0	0.0	0.0	0.0	0.0	0.0	0.0	0.0	0.0	0.0	0.0	0.0	0.0	0.0	0.0	0.0	0.0	0.0	0.0	0.0	0.0	0.0	0.0	0.0	0.0	0.0	0.0	0.0	0.0	0.0	0.0	
Sterne caspienne	0.0	0.0	0.0	0.0	0.0	0.0	0.0	0.0	0.0	0.0	0.0	0.0	0.0	0.0	0.0	0.0	0.0	0.0	0.0	0.0	0.0	0.0	0.0	0.0	0.0	0.0	0.0	0.0	0.0	0.0	0.047619	0.0	0.0	0.0	0.0	0.0	0.0	0.0	0.0	0.0	0.0	0.0	0.0	0.0	0.0	0.0	0.0	0.0	
Guifette noire	0.0	0.0	0.0	0.0	0.0	0.0	0.0	0.0	0.0	0.0	0.0	0.0	0.0	0.0	0.0188679	0.0	0.0	0.0	0.0	0.0	0.0	0.0	0.0	0.0	0.0	0.0	0.0	0.0	0.0	0.0	0.0	0.0	0.0909091	0.0	0.0	0.0434783	0.0	0.0	0.0	0.0	0.0	0.0	0.0	0.0	0.0	0.0	0.0	0.0	
Sterne pierregarin	0.0	0.0	0.0	0.0	0.0	0.0	0.0	0.0	0.0	0.0	0.0	0.0	0.0	0.0212766	0.0188679	0.0	0.0357143	0.0084034	0.03125	0.0485437	0.0188679	0.0	0.0105263	0.0	0.0	0.1515152	0.0357143	0.0	0.0	0.0015	0.0	0.0	0.0	0.0	0.0	0.0	0.0	0.0	0.0	0.0	0.0	0.0	0.0	0.0	0.0	0.0	0.0	0.0	
sterne sp.	0.0	0.0	0.0	0.0	0.0	0.0	0.0	0.0	0.0	0.0	0.0	0.0	0.0	0.0	0.0	0.0	0.0178571	0.0	0.0	0.0	0.0	0.0	0.0	0.0	0.0	0.0	0.0	0.0	0.0	0.0	0.0	0.0	0.0	0.0	0.0	0.0	0.0	0.0	0.0	0.0	0.0	0.0	0.0	0.0	0.0	0.0	0.0	0.0	
Grèbe castagneux	0.0	0.0	0.0	0.0909091	0.0555556	0.0	0.0714286	0.0	0.0833333	0.0	0.0526316	0.0	0.0517241	0.0	0.0	0.0	0.0	0.0252101	0.015625	0.0194175	0.0	0.0	0.0	0.0	0.0	0.030303	0.0357143	0.0	0.0434783	0.0217391	0.0	0.0754717	0.0909091	0.0	0.0	0.0015	0.0	0.1428571	0.0	0.0416667	0.0	0.0	0.0	0.0	0.0	0.0	0.125	0.0	
Grèbe jougris	0.0	0.0	0.0	0.0	0.0	0.0	0.0	0.0	0.0	0.0	0.0	0.0	0.0	0.0	0.0	0.0	0.0	0.0	0.0	0.0	0.0	0.0	0.0	0.0	0.0	0.0	0.0	0.0	0.0	0.0	0.0	0.0	0.0	0.0	0.0	0.0	0.0	0.0	0.0	0.0	0.0	0.0	0.0	0.0	0.0	0.0	0.125	0.0	
Grèbe huppé	0.0	0.0769231	0.0	0.1212121	0.1666667	0.0015	0.0714286	0.2727273	0.1666667	0.0	0.0526316	0.03125	0.0689655	0.0638298	0.0015	0.0163934	0.0	0.0336134	0.015625	0.0194175	0.0377358	0.02	0.0105263	0.0243902	0.0	0.1515152	0.0714286	0.0454545	0.0434783	0.0	0.1428571	0.0	0.0	0.0	0.0	0.0015	0.0	0.0	0.0	0.0	0.1666667	0.0	0.0	0.0	0.0	0.0	0.25	0.027027	
Plongeon catmarin	0.0	0.0	0.0	0.0	0.0	0.0015	0.0	0.0	0.0	0.0	0.0	0.0	0.0	0.0	0.0	0.0	0.0	0.0	0.0	0.0	0.0	0.0	0.0	0.0	0.0	0.0	0.0	0.0	0.0	0.0	0.0	0.0	0.0	0.0	0.0	0.0	0.0	0.0	0.0	0.0	0.0	0.0	0.0	0.0	0.0	0.0	0.125	0.0	
Cigogne noire	0.0	0.0	0.0	0.0	0.0	0.0	0.0	0.0	0.0	0.0	0.0	0.0015	0.0	0.0	0.0	0.0163934	0.0	0.0084034	0.015625	0.0015	0.0	0.0	0.0315789	0.0	0.0454545	0.030303	0.0	0.0	0.0015	0.0	0.047619	0.0188679	0.0015	0.0625	0.05	0.0	0.0	0.0	0.0	0.0	0.0	0.0	0.0	0.0	0.0	0.0	0.0	0.0	
Cigogne blanche	0.0015	0.0	0.0015	0.2424242	0.3888889	0.0015	0.0015	0.0	0.0015	0.2222222	0.1052632	0.03125	0.1206897	0.0638298	0.0943396	0.147541	0.1428571	0.0756303	0.109375	0.1359223	0.2264151	0.2	0.0526316	0.0731707	0.0015	0.2424242	0.1071429	0.0015	0.0869565	0.0434783	0.0015	0.0188679	0.0015	0.0	0.05	0.0015	0.25	0.0	0.0	0.0015	0.0	0.0	0.0015	0.0015	0.0	0.0015	0.0015	0.0015	
Cormoran pygmée	0.0	0.0	0.0	0.0	0.0	0.0	0.0	0.0	0.0	0.0	0.0	0.0	0.0	0.0	0.0	0.0	0.0	0.0	0.0	0.0	0.0	0.0	0.0	0.0	0.0	0.0	0.0	0.0	0.0	0.0	0.0	0.0	0.0	0.0	0.0	0.0434783	0.0	0.0	0.0	0.0	0.1666667	0.0	0.0	0.0	0.0	0.0	0.0	0.0	
Grand Cormoran	0.0015	0.1538462	0.25	0.3030303	0.4444444	0.0015	0.2142857	0.1818182	0.3333333	0.4444444	0.2105263	0.15625	0.2068966	0.1489362	0.1132075	0.0491803	0.0535714	0.0420168	0.0625	0.0679612	0.0188679	0.04	0.0315789	0.0243902	0.0454545	0.2727273	0.0714286	0.0454545	0.0434783	0.0434783	0.0952381	0.1320755	0.0909091	0.0	0.2	0.1304348	0.25	0.1428571	0.0	0.25	0.3333333	0.1666667	0.25	0.0	0.0	0.0	0.375	0.1081081	
Spatule blanche	0.0	0.0	0.0	0.0	0.0	0.0	0.0	0.0	0.0	0.0	0.0	0.0	0.0	0.0	0.0	0.0	0.0	0.0	0.0	0.0	0.0	0.0	0.0015	0.0	0.0	0.0	0.0	0.0	0.0	0.0	0.0	0.0188679	0.0	0.0	0.0	0.0	0.0	0.0	0.0	0.0	0.0	0.0	0.0	0.0	0.0	0.0	0.0	0.0	
Bihoreau gris	0.0	0.0	0.0	0.0	0.0	0.0	0.0	0.0	0.0	0.0	0.0	0.0	0.0344828	0.0	0.0015	0.0163934	0.0357143	0.0420168	0.03125	0.0970874	0.0	0.06	0.0210526	0.0731707	0.0	0.0606061	0.1428571	0.0	0.1304348	0.0652174	0.0	0.0377358	0.0015	0.0	0.0	0.0	0.0	0.0	0.0	0.0	0.0	0.0	0.0	0.0	0.0	0.0	0.0	0.0	
Aigrette garzette	0.0	0.0	0.0	0.0	0.0	0.0	0.0	0.0015	0.1666667	0.0	0.0526316	0.0	0.0344828	0.0425532	0.0566038	0.0655738	0.0535714	0.0504202	0.0625	0.1067961	0.0566038	0.02	0.0421053	0.0487805	0.0909091	0.2424242	0.1071429	0.0454545	0.1304348	0.0652174	0.047619	0.1509434	0.0909091	0.0015	0.05	0.0015	0.25	0.1428571	0.0	0.0	0.0	0.0015	0.0	0.0	0.0	0.0	0.0	0.0	
Crabier chevelu	0.0	0.0	0.0	0.0	0.0	0.0	0.0	0.0	0.0	0.0	0.0	0.0	0.0	0.0	0.0	0.0	0.0	0.0168067	0.0	0.0	0.0	0.0	0.0	0.0	0.0	0.0	0.0	0.0	0.0	0.0	0.0	0.0	0.0	0.0	0.0	0.0	0.0	0.0	0.0	0.0	0.0	0.0	0.0	0.0	0.0	0.0	0.0	0.0	
Héron garde-boeufs	0.125	0.0	0.0015	0.030303	0.0555556	0.0	0.0	0.0	0.0015	0.0015	0.1052632	0.0015	0.0344828	0.0638298	0.0566038	0.0491803	0.0714286	0.0336134	0.0625	0.0970874	0.0015	0.12	0.0736842	0.1707317	0.0454545	0.1515152	0.1428571	0.0015	0.1304348	0.0434783	0.047619	0.1132075	0.0909091	0.0	0.1	0.0434783	0.0	0.0015	0.2	0.0416667	0.0	0.0015	0.0	0.0015	0.0	0.0	0.0015	0.0	
Grande Aigrette	0.25	0.1538462	0.375	0.2121212	0.4444444	0.6666667	0.0714286	0.4545455	0.1666667	0.3333333	0.2105263	0.09375	0.1206897	0.106383	0.0754717	0.0327869	0.0178571	0.0252101	0.0015	0.0679612	0.0377358	0.04	0.0105263	0.0	0.0454545	0.1818182	0.0357143	0.0	0.0869565	0.0015	0.0	0.2264151	0.0909091	0.0625	0.05	0.0869565	0.25	0.2857143	0.0	0.0833333	0.3333333	0.3333333	0.25	0.0	0.0	0.0015	0.0015	0.0810811	
Héron cendré	0.375	0.1538462	0.375	0.3333333	0.5555556	0.6666667	0.2142857	0.3636364	0.5	0.2222222	0.2105263	0.25	0.2931034	0.212766	0.1698113	0.1803279	0.1964286	0.2352941	0.21875	0.2135922	0.1320755	0.26	0.1578947	0.2926829	0.1363636	0.3939394	0.3571429	0.2727273	0.3478261	0.2391304	0.2380952	0.3207547	0.1818182	0.0625	0.25	0.2608696	0.0015	0.2857143	0.0	0.1666667	0.3333333	0.1666667	0.5	0.0015	0.0	0.0	0.25	0.1351351	
Héron pourpré	0.0	0.0	0.0	0.0	0.0	0.0	0.0	0.0	0.0	0.0	0.0	0.0	0.0172414	0.0425532	0.0015	0.0	0.0	0.0336134	0.03125	0.0097087	0.0188679	0.0015	0.0015	0.0487805	0.0	0.030303	0.0714286	0.0454545	0.0869565	0.0869565	0.0	0.0377358	0.0	0.0	0.0	0.0015	0.0	0.0	0.0	0.0	0.0	0.0	0.0	0.0	0.0	0.0	0.0	0.0	
ardeidé sp.	0.0	0.0	0.0	0.0	0.0	0.0	0.0	0.0	0.0	0.0	0.0	0.0	0.0	0.0	0.0	0.0	0.0	0.0	0.0	0.0	0.0	0.0	0.0	0.0	0.0	0.0	0.0	0.0	0.0	0.0	0.0	0.0	0.0	0.0	0.0	0.0	0.0	0.0	0.0	0.0015	0.0	0.0	0.0	0.0	0.0	0.0	0.0	0.0	
aigrette ou héron blanc sp.	0.0	0.0	0.0	0.0	0.0	0.0	0.0	0.0	0.0	0.0	0.0	0.0	0.0	0.0	0.0	0.0	0.0	0.0	0.0	0.0	0.0	0.02	0.0	0.0	0.0	0.0	0.0	0.0	0.0	0.0	0.0	0.0	0.0	0.0	0.0	0.0	0.0	0.0	0.0	0.0	0.0	0.0	0.0	0.0	0.0	0.0	0.0	0.0	
Balbuzard pêcheur	0.0	0.0	0.0	0.0	0.0	0.0	0.0	0.0	0.0	0.0	0.0	0.03125	0.0344828	0.0	0.0188679	0.0	0.0	0.0	0.0015	0.0	0.0	0.0	0.0	0.0	0.0	0.0	0.0	0.0	0.0	0.0	0.0	0.0188679	0.0015	0.0015	0.0	0.0434783	0.0	0.0	0.0	0.0	0.0	0.0	0.0	0.0	0.0	0.0	0.0	0.0	
Élanion blanc	0.0	0.0	0.0	0.0	0.0	0.0	0.0	0.0	0.0	0.0	0.0	0.0	0.0015	0.0	0.0	0.0	0.0	0.0	0.015625	0.0	0.0	0.0	0.0	0.0	0.0	0.0	0.0	0.0	0.0	0.0	0.0	0.0	0.0	0.0	0.0	0.0	0.0	0.0	0.0	0.0015	0.0	0.0	0.0	0.0	0.0	0.0	0.0	0.0	
Bondrée apivore	0.0	0.0	0.0	0.0	0.0	0.0	0.0	0.0	0.0	0.0	0.0	0.0	0.0	0.0	0.0015	0.0	0.0	0.0168067	0.03125	0.0097087	0.0	0.0	0.0631579	0.0	0.0454545	0.0606061	0.0015	0.0015	0.0869565	0.0434783	0.047619	0.0188679	0.0	0.125	0.0015	0.0434783	0.0	0.0	0.0	0.0	0.0	0.0	0.0	0.0	0.0	0.0	0.0	0.0	
Circaète Jean-le-Blanc	0.0	0.0	0.0	0.0	0.0	0.0	0.0	0.0	0.0	0.0	0.0	0.0	0.0172414	0.0	0.0	0.0163934	0.0178571	0.0	0.0	0.0	0.0	0.0	0.0	0.0	0.0	0.030303	0.0	0.0	0.0015	0.0434783	0.0952381	0.0188679	0.0	0.0	0.0	0.0	0.0	0.0	0.0	0.0	0.0	0.0	0.0	0.0	0.0	0.0	0.0	0.0	
Aigle botté	0.0	0.0	0.0	0.0	0.0	0.0	0.0	0.0	0.0	0.0	0.0	0.0	0.0015	0.0	0.0015	0.0163934	0.0178571	0.0084034	0.0	0.0	0.0	0.0	0.0105263	0.0	0.0	0.0015	0.0	0.0015	0.0434783	0.0434783	0.1428571	0.0188679	0.0	0.0	0.0	0.0	0.0	0.0	0.0	0.0	0.0	0.0	0.0	0.0	0.0	0.0	0.0	0.0	
Épervier d'Europe	0.125	0.0769231	0.0	0.030303	0.1666667	0.0015	0.2142857	0.0909091	0.0833333	0.1111111	0.0526316	0.0625	0.0517241	0.0425532	0.0377358	0.0163934	0.0535714	0.0084034	0.0	0.0	0.0	0.0015	0.0210526	0.0	0.0454545	0.030303	0.0015	0.0909091	0.0015	0.0434783	0.1428571	0.0566038	0.0	0.0625	0.0	0.0434783	0.0	0.0015	0.2	0.0833333	0.0	0.3333333	0.0	0.0	0.0	0.25	0.0	0.027027	
Autour des palombes	0.0	0.0	0.0	0.0	0.0	0.0	0.0	0.0	0.0	0.0	0.0	0.0625	0.0172414	0.0212766	0.0	0.0	0.0	0.0	0.0	0.0	0.0	0.0	0.0105263	0.0	0.0	0.030303	0.0	0.0	0.0	0.0	0.0015	0.0	0.0	0.0	0.0	0.0	0.0	0.0	0.0	0.0	0.0	0.0	0.0	0.0	0.0	0.0	0.0	0.0	
Busard des roseaux	0.0	0.0	0.0	0.0	0.0	0.0	0.0	0.0	0.0	0.0	0.0	0.03125	0.0172414	0.0212766	0.0015	0.0	0.0	0.0252101	0.03125	0.0	0.0	0.02	0.0015	0.0	0.0	0.0015	0.0	0.0	0.0	0.0	0.0	0.0377358	0.0	0.0	0.0	0.0	0.25	0.1428571	0.0	0.0	0.0	0.0	0.0	0.0	0.0	0.0	0.0	0.0	
Busard Saint-Martin	0.0	0.0	0.0	0.030303	0.0	0.0	0.0015	0.0	0.0833333	0.0	0.0526316	0.0	0.0344828	0.0212766	0.0	0.0	0.0178571	0.0	0.0	0.0	0.0	0.02	0.0105263	0.0	0.0	0.0	0.0	0.0	0.0	0.0	0.0	0.0188679	0.0	0.0	0.0	0.0	0.0	0.0015	0.0	0.0015	0.0	0.0	0.0	0.0	0.0	0.0	0.0015	0.0015	
Busard cendré	0.0	0.0	0.0	0.0	0.0	0.0	0.0	0.0	0.0	0.0	0.0	0.0	0.0	0.0	0.0015	0.0	0.0	0.0	0.0015	0.0097087	0.0015	0.0	0.0015	0.0	0.0015	0.0	0.0	0.0	0.0434783	0.0217391	0.0	0.0	0.0	0.0	0.0	0.0	0.0	0.0	0.0	0.0	0.0	0.0	0.0	0.0	0.0	0.0	0.0	0.0	
busard sp.	0.0	0.0	0.0	0.0	0.0	0.0	0.0	0.0	0.0	0.0	0.0	0.0	0.0	0.0	0.0	0.0	0.0	0.0	0.0	0.0	0.0	0.0	0.0	0.0	0.0	0.0	0.0	0.0	0.0	0.0	0.0	0.0	0.0	0.0	0.0	0.0	0.0	0.1428571	0.0	0.0	0.0	0.0	0.0	0.0	0.0	0.0	0.0	0.0	
Milan royal	0.125	0.0769231	0.125	0.0606061	0.0555556	0.0015	0.0015	0.0015	0.0833333	0.0015	0.1052632	0.09375	0.1206897	0.0425532	0.0188679	0.0327869	0.0535714	0.0336134	0.078125	0.038835	0.0754717	0.02	0.0210526	0.0487805	0.0	0.030303	0.1071429	0.0015	0.0869565	0.0	0.047619	0.0566038	0.0	0.1875	0.05	0.173913	0.25	0.0015	0.0	0.125	0.0015	0.1666667	0.0	0.0	0.0015	0.25	0.0015	0.027027	
Milan noir	0.0	0.0	0.0	0.0	0.0	0.0	0.0	0.0	0.0833333	0.1111111	0.1578947	0.375	0.5344828	0.3404255	0.245283	0.2622951	0.2321429	0.1932773	0.28125	0.184466	0.1698113	0.42	0.2210526	0.2682927	0.1818182	0.4242424	0.3928571	0.1818182	0.3043478	0.1086957	0.0952381	0.0188679	0.0	0.0	0.0	0.0	0.0	0.0	0.0	0.0	0.0	0.0	0.0	0.0	0.0	0.0	0.0	0.0	
Milan royal ou M. noir	0.0	0.0	0.0	0.0	0.0	0.0	0.0	0.0	0.0	0.0	0.0	0.0	0.0	0.0	0.0	0.0	0.0	0.0	0.0	0.0097087	0.0	0.0	0.0	0.0	0.0	0.0	0.0	0.0	0.0	0.0	0.0	0.0	0.0	0.0	0.0	0.0434783	0.0	0.0	0.0	0.0	0.0	0.0	0.0	0.0	0.0	0.0	0.0	0.0	
Buse variable	0.5	0.3076923	0.625	0.5454545	0.5	0.3333333	0.5	0.4545455	0.4166667	0.4444444	0.3684211	0.5	0.4655172	0.4042553	0.2830189	0.295082	0.25	0.2521008	0.375	0.2912621	0.2264151	0.44	0.3052632	0.2439024	0.2272727	0.3333333	0.2142857	0.3636364	0.3913043	0.4565217	0.5714286	0.4150943	0.4545455	0.1875	0.2	0.3478261	0.5	0.5714286	0.6	0.2083333	0.1666667	0.8333333	0.25	0.0	0.0	0.0015	0.125	0.4324324	
Buteo sp.	0.0	0.0	0.0	0.0	0.0	0.0	0.0	0.0	0.0	0.0	0.0	0.0	0.0	0.0	0.0	0.0	0.0	0.0	0.0	0.0	0.0	0.0	0.0015	0.0	0.0	0.0	0.0	0.0	0.0	0.0	0.0	0.0	0.0	0.0	0.0	0.0	0.0	0.0	0.0	0.0	0.0	0.0	0.0	0.0	0.0	0.0	0.0	0.0	
rapace sp.	0.0	0.0	0.0	0.0	0.0	0.0	0.0	0.0	0.0	0.0	0.0	0.0	0.0	0.0	0.0	0.0	0.0	0.0	0.0	0.0	0.0	0.0	0.0	0.0	0.0	0.0	0.0	0.0	0.0	0.0	0.0	0.0	0.0	0.0	0.0	0.0	0.0	0.0	0.0	0.0833333	0.0	0.1666667	0.0	0.0	0.0	0.0	0.0	0.0	
Effraie des clochers	0.0	0.0	0.0	0.0	0.0	0.0	0.0	0.0	0.0833333	0.0	0.0526316	0.0	0.0	0.0851064	0.1132075	0.147541	0.1428571	0.0588235	0.109375	0.1067961	0.1132075	0.14	0.1052632	0.0015	0.0	0.030303	0.0357143	0.0015	0.0015	0.0	0.0	0.0	0.0	0.0	0.0	0.0	0.0	0.0	0.0	0.0	0.0	0.0	0.0	0.0	0.0	0.0	0.0	0.027027	
Petit-duc scops	0.0	0.0	0.0	0.0	0.0	0.0	0.0	0.0	0.0	0.0	0.0	0.0	0.0	0.0	0.0	0.0	0.0	0.0	0.0	0.0	0.0	0.0	0.0105263	0.0	0.0015	0.0	0.0	0.0	0.0	0.0	0.0	0.0	0.0	0.0	0.0	0.0	0.0	0.0	0.0	0.0	0.0	0.0	0.0	0.0	0.0	0.0	0.0	0.0	
Grand-duc d'Europe	0.0	0.0	0.0	0.0	0.0	0.0	0.1428571	0.0	0.0	0.0	0.0	0.03125	0.0	0.0	0.0377358	0.0015	0.0	0.0	0.0	0.0	0.0	0.0	0.0	0.0	0.0	0.0015	0.0	0.0	0.0	0.0	0.0	0.0	0.0	0.0	0.0	0.0	0.0	0.0	0.0	0.0	0.0	0.0	0.0	0.0	0.0	0.0	0.0	0.0015	
Chevêche d'Athéna	0.0	0.0	0.0	0.0	0.0	0.0	0.0	0.0	0.0	0.0	0.0	0.0	0.0	0.0425532	0.1132075	0.1311475	0.125	0.0588235	0.125	0.0970874	0.0754717	0.0	0.0105263	0.0243902	0.0	0.0909091	0.0	0.0015	0.0	0.0217391	0.0015	0.0	0.0909091	0.0	0.05	0.0	0.0	0.0015	0.2	0.0	0.0	0.0	0.0	0.0	0.0	0.0	0.0	0.0	
Chouette hulotte	0.25	0.0	0.0	0.0	0.0	0.0	0.0714286	0.0	0.0833333	0.0015	0.0	0.03125	0.0	0.0425532	0.0754717	0.0819672	0.0357143	0.0336134	0.09375	0.0582524	0.0377358	0.04	0.0210526	0.0015	0.0	0.030303	0.0	0.0	0.0015	0.0015	0.0	0.0188679	0.0015	0.0	0.0	0.0434783	0.0	0.0	0.2	0.0	0.0	0.0015	0.0	0.0	0.0	0.0	0.0	0.027027	
Hibou moyen-duc	0.0	0.0	0.0	0.0	0.0	0.0	0.0	0.0	0.0	0.0	0.0526316	0.0	0.0	0.0	0.0	0.0	0.0357143	0.0	0.0	0.0	0.0015	0.02	0.0	0.0	0.0454545	0.0	0.0	0.0	0.0	0.0	0.0	0.0	0.0	0.0	0.0	0.0	0.0	0.0	0.0	0.0	0.0	0.0	0.0	0.0	0.0	0.0	0.0	0.0	
Hibou des marais	0.0	0.0	0.0	0.0015	0.0	0.0	0.0	0.0	0.0	0.0	0.0	0.0	0.0	0.0	0.0	0.0	0.0	0.0	0.0	0.0	0.0	0.0	0.0	0.0	0.0	0.0	0.0	0.0	0.0	0.0	0.0	0.0	0.0	0.0	0.0	0.0	0.0	0.0	0.0	0.0	0.0	0.0	0.0	0.0	0.0	0.0	0.0	0.0	
Huppe fasciée	0.0	0.0	0.0	0.0	0.0	0.0	0.0	0.0	0.0	0.1111111	0.0	0.0015	0.0517241	0.106383	0.1320755	0.1967213	0.2321429	0.1008403	0.203125	0.1456311	0.0377358	0.1	0.0842105	0.097561	0.0	0.0606061	0.1071429	0.0	0.0	0.0	0.0952381	0.0188679	0.0	0.0	0.0	0.0	0.0	0.0	0.0	0.0	0.0	0.0	0.0	0.0	0.0	0.0	0.0	0.0	
Guêpier d'Europe	0.0	0.0	0.0	0.0	0.0	0.0	0.0	0.0	0.0	0.0	0.0	0.0	0.0	0.0	0.0	0.0327869	0.0535714	0.1260504	0.09375	0.0970874	0.0943396	0.12	0.1578947	0.0731707	0.0	0.1515152	0.0357143	0.0015	0.173913	0.1521739	0.1904762	0.1320755	0.0015	0.0	0.0	0.0	0.0	0.0	0.0	0.0	0.0	0.0	0.0	0.0	0.0	0.0	0.0	0.0	
Martin-pêcheur d'Europe	0.0	0.0	0.0	0.0606061	0.0555556	0.0	0.0	0.0	0.0	0.0	0.0526316	0.0015	0.0862069	0.1276596	0.0188679	0.0163934	0.0535714	0.0252101	0.046875	0.1650485	0.0	0.04	0.0210526	0.1219512	0.0454545	0.0909091	0.1071429	0.0909091	0.1304348	0.3043478	0.047619	0.1698113	0.0015	0.0625	0.15	0.1304348	0.25	0.1428571	0.0	0.0416667	0.0	0.0	0.5	0.0	0.0	0.0	0.0	0.0540541	
Rollier d'Europe	0.0	0.0	0.0	0.0	0.0	0.0	0.0	0.0	0.0	0.0	0.0	0.0	0.0	0.0	0.0	0.0	0.0	0.0	0.0	0.0	0.0	0.0	0.0	0.0	0.0	0.0	0.0	0.0	0.0	0.0	0.0	0.0015	0.0	0.0	0.0	0.0	0.0	0.0	0.0	0.0	0.0	0.0	0.0	0.0	0.0	0.0	0.0	0.0	
Torcol fourmilier	0.0	0.0	0.0	0.0	0.0	0.0	0.0	0.0	0.0	0.0	0.0	0.0	0.0	0.0	0.0015	0.0	0.0	0.0	0.0015	0.0	0.0	0.02	0.0	0.0	0.0	0.030303	0.0	0.0	0.0	0.0	0.0	0.0	0.0	0.0	0.0	0.0	0.0	0.0	0.0	0.0	0.0	0.0	0.0	0.0	0.0	0.0	0.0	0.0	
Pic mar	0.0	0.0	0.0	0.0	0.0	0.0	0.0	0.0	0.0	0.0	0.0	0.0	0.0	0.0	0.0188679	0.0	0.0	0.0	0.0	0.0097087	0.0	0.06	0.1263158	0.0731707	0.0454545	0.030303	0.0714286	0.0	0.0869565	0.0434783	0.047619	0.0	0.0909091	0.0	0.0	0.0	0.0	0.1428571	0.0	0.0416667	0.0	0.1666667	0.0	0.0	0.0	0.0	0.0	0.0	
Pic épeiche	0.125	0.0769231	0.375	0.1515152	0.1111111	0.3333333	0.0714286	0.0909091	0.1666667	0.1111111	0.2105263	0.21875	0.1724138	0.0425532	0.1132075	0.2131148	0.2857143	0.092437	0.15625	0.1747573	0.2075472	0.22	0.2315789	0.2926829	0.0015	0.1818182	0.25	0.1818182	0.173913	0.2826087	0.2380952	0.1698113	0.2727273	0.0625	0.1	0.0869565	0.5	0.1428571	0.2	0.125	0.1666667	0.6666667	0.25	0.0	1.0	0.0	0.125	0.2432432	
Pic épeichette	0.125	0.0015	0.0	0.0	0.0	0.0	0.0	0.0	0.0	0.3333333	0.0	0.125	0.0862069	0.0425532	0.0	0.0327869	0.0535714	0.0	0.015625	0.0194175	0.0	0.02	0.0210526	0.0243902	0.0	0.030303	0.0714286	0.0909091	0.0	0.1304348	0.0952381	0.1320755	0.0	0.0	0.0	0.0	0.0	0.0	0.2	0.0416667	0.0	0.1666667	0.25	0.0	0.0	0.0	0.125	0.0	
Pic cendré	0.0	0.0	0.0	0.0	0.0	0.0	0.0	0.0	0.0	0.0	0.0	0.0	0.0172414	0.0	0.0	0.0	0.0	0.0	0.0	0.0	0.0	0.0	0.0	0.0	0.0	0.0	0.0	0.0	0.0	0.0	0.0	0.0	0.0	0.0	0.0	0.0	0.0	0.0	0.0	0.0	0.0	0.0	0.0	0.0	0.0	0.0	0.0	0.0	
Pic vert	0.0	0.3076923	0.5	0.1212121	0.1111111	0.3333333	0.2857143	0.0909091	0.1666667	0.3333333	0.2105263	0.25	0.137931	0.0638298	0.1509434	0.1147541	0.1964286	0.092437	0.15625	0.184466	0.1886792	0.2	0.1578947	0.2195122	0.1363636	0.1212121	0.1428571	0.1363636	0.3043478	0.3043478	0.3809524	0.1886792	0.1818182	0.25	0.2	0.0869565	0.25	0.1428571	0.4	0.2083333	0.0	0.3333333	0.25	0.0	0.0	0.0	0.0	0.1621622	
Pic noir	0.125	0.0769231	0.125	0.030303	0.0	0.0	0.1428571	0.0	0.0	0.0	0.0	0.09375	0.0689655	0.0212766	0.0377358	0.0327869	0.0357143	0.0	0.046875	0.0097087	0.0	0.0015	0.0210526	0.0	0.0	0.030303	0.0	0.0	0.0	0.0217391	0.1904762	0.0188679	0.0909091	0.0625	0.0	0.0	0.25	0.0	0.2	0.0416667	0.0	0.1666667	0.0	0.0	0.0	0.0	0.0	0.0810811	
Faucon crécerelle	0.25	0.0769231	0.25	0.1515152	0.1111111	0.0015	0.0714286	0.0015	0.1666667	0.2222222	0.0526316	0.28125	0.2241379	0.1702128	0.1509434	0.1639344	0.125	0.1260504	0.1875	0.1359223	0.1132075	0.22	0.1368421	0.1219512	0.0454545	0.2121212	0.1428571	0.3181818	0.2608696	0.173913	0.2857143	0.2264151	0.2727273	0.1875	0.15	0.2173913	0.5	0.4285714	0.4	0.0416667	0.1666667	0.3333333	0.5	0.0	0.0	0.0	0.125	0.1351351	
Faucon émerillon	0.0	0.0	0.0	0.030303	0.0	0.0	0.0	0.0	0.0	0.0	0.0	0.03125	0.0172414	0.0	0.0	0.0	0.0	0.0	0.0	0.0	0.0	0.0	0.0	0.0	0.0	0.0	0.0	0.0	0.0	0.0	0.0	0.0	0.0	0.0	0.0	0.0	0.0	0.0	0.0	0.0416667	0.0	0.0	0.25	0.0	0.0	0.0	0.0	0.0	
Faucon hobereau	0.0	0.0	0.0	0.0	0.0	0.0	0.0	0.0	0.0	0.0	0.0	0.0	0.0	0.0	0.0015	0.0	0.0	0.0084034	0.015625	0.0	0.0	0.0	0.0105263	0.0243902	0.0454545	0.0606061	0.0	0.0	0.0434783	0.0	0.0	0.0377358	0.0909091	0.0015	0.0	0.0434783	0.0	0.0	0.0	0.0	0.0	0.0	0.0	0.0	0.0	0.0	0.0	0.0	
Faucon pèlerin	0.0	0.0	0.0	0.030303	0.0015	0.0	0.0	0.0015	0.0	0.0015	0.0	0.0	0.0015	0.0	0.0188679	0.0	0.0	0.0	0.0	0.0	0.0	0.0	0.0	0.0	0.0	0.0606061	0.0	0.0	0.0	0.0	0.0	0.0	0.0	0.0625	0.0	0.0434783	0.0	0.0	0.0	0.0	0.0	0.0	0.0	0.0	0.0	0.0	0.0015	0.0	
Loriot d'Europe	0.0	0.0	0.0	0.0	0.0	0.0	0.0	0.0	0.0	0.0	0.0	0.0	0.0	0.0	0.1320755	0.295082	0.4107143	0.2436975	0.453125	0.2427184	0.1886792	0.24	0.2947368	0.2682927	0.1818182	0.1515152	0.1785714	0.0909091	0.0434783	0.0217391	0.1428571	0.0188679	0.0	0.0	0.0	0.0	0.0	0.0	0.0	0.0	0.0	0.0	0.0	0.0	0.0	0.0	0.0	0.0	
Pie-grièche écorcheur	0.0	0.0	0.0	0.0	0.0	0.0	0.0	0.0	0.0	0.0	0.0	0.0	0.0	0.0	0.0015	0.0327869	0.0535714	0.1428571	0.203125	0.3106796	0.2264151	0.18	0.1578947	0.195122	0.1363636	0.1212121	0.1071429	0.0909091	0.1304348	0.1956522	0.047619	0.0943396	0.0909091	0.0	0.0	0.0	0.0	0.0	0.0	0.0	0.0	0.0	0.0	0.0	0.0	0.0	0.0	0.0	
Pie-grièche grise	0.0	0.0	0.0	0.0	0.0	0.0	0.0	0.0	0.0	0.0	0.0	0.0	0.0	0.0	0.0	0.0	0.0	0.0	0.0	0.0	0.0	0.0	0.0	0.0	0.0	0.0	0.0	0.0	0.0	0.0	0.0	0.0	0.0	0.0	0.0	0.0	0.0	0.0	0.0	0.0015	0.0	0.0	0.0	0.0	0.0	0.0	0.0	0.0	
Pie-grièche à tête rousse	0.0	0.0	0.0	0.0	0.0	0.0	0.0	0.0	0.0	0.0	0.0	0.0	0.0	0.0	0.0	0.0	0.0178571	0.0252101	0.015625	0.0097087	0.0	0.04	0.0421053	0.0243902	0.0	0.0	0.0357143	0.0	0.0434783	0.0	0.0	0.0	0.0	0.0	0.0	0.0	0.0	0.0	0.0	0.0	0.0	0.0	0.0	0.0	0.0	0.0	0.0	0.0	
Laniidés sp.	0.0	0.0	0.0	0.0	0.0	0.0	0.0	0.0	0.0	0.0	0.0	0.0	0.0	0.0	0.0	0.0	0.0	0.0	0.0	0.0015	0.0	0.0	0.0	0.0	0.0	0.0	0.0	0.0	0.0	0.0	0.0	0.0	0.0	0.0	0.0	0.0	0.0	0.0	0.0	0.0	0.0	0.0	0.0	0.0	0.0	0.0	0.0	0.0	
Geai des chênes	0.375	0.1538462	0.375	0.2121212	0.2777778	0.3333333	0.3571429	0.0909091	0.3333333	0.2222222	0.0	0.375	0.2413793	0.212766	0.2264151	0.1147541	0.1607143	0.1092437	0.140625	0.1941748	0.0943396	0.06	0.1368421	0.1707317	0.1363636	0.1212121	0.1071429	0.1363636	0.3478261	0.3043478	0.3809524	0.1698113	0.3636364	0.1875	0.15	0.2608696	0.5	0.2857143	0.4	0.0833333	0.1666667	0.3333333	0.0	0.0	0.0	0.0015	0.0015	0.5135135	
Pie bavarde	0.25	0.0015	0.625	0.3030303	0.1111111	0.3333333	0.2142857	0.1818182	0.4166667	0.0015	0.3157895	0.28125	0.2068966	0.1914894	0.1320755	0.1803279	0.1071429	0.2016807	0.171875	0.3106796	0.2264151	0.22	0.2105263	0.2439024	0.1363636	0.2121212	0.2857143	0.3636364	0.2173913	0.1521739	0.3809524	0.1132075	0.1818182	0.1875	0.2	0.5217391	0.5	0.5714286	0.2	0.125	0.1666667	0.1666667	0.25	0.0	1.0	0.25	0.125	0.5135135	
Choucas des tours	0.0	0.2307692	0.375	0.1212121	0.1666667	0.0	0.0	0.0015	0.1666667	0.1111111	0.2631579	0.125	0.1034483	0.1489362	0.2264151	0.2295082	0.1071429	0.1008403	0.25	0.3009709	0.2641509	0.24	0.2	0.0487805	0.0454545	0.0909091	0.1428571	0.1818182	0.1304348	0.2391304	0.1904762	0.1509434	0.3636364	0.25	0.2	0.1304348	0.25	0.4285714	0.2	0.1666667	0.0	0.1666667	0.25	0.0	0.0	0.0	0.0	0.2162162	
Corbeau freux	0.125	0.0015	0.25	0.1515152	0.2777778	0.3333333	0.0015	0.0	0.0	0.0	0.0	0.21875	0.0862069	0.0212766	0.1132075	0.0983607	0.0	0.0084034	0.140625	0.0873786	0.0015	0.12	0.0315789	0.0243902	0.0454545	0.030303	0.0714286	0.1363636	0.0434783	0.173913	0.0952381	0.1509434	0.0	0.0625	0.1	0.173913	0.25	0.5714286	0.0015	0.1666667	0.3333333	0.3333333	0.5	0.0	0.0	0.25	0.25	0.1891892	
Corneille noire	0.5	0.5384615	0.5	0.6060606	0.5555556	0.3333333	0.6428571	0.3636364	0.6666667	0.6666667	0.3157895	0.625	0.6034483	0.5319149	0.5660377	0.5409836	0.5535714	0.5462185	0.453125	0.6116505	0.3962264	0.64	0.4105263	0.4390244	0.3181818	0.3636364	0.4285714	0.5454545	0.4782609	0.5434783	0.6190476	0.3962264	0.5454545	0.125	0.2	0.4347826	0.5	0.5714286	0.6	0.4583333	0.1666667	0.5	0.5	0.0	1.0	0.0	0.125	0.7027027	
corneille sp.	0.0	0.0	0.0	0.0	0.0	0.0	0.0	0.0	0.0	0.0	0.0	0.0	0.0	0.0212766	0.0	0.0	0.0	0.0	0.0	0.0097087	0.0	0.0	0.0	0.0	0.0	0.0	0.0	0.0	0.0	0.0	0.0	0.0	0.0	0.0625	0.0	0.0	0.0	0.0	0.0	0.0	0.0	0.0	0.0	0.0	0.0	0.0	0.0	0.0	
Grand Corbeau	0.0	0.0	0.0	0.0	0.0	0.0	0.0	0.0	0.0	0.0015	0.0526316	0.0	0.0172414	0.0	0.0188679	0.0163934	0.0	0.0168067	0.046875	0.0582524	0.0188679	0.0015	0.0631579	0.0	0.0	0.030303	0.0357143	0.0454545	0.0	0.0217391	0.0952381	0.0188679	0.0	0.0625	0.0	0.0434783	0.0	0.1428571	0.0	0.0	0.0	0.0	0.0	0.0	0.0	0.0	0.0	0.0	
Mésange noire	0.125	0.0	0.0	0.030303	0.0	0.0	0.0	0.0	0.0	0.0	0.0526316	0.0625	0.0517241	0.0212766	0.0	0.0163934	0.0357143	0.0084034	0.0	0.0	0.0	0.02	0.0210526	0.0	0.0	0.030303	0.0	0.0	0.0434783	0.0	0.0	0.0015	0.0	0.0	0.0	0.0	0.0	0.1428571	0.0	0.0	0.0	0.0	0.0	0.0	0.0	0.0	0.0	0.0	
Mésange huppée	0.125	0.0	0.0	0.0	0.0	0.0	0.0	0.0	0.0	0.0	0.0	0.0	0.0	0.0	0.0188679	0.0	0.0535714	0.0168067	0.015625	0.0	0.0	0.0	0.0105263	0.0015	0.0	0.030303	0.0714286	0.0454545	0.0869565	0.0	0.047619	0.0	0.0	0.0	0.0	0.0434783	0.0	0.0	0.0	0.0	0.0	0.0	0.0	0.0	0.0	0.0	0.0	0.027027	
Mésange nonnette	0.25	0.0015	0.0	0.0	0.0555556	0.0	0.0	0.0	0.1666667	0.0	0.0526316	0.03125	0.0172414	0.0	0.0188679	0.0	0.0178571	0.0252101	0.0625	0.0582524	0.0754717	0.06	0.0526316	0.0487805	0.0	0.030303	0.0714286	0.0454545	0.0434783	0.173913	0.0	0.0	0.1818182	0.0625	0.05	0.0869565	0.0	0.0	0.0	0.0	0.0	0.3333333	0.0	0.0	1.0	0.0	0.0	0.2162162	
Mésange boréale	0.0	0.0	0.0	0.030303	0.0	0.0	0.0	0.0	0.0	0.0	0.0	0.0	0.0015	0.0	0.0	0.0	0.0	0.0	0.0015	0.0	0.0015	0.0	0.0	0.0	0.0	0.030303	0.0714286	0.0454545	0.0869565	0.0217391	0.0	0.0	0.0	0.0	0.0	0.0	0.0	0.0	0.0	0.0	0.0	0.0	0.0	0.0	0.0	0.0	0.0	0.0	
Mésange bleue	0.625	0.5384615	0.625	0.3939394	0.3888889	0.3333333	0.5714286	0.0909091	0.6666667	0.4444444	0.4736842	0.5625	0.5172414	0.4255319	0.2830189	0.3770492	0.3035714	0.210084	0.25	0.3980583	0.4150943	0.44	0.3157895	0.2926829	0.0909091	0.1818182	0.3571429	0.2727273	0.4347826	0.5652174	0.3809524	0.2641509	0.6363636	0.25	0.25	0.3478261	0.25	0.4285714	0.6	0.3333333	0.5	0.6666667	0.25	0.0	1.0	0.0	0.125	0.6486486	
Mésange charbonnière	0.5	0.3076923	0.75	0.4545455	0.5	0.3333333	0.7857143	0.2727273	0.75	0.6666667	0.6315789	0.6875	0.637931	0.6595745	0.509434	0.704918	0.5	0.4117647	0.4375	0.4854369	0.4150943	0.38	0.2736842	0.3414634	0.0909091	0.2424242	0.2857143	0.4090909	0.5217391	0.4782609	0.4285714	0.3207547	0.3636364	0.25	0.45	0.4782609	0.5	0.5714286	0.6	0.4166667	0.3333333	1.0	0.5	0.0	1.0	0.0	0.25	0.6216216	
Alouette lulu	0.0	0.1538462	0.0	0.0015	0.0555556	0.0015	0.0714286	0.0909091	0.1666667	0.2222222	0.0526316	0.1875	0.0862069	0.106383	0.1320755	0.1803279	0.1607143	0.0336134	0.03125	0.0679612	0.0188679	0.06	0.1157895	0.0487805	0.0454545	0.0606061	0.0	0.0	0.0	0.0217391	0.0	0.0377358	0.0	0.0	0.05	0.0	0.0	0.1428571	0.6	0.0833333	0.0015	0.1666667	0.0	0.0	0.0	0.0	0.0	0.0	
Alouette des champs	0.0	0.0	0.0	0.2424242	0.0555556	0.0015	0.0	0.0015	0.0	0.1111111	0.0526316	0.0625	0.0517241	0.0638298	0.0754717	0.0655738	0.1428571	0.0588235	0.046875	0.0776699	0.0566038	0.1	0.0526316	0.0487805	0.0454545	0.0606061	0.0	0.0	0.0	0.0217391	0.0	0.0	0.0	0.0	0.05	0.0	0.0	0.1428571	0.0	0.0833333	0.3333333	0.0	0.0	0.0	0.0	0.0	0.0	0.0540541	
alaudidé sp.	0.0	0.0	0.0	0.0	0.0	0.0	0.0	0.0	0.0	0.0	0.0	0.0	0.0	0.0	0.0188679	0.0	0.0	0.0	0.0	0.0	0.0	0.0	0.0	0.0	0.0	0.0	0.0	0.0	0.0	0.0	0.0	0.0	0.0	0.0	0.0	0.0	0.0	0.0	0.0	0.0	0.0	0.0	0.0	0.0	0.0	0.0	0.0	0.0	
Cisticole des joncs	0.0	0.0769231	0.0	0.0	0.0	0.0	0.0	0.0	0.0	0.0	0.0	0.0	0.0	0.0	0.0	0.0	0.0	0.0168067	0.046875	0.0097087	0.0377358	0.12	0.0	0.0	0.0015	0.0	0.0	0.0	0.0	0.0	0.0	0.0	0.0	0.0	0.0	0.0	0.0	0.0	0.0	0.0	0.0	0.1666667	0.0	0.0	0.0	0.0	0.0	0.0	
Hypolaïs polyglotte	0.0	0.0	0.0	0.0	0.0	0.0	0.0	0.0	0.0	0.0	0.0	0.0	0.0	0.0	0.0	0.0163934	0.0714286	0.0420168	0.0625	0.0485437	0.1132075	0.16	0.1157895	0.0015	0.0	0.1212121	0.0	0.0015	0.0	0.0217391	0.047619	0.0188679	0.0	0.0	0.0	0.0	0.0	0.0	0.0	0.0	0.0	0.0	0.0	0.0	0.0	0.0	0.0	0.0	
Phragmite des joncs	0.0	0.0	0.0	0.0	0.0	0.0	0.0	0.0	0.0	0.0	0.0	0.0	0.0	0.0	0.0	0.0	0.0	0.0	0.0	0.0	0.0	0.02	0.0	0.0	0.0	0.0	0.0	0.0	0.0	0.0	0.0	0.0	0.0	0.0	0.0	0.0	0.0	0.0	0.0	0.0	0.0	0.0	0.0	0.0	0.0	0.0	0.0	0.0	
Rousserolle des buissons	0.0	0.0	0.0	0.0	0.0	0.0	0.0	0.0	0.0	0.0	0.0	0.0	0.0	0.0	0.0	0.0	0.0	0.0	0.0	0.0	0.0	0.0	0.0	0.0	0.0	0.0	0.0	0.0	0.0	0.0	0.0	0.0	0.0	0.0	0.0	0.0	0.0	0.0	0.0	0.0	0.0	0.0	0.0	0.0	1.0	0.0	0.0	0.0	
Rousserolle verderolle	0.0	0.0	0.0	0.0	0.0	0.0	0.0	0.0	0.0	0.0	0.0	0.0	0.0	0.0	0.0	0.0	0.0	0.0	0.0	0.0	0.0188679	0.1	0.0210526	0.0	0.0	0.0	0.0	0.0	0.0	0.0	0.0	0.0	0.0	0.0	0.0	0.0	0.0	0.0	0.0	0.0	0.0	0.0	0.0	0.0	0.0	0.0	0.0	0.0	
Rousserolle effarvatte	0.0	0.0	0.0	0.0	0.0	0.0	0.0	0.0	0.0	0.0	0.0	0.0	0.0	0.0	0.0	0.0163934	0.0	0.0	0.015625	0.0194175	0.0188679	0.02	0.0	0.0	0.0	0.030303	0.0357143	0.0	0.0434783	0.0217391	0.0	0.0377358	0.0	0.0	0.0	0.0	0.0	0.0	0.0	0.0	0.0	0.0	0.0	0.0	0.0	0.0	0.0	0.0	
Rousserolle verderolle ou R. effarvatte	0.0	0.0	0.0	0.0	0.0	0.0	0.0	0.0	0.0	0.0	0.0	0.0	0.0	0.0	0.0	0.0	0.0	0.0	0.0	0.0	0.0	0.02	0.0	0.0	0.0	0.0	0.0	0.0	0.0	0.0	0.0	0.0	0.0	0.0	0.0	0.0	0.0	0.0	0.0	0.0	0.0	0.0	0.0	0.0	0.0	0.0	0.0	0.0	
Rousserolle turdoïde	0.0	0.0	0.0	0.0	0.0	0.0	0.0	0.0	0.0	0.0	0.0	0.0	0.0	0.0	0.0	0.0	0.0	0.0084034	0.0	0.0	0.0	0.0	0.0	0.0	0.0	0.0	0.0	0.0	0.0434783	0.0	0.0	0.0	0.0	0.0	0.0	0.0	0.0	0.0	0.0	0.0	0.0	0.0	0.0	0.0	0.0	0.0	0.0	0.0	
Locustelle tachetée	0.0	0.0	0.0	0.0	0.0	0.0	0.0	0.0	0.0	0.0	0.0	0.0	0.0	0.0	0.0	0.0	0.0	0.0	0.0	0.0	0.0	0.02	0.0	0.0	0.0	0.0	0.0	0.0	0.0	0.0	0.0	0.0	0.0	0.0	0.0	0.0	0.0	0.0	0.0	0.0	0.0	0.0	0.0	0.0	0.0	0.0	0.0	0.0	
Hirondelle de rivage	0.0	0.0	0.0	0.0	0.0	0.0	0.0	0.0	0.0	0.0	0.0	0.0625	0.0015	0.0638298	0.0566038	0.0163934	0.0178571	0.0588235	0.03125	0.0485437	0.0188679	0.02	0.0	0.0243902	0.0	0.1212121	0.0357143	0.0015	0.0869565	0.0217391	0.0	0.0188679	0.0	0.0	0.0	0.0	0.0	0.0	0.0	0.0	0.0	0.0	0.0	0.0	0.0	0.0	0.0	0.0	
Hirondelle rustique	0.0	0.0	0.0	0.0	0.0	0.0	0.0	0.0	0.0	0.0	0.0	0.15625	0.5	0.5106383	0.4716981	0.3770492	0.4285714	0.4033613	0.3125	0.368932	0.3018868	0.34	0.4105263	0.3658537	0.4090909	0.2424242	0.3928571	0.2727273	0.4347826	0.5217391	0.7142857	0.3018868	0.3636364	0.375	0.2	0.173913	0.0	0.1428571	0.0	0.0	0.0	0.0	0.0	0.0	0.0	0.0	0.0	0.0	
Hirondelle de fenêtre	0.0	0.0	0.0	0.0	0.0	0.0	0.0	0.0	0.0	0.0	0.0	0.03125	0.0517241	0.0212766	0.1509434	0.0819672	0.125	0.1008403	0.171875	0.2718447	0.1509434	0.2	0.2105263	0.1463415	0.0909091	0.2424242	0.25	0.4545455	0.3913043	0.3913043	0.2380952	0.1698113	0.1818182	0.25	0.05	0.0869565	0.0015	0.0	0.0	0.0	0.0	0.0	0.0	0.0	0.0	0.0	0.0	0.0	
hirondelle sp.	0.0	0.0	0.0	0.0	0.0	0.0	0.0	0.0	0.0	0.0	0.0	0.0	0.0	0.0	0.0	0.0	0.0	0.0084034	0.0	0.0	0.0	0.0	0.0	0.0243902	0.0	0.0	0.0	0.0	0.0	0.0	0.0	0.0	0.0	0.0015	0.0	0.0	0.0	0.0	0.0	0.0	0.0	0.0	0.0	0.0	0.0	0.0	0.0	0.0	
Pouillot siffleur	0.0	0.0	0.0	0.0	0.0	0.0	0.0	0.0	0.0	0.0	0.0	0.0	0.0172414	0.0	0.0188679	0.0	0.0	0.0	0.0015	0.0	0.0	0.0	0.0526316	0.0	0.0	0.0	0.0	0.0	0.0434783	0.0	0.0	0.0	0.0	0.0	0.0	0.0015	0.0	0.0	0.0	0.0	0.0	0.0	0.0	0.0	0.0	0.0	0.0	0.0	
Pouillot de Bonelli	0.0	0.0	0.0	0.0	0.0	0.0	0.0	0.0	0.0	0.0	0.0	0.0	0.0	0.0	0.0	0.0	0.0	0.0	0.0	0.0	0.0377358	0.0	0.0015	0.0	0.0	0.0	0.0	0.0	0.0	0.0	0.0	0.0	0.0	0.0	0.0	0.0	0.0	0.0	0.0	0.0	0.0	0.0	0.0	0.0	0.0	0.0	0.0	0.0	
Pouillot fitis	0.0	0.0	0.0	0.0	0.0	0.0	0.0	0.0	0.0	0.0	0.0	0.0625	0.1034483	0.106383	0.0566038	0.0655738	0.0535714	0.0015	0.015625	0.0	0.0188679	0.0	0.0105263	0.0	0.0	0.030303	0.0357143	0.0454545	0.0	0.1304348	0.047619	0.0377358	0.0	0.0625	0.0	0.0015	0.0	0.1428571	0.0	0.0	0.0	0.0	0.0	0.0	0.0	0.0	0.0	0.0	
Pouillot véloce	0.0	0.0769231	0.0	0.0909091	0.0	0.0	0.1428571	0.0	0.3333333	0.2222222	0.3684211	0.46875	0.5689655	0.5531915	0.3018868	0.4098361	0.3928571	0.2773109	0.296875	0.2912621	0.3018868	0.32	0.2421053	0.3658537	0.0454545	0.1515152	0.1071429	0.0909091	0.0434783	0.4130435	0.2380952	0.0943396	0.4545455	0.25	0.1	0.173913	0.5	0.4285714	0.4	0.125	0.1666667	0.1666667	0.5	0.0	0.0	0.0	0.0	0.0810811	
pouillot sp.	0.0	0.0	0.0	0.0	0.0	0.0	0.0	0.0	0.0	0.0	0.0	0.0	0.0	0.0	0.0	0.0	0.0	0.0084034	0.0	0.0	0.0	0.0	0.0	0.0	0.0	0.0	0.0	0.0	0.0	0.0	0.0	0.0	0.0	0.0	0.0	0.0	0.0015	0.0	0.0	0.0	0.0	0.0	0.0	0.0	0.0	0.0	0.0	0.0	
Bouscarle de Cetti	0.0	0.0	0.0	0.030303	0.0555556	0.0	0.0	0.0	0.0	0.0	0.0	0.0	0.0172414	0.0212766	0.0	0.0	0.0	0.0084034	0.0	0.0	0.0	0.02	0.0	0.0243902	0.0	0.0015	0.0	0.0	0.0	0.0	0.0	0.0	0.0	0.0	0.0	0.0	0.0	0.0	0.0	0.0	0.0	0.0	0.0	0.0	0.0	0.0	0.0	0.0	
Orite à longue queue	0.25	0.0015	0.25	0.1818182	0.0555556	0.3333333	0.2857143	0.0	0.3333333	0.1111111	0.1578947	0.21875	0.1896552	0.1489362	0.0943396	0.1147541	0.1607143	0.1092437	0.140625	0.0485437	0.0566038	0.06	0.0736842	0.097561	0.0015	0.0909091	0.25	0.2272727	0.0869565	0.1521739	0.0952381	0.1132075	0.0909091	0.125	0.1	0.0869565	0.0	0.0015	0.0	0.125	0.1666667	0.3333333	0.0	0.0	1.0	0.0	0.125	0.2702703	
Fauvette à tête noire	0.0	0.0	0.0	0.0	0.0	0.0	0.0714286	0.0	0.1666667	0.2222222	0.2631579	0.4375	0.6896552	0.6808511	0.4150943	0.704918	0.6428571	0.5294118	0.546875	0.6699029	0.6415094	0.66	0.5894737	0.5853659	0.2727273	0.2727273	0.2857143	0.1363636	0.0869565	0.3043478	0.3333333	0.2264151	0.1818182	0.125	0.15	0.1304348	0.25	0.0	0.2	0.0	0.1666667	0.0	0.0	0.0	0.0	0.0	0.0	0.027027	
Fauvette des jardins	0.0	0.0	0.0	0.0	0.0	0.0	0.0	0.0	0.0	0.0	0.0	0.0	0.0	0.0212766	0.0	0.0327869	0.0535714	0.0252101	0.046875	0.1359223	0.0377358	0.1	0.0315789	0.0243902	0.0	0.030303	0.0714286	0.0	0.0	0.0015	0.0	0.0	0.0	0.0	0.0	0.0434783	0.0	0.0	0.0	0.0	0.0	0.0	0.0	0.0	0.0	0.0	0.0	0.0	
Fauvette babillarde	0.0	0.0	0.0	0.0	0.0	0.0	0.0	0.0	0.0	0.0	0.0	0.0	0.0	0.0	0.0188679	0.0163934	0.0	0.0168067	0.015625	0.0291262	0.0	0.04	0.0015	0.0	0.0	0.030303	0.0	0.0	0.0	0.0217391	0.047619	0.0188679	0.0	0.0	0.0	0.0	0.0	0.0	0.0	0.0	0.0	0.0	0.0	0.0	0.0	0.0	0.0	0.0	
Fauvette mélanocéphale	0.0	0.0769231	0.0	0.0	0.0	0.0	0.0	0.0	0.0	0.0	0.0	0.0	0.0172414	0.0212766	0.0	0.0163934	0.0178571	0.0	0.0	0.0097087	0.0188679	0.02	0.0	0.0	0.0	0.0	0.0	0.0	0.0	0.0	0.0	0.0	0.0	0.0	0.0	0.0434783	0.0	0.0	0.0	0.0	0.0	0.0	0.0	0.0	0.0	0.0	0.0	0.0	
Fauvette grisette	0.0	0.0	0.0	0.0	0.0	0.0	0.0	0.0	0.0	0.0	0.0	0.0	0.0517241	0.106383	0.0566038	0.1147541	0.2142857	0.0588235	0.0625	0.0679612	0.0943396	0.18	0.0526316	0.1219512	0.0015	0.0606061	0.0714286	0.0	0.0	0.0217391	0.0	0.0377358	0.0	0.0	0.0	0.0	0.0	0.0	0.0	0.0	0.0	0.0	0.0	0.0	0.0	0.0	0.0	0.0	
Roitelet huppé	0.125	0.1538462	0.0	0.030303	0.0555556	0.0	0.0714286	0.0909091	0.0833333	0.0	0.0526316	0.03125	0.0344828	0.0	0.0188679	0.0	0.0357143	0.0	0.0	0.0097087	0.0	0.0	0.0015	0.0243902	0.0	0.030303	0.0714286	0.0	0.0	0.0434783	0.0	0.0	0.0909091	0.0	0.0	0.1304348	0.0	0.0	0.2	0.0416667	0.0	0.0	0.25	0.0	0.0	0.0	0.0	0.1891892	
Roitelet à triple bandeau	0.0	0.0	0.25	0.0909091	0.0555556	0.0	0.0	0.0	0.0833333	0.0	0.1052632	0.03125	0.0689655	0.0638298	0.0188679	0.0655738	0.0	0.0252101	0.0625	0.0485437	0.0015	0.0	0.0526316	0.0243902	0.0	0.030303	0.0357143	0.0015	0.0434783	0.0434783	0.0015	0.0377358	0.1818182	0.0625	0.1	0.0869565	0.0	0.0	0.0	0.125	0.0	0.1666667	0.25	0.0	0.0	0.0	0.0015	0.0540541	
Roitelet huppé ou R. à triple bandeau	0.0	0.0	0.0	0.0	0.0	0.0	0.0	0.0	0.0	0.0	0.0526316	0.0	0.0	0.0	0.0	0.0	0.0	0.0084034	0.0	0.0	0.0	0.0	0.0	0.0	0.0	0.0	0.0	0.0	0.0	0.0	0.0	0.0	0.0	0.0	0.0	0.0	0.0	0.0	0.0	0.0	0.0	0.0	0.0	0.0	0.0	0.0	0.0	0.0	
Tichodrome échelette	0.0	0.0769231	0.0	0.030303	0.0	0.0	0.0714286	0.0	0.0	0.0	0.0	0.0	0.0	0.0	0.0	0.0	0.0	0.0	0.0	0.0	0.0	0.0	0.0	0.0	0.0	0.0	0.0	0.0	0.0	0.0	0.0	0.0	0.0	0.0	0.0	0.0	0.0	0.0	0.0	0.0	0.0	0.0	0.0	0.0	0.0	0.0	0.0	0.0	
Sittelle torchepot	0.375	0.1538462	0.0	0.030303	0.0555556	0.3333333	0.2142857	0.0	0.3333333	0.1111111	0.1052632	0.03125	0.0689655	0.1276596	0.0566038	0.0	0.0357143	0.0252101	0.015625	0.0582524	0.0943396	0.1	0.0736842	0.1707317	0.0454545	0.1212121	0.0	0.0909091	0.173913	0.2608696	0.047619	0.0566038	0.1818182	0.0625	0.1	0.0	0.25	0.2857143	0.0	0.0	0.0	0.3333333	0.0	0.0	0.0	0.0	0.0	0.2972973	
Grimpereau des bois	0.0	0.0	0.0	0.0	0.0	0.0	0.0	0.0	0.0	0.0	0.0	0.0	0.0	0.0	0.0	0.0	0.0178571	0.0015	0.0015	0.0	0.0	0.0	0.0	0.0	0.0	0.0	0.0357143	0.0	0.0	0.0	0.0	0.0	0.0	0.0	0.0	0.0	0.0	0.0	0.0	0.0	0.0	0.0	0.0	0.0	0.0	0.0	0.0	0.0	
Grimpereau des jardins	0.125	0.1538462	0.375	0.0909091	0.1666667	0.3333333	0.2857143	0.0909091	0.3333333	0.2222222	0.1578947	0.3125	0.3103448	0.2553191	0.1886792	0.2622951	0.1785714	0.1680672	0.109375	0.184466	0.3018868	0.12	0.2526316	0.1707317	0.0015	0.1212121	0.1785714	0.0909091	0.2173913	0.4347826	0.1428571	0.0566038	0.1818182	0.1875	0.2	0.173913	0.0	0.1428571	0.2	0.1666667	0.0	0.5	0.25	0.0	0.0	0.0	0.0015	0.2972973	
Grimpereau des bois ou G. des jardins	0.0	0.0	0.0	0.0	0.0	0.0	0.0	0.0	0.0	0.0	0.0	0.0	0.0	0.0	0.0	0.0163934	0.0178571	0.0084034	0.0	0.0	0.0	0.0	0.0	0.0	0.0	0.0	0.0	0.0	0.0	0.0	0.0	0.0	0.0	0.0	0.0	0.0	0.0	0.0	0.0	0.0	0.0	0.0	0.0	0.0	0.0	0.0	0.0	0.0	
Troglodyte mignon	0.25	0.2307692	0.375	0.2727273	0.2222222	0.3333333	0.3571429	0.0909091	0.25	0.1111111	0.1052632	0.28125	0.2586207	0.1276596	0.2075472	0.147541	0.1785714	0.1344538	0.1875	0.1262136	0.0943396	0.06	0.1473684	0.1707317	0.0015	0.0909091	0.1071429	0.0454545	0.2608696	0.1304348	0.047619	0.0566038	0.0909091	0.0	0.0	0.0434783	0.25	0.1428571	0.4	0.2083333	0.1666667	0.3333333	0.25	0.0	0.0	0.25	0.0015	0.2702703	
Cincle plongeur	0.0	0.0	0.0	0.0	0.0	0.0	0.0	0.0	0.0	0.0	0.0	0.0	0.0	0.0	0.0	0.0	0.0	0.0	0.0015	0.0	0.0	0.0	0.0	0.0	0.0	0.030303	0.0	0.0	0.0	0.0	0.0	0.0	0.0	0.0	0.0	0.0	0.0	0.0	0.0	0.0	0.0	0.0	0.0	0.0	0.0	0.0	0.0	0.0	
Étourneau sansonnet	0.375	0.2307692	0.625	0.3333333	0.3333333	0.3333333	0.0714286	0.1818182	0.25	0.4444444	0.2105263	0.21875	0.4655172	0.4042553	0.2830189	0.3934426	0.3214286	0.2857143	0.453125	0.2718447	0.245283	0.5	0.2526316	0.2926829	0.0454545	0.2424242	0.2142857	0.1818182	0.2173913	0.3478261	0.4761905	0.3018868	0.3636364	0.3125	0.2	0.173913	0.5	0.2857143	0.6	0.125	0.1666667	0.6666667	0.25	0.0	0.0	0.0	0.125	0.3243243	
Grive draine	0.0	0.0	0.25	0.0606061	0.0	0.3333333	0.0	0.0909091	0.0833333	0.2222222	0.0	0.09375	0.0862069	0.0638298	0.1132075	0.0163934	0.0535714	0.0168067	0.0625	0.0	0.0015	0.02	0.0526316	0.0	0.0454545	0.030303	0.0714286	0.0454545	0.0434783	0.0217391	0.0	0.0188679	0.0	0.0	0.05	0.0434783	0.25	0.0	0.2	0.0416667	0.0015	0.1666667	0.0	1.0	0.0	0.0	0.0	0.2162162	
Grive musicienne	0.0	0.2307692	0.125	0.0	0.0555556	0.0	0.1428571	0.0909091	0.1666667	0.2222222	0.0526316	0.1875	0.1551724	0.106383	0.0566038	0.0163934	0.0892857	0.0168067	0.078125	0.0679612	0.0566038	0.02	0.1157895	0.0731707	0.0015	0.030303	0.0357143	0.0454545	0.0434783	0.0434783	0.047619	0.0	0.0909091	0.0	0.0	0.0869565	0.25	0.1428571	0.0	0.0833333	0.1666667	0.1666667	0.0	0.0	0.0	0.0	0.0	0.027027	
Grive mauvis	0.0	0.0769231	0.0	0.0	0.0	0.0	0.1428571	0.0	0.0	0.0	0.0	0.0	0.0	0.0	0.0	0.0	0.0	0.0	0.0	0.0	0.0	0.0	0.0	0.0	0.0	0.0	0.0	0.0	0.0	0.0	0.0	0.0	0.0	0.0	0.0	0.0	0.0	0.0	0.0	0.0416667	0.0	0.1666667	0.0	0.0	0.0	0.0	0.0015	0.0540541	
Merle noir	0.625	0.4615385	0.625	0.3030303	0.1666667	0.3333333	0.5714286	0.2727273	0.5	0.5555556	0.3157895	0.5	0.5344828	0.5319149	0.509434	0.704918	0.6428571	0.7226891	0.625	0.7281553	0.6037736	0.62	0.5473684	0.5121951	0.1818182	0.2121212	0.3214286	0.4090909	0.3913043	0.3913043	0.2857143	0.1320755	0.2727273	0.125	0.05	0.1304348	0.5	0.4285714	0.6	0.1666667	0.3333333	0.5	0.5	0.0	0.0	0.0	0.0015	0.5945946	
Grive litorne	0.0	0.0	0.25	0.0	0.0	0.0	0.0	0.0	0.0833333	0.0	0.0526316	0.03125	0.0172414	0.0	0.0188679	0.0	0.0	0.0	0.0	0.0	0.0	0.0	0.0	0.0	0.0454545	0.0015	0.0	0.0	0.0	0.0	0.0	0.0	0.0	0.0	0.0	0.0	0.0	0.0	0.0	0.0416667	0.0	0.0	0.0	0.0	0.0	0.0	0.0015	0.027027	
Gobemouche gris	0.0	0.0	0.0	0.0	0.0	0.0	0.0	0.0	0.0	0.0	0.0	0.0	0.0	0.0	0.0	0.0163934	0.0	0.0420168	0.015625	0.0679612	0.1509434	0.02	0.0421053	0.0487805	0.0	0.0606061	0.1428571	0.1818182	0.0869565	0.2391304	0.0952381	0.0377358	0.0	0.0	0.0	0.0	0.0	0.0	0.0	0.0	0.0	0.0	0.0	0.0	0.0	0.0	0.0	0.0	
Rougegorge familier	0.5	0.3076923	0.375	0.3939394	0.3333333	0.3333333	0.4285714	0.0909091	0.5833333	0.4444444	0.3157895	0.3125	0.4655172	0.3404255	0.3584906	0.2622951	0.1785714	0.1176471	0.203125	0.223301	0.245283	0.24	0.2105263	0.2195122	0.0909091	0.1212121	0.0714286	0.2272727	0.173913	0.1521739	0.1428571	0.1132075	0.4545455	0.25	0.2	0.2608696	0.5	0.5714286	0.4	0.3333333	0.6666667	0.5	0.5	0.0	1.0	0.25	0.25	0.5135135	
Rossignol philomèle	0.0	0.0	0.0	0.0	0.0	0.0	0.0	0.0	0.0	0.0	0.0	0.0	0.0862069	0.6808511	0.3207547	0.6065574	0.5535714	0.4369748	0.546875	0.5728155	0.5283019	0.5	0.2631579	0.1463415	0.0	0.0015	0.0015	0.0	0.0434783	0.0	0.047619	0.0	0.0	0.0	0.0	0.0	0.0	0.0	0.0	0.0	0.0	0.0	0.0	0.0	0.0	0.0	0.0	0.0	
Gorgebleue à miroir	0.0	0.0	0.0	0.0	0.0	0.0	0.0	0.0	0.0	0.0	0.0	0.0	0.0	0.0212766	0.0	0.0	0.0	0.0	0.0	0.0	0.0	0.0	0.0	0.0	0.0	0.0	0.0	0.0	0.0	0.0	0.0	0.0	0.0	0.0	0.0	0.0	0.0	0.0	0.0	0.0	0.0	0.0	0.0	0.0	0.0	0.0	0.0	0.0	
Gobemouche noir	0.0	0.0	0.0	0.0	0.0	0.0	0.0	0.0	0.0	0.0	0.0	0.0	0.0	0.0	0.0015	0.0163934	0.0	0.0	0.0	0.0	0.0	0.0	0.0105263	0.0015	0.0	0.0015	0.0	0.0	0.0434783	0.0217391	0.1428571	0.2264151	0.1818182	0.125	0.05	0.0869565	0.0	0.0	0.0	0.0	0.0	0.0	0.0	0.0	0.0	0.0	0.0	0.0	
Rougequeue à front blanc	0.0	0.0	0.0	0.0	0.0	0.0	0.0	0.0	0.0	0.0	0.0	0.0	0.1206897	0.2553191	0.0943396	0.1803279	0.1607143	0.1008403	0.203125	0.1650485	0.1886792	0.2	0.1263158	0.0	0.0454545	0.0015	0.0357143	0.0454545	0.0015	0.0434783	0.047619	0.0377358	0.2727273	0.0625	0.05	0.0869565	0.0	0.0	0.0	0.0	0.0	0.0	0.0	0.0	0.0	0.0	0.0	0.0	
Rougequeue noir	0.0	0.0	0.125	0.030303	0.0	0.0	0.0	0.0	0.0833333	0.1111111	0.1578947	0.40625	0.362069	0.3617021	0.2830189	0.2295082	0.3035714	0.1932773	0.25	0.2718447	0.2830189	0.3	0.3052632	0.2439024	0.0909091	0.1515152	0.2142857	0.3636364	0.2173913	0.173913	0.1904762	0.0943396	0.2727273	0.25	0.25	0.2173913	0.5	0.4285714	0.4	0.0833333	0.0	0.0	0.0	0.0	0.0	0.0	0.125	0.0810811	
rougequeue sp.	0.0	0.0	0.0	0.0	0.0	0.0	0.0	0.0	0.0	0.0	0.0	0.0	0.0	0.0	0.0	0.0	0.0	0.0084034	0.0	0.0	0.0	0.0	0.0	0.0	0.0	0.0	0.0	0.0	0.0	0.0	0.0	0.0	0.0	0.0	0.0	0.0434783	0.0	0.0	0.0	0.0	0.0	0.0	0.0	0.0	0.0	0.0	0.0	0.0	
Tarier des prés	0.0	0.0	0.0	0.0	0.0	0.0	0.0	0.0	0.0	0.0	0.0	0.0	0.0	0.0	0.0	0.0327869	0.0178571	0.0168067	0.0	0.0097087	0.0	0.02	0.0	0.0	0.0	0.0	0.0015	0.0	0.0	0.0217391	0.047619	0.0188679	0.0	0.0	0.0	0.0	0.0	0.0	0.0	0.0	0.0	0.0	0.0	0.0	0.0	0.0	0.0	0.0	
Tarier pâtre	0.0	0.0769231	0.0	0.0	0.0	0.0	0.0	0.0	0.0015	0.1111111	0.0	0.09375	0.0862069	0.3191489	0.1132075	0.1147541	0.1071429	0.0756303	0.15625	0.1165049	0.1698113	0.06	0.1052632	0.0487805	0.0454545	0.0606061	0.0357143	0.0454545	0.1304348	0.1086957	0.047619	0.0566038	0.0	0.0	0.05	0.0015	0.0	0.0	0.2	0.0416667	0.0	0.3333333	0.0	0.0	0.0	0.0	0.0	0.0015	
Traquet motteux	0.0	0.0	0.0	0.0	0.0	0.0	0.0	0.0	0.0	0.0	0.0	0.0	0.0	0.0	0.0	0.0163934	0.0	0.0	0.0015	0.0	0.0	0.0	0.0	0.0	0.0	0.0	0.0	0.0	0.0	0.0	0.0	0.0377358	0.0909091	0.0	0.0	0.0434783	0.0	0.0	0.0	0.0	0.0	0.0	0.0	0.0	0.0	0.0	0.0	0.0	
Accenteur alpin	0.0	0.0	0.0	0.0	0.0	0.0015	0.0	0.0909091	0.0	0.0	0.0	0.0	0.0172414	0.0	0.0	0.0	0.0	0.0	0.0	0.0	0.0	0.0	0.0	0.0	0.0	0.0	0.0	0.0	0.0	0.0	0.0	0.0	0.0	0.0	0.0	0.0	0.0	0.0	0.0	0.0	0.0	0.0	0.0	0.0	0.0	0.0	0.0	0.0	
Accenteur mouchet	0.0	0.1538462	0.0	0.030303	0.0	0.0	0.0714286	0.0	0.0	0.0	0.0015	0.09375	0.0517241	0.0425532	0.0188679	0.0	0.0357143	0.0084034	0.0625	0.0485437	0.0377358	0.0	0.0105263	0.0243902	0.0	0.0015	0.0357143	0.0909091	0.0	0.0217391	0.0	0.0	0.0	0.0	0.0	0.0434783	0.25	0.1428571	0.0	0.0833333	0.1666667	0.1666667	0.0	0.0	0.0	0.0	0.0	0.1621622	
Moineau domestique	0.375	0.0769231	0.5	0.2121212	0.1111111	0.3333333	0.1428571	0.0015	0.5	0.1111111	0.1578947	0.4375	0.4655172	0.5106383	0.3962264	0.5409836	0.4642857	0.4285714	0.59375	0.6019417	0.5660377	0.52	0.4947368	0.4146341	0.3181818	0.2727273	0.4642857	0.6363636	0.3913043	0.4347826	0.2380952	0.1509434	0.1818182	0.1875	0.2	0.1304348	0.25	0.4285714	0.2	0.1666667	0.3333333	0.3333333	0.25	0.0	0.0	0.0	0.125	0.5675676	
Moineau friquet	0.0	0.0	0.0	0.0	0.0	0.0	0.0	0.0	0.0	0.0	0.0526316	0.03125	0.0862069	0.0	0.0	0.0	0.0357143	0.0420168	0.0625	0.0679612	0.0566038	0.14	0.0526316	0.0	0.0	0.030303	0.0357143	0.0	0.0	0.0	0.0	0.0015	0.0	0.0	0.0	0.0434783	0.0	0.0	0.0	0.0416667	0.1666667	0.0	0.0	0.0	0.0	0.0	0.0	0.0	
Niverolle alpine	0.0	0.0769231	0.0	0.0	0.0	0.0	0.0	0.0	0.0	0.0	0.0	0.0	0.0	0.0	0.0	0.0	0.0	0.0	0.0	0.0	0.0	0.0	0.0	0.0	0.0	0.0	0.0	0.0	0.0	0.0	0.0	0.0	0.0	0.0	0.0	0.0	0.0	0.0	0.0	0.0	0.0	0.0	0.0	0.0	0.0	0.0	0.0	0.0	
Bergeronnette des ruisseaux	0.25	0.0769231	0.125	0.0	0.0	0.0015	0.0	0.0	0.0	0.0	0.1052632	0.09375	0.0344828	0.0212766	0.0377358	0.0655738	0.0357143	0.0168067	0.078125	0.0194175	0.0188679	0.04	0.0842105	0.0243902	0.0	0.030303	0.1071429	0.0	0.1304348	0.1304348	0.0	0.0377358	0.0	0.0	0.1	0.0015	0.0	0.0	0.0	0.0416667	0.0	0.0	0.0	0.0	0.0	0.0	0.0	0.1351351	
Bergeronnette printanière	0.0	0.0	0.0	0.0	0.0	0.0	0.0	0.0	0.0	0.0	0.0	0.09375	0.137931	0.106383	0.0377358	0.0655738	0.0892857	0.0504202	0.03125	0.038835	0.0566038	0.2	0.0105263	0.0731707	0.0	0.0909091	0.0357143	0.0	0.0	0.0869565	0.0952381	0.0566038	0.1818182	0.0	0.0	0.0	0.0	0.0	0.0	0.0	0.0	0.0	0.0	0.0	0.0	0.0	0.0	0.0	
Bergeronnette grise	0.25	0.0769231	0.0	0.0606061	0.0555556	0.3333333	0.0714286	0.0909091	0.1666667	0.2222222	0.1052632	0.15625	0.2758621	0.2553191	0.0754717	0.1311475	0.1428571	0.1008403	0.234375	0.184466	0.245283	0.22	0.1263158	0.097561	0.1363636	0.1515152	0.1071429	0.1363636	0.173913	0.0869565	0.047619	0.0943396	0.0909091	0.0625	0.3	0.0869565	0.25	0.2857143	0.2	0.1666667	0.0	0.0	0.0	0.0	0.0	0.0	0.0015	0.0810811	
bergeronette sp.	0.0	0.0	0.0	0.0	0.0	0.0	0.0	0.0	0.0	0.0	0.0	0.0	0.0	0.0	0.0	0.0	0.0	0.0	0.0	0.0	0.0	0.0	0.0	0.0	0.0	0.0	0.0	0.0	0.0	0.0	0.0	0.0015	0.0	0.0	0.0	0.0	0.0	0.0	0.0	0.0	0.0	0.0	0.0	0.0	0.0	0.0	0.0	0.0	
Pipit farlouse	0.0	0.1538462	0.25	0.030303	0.0555556	0.3333333	0.0	0.0	0.0	0.0	0.0	0.0625	0.0172414	0.0851064	0.0	0.0	0.0	0.0	0.0	0.0	0.0	0.0	0.0	0.0	0.0	0.0015	0.0	0.0	0.0434783	0.0	0.0	0.0188679	0.0	0.0	0.0	0.0434783	0.0	0.1428571	0.2	0.125	0.1666667	0.3333333	0.25	0.0	0.0	0.0	0.0015	0.1351351	
Pipit des arbres	0.0	0.0	0.0	0.0	0.0	0.0	0.0	0.0	0.0	0.0	0.0	0.0	0.0172414	0.0425532	0.0754717	0.0819672	0.0535714	0.0	0.015625	0.0	0.0	0.04	0.0421053	0.0	0.0454545	0.0015	0.0357143	0.0	0.0	0.0	0.0	0.0566038	0.0909091	0.0	0.1	0.1304348	0.0	0.1428571	0.0	0.0	0.0	0.0	0.0	0.0	0.0	0.0	0.0	0.0	
Pipit spioncelle	0.0	0.0	0.0	0.0	0.0	0.0015	0.0	0.0	0.0	0.0	0.0	0.0015	0.0	0.0	0.0015	0.0	0.0	0.0	0.0	0.0	0.0	0.0	0.0	0.0	0.0	0.0	0.0	0.0	0.0	0.0	0.0	0.0	0.0	0.0	0.0	0.0	0.0	0.0	0.0	0.0416667	0.0	0.0	0.0	0.0	0.0	0.0	0.0	0.0015	
Pipit farlouse ou P. spioncelle	0.0	0.0	0.0	0.0	0.0	0.0	0.0	0.0	0.0	0.0	0.0	0.0	0.0	0.0212766	0.0	0.0	0.0	0.0	0.0	0.0	0.0	0.0	0.0	0.0	0.0	0.0	0.0	0.0	0.0	0.0	0.0	0.0	0.0	0.0	0.0	0.0	0.0	0.0	0.0	0.0	0.0	0.0	0.0	0.0	0.0	0.0	0.0	0.0	
Anthus sp.	0.0	0.0	0.0	0.0	0.0	0.0	0.0	0.0	0.0	0.0	0.0	0.0	0.0	0.0	0.0188679	0.0	0.0	0.0	0.0	0.0	0.0	0.0	0.0	0.0	0.0	0.0	0.0	0.0	0.0	0.0	0.0	0.0	0.0	0.0	0.0	0.0	0.0	0.0	0.0	0.0	0.0	0.0	0.0	0.0	0.0	0.0	0.0	0.0	
Pinson des arbres	0.375	0.5384615	0.75	0.4242424	0.3888889	0.3333333	0.4285714	0.0909091	0.75	0.5555556	0.3684211	0.5625	0.6206897	0.5319149	0.509434	0.5737705	0.5535714	0.4537815	0.53125	0.6116505	0.5283019	0.6	0.5684211	0.4146341	0.1818182	0.3636364	0.2142857	0.2727273	0.3043478	0.326087	0.3809524	0.2075472	0.3636364	0.3125	0.15	0.2173913	0.5	0.7142857	0.4	0.4166667	0.5	0.5	0.5	0.0	1.0	0.0	0.0	0.5135135	
Pinson du Nord	0.0	0.0	0.375	0.1212121	0.0555556	0.3333333	0.0714286	0.0	0.0	0.1111111	0.0526316	0.0	0.0172414	0.0212766	0.0	0.0	0.0	0.0	0.0	0.0	0.0	0.0	0.0	0.0	0.0	0.0	0.0	0.0	0.0	0.0	0.0	0.0	0.0	0.0	0.0	0.0	0.25	0.2857143	0.0	0.0416667	0.1666667	0.0	0.0	0.0	0.0	0.0	0.0015	0.027027	
Grosbec casse-noyaux	0.0015	0.1538462	0.125	0.1212121	0.0555556	0.0	0.0714286	0.0	0.25	0.2222222	0.0526316	0.15625	0.0862069	0.0425532	0.0566038	0.0327869	0.0714286	0.0084034	0.0	0.0194175	0.0188679	0.02	0.0842105	0.0487805	0.0	0.030303	0.0357143	0.0015	0.0	0.0	0.047619	0.0	0.0	0.0	0.0	0.0	0.0	0.1428571	0.0	0.0833333	0.1666667	0.0	0.0	0.0	0.0	0.0	0.125	0.1351351	
Bouvreuil pivoine	0.0	0.0769231	0.0	0.0	0.0	0.3333333	0.0	0.0	0.0833333	0.0	0.0	0.0	0.0	0.0	0.0	0.0	0.0178571	0.0	0.0	0.0	0.0188679	0.0	0.0015	0.0	0.0	0.030303	0.0	0.0	0.0434783	0.0217391	0.0	0.0	0.0	0.0	0.0	0.0434783	0.0	0.0	0.0	0.0	0.0	0.0	0.0	0.0	0.0	0.0	0.0015	0.0	
Verdier d'Europe	0.0	0.0769231	0.0	0.1818182	0.0555556	0.0	0.2142857	0.0	0.5833333	0.1111111	0.1578947	0.25	0.2586207	0.2765957	0.1509434	0.1639344	0.1964286	0.1512605	0.15625	0.2524272	0.1132075	0.22	0.1684211	0.1219512	0.0454545	0.1212121	0.1785714	0.2727273	0.173913	0.2391304	0.1428571	0.0377358	0.1818182	0.0	0.0	0.0434783	0.0	0.1428571	0.2	0.0416667	0.1666667	0.1666667	0.0	0.0	0.0	0.0	0.125	0.0540541	
Linotte mélodieuse	0.0	0.0769231	0.0	0.1212121	0.0015	0.3333333	0.0	0.0	0.0833333	0.1111111	0.0526316	0.1875	0.137931	0.1702128	0.0754717	0.0655738	0.0714286	0.0588235	0.078125	0.0291262	0.0566038	0.16	0.0526316	0.0731707	0.0015	0.0606061	0.0714286	0.0	0.0869565	0.0434783	0.1428571	0.0188679	0.0909091	0.0625	0.0	0.0434783	0.0	0.1428571	0.0	0.1666667	0.1666667	0.0	0.0	0.0	0.0	0.0	0.0015	0.0810811	
Sizerin flammé	0.0	0.0	0.125	0.0015	0.0	0.0	0.0	0.0	0.0	0.0	0.0	0.0	0.0	0.0	0.0	0.0	0.0	0.0	0.0	0.0	0.0	0.0	0.0	0.0	0.0	0.0	0.0	0.0	0.0	0.0	0.0	0.0	0.0	0.0	0.0	0.0	0.0	0.0	0.0	0.0	0.0	0.0	0.25	0.0	0.0	0.0	0.0	0.0015	
Bec-croisé des sapins	0.0	0.0	0.0	0.0	0.0	0.0	0.0	0.0	0.0	0.0	0.0	0.0	0.0	0.0	0.0	0.0163934	0.0	0.0168067	0.0	0.0	0.0	0.0	0.0210526	0.0	0.0	0.0015	0.0	0.0	0.0434783	0.0	0.0	0.0	0.0	0.0	0.0	0.0434783	0.0	0.0	0.0	0.0	0.0	0.0	0.0	0.0	0.0	0.0	0.0	0.0	
Chardonneret élégant	0.125	0.0769231	0.125	0.2727273	0.1111111	0.3333333	0.1428571	0.0	0.25	0.4444444	0.0	0.1875	0.2758621	0.3191489	0.2830189	0.2459016	0.3571429	0.210084	0.25	0.3009709	0.2264151	0.24	0.2105263	0.1707317	0.0454545	0.1212121	0.3214286	0.2272727	0.2608696	0.3695652	0.1428571	0.1132075	0.2727273	0.0	0.1	0.0869565	0.0	0.2857143	0.2	0.0833333	0.3333333	0.3333333	0.5	0.0	0.0	0.0	0.0	0.1891892	
Serin cini	0.0	0.0	0.0	0.0	0.0	0.0	0.0015	0.0	0.0833333	0.2222222	0.1578947	0.1875	0.137931	0.0851064	0.0754717	0.1311475	0.0535714	0.1680672	0.15625	0.1165049	0.0566038	0.08	0.1263158	0.1219512	0.1363636	0.1515152	0.1071429	0.1363636	0.0869565	0.1086957	0.0015	0.0	0.0	0.0	0.0	0.0434783	0.0	0.0	0.0	0.0	0.0	0.0	0.0	0.0	0.0	0.0	0.0	0.0	
Tarin des aulnes	0.125	0.0	0.125	0.0909091	0.0555556	0.3333333	0.0	0.0	0.1666667	0.0	0.1052632	0.0625	0.0517241	0.0	0.0015	0.0	0.0	0.0	0.0	0.0	0.0	0.0	0.0	0.0	0.0	0.0	0.0	0.0	0.0	0.0	0.0	0.0	0.0	0.0	0.0	0.0434783	0.0	0.1428571	0.0	0.0833333	0.0015	0.1666667	0.0	0.0	0.0	0.0	0.0015	0.1891892	
Bruant proyer	0.0	0.0	0.0	0.030303	0.0	0.0	0.0	0.0	0.0	0.1111111	0.0526316	0.15625	0.1206897	0.2765957	0.1886792	0.2131148	0.1964286	0.1596639	0.171875	0.1165049	0.1132075	0.3	0.1052632	0.1219512	0.0454545	0.030303	0.0	0.0	0.0434783	0.0217391	0.0	0.0377358	0.0	0.0	0.0	0.0	0.0	0.0	0.0	0.0015	0.0	0.0	0.0	0.0	0.0	0.0	0.0	0.0	
Bruant zizi	0.0	0.0769231	0.125	0.0	0.0	0.0	0.0015	0.0	0.0	0.1111111	0.0526316	0.15625	0.1034483	0.106383	0.245283	0.1803279	0.0892857	0.0420168	0.03125	0.1067961	0.1132075	0.04	0.1473684	0.0731707	0.0454545	0.0015	0.0357143	0.0	0.0434783	0.0652174	0.047619	0.0566038	0.0	0.0625	0.0	0.0015	0.0	0.2857143	0.4	0.0416667	0.0	0.0015	0.0	0.0	0.0	0.0	0.0	0.0	
Bruant jaune	0.0	0.0	0.375	0.030303	0.1111111	0.0	0.0	0.0	0.0	0.0015	0.0	0.0	0.0344828	0.0851064	0.0015	0.0	0.0357143	0.0168067	0.015625	0.038835	0.0377358	0.08	0.0105263	0.0243902	0.0	0.0606061	0.0357143	0.0	0.0	0.0	0.0	0.0	0.0	0.0	0.0	0.0	0.0	0.2857143	0.0	0.0	0.0	0.0	0.0	0.0	0.0	0.0	0.0	0.0	
Bruant des roseaux	0.0	0.0	0.125	0.0909091	0.0555556	0.0	0.0	0.0	0.0833333	0.0	0.0	0.0	0.0172414	0.0212766	0.0	0.0	0.0	0.0	0.0015	0.0097087	0.0188679	0.02	0.0	0.0243902	0.0	0.0	0.0	0.0	0.0	0.0	0.0	0.0	0.0	0.0	0.0	0.0	0.0	0.0	0.0	0.0	0.3333333	0.1666667	0.25	0.0	0.0	0.0	0.0	0.027027	
passereau sp.	0.0	0.0	0.0	0.0	0.0	0.0	0.0	0.0	0.0	0.0	0.0	0.0	0.0	0.0	0.0188679	0.0	0.0	0.0	0.0	0.0097087	0.0	0.0	0.0	0.0	0.0	0.0	0.0	0.0	0.0	0.0	0.0	0.0188679	0.0	0.0	0.05	0.0	0.0	0.0	0.0	0.0	0.0	0.3333333	0.0	0.0	0.0	0.0	0.0	0.0	

