









Frequency of observations in the selected location(s).:
Number of taxa: 	257

	Jan				Feb				Mar				Apr				May				Jun				Jul				Aug				Sep				Oct				Nov				Dec				
Sample Size:	23.0	19.0	17.0	19.0	16.0	22.0	25.0	11.0	26.0	17.0	28.0	29.0	42.0	62.0	73.0	68.0	43.0	41.0	24.0	72.0	78.0	43.0	34.0	60.0	44.0	68.0	100.0	99.0	32.0	56.0	39.0	42.0	33.0	37.0	10.0	31.0	18.0	16.0	16.0	34.0	10.0	15.0	9.0	7.0	15.0	6.0	17.0	25.0	

Oie cendrée	0.0	0.0	0.0	0.0	0.0	0.0	0.0	0.0	0.0	0.0	0.0	0.0	0.0	0.0	0.0	0.0	0.0232558	0.0	0.0	0.0	0.0	0.0	0.0	0.0	0.0	0.0147059	0.0	0.0	0.0	0.0	0.0	0.0	0.0	0.0	0.0	0.0	0.0	0.0625	0.0	0.0	0.0	0.0	0.0	0.0	0.0	0.0	0.0	0.0	
Bernache du Canada	0.0	0.0	0.0	0.0	0.0	0.0	0.0	0.0	0.0	0.0	0.0	0.0	0.0	0.0	0.0015	0.0	0.0	0.0	0.0	0.0	0.0	0.0	0.0	0.0	0.0	0.0	0.0	0.0	0.0	0.0	0.0	0.0	0.0	0.0	0.0	0.0	0.0	0.0	0.0	0.0	0.0	0.0	0.0	0.0	0.0	0.0	0.0	0.0	
Cygne tuberculé	0.0015	0.2631579	0.1176471	0.2631579	0.0625	0.1363636	0.16	0.0909091	0.1538462	0.1176471	0.25	0.2068966	0.047619	0.0806452	0.0958904	0.1617647	0.0930233	0.1219512	0.1666667	0.1388889	0.0641026	0.0930233	0.0015	0.0833333	0.0227273	0.1176471	0.05	0.0606061	0.1875	0.0178571	0.0015	0.0714286	0.0606061	0.1351351	0.2	0.1290323	0.1111111	0.375	0.0625	0.1470588	0.5	0.2	0.0	0.1428571	0.1333333	0.1666667	0.0588235	0.08	
Cygne noir	0.0	0.0	0.0	0.0	0.0	0.0	0.0	0.0	0.0	0.0	0.0	0.0	0.0	0.0	0.0	0.0	0.0	0.0	0.0	0.0	0.0	0.0	0.0	0.0	0.0	0.0294118	0.0	0.0	0.0	0.0	0.0	0.0	0.0	0.0	0.0	0.0322581	0.0	0.0	0.0	0.0	0.0	0.0	0.0	0.0	0.0	0.0	0.0	0.0	
cygne sp.	0.0	0.0	0.0	0.0	0.0	0.0	0.0	0.0	0.0	0.0	0.0	0.0	0.0	0.0	0.0	0.0	0.0	0.0	0.0	0.0	0.0	0.0	0.0	0.0	0.0	0.0	0.0	0.0	0.0	0.0	0.0	0.0	0.030303	0.0	0.0	0.0	0.0	0.0	0.0	0.0	0.0	0.0	0.0	0.0	0.0	0.0	0.0	0.0	
Ouette d'Égypte	0.0	0.0526316	0.0	0.0	0.0	0.0	0.0	0.0	0.0384615	0.0	0.0	0.0	0.0	0.0	0.0	0.0147059	0.0	0.0	0.0	0.0015	0.0	0.0	0.0	0.0	0.0015	0.0	0.01	0.0	0.0	0.0	0.0	0.0	0.0	0.0	0.0	0.0	0.0	0.0625	0.0	0.0	0.0	0.0	0.0	0.0015	0.0	0.0	0.0588235	0.0	
Tadorne de Belon	0.0	0.0	0.0	0.0	0.0	0.0	0.0	0.0	0.0	0.0	0.0	0.0	0.0	0.0	0.0	0.0147059	0.0	0.0	0.0	0.0	0.0	0.0	0.0	0.0	0.0	0.0	0.0	0.0	0.0	0.0	0.0	0.0	0.0	0.0	0.0	0.0	0.0	0.0	0.0	0.0	0.0	0.0	0.0	0.0	0.0	0.1666667	0.0	0.0	
Canard mandarin	0.0015	0.0	0.0	0.0015	0.0	0.0	0.0	0.0	0.0	0.0	0.0	0.0	0.0	0.0	0.0	0.0	0.0	0.0	0.0	0.0	0.0	0.0	0.0	0.0	0.0	0.0	0.0	0.0	0.0	0.0	0.0	0.0	0.0	0.0	0.0	0.0	0.0	0.0	0.0	0.0	0.0	0.0	0.0	0.0	0.0	0.0	0.0	0.0	
Sarcelle d'été	0.0	0.0	0.0	0.0	0.0	0.0	0.0	0.0	0.0	0.0588235	0.0	0.0	0.0	0.0	0.0	0.0	0.0	0.0	0.0	0.0	0.0	0.0	0.0	0.0	0.0	0.0	0.0	0.0	0.0	0.0	0.0	0.0	0.0	0.0	0.0	0.0	0.0	0.0	0.0	0.0	0.0	0.0	0.0	0.0	0.0	0.0	0.0	0.0	
Canard souchet	0.0	0.0	0.0	0.0015	0.0	0.0	0.0	0.0	0.0	0.0	0.0	0.0	0.0	0.0	0.0	0.0147059	0.0	0.0	0.0	0.0	0.0	0.0	0.0	0.0	0.0	0.0	0.0	0.0	0.0	0.0	0.0	0.0	0.0	0.0	0.0	0.0	0.0	0.0	0.0	0.0	0.0	0.0	0.1111111	0.0	0.0	0.0	0.0	0.0	
Canard chipeau	0.0015	0.0526316	0.0	0.0	0.0	0.0	0.0	0.0	0.0	0.0	0.0714286	0.0	0.0	0.0	0.0	0.0	0.0	0.0	0.0	0.0015	0.0	0.0	0.0	0.0	0.0	0.0	0.0	0.0	0.0	0.0	0.0	0.0	0.0	0.0	0.0	0.0	0.0	0.0	0.0	0.0	0.0	0.0	0.0	0.0	0.0666667	0.1666667	0.0588235	0.0	
Canard colvert	0.1304348	0.2631579	0.1764706	0.2631579	0.25	0.2727273	0.32	0.2727273	0.1153846	0.2352941	0.2142857	0.2413793	0.1666667	0.0806452	0.1643836	0.1323529	0.0697674	0.097561	0.125	0.0833333	0.0384615	0.0232558	0.0294118	0.05	0.0454545	0.1029412	0.05	0.0606061	0.15625	0.0714286	0.0769231	0.0952381	0.0909091	0.1351351	0.2	0.0967742	0.2222222	0.25	0.0625	0.0882353	0.1	0.1333333	0.0	0.1428571	0.2666667	0.1666667	0.1176471	0.12	
Canard pilet	0.0	0.0	0.0	0.0	0.0	0.0	0.0	0.0	0.0	0.0	0.0	0.0	0.0	0.0	0.0	0.0	0.0	0.0	0.0	0.0	0.0	0.0	0.0	0.0	0.0	0.0	0.0	0.0	0.0	0.0	0.0	0.0	0.0	0.0	0.0	0.0	0.0	0.0	0.0	0.0	0.0	0.0	0.1111111	0.0	0.0	0.0	0.0	0.0	
Sarcelle d'hiver	0.0	0.0	0.0588235	0.0	0.0	0.0	0.0	0.0	0.0384615	0.0	0.0357143	0.0	0.0238095	0.0	0.0	0.0	0.0	0.0	0.0	0.0	0.0	0.0	0.0	0.0	0.0	0.0	0.0	0.0	0.0	0.0	0.0	0.0	0.0	0.0	0.0	0.0	0.0	0.0625	0.0	0.0	0.0	0.0	0.0	0.0	0.0	0.1666667	0.0588235	0.0	
Nette rousse	0.0	0.0	0.0	0.0	0.0	0.0	0.04	0.0	0.0	0.0	0.0	0.0	0.0	0.016129	0.0	0.0294118	0.0	0.0	0.0	0.0015	0.0	0.0	0.0	0.0	0.0	0.0	0.0	0.0	0.0	0.0	0.0	0.0	0.0	0.0	0.0	0.0	0.0	0.0	0.0	0.0	0.0	0.0	0.0	0.0	0.0	0.0	0.0	0.0	
Fuligule milouin	0.0	0.0	0.0	0.0	0.0	0.0	0.0	0.0	0.0	0.0	0.0	0.0	0.0	0.0	0.0	0.0147059	0.0	0.0	0.0	0.0	0.0	0.0	0.0	0.0	0.0	0.0	0.0	0.0	0.0	0.0	0.0	0.0238095	0.0	0.0	0.0	0.0	0.0	0.0	0.0	0.0	0.0	0.0	0.0	0.0	0.0	0.0	0.0	0.0	
Fuligule morillon	0.0	0.0	0.0	0.0	0.0	0.0	0.0	0.0	0.0	0.0	0.0	0.0	0.0	0.0	0.0	0.0147059	0.0	0.0	0.0	0.0	0.0	0.0	0.0	0.0	0.0	0.0	0.0	0.0	0.0	0.0	0.0	0.0	0.0	0.0	0.0	0.0	0.0	0.0	0.0	0.0	0.0	0.0	0.0	0.0	0.0	0.0	0.0	0.0	
Harle bièvre	0.0015	0.0	0.0	0.0	0.0	0.0	0.04	0.0	0.0384615	0.0	0.0	0.0	0.0015	0.016129	0.0136986	0.0147059	0.0	0.0243902	0.0	0.0015	0.0	0.0	0.0	0.0	0.0227273	0.0	0.01	0.020202	0.0	0.0	0.0	0.0	0.0	0.0	0.0	0.0	0.0	0.0	0.0	0.0	0.0	0.0	0.0	0.0	0.0	0.0	0.0588235	0.0	
anatidé sp. (canard sp.)	0.0	0.0	0.0	0.0	0.0	0.0	0.0	0.0	0.0	0.0	0.0	0.0	0.0	0.0	0.0136986	0.0	0.0	0.0	0.0	0.0015	0.0	0.0	0.0	0.0	0.0	0.0	0.0	0.010101	0.0	0.0	0.0	0.0	0.0	0.0	0.0	0.0	0.0	0.0	0.0	0.0	0.0	0.0	0.0	0.0	0.0	0.0	0.0	0.0	
Lagopède alpin	0.0	0.0	0.0	0.0	0.0	0.0	0.0	0.0	0.0	0.0	0.0	0.0	0.0	0.0	0.0	0.0	0.0	0.0	0.0	0.0	0.0	0.0	0.0	0.0	0.0	0.0	0.0	0.0	0.0	0.0	0.0	0.0	0.0	0.0	0.0	0.0	0.0015	0.0	0.0	0.0	0.0	0.0	0.0	0.0	0.0	0.0	0.0	0.0	
Perdrix grise	0.0	0.0	0.0	0.0	0.0	0.0	0.0	0.0	0.0	0.0	0.0	0.0	0.0	0.0015	0.0	0.0294118	0.0	0.0	0.0	0.0	0.0	0.0	0.0	0.0	0.0	0.0	0.0	0.0	0.0	0.0	0.0	0.0238095	0.0	0.0	0.0	0.0	0.0	0.0	0.0	0.0	0.0	0.0	0.0	0.0	0.0	0.0	0.0	0.0	
Faisan de Colchide	0.0	0.0526316	0.0015	0.0	0.0	0.0	0.04	0.0	0.0	0.0	0.0357143	0.0689655	0.0	0.0015	0.0	0.0294118	0.0930233	0.0487805	0.0	0.0	0.0128205	0.0	0.0294118	0.0	0.0227273	0.0147059	0.02	0.010101	0.0	0.0	0.0	0.0	0.0	0.0	0.0	0.0	0.0	0.125	0.0	0.0	0.0	0.0	0.0	0.0	0.0	0.0	0.0	0.0015	
Caille des blés	0.0	0.0	0.0	0.0	0.0	0.0	0.0	0.0	0.0	0.0	0.0	0.0	0.0	0.0	0.0015	0.0	0.0	0.0	0.0	0.0138889	0.0	0.0232558	0.0294118	0.0333333	0.0227273	0.0588235	0.0	0.0	0.0	0.0	0.0	0.0	0.0	0.0	0.0	0.0	0.0	0.0	0.0	0.0	0.0	0.0	0.0	0.0	0.0	0.0	0.0	0.0	
Perdrix rouge	0.0	0.0	0.0	0.0	0.0625	0.0454545	0.04	0.0909091	0.0	0.0	0.0357143	0.0	0.0	0.016129	0.0	0.0147059	0.0232558	0.0243902	0.0	0.0416667	0.0	0.0	0.0294118	0.0166667	0.0015	0.0735294	0.0	0.0	0.0015	0.0	0.0	0.0238095	0.0	0.0	0.1	0.0	0.0	0.0	0.0	0.0	0.0	0.0	0.0	0.0015	0.0015	0.0015	0.0	0.0015	
Pigeon biset	0.0434783	0.0	0.0588235	0.2105263	0.125	0.0	0.12	0.1818182	0.1153846	0.0588235	0.0	0.1034483	0.1190476	0.1774194	0.260274	0.0882353	0.1395349	0.097561	0.0833333	0.1944444	0.0512821	0.0465116	0.0294118	0.15	0.0909091	0.2794118	0.1	0.1616162	0.15625	0.375	0.1538462	0.047619	0.1212121	0.1081081	0.1	0.0322581	0.2777778	0.3125	0.125	0.1470588	0.3	0.0666667	0.2222222	0.0	0.2666667	0.0	0.0588235	0.24	
Pigeon colombin	0.0	0.0	0.0	0.0	0.0	0.0	0.04	0.0	0.0	0.0	0.0357143	0.0015	0.047619	0.0015	0.0136986	0.0147059	0.0	0.0243902	0.0015	0.0138889	0.0384615	0.0232558	0.0	0.0	0.0	0.0441176	0.0	0.010101	0.0	0.0	0.025641	0.0	0.0	0.0	0.0	0.0	0.0	0.0	0.0625	0.0	0.0	0.0	0.0	0.0	0.0	0.0	0.0	0.0015	
Pigeon ramier	0.173913	0.1578947	0.2941176	0.2631579	0.375	0.0909091	0.12	0.2727273	0.1923077	0.1764706	0.6071429	0.3793103	0.3809524	0.3870968	0.3561644	0.4117647	0.2790698	0.4390244	0.375	0.375	0.3589744	0.3023256	0.2647059	0.3166667	0.5227273	0.5	0.34	0.3737374	0.5	0.4642857	0.4102564	0.3809524	0.3939394	0.3243243	0.3	0.1612903	0.2777778	0.3125	0.125	0.0882353	0.3	0.0666667	0.3333333	0.4285714	0.2	0.1666667	0.2352941	0.28	
Tourterelle des bois	0.0	0.0	0.0	0.0	0.0	0.0	0.0	0.0	0.0	0.0	0.0	0.0	0.0	0.0	0.0	0.0441176	0.0232558	0.0	0.0416667	0.1111111	0.0384615	0.0930233	0.1764706	0.1	0.0681818	0.0588235	0.03	0.030303	0.0	0.0178571	0.0512821	0.0	0.0	0.0540541	0.0	0.0015	0.0	0.0	0.0	0.0	0.0	0.0	0.0	0.0	0.0	0.0	0.0	0.0	
Tourterelle turque	0.173913	0.0	0.1176471	0.1052632	0.3125	0.0454545	0.12	0.0015	0.1153846	0.1176471	0.0714286	0.0	0.0952381	0.2258065	0.1369863	0.2352941	0.4186047	0.2439024	0.125	0.2361111	0.1282051	0.2093023	0.1470588	0.3	0.3181818	0.2941176	0.13	0.2424242	0.25	0.3035714	0.1794872	0.1904762	0.0	0.1351351	0.2	0.0645161	0.1666667	0.1875	0.125	0.0882353	0.0	0.0666667	0.0	0.0	0.4	0.3333333	0.2941176	0.16	
Coucou gris	0.0	0.0	0.0	0.0	0.0	0.0	0.0	0.0	0.0	0.0	0.0	0.0344828	0.047619	0.1612903	0.109589	0.3529412	0.2093023	0.2195122	0.0833333	0.1666667	0.1666667	0.0697674	0.1176471	0.0166667	0.0	0.0	0.0015	0.0	0.0	0.0	0.0	0.0	0.030303	0.0	0.0	0.0	0.0	0.0	0.0	0.0	0.0	0.0	0.0	0.0	0.0	0.0	0.0	0.0	
Engoulevent d'Europe	0.0	0.0	0.0	0.0	0.0	0.0	0.0	0.0	0.0	0.0	0.0	0.0	0.0	0.0	0.0	0.0015	0.0015	0.0	0.0015	0.0138889	0.0015	0.0	0.0294118	0.0015	0.0454545	0.0147059	0.03	0.010101	0.0015	0.0	0.025641	0.0	0.0	0.027027	0.0	0.0	0.0	0.0	0.0	0.0	0.0	0.0	0.0	0.0	0.0	0.0	0.0	0.0	
Martinet à ventre blanc	0.0	0.0	0.0	0.0	0.0	0.0	0.0	0.0	0.0	0.0	0.0714286	0.1724138	0.2142857	0.0806452	0.0821918	0.1617647	0.0930233	0.2682927	0.125	0.1805556	0.1025641	0.2093023	0.0588235	0.2	0.1590909	0.25	0.17	0.1313131	0.125	0.0714286	0.1282051	0.1904762	0.1212121	0.1351351	0.1	0.0	0.0015	0.0625	0.0	0.0	0.0	0.0	0.0	0.0	0.0	0.0	0.0	0.0	
Martinet noir	0.0	0.0	0.0	0.0	0.0	0.0	0.0	0.0	0.0	0.0	0.0	0.0344828	0.0238095	0.0015	0.0684932	0.2794118	0.3255814	0.4878049	0.4166667	0.4444444	0.3205128	0.3023256	0.2058824	0.4166667	0.2727273	0.5735294	0.33	0.1515152	0.15625	0.0535714	0.025641	0.0238095	0.0	0.0	0.0015	0.0	0.0	0.0	0.0	0.0	0.0	0.0	0.0	0.0	0.0	0.0	0.0	0.0	
Apus ou Tachymarptis sp.	0.0	0.0	0.0	0.0	0.0	0.0	0.0	0.0	0.0	0.0	0.0	0.0	0.0	0.0	0.0136986	0.0	0.0	0.0	0.0	0.0	0.0	0.0	0.0	0.0	0.0	0.0	0.0	0.0	0.0	0.0	0.0	0.0	0.0	0.0	0.0	0.0	0.0	0.0	0.0	0.0	0.0	0.0	0.0	0.0	0.0	0.0	0.0	0.0	
apodidé sp.	0.0	0.0	0.0	0.0	0.0	0.0	0.0	0.0	0.0	0.0	0.0	0.0	0.0	0.0	0.0	0.0	0.0	0.0	0.0	0.0	0.0128205	0.0	0.0	0.0	0.0	0.0	0.0	0.0	0.0	0.0	0.0	0.0	0.0	0.0	0.0	0.0	0.0	0.0	0.0	0.0	0.0	0.0	0.0	0.0	0.0	0.0	0.0	0.0	
Râle d'eau	0.0	0.0	0.0588235	0.0	0.0	0.0	0.04	0.0	0.0	0.0	0.0357143	0.0	0.0	0.0	0.0	0.0147059	0.0	0.0	0.0	0.0	0.0	0.0	0.0	0.0	0.0	0.0	0.0	0.0015	0.0	0.0	0.0	0.0	0.0	0.0	0.0	0.0	0.0	0.0	0.0	0.0	0.0	0.0	0.0	0.0	0.0	0.0	0.0	0.0	
Râle des genêts	0.0	0.0	0.0	0.0	0.0	0.0	0.0	0.0	0.0	0.0	0.0	0.0	0.0	0.0	0.0	0.0	0.0	0.0	0.0	0.0	0.0	0.0	0.0015	0.0	0.0	0.0	0.0	0.0	0.0	0.0	0.0	0.0	0.0	0.0	0.0	0.0	0.0	0.0	0.0	0.0	0.0	0.0	0.0	0.0	0.0	0.0	0.0	0.0	
Gallinule poule-d'eau	0.0	0.0526316	0.0	0.1578947	0.0625	0.0454545	0.04	0.0	0.0	0.0	0.1428571	0.0	0.0	0.016129	0.0136986	0.0441176	0.0	0.0	0.0416667	0.0138889	0.025641	0.0	0.0	0.0666667	0.0227273	0.0735294	0.0	0.0606061	0.15625	0.0	0.0	0.0238095	0.0015	0.027027	0.0	0.0	0.0	0.1875	0.0625	0.0	0.0	0.0	0.0	0.0	0.0666667	0.0	0.0	0.04	
Foulque macroule	0.0	0.0	0.0	0.0	0.0	0.0	0.08	0.0909091	0.0	0.0	0.0	0.0	0.0	0.0	0.0	0.0147059	0.0	0.0	0.0	0.0	0.0	0.0	0.0	0.0015	0.0	0.0	0.0	0.010101	0.0	0.0	0.0015	0.0	0.0	0.027027	0.0	0.0	0.0	0.0	0.0	0.0	0.0	0.0	0.0	0.0	0.0	0.0	0.0	0.0	
Grue cendrée	0.0	0.0	0.0	0.0	0.0	0.0	0.08	0.0015	0.0	0.0	0.0	0.0	0.0238095	0.0	0.0	0.0147059	0.0	0.0	0.0	0.0	0.0	0.0	0.0	0.0	0.0	0.0	0.0	0.0	0.0	0.0	0.0	0.0	0.0	0.0	0.0	0.0	0.0	0.0	0.0	0.0	0.0	0.0	0.0	0.0	0.0	0.0	0.0	0.0015	
Oedicnème criard	0.0	0.0	0.0	0.0	0.0	0.0	0.0	0.0	0.0	0.0	0.0	0.0	0.0	0.0	0.0	0.0	0.0	0.0	0.0	0.0277778	0.0	0.0	0.0	0.0	0.0	0.0	0.0	0.0	0.0	0.0	0.0	0.0	0.0	0.0	0.0	0.0	0.0	0.0	0.0	0.0	0.0	0.0	0.0	0.0	0.0	0.0	0.0	0.0	
Échasse blanche	0.0	0.0	0.0	0.0	0.0	0.0	0.0	0.0	0.0	0.0	0.0	0.0015	0.0	0.0	0.0	0.0	0.0	0.0	0.0	0.0	0.0	0.0	0.0	0.0	0.0	0.0	0.01	0.0	0.0	0.0	0.0	0.0	0.0	0.0	0.0	0.0	0.0	0.0	0.0	0.0	0.0	0.0	0.0	0.0	0.0	0.0	0.0	0.0	
Avocette élégante	0.0	0.0	0.0	0.0	0.0	0.0	0.0	0.0	0.0	0.0	0.0	0.0	0.0	0.0	0.0	0.0	0.0	0.0	0.0	0.0	0.0	0.0	0.0	0.0	0.0	0.0	0.0	0.0	0.0	0.0	0.0	0.0	0.0	0.0	0.0	0.0	0.0	0.0	0.0	0.0	0.0	0.0	0.0	0.0	0.0	0.1666667	0.0	0.0	
Huîtrier pie	0.0	0.0	0.0	0.0	0.0	0.0	0.0	0.0	0.0	0.0	0.0	0.0015	0.0	0.0	0.0	0.0	0.0	0.0	0.0	0.0	0.0	0.0	0.0	0.0	0.0	0.0	0.0	0.0	0.0	0.0	0.0	0.0	0.0	0.0	0.0	0.0	0.0	0.0	0.0	0.0	0.0	0.0	0.0	0.0	0.0	0.0	0.0	0.0	
Grand Gravelot	0.0	0.0	0.0	0.0	0.0	0.0	0.0	0.0	0.0	0.0	0.0	0.0	0.0	0.0	0.0	0.0	0.0	0.0	0.0	0.0	0.0	0.0	0.0	0.0	0.0	0.0147059	0.0	0.0	0.0	0.0	0.0	0.0	0.0	0.0	0.0	0.0	0.0	0.0	0.0	0.0	0.0	0.0	0.0	0.0	0.0	0.0	0.0	0.0	
Petit Gravelot	0.0	0.0	0.0	0.0	0.0	0.0	0.0	0.0	0.0	0.0	0.0357143	0.0015	0.0	0.016129	0.0	0.0147059	0.0	0.0243902	0.0015	0.0	0.0	0.0	0.0	0.0015	0.0	0.0	0.0	0.0	0.0	0.0	0.0	0.0	0.0015	0.0	0.0	0.0	0.0	0.0	0.0	0.0	0.0	0.0	0.0	0.0	0.0	0.0	0.0	0.0	
Vanneau huppé	0.0	0.0	0.0	0.0015	0.0	0.0	0.0	0.0	0.0384615	0.0	0.0	0.0	0.0	0.0	0.0	0.0	0.0	0.0	0.0	0.0	0.0	0.0	0.0	0.0166667	0.0	0.0	0.0	0.0	0.0	0.0	0.0	0.0	0.0	0.0	0.0	0.0	0.0	0.0	0.0	0.0	0.0	0.0	0.0	0.0	0.0	0.0	0.0	0.0	
Courlis cendré	0.0	0.0	0.0	0.0	0.0	0.0	0.04	0.0	0.0	0.0	0.0015	0.0	0.0	0.0	0.0	0.0015	0.0	0.0	0.0	0.0	0.0	0.0	0.0294118	0.0166667	0.0	0.0	0.0	0.0	0.0	0.0	0.0	0.0	0.0	0.0	0.0	0.0	0.0	0.0	0.0	0.0	0.0	0.0	0.0	0.0	0.0	0.0	0.0	0.0	
Bécasse des bois	0.0	0.0	0.0015	0.0	0.0015	0.0	0.0	0.0	0.0015	0.0	0.0	0.0344828	0.0	0.0	0.0	0.0	0.0	0.0	0.0	0.0	0.0	0.0	0.0	0.0	0.0	0.0	0.0	0.0	0.0	0.0	0.0	0.0	0.0	0.0	0.0	0.0	0.0	0.0	0.0	0.0294118	0.0	0.0	0.0	0.0	0.0	0.0	0.0015	0.0	
Bécassine des marais	0.0	0.0	0.1176471	0.0526316	0.0	0.0454545	0.0	0.0	0.0384615	0.0	0.0	0.0	0.0	0.016129	0.0	0.0	0.0	0.0	0.0	0.0	0.0	0.0	0.0	0.0	0.0	0.0	0.0	0.0	0.0	0.0	0.0	0.0	0.0	0.0	0.0	0.0	0.0	0.0	0.0	0.0	0.0	0.0	0.0	0.0	0.0	0.0	0.0	0.0	
Chevalier guignette	0.0	0.0526316	0.1176471	0.0	0.0	0.0	0.08	0.0909091	0.0	0.0	0.0357143	0.0344828	0.0238095	0.0645161	0.0273973	0.0882353	0.0	0.0487805	0.0833333	0.0	0.0	0.0	0.0	0.0	0.0	0.0	0.04	0.0	0.03125	0.0357143	0.025641	0.0238095	0.0	0.0	0.0	0.0	0.0	0.125	0.0	0.0294118	0.2	0.0	0.0	0.0015	0.0	0.1666667	0.0	0.04	
Chevalier culblanc	0.0	0.0526316	0.0	0.0	0.0	0.0	0.04	0.0	0.0	0.0	0.0357143	0.0689655	0.0	0.016129	0.0136986	0.0147059	0.0	0.0	0.0	0.0	0.0	0.0	0.0	0.0	0.0015	0.0	0.01	0.0015	0.0015	0.0	0.0512821	0.0015	0.030303	0.0	0.0	0.0	0.0555556	0.0625	0.0	0.0294118	0.0	0.0	0.0	0.0	0.0	0.0	0.0	0.0	
Chevalier sylvain	0.0	0.0	0.0	0.0	0.0	0.0	0.0	0.0	0.0	0.0	0.0	0.0	0.0	0.016129	0.0	0.0147059	0.0	0.0	0.0	0.0	0.0	0.0	0.0	0.0	0.0	0.0	0.0	0.0	0.0	0.0	0.0	0.0	0.0	0.0	0.0	0.0	0.0	0.0	0.0	0.0	0.0	0.0	0.0	0.0	0.0	0.0	0.0	0.0	
Chevalier aboyeur	0.0	0.0	0.0	0.0	0.0	0.0	0.0	0.0	0.0	0.0	0.0	0.0	0.0	0.0	0.0	0.0147059	0.0	0.0	0.0	0.0	0.0	0.0	0.0	0.0	0.0	0.0	0.0	0.0	0.0	0.0	0.0	0.0	0.030303	0.0	0.0	0.0	0.0	0.0	0.0	0.0	0.0	0.0	0.0	0.0	0.0	0.0	0.0	0.0	
Mouette pygmée	0.0	0.0	0.0	0.0	0.0	0.0	0.0	0.0	0.0	0.0	0.0	0.0	0.0	0.0	0.0	0.0	0.0	0.0	0.0	0.0	0.0	0.0	0.0	0.0	0.0	0.0	0.0	0.0	0.0	0.0	0.0	0.0	0.0	0.027027	0.0	0.0	0.0	0.0	0.0	0.0	0.0	0.0	0.1111111	0.0	0.0	0.0	0.0	0.0	
Mouette rieuse	0.0015	0.1052632	0.0588235	0.1052632	0.0	0.0	0.12	0.0909091	0.0384615	0.0	0.0714286	0.0689655	0.047619	0.0	0.0136986	0.0147059	0.0	0.0	0.0	0.0	0.0128205	0.0	0.0	0.0333333	0.0015	0.0441176	0.0	0.010101	0.125	0.0178571	0.0	0.0	0.030303	0.027027	0.1	0.0322581	0.0555556	0.125	0.0625	0.0	0.1	0.0	0.1111111	0.0	0.1333333	0.3333333	0.0588235	0.08	
Mouette mélanocéphale	0.0	0.0	0.0	0.0	0.0	0.0	0.0	0.0	0.0	0.0	0.0	0.0	0.0	0.0	0.0	0.0	0.0	0.0	0.0	0.0	0.0	0.0	0.0	0.0	0.0	0.0	0.0	0.0	0.0	0.0178571	0.0	0.0	0.0	0.0	0.0	0.0	0.0	0.0	0.0	0.0	0.0	0.0	0.0	0.0	0.0	0.0	0.0	0.0	
Goéland cendré	0.0	0.0	0.0	0.0	0.0	0.0454545	0.0	0.0	0.0	0.0	0.0	0.0344828	0.0	0.0	0.0	0.0	0.0	0.0	0.0	0.0	0.0	0.0	0.0	0.0	0.0	0.0	0.0	0.0	0.0	0.0	0.0	0.0	0.0	0.0540541	0.0	0.0	0.0	0.0	0.0	0.0	0.0	0.0	0.0	0.0	0.0	0.0	0.0	0.0	
Goéland leucophée	0.0434783	0.1052632	0.0588235	0.1578947	0.0625	0.0	0.12	0.1818182	0.0384615	0.1764706	0.3928571	0.1724138	0.047619	0.1935484	0.1232877	0.25	0.0697674	0.1463415	0.4166667	0.125	0.0512821	0.1395349	0.0	0.1833333	0.1363636	0.1470588	0.05	0.0707071	0.0625	0.0357143	0.0015	0.0238095	0.1212121	0.1891892	0.1	0.0015	0.2777778	0.1875	0.0	0.0294118	0.3	0.1333333	0.1111111	0.0	0.2	0.1666667	0.0588235	0.08	
Goéland brun	0.0	0.0	0.0	0.0	0.0	0.0	0.0	0.0	0.0	0.0	0.0	0.1034483	0.0238095	0.0	0.0136986	0.0	0.0	0.0	0.0	0.0	0.0	0.0	0.0	0.0	0.0	0.0	0.0	0.0	0.0	0.0	0.0	0.0	0.0	0.0	0.0	0.0	0.0	0.0	0.0	0.0	0.0	0.0	0.0	0.0	0.0	0.0	0.0	0.0	
goéland sp. (Larus sp.)	0.0	0.0	0.0	0.0	0.0	0.0	0.0	0.0	0.0	0.0	0.0	0.0344828	0.0	0.0	0.0136986	0.0	0.0	0.0	0.0	0.0	0.0	0.0	0.0	0.0	0.0	0.0	0.0	0.010101	0.0	0.0	0.0	0.0	0.0	0.0	0.0	0.0	0.0	0.0	0.0	0.0	0.0	0.0	0.0	0.0	0.0	0.0	0.0	0.0	
goéland ou mouette sp.	0.0	0.0	0.0	0.0	0.0	0.0	0.0	0.0	0.0	0.0	0.0	0.0	0.0	0.0	0.0136986	0.0	0.0	0.0	0.0	0.0	0.0128205	0.0	0.0	0.0	0.0	0.0	0.0	0.0	0.0	0.0	0.0	0.0	0.0	0.0	0.0	0.0	0.0	0.0	0.0	0.0	0.0	0.0	0.0	0.0	0.0	0.0	0.0	0.0015	
Sterne caspienne	0.0	0.0	0.0	0.0	0.0	0.0	0.0	0.0	0.0	0.0	0.0	0.0	0.0	0.0	0.0	0.0	0.0	0.0	0.0	0.0	0.0	0.0232558	0.0	0.0	0.0	0.0	0.0	0.0	0.0	0.0	0.0	0.0	0.030303	0.027027	0.0	0.0	0.0	0.0015	0.0	0.0	0.0	0.0	0.0	0.0	0.0	0.0	0.0	0.0	
Guifette moustac	0.0	0.0	0.0	0.0	0.0	0.0	0.0	0.0	0.0	0.0	0.0	0.0	0.0	0.0	0.0136986	0.0	0.0	0.0	0.0	0.0138889	0.0	0.0	0.0	0.0	0.0	0.0	0.0	0.0	0.0	0.0	0.0	0.0	0.0	0.0	0.0	0.0	0.0	0.0	0.0	0.0	0.0	0.0	0.0	0.0	0.0	0.0	0.0	0.0	
Sterne pierregarin	0.0	0.0	0.0	0.0	0.0	0.0	0.0	0.0	0.0	0.0	0.0	0.0	0.047619	0.0483871	0.0273973	0.0882353	0.0465116	0.0243902	0.0416667	0.0015	0.025641	0.0697674	0.0	0.0166667	0.0015	0.0	0.01	0.0	0.0	0.0	0.0015	0.0	0.0	0.027027	0.0	0.0	0.0	0.0	0.0	0.0	0.0	0.0	0.0	0.0	0.0	0.0	0.0	0.0	
Grèbe castagneux	0.0	0.0	0.0	0.0	0.0	0.0	0.04	0.0	0.0	0.0	0.0	0.0	0.0	0.0	0.0	0.0	0.0	0.0	0.0	0.0	0.0	0.0	0.0	0.0	0.0	0.0	0.0015	0.010101	0.0	0.0	0.0	0.0	0.030303	0.0	0.0	0.0	0.0	0.0	0.0625	0.0	0.0	0.0	0.0	0.0	0.0	0.0	0.0588235	0.0015	
Grèbe esclavon	0.0	0.0	0.0	0.0	0.0	0.0	0.04	0.0	0.0	0.0	0.0	0.0	0.0	0.0	0.0	0.0	0.0	0.0	0.0	0.0	0.0	0.0	0.0	0.0	0.0	0.0	0.0	0.0	0.0	0.0	0.0	0.0	0.0	0.0	0.0	0.0	0.0	0.0	0.0	0.0	0.0	0.0	0.0	0.0	0.0	0.0	0.0	0.0	
Grèbe huppé	0.0	0.0526316	0.0	0.0	0.0625	0.0015	0.04	0.0	0.0	0.0	0.0	0.0	0.0	0.0	0.0	0.0	0.0	0.0	0.0	0.0	0.0015	0.0	0.0	0.0	0.0	0.0	0.0	0.0	0.03125	0.0	0.0	0.0	0.0	0.0	0.0	0.0322581	0.0	0.0625	0.0	0.0294118	0.2	0.0	0.0	0.0015	0.0666667	0.1666667	0.0	0.04	
Grèbe à cou noir	0.0	0.0	0.0	0.0	0.0	0.0	0.0	0.0	0.0	0.0	0.0	0.0	0.0	0.0	0.0	0.0	0.0	0.0	0.0	0.0	0.0	0.0	0.0	0.0	0.0	0.0	0.0	0.0	0.0	0.0	0.0	0.0	0.030303	0.0	0.0	0.0	0.0	0.0	0.0	0.0	0.0	0.0	0.0	0.0	0.0	0.0	0.0	0.0	
Cigogne noire	0.0	0.0	0.0	0.0	0.0	0.0	0.0	0.0	0.0	0.0	0.0	0.0344828	0.0238095	0.0	0.0136986	0.0	0.0	0.0243902	0.0	0.0	0.0	0.0	0.0	0.0	0.0	0.0	0.0	0.0	0.0	0.0	0.0	0.0238095	0.0	0.0	0.0	0.0	0.0	0.0	0.0	0.0	0.0	0.0	0.0	0.0	0.0	0.0	0.0	0.0	
Cigogne blanche	0.0	0.0	0.0	0.0	0.0	0.0	0.04	0.0	0.0015	0.0	0.0015	0.0689655	0.0238095	0.0322581	0.0	0.0294118	0.0	0.0	0.0416667	0.0	0.0	0.0	0.0	0.0015	0.0	0.0	0.0	0.0015	0.0	0.0178571	0.0	0.0714286	0.0	0.1081081	0.0	0.0	0.0	0.0	0.0	0.0	0.0	0.0	0.0	0.0	0.0	0.0	0.0	0.0	
Grand Cormoran	0.173913	0.3684211	0.2941176	0.3684211	0.1875	0.2727273	0.4	0.2727273	0.3076923	0.2352941	0.4285714	0.3448276	0.2142857	0.2419355	0.2191781	0.2205882	0.0465116	0.0243902	0.125	0.0277778	0.0	0.0	0.0	0.0166667	0.0015	0.0294118	0.01	0.030303	0.09375	0.0178571	0.0015	0.1190476	0.2424242	0.1891892	0.2	0.1290323	0.3888889	0.4375	0.25	0.1764706	0.8	0.3333333	0.2222222	0.4285714	0.4	0.3333333	0.3529412	0.16	
cormoran sp.	0.0	0.0	0.0	0.0	0.0	0.0	0.0	0.0	0.0	0.0	0.0	0.0344828	0.0	0.0	0.0	0.0	0.0	0.0	0.0	0.0	0.0	0.0	0.0	0.0	0.0	0.0	0.0	0.0	0.0	0.0	0.0	0.0	0.0	0.0	0.0	0.0	0.0	0.0	0.0	0.0	0.0	0.0	0.0	0.0	0.0	0.0	0.0	0.0	
Spatule blanche	0.0	0.0	0.0	0.0	0.0	0.0	0.0	0.0	0.0	0.0	0.0	0.0	0.0238095	0.0	0.0	0.0015	0.0	0.0	0.0416667	0.0	0.0	0.0	0.0	0.0	0.0	0.0	0.0	0.0	0.0	0.0	0.0	0.0	0.0	0.0	0.0	0.0	0.0	0.0	0.0	0.0	0.0	0.0	0.0	0.0	0.0	0.0	0.0	0.0	
Butor étoilé	0.0	0.0	0.0	0.0	0.0	0.0	0.0	0.0	0.0	0.0588235	0.0	0.0	0.0	0.0	0.0	0.0	0.0	0.0	0.0	0.0	0.0	0.0	0.0	0.0	0.0	0.0	0.0	0.0	0.0	0.0	0.0	0.0	0.0	0.0	0.0	0.0	0.0	0.0	0.0	0.0	0.0	0.0	0.0	0.0	0.0	0.0	0.0	0.0	
Blongios nain	0.0	0.0	0.0	0.0	0.0	0.0	0.0	0.0	0.0	0.0	0.0	0.0	0.0	0.0	0.0	0.0	0.0	0.0	0.0	0.0	0.0128205	0.0	0.0	0.0333333	0.0227273	0.0735294	0.01	0.010101	0.125	0.0	0.0	0.0	0.0	0.027027	0.0	0.0	0.0	0.0	0.0	0.0	0.0	0.0	0.0	0.0	0.0	0.0	0.0	0.0	
Bihoreau gris	0.0	0.0	0.0	0.0	0.0	0.0	0.0	0.0	0.0	0.0	0.0	0.0	0.0	0.0	0.0	0.0294118	0.0	0.0	0.0	0.0	0.0	0.0	0.0	0.0166667	0.0	0.0	0.0	0.010101	0.0015	0.0	0.025641	0.0	0.0	0.027027	0.0	0.0	0.0015	0.0	0.0	0.0	0.0	0.0	0.0	0.0	0.0	0.0	0.0	0.0	
Aigrette garzette	0.0434783	0.1052632	0.0588235	0.1578947	0.0	0.0454545	0.04	0.0909091	0.0769231	0.1176471	0.1428571	0.0344828	0.0714286	0.0483871	0.0273973	0.1617647	0.0697674	0.097561	0.0833333	0.0694444	0.0641026	0.0930233	0.0015	0.0666667	0.0227273	0.0735294	0.07	0.0707071	0.09375	0.0535714	0.1025641	0.0952381	0.0606061	0.1081081	0.2	0.0645161	0.1111111	0.125	0.0	0.0588235	0.1	0.2	0.0	0.1428571	0.1333333	0.0	0.0588235	0.08	
Crabier chevelu	0.0	0.0	0.0	0.0	0.0	0.0	0.0	0.0	0.0	0.0	0.0	0.0	0.0	0.0	0.0	0.0	0.0	0.0	0.0	0.0	0.0	0.0	0.0	0.0	0.0	0.0	0.0	0.0	0.0	0.0	0.0	0.0238095	0.0	0.0	0.0	0.0	0.0	0.0	0.0	0.0	0.0	0.0	0.0	0.0	0.0	0.0	0.0	0.0	
Héron garde-boeufs	0.0	0.0	0.0	0.0	0.0	0.0	0.0	0.0909091	0.0	0.0	0.1071429	0.0689655	0.0	0.016129	0.0	0.0588235	0.0465116	0.0243902	0.0416667	0.0138889	0.0128205	0.0232558	0.0	0.0	0.0015	0.0	0.0	0.030303	0.0015	0.0178571	0.025641	0.0238095	0.030303	0.0540541	0.0	0.0	0.1111111	0.0	0.0	0.0294118	0.1	0.0	0.0	0.0	0.0	0.0	0.0	0.0	
Grande Aigrette	0.0434783	0.1578947	0.1176471	0.2105263	0.125	0.1363636	0.08	0.0909091	0.0769231	0.0	0.0714286	0.1034483	0.0	0.0483871	0.0136986	0.0147059	0.0	0.0	0.0	0.0138889	0.0	0.0	0.0	0.0015	0.0	0.0015	0.0015	0.0	0.0015	0.0015	0.0512821	0.0714286	0.0606061	0.1081081	0.0	0.0322581	0.1666667	0.1875	0.0625	0.0588235	0.2	0.0015	0.0	0.7142857	0.2	0.3333333	0.0588235	0.0015	
Héron cendré	0.0869565	0.1578947	0.1176471	0.2631579	0.1875	0.1818182	0.2	0.1818182	0.2692308	0.1764706	0.2142857	0.2758621	0.1428571	0.1935484	0.1369863	0.2205882	0.1162791	0.1707317	0.125	0.1944444	0.0769231	0.1395349	0.0294118	0.15	0.1363636	0.1617647	0.16	0.1515152	0.0625	0.2321429	0.2564103	0.1666667	0.4242424	0.2432432	0.3	0.1612903	0.4444444	0.25	0.0625	0.0882353	0.3	0.2666667	0.0	0.2857143	0.3333333	0.0	0.2352941	0.08	
Héron pourpré	0.0	0.0	0.0	0.0	0.0	0.0	0.0	0.0	0.0	0.0	0.0	0.0	0.0	0.016129	0.0136986	0.0294118	0.0	0.0	0.0	0.0	0.0	0.0	0.0	0.0	0.0	0.0	0.0	0.0	0.0	0.0	0.0512821	0.0015	0.0	0.0	0.0	0.0	0.0	0.0	0.0	0.0	0.0	0.0	0.0	0.0	0.0	0.0	0.0	0.0	
aigrette ou héron blanc sp.	0.0015	0.0	0.0	0.0	0.0	0.0	0.0	0.0	0.0	0.0	0.0	0.0	0.0	0.0	0.0	0.0	0.0	0.0	0.0	0.0	0.0	0.0	0.0	0.0	0.0	0.0	0.0	0.0	0.0	0.0	0.0	0.0	0.0	0.0	0.0	0.0	0.0	0.0	0.0	0.0	0.0	0.0	0.0	0.0	0.0	0.0	0.0	0.0	
Balbuzard pêcheur	0.0	0.0	0.0	0.0	0.0	0.0	0.0	0.0	0.0	0.0	0.0015	0.1034483	0.0238095	0.016129	0.0136986	0.0	0.0232558	0.0	0.0	0.0138889	0.0	0.0	0.0	0.0	0.0	0.0	0.0	0.0	0.0	0.0	0.0512821	0.0238095	0.030303	0.0810811	0.2	0.0015	0.0	0.0	0.0	0.0	0.0	0.0	0.0	0.0	0.0	0.0	0.0	0.0	
Élanion blanc	0.0	0.0	0.0	0.0	0.0	0.0	0.0	0.0	0.0	0.0	0.0	0.0	0.0	0.0	0.0	0.0	0.0	0.0	0.0	0.0	0.0	0.0	0.0294118	0.0166667	0.0	0.0	0.0	0.0	0.0	0.0	0.0015	0.0	0.0	0.0	0.0	0.0	0.0	0.0	0.0	0.0	0.0	0.0	0.0	0.0	0.0	0.0	0.0	0.0	
Gypaète barbu	0.0	0.0	0.0	0.0	0.0	0.0	0.0	0.0	0.0	0.0	0.0	0.0	0.0	0.0	0.0	0.0	0.0	0.0	0.0	0.0	0.0	0.0	0.0	0.0	0.0	0.0	0.0	0.0015	0.0	0.0	0.0	0.0	0.0	0.0	0.0	0.0	0.0015	0.0	0.0	0.0	0.0	0.0	0.0	0.0	0.0	0.0	0.0	0.0	
Percnoptère d'Égypte	0.0	0.0	0.0	0.0	0.0	0.0	0.0	0.0	0.0	0.0	0.0	0.0344828	0.0	0.016129	0.0136986	0.0015	0.0232558	0.0015	0.0	0.0138889	0.025641	0.0	0.0015	0.0333333	0.1136364	0.0	0.02	0.030303	0.0	0.0015	0.0015	0.0015	0.0	0.0	0.0	0.0	0.0	0.0	0.0	0.0	0.0	0.0	0.0	0.0	0.0	0.0	0.0	0.0	
Bondrée apivore	0.0	0.0	0.0	0.0	0.0	0.0	0.0	0.0	0.0	0.0	0.0	0.0	0.0	0.0	0.0	0.0294118	0.0930233	0.1219512	0.0833333	0.0277778	0.0015	0.0232558	0.0882353	0.05	0.0454545	0.0882353	0.11	0.0505051	0.0625	0.1071429	0.0769231	0.0714286	0.0015	0.0015	0.0	0.0	0.0	0.0625	0.0	0.0	0.0	0.0	0.0	0.0	0.0	0.0	0.0	0.0	
Vautour moine	0.0	0.0	0.0	0.0	0.0	0.0	0.0	0.0	0.0	0.0	0.0	0.0	0.0	0.0	0.0	0.0147059	0.0	0.0	0.0416667	0.0138889	0.0	0.0232558	0.0	0.0	0.0454545	0.0147059	0.01	0.0015	0.0	0.0	0.0	0.0	0.0	0.0	0.0	0.0	0.0015	0.0	0.0	0.0	0.0	0.0	0.0	0.0	0.0	0.0	0.0	0.0	
Vautour fauve	0.0434783	0.0526316	0.0	0.0	0.0625	0.0	0.0	0.0	0.0	0.0015	0.0357143	0.0344828	0.1666667	0.0645161	0.0410959	0.0882353	0.1162791	0.0731707	0.0015	0.0694444	0.0641026	0.0232558	0.0882353	0.1333333	0.0909091	0.0441176	0.06	0.0505051	0.03125	0.0178571	0.1538462	0.047619	0.0606061	0.0810811	0.1	0.0015	0.0555556	0.0	0.25	0.0	0.0	0.0	0.1111111	0.2857143	0.0	0.0	0.0	0.0	
Circaète Jean-le-Blanc	0.0	0.0	0.0	0.0	0.0	0.0	0.0	0.0	0.0	0.0015	0.1428571	0.1034483	0.1190476	0.0806452	0.0684932	0.1323529	0.0930233	0.1219512	0.0416667	0.0416667	0.0128205	0.0465116	0.0882353	0.05	0.1363636	0.1029412	0.1	0.0808081	0.0625	0.1071429	0.1794872	0.1428571	0.1212121	0.0810811	0.1	0.0	0.0555556	0.0625	0.0	0.0	0.0	0.0	0.0	0.0	0.0	0.0	0.0	0.0	
Aigle botté	0.0	0.0	0.0	0.0	0.0	0.0	0.0	0.0	0.0	0.0	0.0357143	0.0015	0.0	0.016129	0.0	0.0015	0.0	0.0243902	0.0	0.0015	0.0	0.0015	0.0	0.0	0.0	0.0	0.0015	0.0	0.0	0.0	0.0	0.0	0.0	0.0	0.0	0.0	0.0015	0.0	0.0	0.0	0.0	0.0	0.0	0.0	0.0	0.0	0.0	0.0	
Aigle royal	0.0015	0.0	0.0	0.0	0.0	0.0	0.0	0.0	0.0	0.0	0.0357143	0.0015	0.047619	0.0015	0.0	0.0	0.0015	0.0	0.0416667	0.0	0.0128205	0.0	0.0	0.0	0.0	0.0147059	0.03	0.0	0.0	0.0	0.0	0.0	0.030303	0.0	0.0	0.0015	0.0	0.0	0.0	0.0	0.0	0.0	0.0	0.0	0.0	0.0	0.0015	0.0	
Aigle de Bonelli	0.0	0.0	0.0	0.0	0.0625	0.0	0.0	0.0	0.0015	0.0015	0.0	0.0	0.047619	0.0	0.0136986	0.0147059	0.0	0.0243902	0.0	0.0015	0.0	0.0	0.0294118	0.0166667	0.0227273	0.0147059	0.01	0.0	0.0	0.0	0.0	0.0	0.0015	0.0	0.0	0.0	0.0015	0.0	0.0	0.0	0.0	0.0	0.1111111	0.0	0.0	0.0	0.0	0.0	
Aquila sp.	0.0	0.0	0.0	0.0	0.0	0.0	0.0	0.0	0.0	0.0	0.0	0.0	0.0	0.0	0.0	0.0	0.0	0.0	0.0	0.0	0.0	0.0	0.0	0.0	0.0227273	0.0147059	0.0	0.010101	0.0	0.0	0.0	0.0	0.0	0.0	0.0	0.0	0.0	0.0	0.0	0.0	0.0	0.0	0.0	0.0	0.0	0.0	0.0	0.0	
Épervier d'Europe	0.0434783	0.0	0.0	0.0526316	0.125	0.0	0.0015	0.1818182	0.0015	0.0588235	0.1071429	0.137931	0.0952381	0.016129	0.0958904	0.1029412	0.0465116	0.097561	0.0	0.0416667	0.025641	0.0	0.0	0.0	0.0015	0.0735294	0.03	0.0707071	0.09375	0.0535714	0.025641	0.0952381	0.030303	0.0540541	0.0	0.0322581	0.1111111	0.0625	0.0625	0.0294118	0.0	0.0666667	0.3333333	0.0	0.0	0.0	0.1176471	0.04	
Autour des palombes	0.0	0.0	0.0	0.0	0.0	0.0	0.0	0.0	0.0	0.0015	0.0	0.0	0.047619	0.0	0.0	0.0	0.0	0.0	0.0	0.0	0.0	0.0	0.0	0.0	0.0	0.0	0.01	0.0	0.0	0.0015	0.0512821	0.0	0.0	0.0	0.0	0.0	0.0	0.0	0.0	0.0	0.0	0.0	0.0	0.0	0.0	0.0	0.0	0.0015	
Aerospiza, Tachyspiza, Accipiter ou Astur sp.	0.0	0.0	0.0	0.0	0.0	0.0	0.0	0.0	0.0	0.0	0.0	0.0	0.0	0.0	0.0	0.0	0.0	0.0	0.0	0.0	0.0	0.0	0.0	0.0	0.0	0.0	0.0	0.0	0.0	0.0015	0.0	0.0	0.0	0.0	0.0	0.0	0.0	0.0	0.0	0.0	0.0	0.0	0.0	0.0	0.0	0.0	0.0	0.0	
Busard des roseaux	0.0	0.0	0.0	0.0	0.0	0.0	0.0	0.0	0.0	0.0	0.0714286	0.1034483	0.0714286	0.016129	0.0273973	0.0294118	0.0232558	0.0	0.0	0.0015	0.0	0.0	0.0	0.0	0.0	0.0	0.0	0.010101	0.0	0.0	0.0015	0.0	0.0	0.0	0.0	0.0	0.0555556	0.0015	0.0	0.0	0.0	0.0	0.0	0.0	0.0	0.0	0.0	0.0	
Busard Saint-Martin	0.0	0.0	0.0588235	0.0	0.0	0.0	0.0	0.0	0.0	0.0	0.0	0.0689655	0.0238095	0.0322581	0.0	0.0147059	0.0	0.0	0.0	0.0138889	0.0	0.0	0.0	0.0166667	0.0	0.0	0.0	0.0	0.0	0.0	0.0	0.0	0.0	0.0	0.0	0.0	0.0	0.0015	0.0	0.0	0.0	0.0	0.0	0.0	0.0666667	0.0	0.0	0.0	
Busard pâle	0.0	0.0	0.0	0.0	0.0	0.0	0.0	0.0	0.0	0.0	0.0	0.0	0.0	0.0	0.0	0.0	0.0	0.0	0.0	0.0	0.0015	0.0	0.0	0.0	0.0	0.0	0.0	0.0	0.0	0.0	0.0	0.0	0.0	0.0	0.0	0.0	0.0	0.0	0.0	0.0	0.0	0.0	0.0	0.0	0.0	0.0	0.0	0.0	
Busard cendré	0.0	0.0	0.0	0.0	0.0	0.0	0.0	0.0	0.0	0.0	0.0	0.0	0.0	0.016129	0.0136986	0.0	0.0232558	0.0	0.0	0.0138889	0.0	0.0	0.0588235	0.0	0.0454545	0.0294118	0.01	0.0015	0.0	0.0015	0.025641	0.0	0.0	0.0	0.0	0.0	0.0	0.0	0.0	0.0	0.0	0.0	0.0	0.0	0.0	0.0	0.0	0.0	
Busard Saint-Martin ou B. cendré	0.0	0.0	0.0	0.0	0.0	0.0	0.0	0.0	0.0	0.0	0.0	0.0	0.0	0.0	0.0	0.0	0.0	0.0243902	0.0	0.0	0.0	0.0	0.0	0.0	0.0	0.0	0.0	0.0	0.0	0.0	0.0	0.0	0.0	0.0	0.0	0.0	0.0	0.0	0.0	0.0	0.0	0.0	0.0	0.0	0.0	0.0	0.0	0.0	
Milan royal	0.0015	0.0	0.0	0.0526316	0.125	0.0454545	0.04	0.2727273	0.1153846	0.0015	0.1071429	0.1724138	0.1190476	0.0322581	0.109589	0.0735294	0.1162791	0.0243902	0.0416667	0.0416667	0.025641	0.0232558	0.0	0.0666667	0.0227273	0.1470588	0.09	0.040404	0.09375	0.0714286	0.0769231	0.0714286	0.030303	0.0810811	0.1	0.0322581	0.0555556	0.25	0.0	0.0015	0.0	0.0666667	0.1111111	0.0	0.0666667	0.1666667	0.0	0.0015	
Milan noir	0.0	0.0	0.0	0.0	0.0	0.0	0.0	0.0	0.0769231	0.0015	0.3928571	0.4827586	0.3571429	0.4193548	0.3287671	0.3235294	0.2790698	0.2682927	0.375	0.3611111	0.1282051	0.4186047	0.1764706	0.3166667	0.2954545	0.4411765	0.23	0.2121212	0.25	0.0892857	0.0512821	0.0238095	0.0	0.0	0.0015	0.0015	0.0555556	0.0	0.0	0.0	0.0	0.0	0.0	0.0	0.0	0.0	0.0	0.0	
Milan royal ou M. noir	0.0	0.0	0.0	0.0	0.0	0.0	0.0	0.0	0.0	0.0	0.0	0.0	0.0	0.0	0.0	0.0	0.0	0.0	0.0	0.0	0.0	0.0	0.0	0.0	0.0227273	0.0	0.0	0.010101	0.0	0.0	0.0	0.0	0.0	0.0	0.0	0.0	0.0	0.0	0.0	0.0	0.0	0.0	0.0	0.0	0.0	0.0	0.0	0.0	
Buse variable	0.1304348	0.0526316	0.1764706	0.3684211	0.3125	0.0909091	0.24	0.3636364	0.3461538	0.2352941	0.25	0.3103448	0.2619048	0.1774194	0.1232877	0.2794118	0.255814	0.195122	0.1666667	0.125	0.0897436	0.1162791	0.1176471	0.1333333	0.1363636	0.3235294	0.21	0.2222222	0.1875	0.3035714	0.3076923	0.2857143	0.1212121	0.1081081	0.1	0.0322581	0.2222222	0.375	0.25	0.1470588	0.3	0.0666667	0.3333333	0.2857143	0.2	0.1666667	0.2941176	0.04	
Buteo sp.	0.0	0.0	0.0	0.0	0.0	0.0	0.0	0.0	0.0	0.0	0.0	0.0	0.0015	0.0	0.0	0.0	0.0	0.0	0.0	0.0	0.0	0.0	0.0	0.0	0.0	0.0	0.01	0.0	0.0	0.0	0.0	0.0	0.0	0.0	0.0	0.0	0.0	0.0	0.0	0.0	0.0	0.0	0.0	0.0	0.0	0.0	0.0	0.0	
rapace sp.	0.0	0.0	0.0	0.0	0.0	0.0	0.0	0.0	0.0	0.0	0.0	0.0	0.0	0.0	0.0	0.0	0.0	0.0	0.0	0.0	0.0	0.0	0.0	0.0	0.0	0.0015	0.01	0.0015	0.03125	0.0178571	0.0	0.0	0.0	0.0	0.0	0.0	0.0	0.0	0.0	0.0	0.0	0.0	0.0	0.0	0.0	0.0	0.0	0.0	
Petit-duc scops	0.0	0.0	0.0	0.0	0.0	0.0	0.0	0.0	0.0	0.0	0.0	0.0344828	0.0238095	0.016129	0.0015	0.0294118	0.1395349	0.0015	0.0416667	0.0277778	0.0015	0.0	0.0015	0.0333333	0.0454545	0.0147059	0.02	0.030303	0.0015	0.0535714	0.0015	0.0	0.0	0.0	0.0	0.0	0.0	0.0	0.0	0.0	0.0	0.0	0.0	0.0	0.0	0.0	0.0	0.0	
Grand-duc d'Europe	0.0434783	0.0	0.1176471	0.0	0.0	0.0	0.0	0.0	0.0	0.0	0.0	0.0	0.0	0.0	0.0	0.0	0.0015	0.0015	0.0	0.0	0.0	0.0	0.0	0.0	0.0	0.0	0.0	0.0	0.0	0.0	0.0	0.0	0.0	0.0	0.0	0.0015	0.0	0.0015	0.0015	0.0	0.0	0.0666667	0.0	0.0	0.0	0.0	0.0	0.0	
Chevêche d'Athéna	0.0	0.0	0.0	0.0	0.0	0.0	0.0	0.0	0.0	0.0	0.0	0.0	0.0	0.016129	0.0	0.0	0.0232558	0.0	0.0	0.0015	0.0	0.0	0.0	0.0015	0.0	0.0	0.0015	0.0	0.0015	0.0	0.025641	0.0	0.0	0.0	0.0	0.0322581	0.0	0.0015	0.0	0.0	0.0	0.0	0.0	0.0	0.0	0.0	0.0	0.0	
Chouette hulotte	0.0015	0.0	0.0	0.0	0.0	0.0909091	0.0	0.0909091	0.0	0.0	0.0357143	0.0344828	0.0238095	0.0015	0.0273973	0.0588235	0.0465116	0.0	0.0	0.0138889	0.0128205	0.0232558	0.0294118	0.0	0.0	0.0294118	0.05	0.010101	0.03125	0.2321429	0.1025641	0.0714286	0.0909091	0.027027	0.0	0.0322581	0.0	0.0625	0.0	0.0015	0.0	0.0	0.0	0.0	0.0	0.0015	0.0	0.0015	
Hibou moyen-duc	0.0	0.0	0.0	0.0	0.0	0.0	0.0	0.0	0.0	0.0	0.0	0.0	0.0	0.0	0.0	0.0	0.0	0.0	0.0	0.0	0.0	0.0	0.0	0.0	0.0	0.0	0.0	0.0	0.0	0.0	0.0	0.0	0.0	0.0	0.0	0.0322581	0.0	0.0	0.0	0.0	0.0	0.0	0.0	0.0	0.0	0.0	0.0	0.0	
Huppe fasciée	0.0	0.0	0.0	0.0	0.0	0.0	0.0	0.0015	0.0	0.0	0.0015	0.0344828	0.047619	0.0483871	0.0136986	0.0588235	0.0930233	0.0243902	0.0015	0.0972222	0.0512821	0.0232558	0.0294118	0.0333333	0.0454545	0.0441176	0.03	0.0015	0.0015	0.0015	0.0015	0.0238095	0.0	0.0	0.0	0.0	0.0555556	0.0	0.0	0.0	0.0	0.0	0.0	0.0	0.0	0.0	0.0	0.0	
Guêpier d'Europe	0.0	0.0	0.0	0.0	0.0	0.0	0.0	0.0	0.0	0.0	0.0	0.0	0.0	0.0015	0.0	0.0588235	0.0697674	0.195122	0.0833333	0.0833333	0.0512821	0.0232558	0.0588235	0.0166667	0.0681818	0.1029412	0.02	0.040404	0.15625	0.1964286	0.0769231	0.1190476	0.1515152	0.0	0.0	0.0	0.0	0.0	0.0	0.0	0.0	0.0	0.0	0.0	0.0	0.0	0.0	0.0	
Martin-pêcheur d'Europe	0.0	0.0526316	0.0	0.0526316	0.0625	0.0	0.04	0.0	0.0384615	0.0	0.1071429	0.0	0.0	0.0483871	0.0	0.0294118	0.0	0.0243902	0.0	0.0416667	0.025641	0.0	0.0294118	0.0166667	0.0227273	0.0588235	0.05	0.0808081	0.15625	0.0178571	0.1025641	0.0952381	0.0606061	0.1621622	0.2	0.0967742	0.2222222	0.3125	0.0	0.0294118	0.2	0.0666667	0.1111111	0.1428571	0.0	0.1666667	0.0588235	0.0	
Rollier d'Europe	0.0	0.0	0.0	0.0	0.0	0.0	0.0	0.0	0.0	0.0	0.0	0.0	0.0	0.0	0.0	0.0	0.0	0.0243902	0.0	0.0138889	0.0	0.0232558	0.0	0.0	0.0	0.0147059	0.0015	0.020202	0.0	0.0178571	0.0512821	0.0238095	0.0606061	0.0540541	0.1	0.0	0.0	0.0	0.0	0.0	0.0	0.0	0.0	0.0	0.0	0.0	0.0	0.0	
Torcol fourmilier	0.0	0.0	0.0	0.0	0.0	0.0	0.0	0.0	0.0	0.0	0.0	0.0	0.0	0.0	0.0	0.0	0.0	0.0487805	0.0	0.0	0.0	0.0	0.0	0.0	0.0	0.0	0.0	0.0015	0.0	0.0	0.025641	0.0	0.0	0.0	0.0	0.0	0.0	0.0	0.0	0.0	0.0	0.0	0.0	0.0	0.0	0.0	0.0	0.0	
Pic mar	0.0	0.0	0.0	0.0	0.0	0.0	0.0	0.0	0.0	0.0	0.0	0.0	0.0	0.0	0.0	0.0	0.0	0.0	0.0	0.0	0.0	0.0	0.0	0.0	0.0	0.0	0.02	0.0	0.0	0.0	0.0	0.0	0.0	0.0	0.0	0.0	0.0	0.0	0.0	0.0	0.0	0.0	0.0	0.0	0.0	0.0	0.0	0.0	
Pic épeiche	0.0434783	0.2105263	0.2352941	0.4210526	0.4375	0.0454545	0.12	0.2727273	0.2307692	0.1176471	0.3928571	0.1724138	0.0952381	0.0967742	0.109589	0.1323529	0.0930233	0.1219512	0.0416667	0.1111111	0.1538462	0.0465116	0.0294118	0.1333333	0.0909091	0.0882353	0.13	0.2121212	0.125	0.3214286	0.2564103	0.2619048	0.2727273	0.1891892	0.3	0.2903226	0.2222222	0.375	0.125	0.2352941	0.2	0.2	0.2222222	0.1428571	0.1333333	0.3333333	0.1764706	0.12	
Pic épeichette	0.0434783	0.0	0.0588235	0.1052632	0.0625	0.0	0.08	0.0	0.0	0.0015	0.0357143	0.0344828	0.0	0.016129	0.0	0.0294118	0.0	0.0487805	0.0	0.0	0.0	0.0	0.0588235	0.0333333	0.0	0.0147059	0.04	0.040404	0.03125	0.1071429	0.025641	0.0952381	0.1515152	0.1081081	0.1	0.0322581	0.1111111	0.25	0.0	0.0882353	0.0	0.0	0.0015	0.0	0.0	0.0	0.0	0.0	
Pic vert	0.1304348	0.1052632	0.2352941	0.2105263	0.5625	0.2272727	0.12	0.3636364	0.2307692	0.2941176	0.3928571	0.137931	0.1666667	0.1451613	0.0958904	0.1617647	0.1627907	0.097561	0.0015	0.2361111	0.0384615	0.1162791	0.1470588	0.3166667	0.25	0.3382353	0.26	0.2929293	0.3125	0.5178571	0.4102564	0.4761905	0.3939394	0.2702703	0.5	0.1612903	0.2222222	0.25	0.1875	0.2352941	0.0	0.0666667	0.3333333	0.0	0.1333333	0.3333333	0.1176471	0.12	
Pic noir	0.0434783	0.0526316	0.1176471	0.0	0.0625	0.0454545	0.0	0.0909091	0.0	0.0588235	0.0	0.0	0.0238095	0.0015	0.0	0.0	0.0	0.0487805	0.0015	0.0138889	0.0015	0.0	0.0	0.0015	0.0	0.0	0.0015	0.0	0.0015	0.0178571	0.025641	0.047619	0.0015	0.0	0.1	0.0015	0.0	0.0625	0.0	0.0294118	0.0	0.0	0.1111111	0.0	0.0666667	0.1666667	0.0	0.04	
pic sp.	0.0	0.0	0.0	0.0	0.0	0.0	0.0	0.0	0.0	0.0	0.0357143	0.0	0.0	0.0	0.0	0.0	0.0	0.0243902	0.0	0.0015	0.0128205	0.0	0.0	0.0	0.0	0.0	0.0	0.0	0.0	0.0	0.0	0.0	0.0	0.0	0.0	0.0	0.0	0.0	0.0	0.0	0.0	0.0	0.0	0.0	0.0	0.0	0.0	0.0	
Faucon crécerelle	0.0434783	0.0	0.0588235	0.1052632	0.1875	0.1363636	0.08	0.0909091	0.0769231	0.0015	0.0714286	0.3103448	0.1428571	0.1612903	0.1917808	0.3088235	0.3023256	0.195122	0.0833333	0.1111111	0.0897436	0.1860465	0.2058824	0.1833333	0.1818182	0.25	0.17	0.1515152	0.21875	0.1607143	0.2051282	0.1904762	0.0606061	0.1081081	0.2	0.0645161	0.1666667	0.25	0.0625	0.0882353	0.1	0.0	0.1111111	0.0	0.0666667	0.1666667	0.1176471	0.0015	
Faucon crécerellette ou F. crécerelle	0.0	0.0	0.0	0.0	0.0	0.0	0.0	0.0	0.0	0.0	0.0	0.0	0.0	0.0	0.0	0.0	0.0	0.0	0.0	0.0	0.0	0.0232558	0.0	0.0	0.0	0.0	0.0	0.0	0.0	0.0	0.0	0.0	0.0	0.0	0.0	0.0	0.0	0.0	0.0	0.0	0.0	0.0	0.0	0.0	0.0	0.0	0.0	0.0	
Faucon kobez	0.0	0.0	0.0	0.0	0.0	0.0	0.0	0.0	0.0	0.0	0.0	0.0	0.0	0.0	0.0136986	0.0147059	0.0	0.0	0.0	0.0	0.0	0.0	0.0	0.0	0.0	0.0	0.0	0.0	0.0	0.0	0.0	0.0	0.0	0.0	0.0	0.0	0.0	0.0	0.0	0.0	0.0	0.0	0.0	0.0	0.0	0.0	0.0	0.0	
Faucon d'Éléonore	0.0	0.0	0.0	0.0	0.0	0.0	0.0	0.0	0.0	0.0	0.0	0.0	0.0	0.0	0.0	0.0	0.0	0.0	0.0	0.0	0.0	0.0232558	0.0	0.0	0.0	0.0	0.0	0.0	0.0	0.0	0.0	0.0015	0.0	0.0	0.0	0.0	0.0	0.0	0.0	0.0	0.0	0.0	0.0	0.0	0.0	0.0	0.0	0.0	
Faucon émerillon	0.0	0.0	0.0	0.0	0.0	0.0	0.0	0.0	0.0	0.0	0.0015	0.0015	0.0	0.0	0.0	0.0	0.0	0.0	0.0	0.0	0.0	0.0	0.0	0.0	0.0	0.0	0.0	0.0	0.0	0.0	0.0	0.0	0.0	0.0	0.0	0.0	0.0	0.0	0.0	0.0	0.0	0.0	0.0	0.0	0.0	0.0	0.0	0.0	
Faucon hobereau	0.0	0.0	0.0	0.0	0.0	0.0	0.0	0.0	0.0	0.0	0.0	0.0	0.0238095	0.0	0.0	0.0294118	0.0232558	0.0243902	0.0015	0.0015	0.025641	0.0232558	0.0015	0.0166667	0.0454545	0.0441176	0.02	0.0505051	0.03125	0.0357143	0.0512821	0.047619	0.0	0.0540541	0.0	0.0	0.0	0.0	0.0	0.0	0.0	0.0	0.0	0.0	0.0	0.0	0.0	0.0	
Faucon pèlerin	0.0434783	0.0	0.0	0.0526316	0.0625	0.0	0.04	0.0	0.0384615	0.0015	0.0	0.0344828	0.0238095	0.0015	0.0136986	0.0294118	0.0	0.0	0.0	0.0416667	0.0384615	0.0	0.0	0.05	0.0454545	0.0	0.02	0.0	0.0015	0.0	0.025641	0.0015	0.0	0.0	0.0	0.0	0.0	0.0	0.0	0.0	0.0	0.0	0.1111111	0.1428571	0.0	0.0	0.0	0.0	
Falco sp.	0.0	0.0	0.0	0.0	0.0	0.0	0.0	0.0	0.0	0.0	0.0	0.0	0.0	0.0	0.0	0.0	0.0	0.0	0.0	0.0138889	0.0	0.0	0.0	0.0	0.0	0.0	0.0	0.0	0.0	0.0	0.0	0.0238095	0.0	0.0	0.0	0.0	0.0	0.0	0.0	0.0	0.0	0.0	0.0	0.0	0.0	0.0	0.0	0.0	
Perruche à collier	0.0	0.0	0.0	0.0	0.0	0.0	0.0	0.0	0.0	0.0	0.0	0.0	0.0	0.0	0.0	0.0	0.0	0.0	0.0	0.0	0.0	0.0	0.0	0.0	0.0	0.0	0.01	0.0	0.0	0.0	0.0	0.0	0.0	0.0	0.0	0.0	0.0	0.0625	0.0	0.0	0.0	0.0	0.0	0.0	0.0	0.0	0.0	0.0	
Loriot d'Europe	0.0	0.0	0.0	0.0	0.0	0.0	0.0	0.0	0.0	0.0	0.0	0.0	0.0	0.0	0.0136986	0.1323529	0.2093023	0.2439024	0.0833333	0.1944444	0.1282051	0.1395349	0.2058824	0.2333333	0.2272727	0.1764706	0.17	0.1919192	0.125	0.2142857	0.0512821	0.0238095	0.030303	0.0015	0.0	0.0	0.0	0.0	0.0	0.0	0.0	0.0	0.0	0.0	0.0	0.0	0.0	0.0	
Pie-grièche écorcheur	0.0	0.0	0.0	0.0	0.0	0.0	0.0	0.0	0.0	0.0	0.0	0.0	0.0	0.0	0.0	0.0015	0.0	0.0487805	0.0833333	0.0694444	0.0384615	0.0232558	0.0	0.05	0.0015	0.0735294	0.09	0.0707071	0.09375	0.0535714	0.0512821	0.0	0.030303	0.0	0.0	0.0	0.0	0.0	0.0	0.0	0.0	0.0	0.0	0.0	0.0	0.0	0.0	0.0	
Pie-grièche méridionale	0.0	0.0	0.0	0.0	0.0	0.0	0.0	0.0	0.0	0.0	0.0	0.0	0.0	0.0	0.0	0.0015	0.0	0.0243902	0.0	0.0	0.0	0.0	0.0015	0.0	0.0	0.0	0.0	0.0	0.0	0.0	0.025641	0.0	0.0	0.0	0.0	0.0	0.0	0.0015	0.0	0.0	0.0	0.0	0.0	0.0	0.0	0.0	0.0015	0.0	
Pie-grièche grise	0.0015	0.0	0.0	0.0	0.0625	0.0	0.0	0.0	0.0	0.0	0.0	0.0	0.0	0.0	0.0	0.0	0.0	0.0	0.0	0.0	0.0	0.0	0.0	0.0	0.0	0.0	0.0	0.0	0.0	0.0	0.0	0.0	0.0015	0.0	0.0	0.0	0.0	0.0	0.0	0.0	0.0	0.0	0.0015	0.0	0.0	0.0	0.0	0.0	
Pie-grièche à tête rousse	0.0	0.0	0.0	0.0	0.0	0.0	0.0	0.0	0.0	0.0	0.0	0.0	0.0	0.0	0.0	0.0147059	0.0	0.0243902	0.0	0.0138889	0.0	0.0465116	0.0294118	0.0166667	0.0015	0.0294118	0.02	0.020202	0.0015	0.0015	0.025641	0.0	0.0	0.0	0.0	0.0	0.0	0.0	0.0	0.0	0.0	0.0	0.0	0.0	0.0	0.0	0.0	0.0	
Geai des chênes	0.173913	0.0526316	0.2941176	0.2631579	0.5625	0.0909091	0.2	0.0909091	0.1538462	0.1176471	0.1785714	0.2068966	0.1904762	0.1774194	0.1506849	0.2794118	0.2790698	0.1463415	0.125	0.0972222	0.1153846	0.1162791	0.2058824	0.25	0.1818182	0.2647059	0.15	0.2424242	0.21875	0.375	0.4615385	0.3571429	0.3333333	0.2972973	0.3	0.2903226	0.3888889	0.375	0.1875	0.3823529	0.3	0.2	0.7777778	0.4285714	0.3333333	0.5	0.3529412	0.32	
Pie bavarde	0.2173913	0.1052632	0.3529412	0.3684211	0.4375	0.0909091	0.24	0.4545455	0.1923077	0.2941176	0.1428571	0.0689655	0.1904762	0.1129032	0.1232877	0.1911765	0.2325581	0.195122	0.125	0.1527778	0.1153846	0.2325581	0.2352941	0.15	0.2272727	0.2205882	0.17	0.2222222	0.1875	0.3035714	0.2307692	0.2142857	0.2121212	0.2702703	0.3	0.0967742	0.5	0.375	0.125	0.2647059	0.3	0.1333333	0.3333333	0.0	0.4	0.3333333	0.4117647	0.24	
Cassenoix moucheté	0.0	0.0	0.0	0.0	0.0	0.0454545	0.0	0.0	0.0	0.0	0.0	0.0	0.0	0.0	0.0	0.0	0.0	0.0	0.0	0.0	0.0	0.0	0.0	0.0	0.0	0.0147059	0.0	0.0	0.0	0.0	0.0015	0.0	0.030303	0.0	0.0	0.0	0.0	0.0	0.0	0.0	0.0	0.0	0.0015	0.0	0.0	0.0	0.0	0.0	
Crave à bec rouge	0.0	0.0	0.0	0.0	0.0	0.0	0.0	0.0	0.0	0.0	0.0	0.0	0.0	0.0	0.0	0.0	0.0	0.0	0.0	0.0	0.0	0.0	0.0	0.0	0.0	0.0	0.0	0.0	0.0	0.0	0.0	0.0	0.0	0.0	0.0	0.0	0.0	0.0	0.0	0.0	0.0	0.0	0.0	0.1428571	0.0	0.0	0.0	0.0	
Choucas des tours	0.0869565	0.0526316	0.0588235	0.0526316	0.375	0.1363636	0.12	0.1818182	0.1153846	0.0	0.2857143	0.2068966	0.0952381	0.2096774	0.2191781	0.2941176	0.3023256	0.2195122	0.4166667	0.2638889	0.1410256	0.2325581	0.0588235	0.1333333	0.0681818	0.0882353	0.09	0.0015	0.03125	0.0357143	0.0015	0.0714286	0.0909091	0.1621622	0.0	0.1935484	0.1666667	0.25	0.125	0.2058824	0.2	0.2	0.2222222	0.0	0.0	0.0	0.0588235	0.24	
Corbeau freux	0.0015	0.0	0.0	0.0	0.0	0.0	0.0	0.0	0.0015	0.0	0.0	0.0	0.0238095	0.0	0.0273973	0.0015	0.0015	0.0	0.0015	0.0015	0.025641	0.0232558	0.0294118	0.0015	0.0	0.0147059	0.02	0.0	0.0	0.0	0.0	0.0238095	0.0	0.0540541	0.0	0.0322581	0.0	0.0015	0.0	0.0	0.0	0.0	0.0	0.0	0.0	0.0	0.0	0.0	
Corneille noire	0.3043478	0.2631579	0.4117647	0.4210526	0.5	0.1818182	0.2	0.1818182	0.4230769	0.2941176	0.2857143	0.2068966	0.1904762	0.2580645	0.2328767	0.3088235	0.2325581	0.3414634	0.375	0.2777778	0.1538462	0.3488372	0.0882353	0.2166667	0.2727273	0.3382353	0.28	0.2626263	0.40625	0.4107143	0.2820513	0.3333333	0.2121212	0.2432432	0.4	0.3225806	0.3333333	0.375	0.125	0.4411765	0.4	0.2	0.6666667	0.1428571	0.3333333	0.6666667	0.2941176	0.4	
corneille sp.	0.0	0.0	0.0	0.0	0.0	0.0	0.0	0.0	0.0	0.0	0.0	0.0	0.0	0.0	0.0	0.0	0.0	0.0243902	0.0	0.0015	0.0	0.0	0.0	0.0	0.0	0.0147059	0.0	0.0	0.0	0.0	0.0	0.0	0.0	0.0	0.0	0.0	0.0	0.0	0.0	0.0	0.0	0.0	0.0	0.0	0.0	0.0	0.0	0.0	
Grand Corbeau	0.0	0.0526316	0.1176471	0.0526316	0.0015	0.1363636	0.04	0.2727273	0.0015	0.0015	0.0714286	0.137931	0.2142857	0.1290323	0.0547945	0.1323529	0.0697674	0.0731707	0.0416667	0.0555556	0.0384615	0.0465116	0.0588235	0.05	0.0454545	0.0441176	0.1	0.0505051	0.03125	0.0892857	0.1282051	0.0714286	0.1515152	0.0810811	0.1	0.0322581	0.1666667	0.0625	0.0	0.1470588	0.2	0.1333333	0.2222222	0.1428571	0.0666667	0.1666667	0.0	0.08	
Mésange noire	0.0	0.0	0.0588235	0.0	0.0	0.0015	0.0	0.0909091	0.0384615	0.0588235	0.0	0.0	0.1190476	0.0	0.0410959	0.0294118	0.0015	0.0487805	0.0416667	0.0277778	0.025641	0.0232558	0.0588235	0.05	0.0227273	0.0882353	0.07	0.020202	0.0625	0.0535714	0.0769231	0.1904762	0.0606061	0.0540541	0.0015	0.0322581	0.0015	0.0625	0.0625	0.0	0.0	0.0	0.2222222	0.0	0.0666667	0.5	0.0588235	0.04	
Mésange huppée	0.0	0.0	0.0	0.0526316	0.0625	0.0	0.0	0.0909091	0.0	0.0015	0.0	0.0344828	0.0714286	0.016129	0.0410959	0.0147059	0.0232558	0.0	0.0416667	0.0015	0.025641	0.0465116	0.0015	0.0166667	0.0227273	0.0735294	0.04	0.030303	0.03125	0.0015	0.0769231	0.1428571	0.030303	0.027027	0.0015	0.0645161	0.0555556	0.0625	0.0625	0.0882353	0.1	0.0	0.2222222	0.0	0.0	0.5	0.0588235	0.12	
Mésange nonnette	0.0	0.0	0.0588235	0.0	0.0625	0.0454545	0.04	0.0	0.0	0.0	0.0	0.0344828	0.047619	0.016129	0.0	0.0294118	0.0	0.0243902	0.0416667	0.0	0.0	0.0232558	0.0	0.0	0.0	0.0	0.03	0.010101	0.0015	0.0357143	0.1282051	0.1190476	0.030303	0.027027	0.0	0.0015	0.1111111	0.0015	0.0	0.1470588	0.0	0.0	0.1111111	0.0	0.0	0.1666667	0.0	0.04	
Mésange nonnette ou M. boréale	0.0	0.0	0.0	0.0	0.0	0.0	0.0	0.0	0.0	0.0	0.0	0.0	0.0	0.0	0.0	0.0	0.0	0.0	0.0	0.0	0.0	0.0	0.0	0.0	0.0	0.0015	0.0	0.0	0.0	0.0	0.0	0.0	0.0	0.0	0.0	0.0	0.0	0.0	0.0	0.0	0.0	0.0	0.0	0.0	0.0	0.0	0.0	0.0	
Mésange bleue	0.5217391	0.5263158	0.5882353	0.4736842	0.5	0.3636364	0.36	0.5454545	0.4230769	0.2941176	0.4642857	0.137931	0.3095238	0.3387097	0.3287671	0.3676471	0.1860465	0.2682927	0.2916667	0.3055556	0.1794872	0.2325581	0.1470588	0.25	0.1818182	0.2352941	0.2	0.2727273	0.1875	0.5	0.3846154	0.4761905	0.4545455	0.3243243	0.3	0.1290323	0.3888889	0.4375	0.1875	0.3823529	0.3	0.1333333	0.5555556	0.4285714	0.4	0.5	0.4117647	0.68	
Mésange charbonnière	0.4347826	0.4210526	0.5294118	0.4210526	0.875	0.4545455	0.48	0.6363636	0.4230769	0.2941176	0.3928571	0.2413793	0.4047619	0.4354839	0.4246575	0.4852941	0.3488372	0.4390244	0.375	0.4027778	0.2564103	0.2790698	0.2058824	0.2666667	0.2272727	0.2058824	0.18	0.3131313	0.28125	0.5178571	0.3589744	0.452381	0.5151515	0.4054054	0.3	0.2903226	0.6111111	0.5	0.1875	0.5294118	0.3	0.1333333	0.7777778	0.5714286	0.6666667	0.6666667	0.4705882	0.68	
Rémiz penduline	0.0	0.0	0.0588235	0.0	0.0	0.0	0.0	0.0	0.0	0.0	0.0	0.0	0.0	0.0	0.0	0.0	0.0	0.0	0.0	0.0	0.0	0.0	0.0	0.0	0.0	0.0	0.0	0.0	0.0	0.0	0.0	0.0	0.0	0.0	0.0	0.0	0.0	0.0	0.0	0.0	0.0	0.0	0.0	0.0	0.0	0.1666667	0.0	0.0	
Alouette lulu	0.0	0.0	0.0588235	0.0526316	0.4375	0.1363636	0.08	0.1818182	0.0769231	0.0015	0.1071429	0.0015	0.1904762	0.0645161	0.0136986	0.1470588	0.0465116	0.0731707	0.0	0.0277778	0.0512821	0.0465116	0.1470588	0.0166667	0.0015	0.0882353	0.02	0.0015	0.03125	0.0	0.025641	0.047619	0.0	0.027027	0.0	0.0322581	0.0	0.0625	0.0	0.0588235	0.1	0.0	0.1111111	0.0	0.0	0.0	0.0588235	0.04	
Alouette des champs	0.0	0.0	0.0	0.0526316	0.125	0.0	0.04	0.0	0.0	0.0	0.0357143	0.0344828	0.1428571	0.0322581	0.0136986	0.0441176	0.1162791	0.0243902	0.0833333	0.0	0.1025641	0.0	0.0294118	0.0166667	0.0227273	0.1029412	0.02	0.010101	0.0	0.0	0.025641	0.0	0.0	0.0	0.0	0.0645161	0.0	0.0625	0.0625	0.0294118	0.2	0.0	0.1111111	0.0	0.0	0.1666667	0.0	0.0	
Cochevis huppé	0.0	0.0	0.0	0.0	0.0	0.0	0.0	0.0	0.0	0.0	0.0	0.0	0.0	0.0	0.0	0.0	0.0	0.0	0.0	0.0	0.0	0.0	0.0	0.0	0.0	0.0	0.0015	0.0	0.0	0.0	0.0	0.0	0.0	0.0	0.0	0.0	0.0	0.0	0.0	0.0	0.0	0.0	0.0	0.0	0.0	0.0	0.0	0.0	
Cisticole des joncs	0.0	0.0	0.0	0.0	0.0	0.0	0.0	0.0	0.0	0.0	0.0015	0.0	0.0	0.0322581	0.0	0.0294118	0.0	0.0243902	0.0833333	0.0277778	0.0128205	0.0	0.0015	0.0166667	0.0	0.0015	0.0015	0.0505051	0.0015	0.0357143	0.0512821	0.0015	0.0	0.027027	0.0	0.0	0.0	0.0625	0.0	0.0	0.0	0.0	0.0	0.0	0.0	0.0	0.0588235	0.0	
Hypolaïs polyglotte	0.0	0.0	0.0	0.0	0.0	0.0	0.0	0.0	0.0	0.0	0.0	0.0	0.0	0.0	0.0	0.0441176	0.0465116	0.1463415	0.25	0.1527778	0.0641026	0.1162791	0.1176471	0.0666667	0.0227273	0.0441176	0.02	0.0606061	0.0	0.0178571	0.025641	0.0	0.0	0.0	0.0	0.0	0.0	0.0	0.0	0.0	0.0	0.0	0.0	0.0	0.0	0.0	0.0	0.0	
Rousserolle verderolle	0.0	0.0	0.0	0.0	0.0	0.0	0.0	0.0	0.0	0.0	0.0	0.0	0.0	0.0	0.0	0.0	0.0	0.0	0.0	0.0015	0.0	0.0	0.0	0.0	0.0	0.0	0.0	0.0	0.0	0.0	0.0	0.0	0.0	0.0	0.0	0.0	0.0	0.0	0.0	0.0	0.0	0.0	0.0	0.0	0.0	0.0	0.0	0.0	
Rousserolle effarvatte	0.0	0.0	0.0	0.0	0.0	0.0	0.0	0.0	0.0	0.0	0.0	0.0	0.0	0.016129	0.0	0.0294118	0.0015	0.0	0.0416667	0.0277778	0.0384615	0.0	0.0	0.05	0.0454545	0.0588235	0.01	0.030303	0.0625	0.0	0.0	0.047619	0.030303	0.0540541	0.0	0.0	0.0555556	0.0	0.0	0.0	0.0	0.0	0.0	0.0	0.0	0.0	0.0	0.0	
Rousserolle turdoïde	0.0	0.0	0.0	0.0	0.0	0.0	0.0	0.0	0.0	0.0	0.0	0.0	0.0	0.016129	0.0	0.0441176	0.0232558	0.0243902	0.0	0.0138889	0.0128205	0.0232558	0.0	0.0	0.0	0.0	0.0	0.0	0.0	0.0	0.0	0.0	0.0	0.0	0.0	0.0	0.0	0.0	0.0	0.0	0.0	0.0	0.0	0.0	0.0	0.0	0.0	0.0	
Locustelle luscinioïde	0.0	0.0	0.0	0.0	0.0	0.0	0.0	0.0	0.0	0.0	0.0	0.0	0.0	0.0	0.0	0.0	0.0	0.0	0.0	0.0	0.0	0.0	0.0	0.0166667	0.0	0.0	0.0	0.0	0.0	0.0	0.0	0.0	0.0	0.0	0.0	0.0	0.0	0.0	0.0	0.0	0.0	0.0	0.0	0.0	0.0	0.0	0.0	0.0	
Locustelle tachetée	0.0	0.0	0.0	0.0	0.0	0.0	0.0	0.0	0.0	0.0	0.0	0.0	0.0	0.0	0.0	0.0	0.0	0.0	0.0	0.0	0.0	0.0	0.0	0.0166667	0.0	0.0	0.0	0.0	0.0	0.0	0.0	0.0	0.030303	0.0540541	0.0	0.0	0.0	0.0	0.0	0.0	0.0	0.0	0.0	0.0	0.0	0.0	0.0	0.0	
Hirondelle de rivage	0.0	0.0	0.0	0.0	0.0	0.0	0.0	0.0	0.0	0.0	0.0	0.0	0.0	0.0483871	0.0136986	0.0147059	0.0	0.0243902	0.0416667	0.0	0.0	0.0	0.0	0.0166667	0.0454545	0.0294118	0.01	0.030303	0.125	0.0	0.0	0.0	0.030303	0.027027	0.0015	0.0	0.0015	0.0	0.0	0.0	0.0	0.0	0.0	0.0	0.0	0.0	0.0	0.0	
Hirondelle de rochers	0.0434783	0.0526316	0.0	0.0526316	0.125	0.0454545	0.0	0.0909091	0.0384615	0.0588235	0.3571429	0.2068966	0.2380952	0.2580645	0.1643836	0.1323529	0.0930233	0.097561	0.125	0.1805556	0.0641026	0.1162791	0.0588235	0.2166667	0.1818182	0.1617647	0.18	0.2323232	0.1875	0.1607143	0.1538462	0.047619	0.1515152	0.2162162	0.1	0.0645161	0.1666667	0.125	0.125	0.1176471	0.1	0.0666667	0.1111111	0.1428571	0.0666667	0.0	0.0	0.04	
Hirondelle rustique	0.0	0.0	0.0	0.0	0.0	0.0	0.0	0.0	0.0	0.0	0.1785714	0.2068966	0.1666667	0.2580645	0.1917808	0.25	0.2325581	0.3658537	0.2916667	0.1666667	0.0897436	0.0930233	0.0882353	0.2	0.2727273	0.2647059	0.24	0.3333333	0.34375	0.375	0.3076923	0.2857143	0.1818182	0.1621622	0.0	0.0967742	0.1666667	0.125	0.0	0.0882353	0.0	0.0	0.0	0.0	0.0	0.0	0.0	0.0	
Hirondelle de fenêtre	0.0	0.0	0.0	0.0	0.0	0.0	0.0	0.0	0.0	0.0	0.1428571	0.3103448	0.1428571	0.1612903	0.0958904	0.1470588	0.2325581	0.2439024	0.0416667	0.25	0.1153846	0.255814	0.2058824	0.2666667	0.2727273	0.3235294	0.14	0.2929293	0.34375	0.1607143	0.3076923	0.1190476	0.3030303	0.2702703	0.1	0.0645161	0.0555556	0.0015	0.0	0.0294118	0.0	0.0	0.0	0.0	0.0	0.0	0.0	0.0	
Hirondelle rousseline	0.0	0.0	0.0	0.0	0.0	0.0	0.0	0.0	0.0	0.0	0.0	0.0	0.0	0.0	0.0136986	0.0	0.0	0.0243902	0.0	0.0	0.0	0.0	0.0	0.0	0.0	0.0	0.0	0.0	0.0	0.0	0.0	0.0	0.0	0.0	0.0	0.0	0.0	0.0	0.0	0.0	0.0	0.0	0.0	0.0	0.0	0.0	0.0	0.0	
hirondelle sp.	0.0	0.0	0.0	0.0	0.0	0.0	0.0	0.0	0.0	0.0	0.0015	0.0	0.0	0.0	0.0136986	0.0	0.0	0.0243902	0.0	0.0138889	0.0	0.0	0.0	0.0	0.0	0.0	0.0	0.0	0.0	0.0	0.0	0.0	0.0	0.0	0.0015	0.0	0.0	0.0	0.0	0.0	0.0	0.0	0.0	0.0	0.0	0.0	0.0	0.0	
Pouillot siffleur	0.0	0.0	0.0	0.0	0.0	0.0	0.0	0.0	0.0	0.0	0.0	0.0	0.0	0.0	0.0	0.0	0.0232558	0.0	0.0	0.0	0.0	0.0	0.0	0.0	0.0	0.0	0.0	0.0	0.0	0.0	0.0	0.0238095	0.030303	0.0	0.0	0.0	0.0	0.0	0.0	0.0	0.0	0.0	0.0	0.0	0.0	0.0	0.0	0.0	
Pouillot de Bonelli	0.0	0.0	0.0	0.0	0.0	0.0	0.0	0.0	0.0	0.0	0.0	0.0	0.0	0.1451613	0.0410959	0.0588235	0.0930233	0.0731707	0.0	0.0277778	0.0897436	0.0015	0.0015	0.0333333	0.0227273	0.0015	0.01	0.010101	0.0015	0.0178571	0.0	0.0	0.0015	0.027027	0.0	0.0	0.0	0.0	0.0	0.0	0.0	0.0	0.0	0.0	0.0	0.0	0.0	0.0	
Pouillot à grands sourcils	0.0	0.0	0.0	0.0	0.0	0.0	0.0	0.0	0.0	0.0	0.0	0.0	0.0	0.0	0.0	0.0	0.0	0.0	0.0	0.0	0.0	0.0	0.0	0.0	0.0	0.0	0.0	0.0	0.0	0.0	0.0	0.0	0.0	0.0	0.0	0.0	0.0	0.0	0.0015	0.0	0.0	0.0	0.0	0.0	0.0	0.0	0.0	0.0	
Pouillot fitis	0.0	0.0	0.0	0.0	0.0	0.0	0.0	0.0	0.0	0.0	0.0357143	0.0015	0.047619	0.0967742	0.0821918	0.0588235	0.0	0.0487805	0.0	0.0138889	0.0	0.0	0.0	0.0	0.0	0.0	0.01	0.0	0.0	0.0	0.0015	0.0714286	0.0606061	0.0810811	0.1	0.0322581	0.0555556	0.0625	0.0	0.0	0.0	0.0	0.0	0.0	0.0	0.0	0.0	0.0	
Pouillot véloce	0.0	0.1578947	0.1764706	0.0526316	0.0625	0.0454545	0.0	0.0015	0.1538462	0.0015	0.6428571	0.137931	0.2380952	0.2096774	0.1917808	0.2205882	0.1860465	0.0731707	0.125	0.0833333	0.1153846	0.0465116	0.1176471	0.0833333	0.0454545	0.1323529	0.1	0.030303	0.0625	0.1071429	0.1282051	0.0952381	0.1212121	0.1081081	0.2	0.0967742	0.2222222	0.3125	0.1875	0.1176471	0.0	0.0	0.2222222	0.1428571	0.0	0.1666667	0.0	0.12	
pouillot sp.	0.0	0.0	0.0	0.0	0.0	0.0	0.0	0.0	0.0	0.0	0.0	0.0	0.0	0.0	0.0	0.0	0.0232558	0.0	0.0	0.0	0.0	0.0	0.0	0.0	0.0	0.0	0.0	0.0	0.0	0.0	0.0	0.0	0.0	0.0	0.0	0.0	0.0	0.0	0.0	0.0	0.0	0.0	0.0	0.0	0.0	0.0	0.0	0.0	
Bouscarle de Cetti	0.0	0.0526316	0.2352941	0.0	0.0625	0.0454545	0.04	0.0909091	0.1538462	0.0588235	0.3928571	0.0689655	0.047619	0.0322581	0.0410959	0.0735294	0.0015	0.1707317	0.125	0.0555556	0.0384615	0.0	0.0588235	0.0166667	0.0454545	0.0147059	0.02	0.0	0.0625	0.0357143	0.0015	0.047619	0.0909091	0.1351351	0.3	0.0645161	0.1666667	0.3125	0.0	0.0588235	0.1	0.2	0.0	0.0	0.0666667	0.1666667	0.0588235	0.0	
Orite à longue queue	0.173913	0.1052632	0.1176471	0.2105263	0.5	0.1363636	0.12	0.4545455	0.0384615	0.2941176	0.1785714	0.1034483	0.0952381	0.1290323	0.1369863	0.1764706	0.1627907	0.1219512	0.0833333	0.0972222	0.1794872	0.0930233	0.0294118	0.05	0.0681818	0.0	0.04	0.0909091	0.0625	0.0892857	0.1538462	0.2142857	0.1818182	0.1891892	0.3	0.0967742	0.2777778	0.125	0.0015	0.2058824	0.1	0.1333333	0.5555556	0.2857143	0.2666667	0.3333333	0.0588235	0.08	
Fauvette à tête noire	0.2173913	0.1578947	0.1176471	0.2631579	0.0625	0.1818182	0.12	0.3636364	0.3076923	0.1764706	0.6071429	0.2758621	0.5	0.4354839	0.3835616	0.5882353	0.4418605	0.4390244	0.375	0.5555556	0.3717949	0.3953488	0.5294118	0.4666667	0.4545455	0.5882353	0.32	0.3333333	0.15625	0.3214286	0.2051282	0.1904762	0.3636364	0.2162162	0.5	0.3225806	0.2222222	0.3125	0.0625	0.1764706	0.0	0.0	0.3333333	0.1428571	0.0666667	0.1666667	0.1764706	0.08	
Fauvette des jardins	0.0	0.0	0.0	0.0	0.0	0.0	0.0	0.0	0.0	0.0	0.0	0.0	0.0	0.0	0.0	0.0147059	0.0465116	0.0	0.0416667	0.0277778	0.0015	0.0015	0.0015	0.0166667	0.0227273	0.0441176	0.01	0.010101	0.0	0.0	0.0015	0.0714286	0.1212121	0.0810811	0.0	0.0322581	0.0555556	0.0	0.0	0.0	0.0	0.0	0.0	0.0	0.0	0.0	0.0	0.0	
Fauvette babillarde	0.0	0.0	0.0	0.0	0.0	0.0	0.0	0.0	0.0	0.0	0.0	0.0	0.0	0.0	0.0	0.0	0.0	0.0	0.0	0.0138889	0.0	0.0	0.0	0.0	0.0	0.0	0.0	0.0	0.0	0.0	0.0	0.0	0.030303	0.0	0.0	0.0	0.0	0.0	0.0	0.0	0.0	0.0	0.0	0.0	0.0	0.0	0.0	0.0	
Fauvette orphée	0.0	0.0	0.0	0.0	0.0	0.0	0.0	0.0	0.0	0.0	0.0	0.0	0.0	0.0	0.0	0.0015	0.0232558	0.0243902	0.0015	0.0277778	0.0	0.0	0.0294118	0.0166667	0.0	0.0	0.01	0.0	0.0015	0.0	0.0	0.0	0.0	0.0	0.0	0.0	0.0	0.0	0.0	0.0	0.0	0.0	0.0	0.0	0.0	0.0	0.0	0.0	
Fauvette mélanocéphale	0.0434783	0.1052632	0.0588235	0.0526316	0.0	0.0909091	0.0	0.2727273	0.0769231	0.0015	0.1071429	0.2413793	0.0952381	0.1290323	0.0410959	0.1617647	0.0930233	0.195122	0.0416667	0.0138889	0.1410256	0.0465116	0.2647059	0.0166667	0.0227273	0.0588235	0.06	0.0606061	0.03125	0.1071429	0.0512821	0.0714286	0.030303	0.1351351	0.2	0.0645161	0.2222222	0.125	0.25	0.0588235	0.0	0.1333333	0.1111111	0.0	0.1333333	0.1666667	0.1176471	0.08	
Fauvette passerinette	0.0	0.0	0.0	0.0	0.0	0.0	0.0	0.0	0.0	0.0	0.0	0.0	0.0952381	0.1451613	0.0136986	0.0441176	0.0697674	0.0731707	0.0	0.0416667	0.0641026	0.0232558	0.0588235	0.0015	0.0227273	0.0	0.01	0.0	0.0	0.0357143	0.0512821	0.0238095	0.0	0.027027	0.0	0.0	0.0	0.0	0.0	0.0	0.0	0.0	0.0	0.0	0.0	0.0	0.0	0.0	
Fauvette grisette	0.0	0.0	0.0	0.0	0.0	0.0	0.0	0.0	0.0	0.0	0.0	0.0	0.0	0.016129	0.0410959	0.0588235	0.0465116	0.097561	0.125	0.0277778	0.0641026	0.0232558	0.0882353	0.0333333	0.0909091	0.0735294	0.03	0.0	0.0015	0.0	0.0512821	0.0238095	0.030303	0.0	0.0	0.0	0.0	0.0	0.0	0.0	0.0	0.0	0.0	0.0	0.0	0.0	0.0	0.0	
Fauvette pitchou	0.0	0.0	0.0	0.0	0.0	0.0	0.0	0.0	0.0	0.0	0.0	0.0015	0.0	0.016129	0.0	0.0	0.0	0.0243902	0.0	0.0015	0.0	0.0	0.0015	0.0166667	0.0015	0.0147059	0.01	0.0	0.0	0.0178571	0.025641	0.0	0.0	0.0	0.0	0.0	0.0	0.0	0.0	0.0	0.0	0.0	0.0	0.0	0.0	0.0	0.0588235	0.0	
Sylvia ou Curruca sp.	0.0	0.0	0.0	0.0	0.0	0.0	0.0	0.0	0.0	0.0	0.0	0.0	0.0238095	0.0	0.0	0.0	0.0	0.0	0.0	0.0	0.0	0.0	0.0	0.0	0.0	0.0	0.0	0.0	0.0	0.0	0.0	0.0	0.0	0.0	0.0	0.0	0.0	0.0	0.0	0.0	0.0	0.0	0.0	0.0	0.0	0.0	0.0	0.0	
Roitelet huppé	0.0	0.0526316	0.0588235	0.0526316	0.0015	0.0909091	0.12	0.0	0.0	0.0588235	0.0015	0.0	0.0238095	0.0	0.0273973	0.0147059	0.0	0.0243902	0.0416667	0.0138889	0.0015	0.0	0.0015	0.05	0.0	0.0294118	0.03	0.0	0.0015	0.0	0.1282051	0.1428571	0.030303	0.027027	0.0015	0.0015	0.0555556	0.0	0.0625	0.0882353	0.0	0.1333333	0.5555556	0.1428571	0.1333333	0.5	0.1176471	0.16	
Roitelet à triple bandeau	0.173913	0.1052632	0.0	0.1052632	0.0625	0.1363636	0.04	0.1818182	0.0769231	0.0588235	0.1428571	0.1034483	0.1666667	0.1290323	0.0684932	0.0882353	0.0465116	0.0	0.0416667	0.0277778	0.1153846	0.0465116	0.0588235	0.05	0.0227273	0.0147059	0.02	0.0606061	0.0	0.0892857	0.1025641	0.2142857	0.0606061	0.0540541	0.1	0.0	0.2222222	0.1875	0.0625	0.1176471	0.1	0.1333333	0.0	0.2857143	0.2	0.5	0.1176471	0.04	
Roitelet huppé ou R. à triple bandeau	0.0	0.0	0.0	0.0	0.0	0.0	0.0	0.0	0.0384615	0.0	0.0	0.0	0.0	0.0	0.0	0.0	0.0	0.0	0.0	0.0	0.0	0.0	0.0	0.0	0.0	0.0015	0.0	0.010101	0.0	0.0	0.0	0.0	0.0	0.0	0.0	0.0	0.0	0.0	0.0	0.0	0.0	0.0	0.0	0.0	0.0	0.0	0.0	0.0	
Tichodrome échelette	0.0	0.0	0.0	0.0015	0.0	0.0	0.0	0.1818182	0.0015	0.0	0.0	0.0	0.0238095	0.0	0.0136986	0.0	0.0	0.0	0.0	0.0	0.0	0.0	0.0	0.0	0.0	0.0	0.0	0.0	0.0	0.0	0.0	0.0	0.0	0.0	0.0	0.0	0.0	0.0	0.0	0.0	0.1	0.0	0.1111111	0.0	0.2	0.0	0.0	0.0	
Sittelle torchepot	0.1304348	0.1052632	0.0	0.1052632	0.0625	0.0454545	0.04	0.0	0.1153846	0.1176471	0.0	0.0344828	0.1904762	0.0483871	0.0273973	0.0294118	0.0232558	0.0487805	0.0	0.0138889	0.0128205	0.0697674	0.0	0.0833333	0.0015	0.0441176	0.12	0.0909091	0.03125	0.3035714	0.3589744	0.1904762	0.1212121	0.0810811	0.1	0.0322581	0.0	0.125	0.0	0.0588235	0.2	0.0	0.2222222	0.2857143	0.1333333	0.3333333	0.0588235	0.08	
Grimpereau des bois	0.0	0.0	0.0	0.0	0.0	0.0	0.0	0.0	0.0	0.0015	0.0	0.0	0.047619	0.016129	0.0	0.0	0.0	0.0	0.0	0.0138889	0.0128205	0.0	0.0	0.0	0.0	0.0147059	0.03	0.0	0.0	0.0	0.025641	0.0	0.0	0.0	0.0	0.0322581	0.0	0.0625	0.0	0.0	0.0	0.0	0.0	0.0	0.0	0.0	0.0	0.0	
Grimpereau des jardins	0.1304348	0.1578947	0.1176471	0.1052632	0.5	0.0909091	0.2	0.0	0.2692308	0.1764706	0.3571429	0.0689655	0.1904762	0.1129032	0.1369863	0.1764706	0.1395349	0.097561	0.1666667	0.1527778	0.0897436	0.0930233	0.0882353	0.05	0.1136364	0.1617647	0.12	0.1818182	0.0625	0.2857143	0.2051282	0.3571429	0.2727273	0.2432432	0.3	0.0967742	0.2777778	0.0625	0.1875	0.2058824	0.0	0.1333333	0.5555556	0.1428571	0.0666667	0.3333333	0.0588235	0.04	
Grimpereau des bois ou G. des jardins	0.0	0.0	0.0	0.0	0.0	0.0015	0.0	0.0	0.0	0.0	0.0	0.0	0.0	0.0	0.0	0.0	0.0	0.0	0.0	0.0	0.0128205	0.0	0.0	0.0	0.0	0.0	0.0	0.0	0.0	0.0	0.0	0.0	0.0	0.0	0.0	0.0	0.0	0.0	0.0	0.0	0.0	0.0	0.0	0.0	0.0666667	0.0	0.0	0.0	
Troglodyte mignon	0.0434783	0.1578947	0.1764706	0.2631579	0.5625	0.2727273	0.2	0.2727273	0.2307692	0.2352941	0.2857143	0.0689655	0.0714286	0.1451613	0.1369863	0.1323529	0.1162791	0.0731707	0.125	0.1527778	0.1153846	0.1395349	0.0588235	0.1333333	0.0681818	0.1029412	0.11	0.0606061	0.0625	0.0535714	0.0769231	0.1904762	0.030303	0.0810811	0.0	0.0645161	0.0555556	0.0625	0.125	0.2941176	0.2	0.1333333	0.5555556	0.1428571	0.1333333	0.3333333	0.2352941	0.16	
Cincle plongeur	0.0	0.0526316	0.0	0.0	0.125	0.0	0.0	0.0909091	0.0	0.0	0.0	0.0344828	0.1428571	0.0967742	0.0410959	0.0147059	0.0	0.0015	0.0015	0.0138889	0.025641	0.0	0.0	0.05	0.0227273	0.0147059	0.02	0.040404	0.03125	0.0357143	0.0512821	0.047619	0.0909091	0.0	0.0015	0.0	0.1111111	0.0015	0.0	0.0	0.0	0.0	0.0	0.1428571	0.0	0.0	0.0	0.0	
Étourneau sansonnet	0.0869565	0.0526316	0.1176471	0.3684211	0.375	0.0454545	0.16	0.1818182	0.1538462	0.2352941	0.2142857	0.137931	0.1428571	0.1774194	0.109589	0.1764706	0.0930233	0.2682927	0.2083333	0.1944444	0.0512821	0.0465116	0.0882353	0.1333333	0.0909091	0.0882353	0.06	0.030303	0.09375	0.0892857	0.0769231	0.0714286	0.1212121	0.0540541	0.3	0.0967742	0.1666667	0.4375	0.0625	0.1176471	0.2	0.0666667	0.1111111	0.0	0.0	0.1666667	0.2352941	0.2	
Grive draine	0.0869565	0.1052632	0.1764706	0.1052632	0.1875	0.1363636	0.04	0.0	0.0769231	0.0588235	0.1071429	0.0	0.1666667	0.0645161	0.0547945	0.1176471	0.0465116	0.0243902	0.0015	0.0694444	0.025641	0.0232558	0.0015	0.0666667	0.0227273	0.0588235	0.04	0.010101	0.0625	0.0357143	0.0	0.0714286	0.030303	0.0	0.0	0.0645161	0.0	0.0625	0.0625	0.0588235	0.0	0.0	0.1111111	0.2857143	0.0	0.1666667	0.1176471	0.0015	
Grive musicienne	0.0	0.2105263	0.2352941	0.0526316	0.0625	0.2727273	0.2	0.2727273	0.5	0.2941176	0.2857143	0.0689655	0.2857143	0.1451613	0.0410959	0.0882353	0.0697674	0.0	0.0833333	0.125	0.0769231	0.0930233	0.0	0.0166667	0.0454545	0.0882353	0.01	0.030303	0.0015	0.0015	0.0512821	0.0238095	0.0	0.0	0.0	0.0322581	0.1666667	0.125	0.25	0.2058824	0.1	0.0	0.1111111	0.2857143	0.0	0.1666667	0.1176471	0.08	
Grive mauvis	0.0869565	0.0	0.1176471	0.1052632	0.125	0.0454545	0.0	0.0	0.0384615	0.0588235	0.0714286	0.0	0.0	0.0	0.0	0.0	0.0	0.0	0.0	0.0	0.0	0.0	0.0	0.0	0.0	0.0	0.0	0.0	0.0	0.0	0.0	0.0	0.0	0.0	0.0	0.0	0.0	0.0	0.0	0.0294118	0.0	0.0666667	0.0	0.0	0.0	0.0	0.0588235	0.04	
Merle noir	0.4782609	0.5263158	0.6470588	0.7368421	0.8125	0.5454545	0.36	0.7272727	0.6923077	0.7058824	0.4285714	0.3103448	0.547619	0.5	0.369863	0.6029412	0.5348837	0.4878049	0.3333333	0.5416667	0.5384615	0.5116279	0.4411765	0.3833333	0.2954545	0.3235294	0.18	0.2121212	0.09375	0.2857143	0.1794872	0.3333333	0.3030303	0.2432432	0.2	0.1612903	0.2222222	0.4375	0.1875	0.5	0.1	0.2	0.6666667	0.5714286	0.4666667	0.5	0.5882353	0.44	
Grive litorne	0.0015	0.1052632	0.1764706	0.0	0.1875	0.0	0.08	0.1818182	0.0769231	0.0	0.0	0.0	0.0	0.0	0.0	0.0	0.0	0.0	0.0	0.0	0.0	0.0	0.0	0.0	0.0	0.0	0.0	0.0	0.0	0.0	0.0	0.0	0.0	0.0	0.0	0.0	0.0	0.0	0.0	0.0588235	0.0	0.0	0.0	0.0	0.0	0.0	0.0588235	0.0	
Merle à plastron	0.0	0.0	0.0	0.0	0.0	0.0	0.0	0.0	0.0	0.0	0.0	0.0344828	0.0238095	0.0	0.0	0.0	0.0	0.0	0.0	0.0	0.0	0.0	0.0	0.0	0.0	0.0	0.0	0.0	0.0	0.0	0.0	0.0	0.0	0.0	0.0	0.0	0.0	0.0	0.0	0.0	0.0	0.0	0.0	0.0	0.0	0.0	0.0	0.0	
Turdus sp.	0.0	0.0	0.0	0.0	0.0	0.0	0.0	0.0	0.0384615	0.0	0.0	0.0	0.0	0.0	0.0	0.0	0.0	0.0	0.0	0.0	0.0	0.0	0.0	0.0	0.0	0.0	0.0	0.0	0.0	0.0	0.0	0.0	0.0	0.0	0.0	0.0	0.0	0.0	0.0	0.0	0.0	0.0	0.0	0.0	0.0	0.0	0.0	0.0	
Gobemouche gris	0.0	0.0	0.0	0.0	0.0	0.0	0.0	0.0	0.0	0.0	0.0	0.0	0.0	0.0	0.0136986	0.0	0.0015	0.0243902	0.0	0.0833333	0.0384615	0.0232558	0.0	0.0666667	0.0015	0.0294118	0.03	0.0606061	0.0015	0.0357143	0.1025641	0.0952381	0.0909091	0.0810811	0.0	0.0322581	0.0	0.0015	0.0	0.0	0.0	0.0	0.0	0.0	0.0	0.0	0.0	0.0	
Rougegorge familier	0.5217391	0.4210526	0.5294118	0.5263158	0.75	0.5909091	0.48	0.5454545	0.6153846	0.4117647	0.6785714	0.3103448	0.4285714	0.4354839	0.2739726	0.3676471	0.3023256	0.2682927	0.2916667	0.3611111	0.3205128	0.2325581	0.1764706	0.2333333	0.0909091	0.2941176	0.19	0.2525253	0.1875	0.1607143	0.3076923	0.2857143	0.3030303	0.3783784	0.5	0.3548387	0.3888889	0.625	0.6875	0.6764706	0.4	0.6	0.7777778	0.5714286	0.6666667	0.6666667	0.4117647	0.52	
Rossignol philomèle	0.0	0.0	0.0	0.0	0.0	0.0	0.0	0.0	0.0	0.0	0.0	0.0	0.0015	0.1290323	0.2328767	0.3676471	0.372093	0.3658537	0.3333333	0.3194444	0.2692308	0.2325581	0.2647059	0.1166667	0.0454545	0.0147059	0.06	0.0707071	0.0	0.0714286	0.0015	0.047619	0.0909091	0.0540541	0.0	0.0	0.0	0.0	0.0	0.0	0.0	0.0	0.0	0.0	0.0	0.0	0.0	0.0	
Gobemouche noir	0.0	0.0	0.0	0.0	0.0	0.0	0.0	0.0	0.0	0.0	0.0	0.0344828	0.0238095	0.016129	0.0821918	0.0147059	0.0232558	0.0243902	0.0	0.0416667	0.0	0.0465116	0.0	0.0	0.0	0.0	0.01	0.0015	0.0	0.0178571	0.2564103	0.3571429	0.3030303	0.2702703	0.3	0.0645161	0.0555556	0.0625	0.0	0.0	0.0	0.0	0.0	0.0	0.0	0.0	0.0	0.0	
Rougequeue à front blanc	0.0	0.0	0.0	0.0	0.0	0.0	0.0	0.0	0.0	0.0	0.0	0.0	0.0	0.0806452	0.0684932	0.2058824	0.2093023	0.097561	0.0833333	0.1805556	0.0512821	0.0465116	0.0588235	0.0166667	0.0909091	0.0588235	0.07	0.010101	0.0	0.0357143	0.1282051	0.0	0.1212121	0.1081081	0.0	0.0	0.0555556	0.1875	0.0	0.0	0.0	0.0	0.0	0.0	0.0	0.0	0.0	0.0	
Rougequeue noir	0.173913	0.0526316	0.0588235	0.2105263	0.375	0.0454545	0.08	0.1818182	0.0384615	0.1176471	0.1071429	0.2758621	0.4047619	0.2903226	0.2328767	0.2647059	0.2093023	0.2682927	0.2916667	0.3888889	0.2435897	0.1627907	0.1764706	0.2	0.1363636	0.2352941	0.2	0.2323232	0.15625	0.3035714	0.3076923	0.1666667	0.1515152	0.1891892	0.0015	0.0645161	0.2222222	0.3125	0.1875	0.3529412	0.4	0.0	0.2222222	0.0	0.2	0.1666667	0.0588235	0.12	
rougequeue sp.	0.0	0.0	0.0	0.0	0.0	0.0	0.0	0.0	0.0	0.0	0.0	0.0	0.0	0.0	0.0	0.0	0.0	0.0	0.0	0.0138889	0.0	0.0	0.0	0.0	0.0	0.0	0.0	0.0	0.0	0.0	0.0	0.0	0.0	0.0	0.0	0.0	0.0	0.0	0.0	0.0	0.0	0.0	0.0	0.0	0.0	0.0	0.0	0.0	
Monticole de roche	0.0	0.0	0.0	0.0	0.0	0.0	0.0	0.0	0.0	0.0	0.0	0.0	0.0	0.0	0.0	0.0	0.0	0.0	0.0	0.0	0.0	0.0	0.0	0.0	0.0	0.0147059	0.0	0.0	0.0	0.0	0.025641	0.0	0.0	0.0	0.0	0.0	0.0	0.0	0.0	0.0	0.0	0.0	0.0	0.0	0.0	0.0	0.0	0.0	
Monticole bleu	0.0	0.0	0.0	0.0015	0.0	0.0	0.0	0.0909091	0.0	0.0	0.0	0.0	0.0238095	0.0645161	0.0	0.0294118	0.0232558	0.0243902	0.0416667	0.0	0.025641	0.0	0.0	0.0166667	0.0	0.0147059	0.02	0.010101	0.03125	0.0178571	0.0	0.0	0.0	0.0	0.0	0.0	0.0	0.0	0.0	0.0	0.1	0.0	0.1111111	0.0	0.0666667	0.0	0.0	0.0	
Tarier des prés	0.0	0.0	0.0	0.0	0.0	0.0	0.0	0.0	0.0	0.0	0.0	0.0	0.0	0.016129	0.0	0.0147059	0.0	0.0243902	0.0	0.0	0.0	0.0232558	0.0294118	0.0	0.0227273	0.0588235	0.01	0.0	0.0	0.0	0.025641	0.0	0.0015	0.0	0.0	0.0322581	0.0	0.0	0.0	0.0	0.0	0.0	0.0	0.0	0.0	0.0	0.0	0.0	
Tarier pâtre	0.0	0.0	0.1176471	0.0	0.125	0.0454545	0.04	0.0	0.0384615	0.0588235	0.0357143	0.0	0.0714286	0.016129	0.0273973	0.0588235	0.0465116	0.0487805	0.0416667	0.0416667	0.0897436	0.0697674	0.0294118	0.1	0.0227273	0.0735294	0.06	0.010101	0.0625	0.0714286	0.0512821	0.0	0.0	0.0	0.0	0.0	0.0	0.0	0.0015	0.0	0.0	0.0	0.0	0.0	0.0	0.0	0.0588235	0.0	
Traquet motteux	0.0	0.0	0.0	0.0	0.0	0.0	0.0	0.0	0.0	0.0	0.0	0.0	0.0238095	0.0	0.0136986	0.0294118	0.0232558	0.0731707	0.0	0.0	0.0	0.0015	0.0588235	0.0166667	0.0	0.0147059	0.0	0.0015	0.0	0.0	0.0512821	0.0238095	0.0015	0.0	0.0	0.0322581	0.0	0.0	0.0	0.0	0.0	0.0	0.0	0.0	0.0	0.0	0.0	0.0	
Accenteur alpin	0.0	0.0015	0.0	0.0	0.0	0.0454545	0.0	0.0	0.0	0.0	0.0	0.0	0.0	0.0	0.0	0.0	0.0	0.0	0.0	0.0	0.0	0.0	0.0	0.0	0.0	0.0	0.0	0.0	0.0	0.0	0.0	0.0	0.0	0.0	0.0	0.0	0.0	0.0	0.0	0.0	0.1	0.0	0.0	0.0015	0.1333333	0.0	0.0	0.08	
Accenteur mouchet	0.0869565	0.1052632	0.1764706	0.1578947	0.1875	0.0454545	0.32	0.2727273	0.1153846	0.0588235	0.0357143	0.0	0.0952381	0.0322581	0.0136986	0.0441176	0.0	0.0	0.0015	0.0	0.0128205	0.0	0.0	0.0015	0.0	0.0	0.0	0.0	0.0015	0.0	0.025641	0.0238095	0.030303	0.0	0.0	0.0	0.0555556	0.0	0.0625	0.1470588	0.0	0.0	0.6666667	0.0	0.0666667	0.3333333	0.1176471	0.16	
Moineau domestique	0.2608696	0.2631579	0.2352941	0.2105263	0.4375	0.1363636	0.08	0.3636364	0.1538462	0.2941176	0.1428571	0.0015	0.2619048	0.2580645	0.1369863	0.2647059	0.3023256	0.195122	0.1666667	0.4444444	0.1538462	0.2325581	0.3235294	0.2666667	0.3409091	0.3676471	0.28	0.4343434	0.40625	0.4107143	0.1794872	0.0952381	0.030303	0.1351351	0.1	0.0322581	0.1666667	0.1875	0.1875	0.3823529	0.2	0.0666667	0.1111111	0.0	0.4	0.1666667	0.2352941	0.32	
Moineau cisalpin	0.0	0.0	0.0	0.0	0.0	0.0	0.0	0.0	0.0	0.0	0.0	0.0	0.0	0.0	0.0	0.0	0.0	0.0	0.0416667	0.0	0.0	0.0	0.0	0.0	0.0	0.0	0.0	0.0	0.0	0.0	0.0	0.0	0.0	0.0	0.0	0.0	0.0	0.0	0.0	0.0	0.0	0.0	0.0	0.0	0.0	0.0	0.0	0.0	
Moineau domestique ou M. cisalpin	0.0	0.0	0.0	0.0	0.0	0.0	0.0	0.0	0.0	0.0	0.0	0.0	0.0	0.0	0.0	0.0	0.0	0.0	0.0	0.0138889	0.0	0.0	0.0	0.0	0.0	0.0	0.0	0.0	0.0	0.0	0.0	0.0	0.0	0.0	0.0	0.0	0.0	0.0	0.0	0.0	0.0	0.0	0.0	0.0	0.0	0.0	0.0	0.0	
Moineau friquet	0.0	0.0	0.0	0.0	0.0625	0.0	0.0	0.0	0.0	0.0	0.0357143	0.0	0.0	0.0	0.0015	0.0147059	0.0	0.0	0.0	0.0416667	0.0	0.0015	0.0	0.0333333	0.0015	0.0	0.0015	0.0	0.0	0.0015	0.025641	0.0	0.0	0.0	0.0	0.0	0.0	0.0625	0.0	0.0294118	0.1	0.0	0.0	0.0	0.0	0.0	0.0	0.0	
Moineau soulcie	0.0	0.0	0.0	0.0	0.0	0.0	0.0	0.0	0.0	0.0	0.0	0.0	0.0	0.0	0.0	0.0147059	0.0	0.0	0.0	0.0138889	0.0	0.0	0.0294118	0.0166667	0.0227273	0.0	0.0	0.0	0.0	0.0015	0.025641	0.0	0.0	0.0	0.0	0.0	0.0	0.0	0.0	0.0	0.0	0.0	0.0	0.0	0.0	0.0	0.0	0.0	
Niverolle alpine	0.0	0.0	0.0	0.0	0.0	0.0	0.0	0.0	0.0	0.0	0.0	0.0	0.0	0.0	0.0	0.0	0.0	0.0	0.0	0.0	0.0	0.0	0.0	0.0	0.0	0.0	0.0	0.0	0.0	0.0	0.0	0.0	0.0	0.0	0.0	0.0	0.0	0.0	0.0	0.0	0.0	0.0	0.0015	0.0	0.0	0.0	0.0	0.0	
Bergeronnette des ruisseaux	0.0869565	0.1578947	0.0	0.1052632	0.25	0.0909091	0.08	0.0909091	0.1153846	0.0015	0.0714286	0.0689655	0.1666667	0.1290323	0.109589	0.1029412	0.0232558	0.0243902	0.0416667	0.0972222	0.0769231	0.0465116	0.0294118	0.15	0.0227273	0.1176471	0.07	0.0808081	0.0625	0.0892857	0.1794872	0.0952381	0.2121212	0.0540541	0.0015	0.0	0.0555556	0.0625	0.0	0.0882353	0.1	0.0666667	0.2222222	0.0	0.2	0.1666667	0.0588235	0.12	
Bergeronnette printanière	0.0	0.0	0.0	0.0	0.0	0.0	0.0	0.0	0.0	0.0	0.0	0.0	0.0238095	0.016129	0.0136986	0.0147059	0.0465116	0.0	0.0	0.0	0.0	0.0232558	0.0	0.0166667	0.0	0.0147059	0.0	0.0	0.0	0.0	0.0015	0.0	0.0606061	0.0540541	0.0	0.0	0.0	0.0	0.0	0.0	0.0	0.0	0.0	0.0	0.0	0.0	0.0	0.0	
Bergeronnette grise	0.0869565	0.0	0.0588235	0.0526316	0.1875	0.0909091	0.24	0.2727273	0.0769231	0.0015	0.1428571	0.1724138	0.1190476	0.2258065	0.2465753	0.25	0.1162791	0.195122	0.2916667	0.2361111	0.1538462	0.0930233	0.2352941	0.2666667	0.1363636	0.25	0.18	0.2424242	0.09375	0.1785714	0.1794872	0.1428571	0.0909091	0.0540541	0.1	0.0645161	0.2222222	0.25	0.0625	0.1764706	0.1	0.2666667	0.0	0.0	0.0666667	0.1666667	0.1176471	0.28	
bergeronette sp.	0.0	0.0	0.0	0.0	0.0625	0.0	0.0	0.0	0.0	0.0	0.0	0.0	0.0	0.0	0.0	0.0	0.0	0.0	0.0	0.0	0.0	0.0	0.0	0.0	0.0	0.0	0.0	0.010101	0.0	0.0	0.0	0.0	0.0	0.0	0.0	0.0	0.0	0.0	0.0	0.0	0.0	0.0	0.0	0.0	0.0	0.0	0.0	0.0	
Pipit rousseline	0.0	0.0	0.0	0.0	0.0	0.0	0.0	0.0	0.0	0.0	0.0	0.0	0.0	0.016129	0.0	0.0147059	0.0	0.0	0.0	0.0138889	0.0	0.0	0.0	0.0015	0.0	0.0147059	0.01	0.0015	0.0	0.0	0.0015	0.0	0.0	0.0	0.0	0.0	0.0	0.0	0.0	0.0	0.0	0.0	0.0	0.0	0.0	0.0	0.0	0.0	
Pipit farlouse	0.0	0.1578947	0.1176471	0.1052632	0.3125	0.0	0.08	0.0909091	0.1153846	0.0015	0.0357143	0.0689655	0.1904762	0.0322581	0.0136986	0.0015	0.0	0.0	0.0015	0.0	0.0	0.0	0.0294118	0.0166667	0.0	0.0294118	0.0	0.0	0.0	0.0	0.0512821	0.0	0.0	0.0	0.0	0.0	0.0	0.1875	0.0625	0.0015	0.2	0.1333333	0.4444444	0.0	0.0	0.0	0.0588235	0.04	
Pipit des arbres	0.0	0.0	0.0	0.0	0.0	0.0	0.0	0.0	0.0	0.0	0.0	0.0	0.0015	0.0	0.0273973	0.0015	0.0	0.0487805	0.0	0.0	0.0015	0.0	0.0294118	0.0333333	0.0	0.0294118	0.01	0.0	0.0	0.0	0.0512821	0.0952381	0.1818182	0.1621622	0.4	0.0967742	0.0555556	0.125	0.0	0.0	0.0	0.0	0.0	0.0	0.0	0.0	0.0	0.0	
Pipit spioncelle	0.0	0.0	0.0588235	0.0	0.0	0.0454545	0.04	0.0	0.0384615	0.0	0.0	0.0015	0.0	0.0	0.0	0.0	0.0	0.0	0.0015	0.0	0.0	0.0	0.0294118	0.0	0.0	0.0	0.0	0.0	0.0	0.0	0.0	0.0	0.0	0.0	0.0	0.0	0.0	0.0	0.0	0.0	0.0	0.0	0.0	0.0	0.0	0.0	0.0	0.0	
Pipit farlouse ou P. spioncelle	0.0	0.0	0.0	0.0	0.0	0.0	0.04	0.0	0.0384615	0.0	0.0	0.0	0.0	0.0	0.0	0.0	0.0	0.0	0.0	0.0	0.0	0.0	0.0	0.0	0.0	0.0	0.0	0.0	0.0	0.0	0.0	0.0	0.0	0.0	0.0	0.0	0.0	0.0	0.0	0.0	0.0	0.0	0.0	0.0	0.0	0.0	0.0588235	0.0	
Anthus sp.	0.0	0.0	0.0	0.0	0.0625	0.0	0.0	0.0	0.0384615	0.0	0.0	0.0	0.0	0.0	0.0136986	0.0	0.0	0.0	0.0	0.0	0.0	0.0	0.0	0.0	0.0	0.0	0.0	0.0	0.0	0.0	0.0	0.0	0.0	0.0	0.0	0.0	0.0	0.0	0.0	0.0	0.0	0.0	0.0	0.0	0.0	0.0	0.0	0.0	
Pinson des arbres	0.5217391	0.5263158	0.7058824	0.7368421	0.75	0.3636364	0.48	0.7272727	0.4615385	0.2352941	0.6071429	0.3103448	0.5238095	0.5	0.2876712	0.3382353	0.3255814	0.3902439	0.25	0.4722222	0.3333333	0.4186047	0.2647059	0.4166667	0.2954545	0.2647059	0.25	0.1515152	0.125	0.1785714	0.2820513	0.1666667	0.1515152	0.1891892	0.1	0.1935484	0.3333333	0.3125	0.1875	0.4705882	0.2	0.4	0.8888889	0.5714286	0.4	0.6666667	0.5882353	0.48	
Pinson du Nord	0.0434783	0.0	0.0588235	0.0	0.0	0.0454545	0.12	0.0	0.0769231	0.0	0.0	0.0	0.0238095	0.0	0.0	0.0	0.0	0.0	0.0	0.0	0.0	0.0	0.0	0.0	0.0	0.0	0.0	0.0	0.0	0.0	0.0	0.0	0.0	0.0	0.0	0.0	0.0	0.0	0.0625	0.0882353	0.1	0.0666667	0.1111111	0.0	0.0	0.0	0.1764706	0.0	
Grosbec casse-noyaux	0.173913	0.0	0.0	0.0	0.25	0.0454545	0.12	0.1818182	0.1153846	0.0	0.0357143	0.0	0.047619	0.0015	0.0	0.0015	0.0	0.0487805	0.0	0.0	0.0	0.0	0.0	0.0166667	0.0015	0.0	0.0015	0.010101	0.0	0.0178571	0.025641	0.0714286	0.0	0.0540541	0.0	0.0	0.0015	0.0015	0.125	0.2058824	0.0	0.0	0.3333333	0.0015	0.0	0.3333333	0.1764706	0.04	
Bouvreuil pivoine	0.0	0.0526316	0.0588235	0.0526316	0.0	0.0	0.0	0.0	0.0	0.0	0.0	0.0	0.0238095	0.0	0.0	0.0	0.0	0.0243902	0.0015	0.0138889	0.0	0.0	0.0	0.0015	0.0	0.0294118	0.01	0.0	0.0	0.0	0.0015	0.0	0.0	0.0	0.0	0.0	0.0555556	0.0	0.0015	0.0	0.0	0.0	0.0	0.0	0.0	0.0015	0.0588235	0.0	
Verdier d'Europe	0.0434783	0.0526316	0.0588235	0.0	0.1875	0.0909091	0.16	0.2727273	0.0769231	0.0588235	0.1428571	0.0689655	0.1428571	0.1774194	0.0410959	0.2058824	0.1627907	0.097561	0.125	0.1666667	0.0384615	0.0465116	0.1176471	0.1	0.0227273	0.1176471	0.07	0.1717172	0.1875	0.0357143	0.025641	0.0238095	0.030303	0.027027	0.1	0.0	0.1111111	0.125	0.0015	0.0294118	0.0	0.0	0.1111111	0.1428571	0.1333333	0.0	0.0588235	0.0	
Linotte mélodieuse	0.0	0.0526316	0.0588235	0.0526316	0.25	0.0	0.04	0.0	0.0384615	0.0	0.0714286	0.137931	0.0952381	0.0322581	0.0136986	0.0441176	0.0465116	0.0243902	0.0833333	0.0138889	0.0015	0.0	0.0588235	0.05	0.0227273	0.0735294	0.05	0.0015	0.0015	0.0535714	0.0015	0.0	0.0	0.0	0.0	0.0322581	0.0	0.125	0.0625	0.0	0.1	0.0666667	0.1111111	0.0	0.0	0.0	0.0588235	0.08	
Sizerin flammé	0.0	0.0526316	0.0	0.0	0.0	0.0	0.0	0.0	0.0	0.0	0.0	0.0	0.0	0.0	0.0	0.0	0.0	0.0243902	0.0	0.0	0.0	0.0	0.0	0.0	0.0	0.0	0.0	0.0	0.0	0.0	0.0	0.0	0.0	0.0	0.0	0.0	0.0	0.0	0.0	0.0	0.0	0.0	0.1111111	0.0	0.0	0.0	0.0	0.04	
Bec-croisé des sapins	0.0	0.0	0.0	0.0	0.0	0.0	0.0	0.0	0.0	0.0015	0.0	0.0	0.0238095	0.0	0.0	0.0	0.0	0.0	0.0015	0.0	0.0015	0.0	0.0	0.0015	0.0	0.0	0.04	0.010101	0.03125	0.0	0.0015	0.0	0.0	0.0	0.0	0.0322581	0.0015	0.0625	0.0	0.0	0.0	0.0	0.0	0.0	0.0	0.0	0.0	0.04	
Chardonneret élégant	0.0869565	0.0	0.1176471	0.1052632	0.125	0.1363636	0.2	0.3636364	0.2692308	0.2941176	0.3214286	0.137931	0.2857143	0.2258065	0.1780822	0.2352941	0.1627907	0.2926829	0.2916667	0.3472222	0.0897436	0.0930233	0.2941176	0.1833333	0.2272727	0.3529412	0.14	0.2525253	0.4375	0.25	0.1025641	0.1428571	0.1212121	0.1351351	0.1	0.0322581	0.1666667	0.25	0.0015	0.2352941	0.3	0.2	0.4444444	0.1428571	0.2	0.3333333	0.2941176	0.16	
Venturon montagnard	0.0	0.0015	0.0	0.0526316	0.0	0.0	0.04	0.0909091	0.0	0.0	0.0	0.0015	0.0238095	0.0	0.0	0.0	0.0	0.0243902	0.0	0.0138889	0.0	0.0	0.0294118	0.0	0.0	0.0147059	0.0	0.0	0.0	0.0	0.025641	0.0015	0.0	0.0	0.0	0.0	0.0	0.0	0.0	0.0	0.0	0.0	0.0	0.0	0.0	0.0	0.0	0.0	
Serin cini	0.0434783	0.0526316	0.0	0.0	0.125	0.0	0.0	0.2727273	0.0769231	0.0015	0.1071429	0.1034483	0.1666667	0.1612903	0.109589	0.2647059	0.2093023	0.2926829	0.0833333	0.2916667	0.1282051	0.1627907	0.0882353	0.2166667	0.1590909	0.2058824	0.04	0.1515152	0.09375	0.0714286	0.0512821	0.0015	0.0015	0.0	0.0	0.0	0.0555556	0.125	0.0015	0.1470588	0.1	0.0	0.0	0.0	0.0	0.0	0.0	0.04	
Tarin des aulnes	0.0	0.0526316	0.1176471	0.0526316	0.1875	0.0454545	0.24	0.3636364	0.1538462	0.0588235	0.1428571	0.137931	0.0238095	0.0322581	0.0273973	0.0	0.0	0.0487805	0.0	0.0138889	0.0	0.0	0.0	0.0	0.0	0.0147059	0.0	0.010101	0.0	0.0	0.0	0.0	0.0	0.0	0.0	0.0015	0.1111111	0.0625	0.0625	0.2647059	0.2	0.0	0.3333333	0.4285714	0.0	0.1666667	0.0588235	0.12	
Bruant proyer	0.0	0.0526316	0.0	0.0	0.0	0.0	0.0	0.0	0.0	0.0	0.0	0.0	0.0	0.016129	0.0	0.0147059	0.0015	0.0487805	0.0416667	0.0555556	0.0769231	0.0232558	0.0294118	0.0	0.0227273	0.0294118	0.01	0.0015	0.0	0.0	0.0	0.0	0.0	0.0	0.0	0.0	0.0555556	0.0	0.0	0.0	0.1	0.0	0.0	0.0	0.0	0.0	0.0	0.0	
Bruant fou	0.0	0.0526316	0.0	0.0	0.0	0.0	0.0	0.0	0.0	0.0	0.0357143	0.0015	0.0238095	0.0015	0.0	0.0147059	0.0	0.0	0.0	0.0	0.0	0.0	0.0	0.0	0.0	0.0147059	0.0	0.0	0.0	0.0015	0.0	0.0	0.0	0.0	0.0	0.0	0.0	0.0	0.0	0.0	0.0	0.0	0.1111111	0.0	0.0	0.0	0.0	0.0	
Bruant zizi	0.1304348	0.0526316	0.0588235	0.0526316	0.25	0.1363636	0.2	0.1818182	0.1153846	0.1176471	0.1785714	0.2068966	0.1428571	0.1129032	0.0547945	0.1764706	0.1627907	0.1219512	0.2083333	0.2222222	0.1282051	0.1395349	0.1764706	0.1333333	0.0909091	0.1470588	0.11	0.1919192	0.15625	0.1785714	0.0512821	0.0238095	0.0	0.027027	0.2	0.0967742	0.2777778	0.1875	0.0625	0.2058824	0.2	0.0	0.1111111	0.0	0.0	0.1666667	0.0588235	0.16	
Bruant jaune	0.0	0.0	0.0	0.0	0.0	0.0	0.0	0.0	0.0384615	0.0	0.0	0.0	0.0714286	0.0	0.0410959	0.0	0.0	0.0	0.0015	0.0	0.025641	0.0232558	0.0015	0.05	0.0	0.0441176	0.02	0.0015	0.0	0.0	0.0	0.0	0.0	0.0	0.0	0.0	0.0	0.0	0.0625	0.0	0.0	0.0	0.0	0.0	0.0	0.0	0.0	0.0	
Bruant ortolan	0.0	0.0	0.0	0.0	0.0	0.0	0.0	0.0	0.0	0.0	0.0	0.0	0.0	0.0	0.0	0.0	0.0	0.0	0.0	0.0015	0.0	0.0	0.0015	0.0	0.0	0.0	0.0	0.0	0.0	0.0	0.0	0.0	0.0	0.0	0.0	0.0	0.0	0.0	0.0	0.0	0.0	0.0	0.0	0.0	0.0	0.0	0.0	0.0	
Bruant des roseaux	0.0	0.0526316	0.0588235	0.0015	0.0625	0.0	0.04	0.0909091	0.1923077	0.0	0.1785714	0.0	0.0238095	0.0	0.0	0.0	0.0	0.0	0.0	0.0	0.0	0.0	0.0	0.0	0.0	0.0	0.0	0.0	0.0	0.0	0.0	0.0	0.0	0.0	0.0	0.0	0.0	0.0625	0.0	0.0	0.0	0.0	0.1111111	0.0	0.0	0.1666667	0.0	0.0	
Emberiza sp.	0.0	0.0	0.0	0.0	0.0	0.0	0.04	0.0	0.0384615	0.0	0.0	0.0	0.0	0.0	0.0	0.0	0.0	0.0	0.0	0.0	0.0	0.0	0.0	0.0	0.0	0.0	0.0	0.0	0.0	0.0	0.0	0.0	0.0	0.0	0.0	0.0	0.0	0.0	0.0	0.0	0.0	0.0	0.0	0.0	0.0	0.0	0.0	0.0	
passereau sp.	0.0434783	0.0	0.0	0.0	0.0	0.0	0.0	0.0	0.0384615	0.0	0.0	0.0689655	0.0	0.0	0.0	0.0	0.0	0.0	0.0	0.0	0.0	0.0	0.0	0.0	0.0	0.0	0.01	0.0	0.03125	0.0357143	0.0	0.0	0.0	0.0	0.0	0.0322581	0.0	0.0	0.0	0.0	0.0	0.0	0.0	0.0	0.0	0.0	0.0	0.0	

