









Frequency of observations in the selected location(s).:
Number of taxa: 	193

	Jan				Feb				Mar				Apr				May				Jun				Jul				Aug				Sep				Oct				Nov				Dec				
Sample Size:	3.0	1.0	27.0	12.0	1.0	2.0	18.0	7.0	4.0	4.0	6.0	10.0	13.0	19.0	20.0	22.0	11.0	24.0	26.0	25.0	12.0	12.0	11.0	26.0	24.0	26.0	18.0	22.0	11.0	10.0	10.0	5.0	6.0	3.0	8.0	11.0	4.0	1.0	0.0	5.0	2.0	5.0	2.0	1.0	2.0	0.0	0.0	15.0	

Oie cendrée	0.0015	0.0	0.0	0.0833333	0.0	0.0	0.0015	0.0	0.0	0.0	0.0	0.0	0.0	0.0	0.0	0.0	0.0	0.0	0.0015	0.0	0.0	0.0	0.0	0.0	0.0	0.0	0.0	0.0	0.0	0.0	0.0	0.0	0.0	0.0	0.0	0.0	0.0	0.0	0.0	0.0	0.0	0.0	0.0	0.0	0.0	0.0	0.0	0.0666667	
Oie cygnoïde	0.0	0.0	0.0	0.0833333	0.0	0.0	0.0	0.0	0.0	0.0	0.0	0.0	0.0	0.0	0.0	0.0	0.0	0.0	0.0	0.0	0.0	0.0	0.0	0.0	0.0	0.0	0.0	0.0	0.0	0.0	0.0	0.0	0.0	0.0	0.0	0.0	0.0	0.0	0.0	0.0	0.0	0.0	0.0	0.0	0.0	0.0	0.0	0.0	
Oie rieuse	0.0015	0.0	0.0	0.0	0.0	0.0	0.0	0.0	0.0	0.0	0.0	0.0	0.0	0.0	0.0	0.0	0.0	0.0	0.0	0.0	0.0	0.0	0.0	0.0	0.0	0.0	0.0	0.0	0.0	0.0	0.0	0.0	0.0	0.0	0.0	0.0	0.0	0.0	0.0	0.0	0.0	0.0	0.0	0.0	0.0	0.0	0.0	0.0	
Oie de toundra	0.0015	0.0	0.0	0.0	0.0	0.0	0.0	0.0	0.0	0.0	0.0	0.0	0.0	0.0	0.0	0.0	0.0	0.0	0.0	0.0	0.0	0.0	0.0	0.0	0.0	0.0	0.0	0.0	0.0	0.0	0.0	0.0	0.0	0.0	0.0	0.0	0.0	0.0	0.0	0.0	0.0	0.0	0.0	0.0	0.0	0.0	0.0	0.0	
Anser sp.	0.0	0.0	0.0	0.0833333	0.0	0.0	0.0	0.0	0.0	0.0	0.0	0.0	0.0	0.0	0.0	0.0	0.0	0.0	0.0	0.0	0.0	0.0	0.0	0.0	0.0	0.0	0.0	0.0	0.0	0.0	0.0	0.0	0.0	0.0	0.0	0.0	0.0	0.0	0.0	0.0	0.0	0.0	0.0	0.0	0.0	0.0	0.0	0.0	
Bernache du Canada	0.0	0.0	0.037037	0.1666667	0.0	0.0	0.0	0.0	0.0	0.0	0.1666667	0.0015	0.0769231	0.0015	0.05	0.0454545	0.0909091	0.0	0.0769231	0.08	0.0	0.0	0.0	0.0	0.0	0.0384615	0.0	0.0454545	0.0	0.0	0.1	0.0	0.0	0.0	0.0	0.0	0.0	0.0	0.0	0.0	0.0	0.0	0.0	0.0	0.0015	0.0	0.0	0.0	
Hybride Oie cendrée x Bernache du Canada	0.0	0.0	0.037037	0.0833333	0.0	0.0	0.0	0.0	0.0	0.0	0.0	0.0	0.0	0.0	0.0	0.0	0.0	0.0	0.0	0.0	0.0	0.0	0.0	0.0	0.0	0.0	0.0	0.0	0.0	0.0	0.0	0.0	0.0	0.0	0.0	0.0	0.0	0.0	0.0	0.0	0.0	0.0	0.0	0.0	0.0	0.0	0.0	0.0	
Cygne tuberculé	0.0	0.0	0.0	0.0	0.0	0.0	0.0	0.0	0.25	0.0	0.0	0.0	0.0	0.0015	0.0	0.1363636	0.0	0.0	0.1153846	0.0015	0.0833333	0.0	0.0	0.0	0.0416667	0.0769231	0.0	0.0454545	0.3636364	0.1	0.1	0.2	0.1666667	0.3333333	0.0	0.0909091	0.0	0.0015	0.0	0.2	0.0	0.2	0.0	0.0	0.5	0.0	0.0	0.1333333	
Cygne chanteur	0.0	0.0	0.0	0.0	0.0	0.0	0.0	0.0	0.0	0.0	0.0	0.0	0.0	0.0	0.0	0.0	0.0	0.0	0.0	0.0	0.0	0.0	0.0	0.0	0.0	0.0	0.0	0.0	0.0	0.0	0.0	0.0	0.0	0.0	0.0	0.0	0.0	0.0	0.0	0.0	0.0	0.0	0.0	0.0	0.5	0.0	0.0	0.0	
Ouette d'Égypte	0.0	0.0	0.0	0.0	0.0	0.0	0.0	0.0	0.0	0.0	0.0	0.0	0.0	0.0	0.0	0.0	0.0	0.0	0.0	0.0	0.0	0.0	0.0015	0.0	0.0	0.0	0.0	0.0	0.0	0.0	0.0	0.0	0.0	0.0	0.0	0.0	0.0	0.0	0.0	0.0	0.0	0.0	0.0	0.0	0.0	0.0	0.0	0.0	
Tadorne de Belon	0.0	0.0	0.0015	0.0	0.0	0.0	0.0	0.0	0.0	0.0015	0.0	0.0	0.0	0.0015	0.0	0.0	0.0909091	0.0416667	0.0	0.0	0.0	0.0	0.0	0.0	0.0	0.0	0.0	0.0	0.0	0.0	0.0	0.0	0.0	0.0	0.0	0.0	0.0	0.0	0.0	0.0	0.0	0.0	0.0	0.0	0.0	0.0	0.0	0.0	
Canard souchet	0.0	0.0	0.0	0.0	0.0	0.0	0.0	0.0	0.25	0.0	0.0	0.0	0.0	0.0	0.0	0.0	0.0	0.0	0.0	0.0	0.0	0.0	0.0	0.0	0.0	0.0	0.0	0.0	0.0	0.0	0.0	0.0	0.0	0.0	0.0	0.0	0.0	0.0	0.0	0.0015	0.0	0.0	0.0	1.0	0.0	0.0	0.0	0.0	
Canard chipeau	0.0	0.0	0.0	0.0	0.0	0.0	0.0	0.0	0.0	0.0	0.0	0.0	0.0	0.0	0.0	0.0	0.0	0.0	0.0	0.0	0.0	0.0	0.0	0.0	0.0	0.0	0.0	0.0	0.0	0.1	0.0	0.0	0.0	0.0	0.0	0.0	0.0	0.0	0.0	0.0015	0.0	0.0	0.0	0.0	0.0	0.0	0.0	0.0666667	
Canard colvert	0.3333333	0.0	0.1111111	0.0	1.0	0.0015	0.2222222	0.1428571	0.25	0.0015	0.1666667	0.1	0.1538462	0.3684211	0.15	0.2272727	0.3636364	0.25	0.3076923	0.32	0.4166667	0.1666667	0.0909091	0.1153846	0.125	0.2307692	0.0	0.2727273	0.4545455	0.5	0.3	0.4	0.1666667	0.3333333	0.125	0.0909091	0.25	0.0	0.0	0.2	0.0015	0.2	0.0	1.0	1.0	0.0	0.0	0.3333333	
Sarcelle d'hiver	0.0	0.0	0.0	0.0	0.0	0.0	0.0	0.0	0.0	0.0	0.0	0.0015	0.0	0.0	0.0	0.0	0.0	0.0	0.0	0.04	0.0	0.0	0.0	0.0	0.0	0.0	0.0	0.0	0.0	0.0	0.0	0.0	0.0	0.0	0.0	0.0	0.0	0.0	0.0	0.0	0.0	0.0	0.0	0.0	1.0	0.0	0.0	0.0666667	
Fuligule milouin	0.0	0.0	0.0	0.0	0.0	0.0	0.0	0.0	0.0	0.0	0.0	0.0	0.0	0.0	0.0	0.0	0.0	0.0	0.0	0.0	0.0	0.0	0.0	0.0	0.0	0.0	0.0	0.0	0.0	0.0	0.0	0.0	0.0	0.0	0.0015	0.0909091	0.0	0.0	0.0	0.0015	0.0	0.0	0.0	0.0	0.0	0.0	0.0	0.0666667	
Fuligule morillon	0.0	0.0	0.0	0.0	0.0	0.0	0.0	0.0	0.0	0.0	0.0	0.0015	0.0	0.0	0.0	0.0	0.0	0.0	0.0	0.0	0.0	0.0	0.0	0.0	0.0	0.0	0.0	0.0	0.0	0.0	0.0	0.0	0.0	0.0	0.0	0.0	0.0	0.0	0.0	0.0015	0.0	0.0	0.0	0.0	0.0	0.0	0.0	0.0666667	
Hybride Fuligule milouin x F. morillon	0.0015	0.0	0.0	0.0	0.0	0.0	0.0	0.0	0.0	0.0	0.0	0.0	0.0	0.0	0.0	0.0	0.0	0.0	0.0	0.0	0.0	0.0	0.0	0.0	0.0	0.0	0.0	0.0	0.0	0.0	0.0	0.0	0.0	0.0	0.0	0.0	0.0	0.0	0.0	0.0	0.0	0.0	0.0	0.0	0.0	0.0	0.0	0.0	
Garrot à oeil d'or	0.0	0.0	0.0015	0.0	0.0	0.0	0.0	0.0	0.0	0.0	0.0	0.0015	0.0	0.0	0.0	0.0	0.0	0.0	0.0	0.0	0.0	0.0	0.0	0.0	0.0	0.0	0.0	0.0	0.0	0.0	0.0	0.0	0.0	0.0	0.0	0.0	0.0	0.0	0.0	0.0	0.0	0.0	0.0	0.0	0.0	0.0	0.0	0.0	
Harle bièvre	0.0	0.0	0.0015	0.0	0.0	0.0	0.0	0.0	0.0	0.0015	0.0	0.0	0.0	0.0	0.0	0.0	0.0	0.0	0.0	0.0	0.0	0.0	0.0	0.0	0.0	0.0	0.0	0.0	0.0	0.0	0.0	0.2	0.0	0.0	0.0	0.0	0.0	0.0	0.0	0.0	0.0	0.0	0.0	0.0	0.0	0.0	0.0	0.0	
anatidé sp. (canard sp.)	0.0	0.0	0.0	0.0	0.0	0.0	0.0	0.0	0.0	0.0	0.0	0.0	0.0	0.0	0.0	0.0	0.0	0.0	0.0	0.0	0.0	0.0	0.0	0.0	0.0	0.0	0.0	0.0	0.0	0.0	0.0	0.0	0.0	0.0	0.0	0.0	0.25	0.0	0.0	0.0	0.0	0.0	0.0	0.0	0.0	0.0	0.0	0.0	
Faisan de Colchide	0.0015	0.0	0.0	0.0	0.0	0.0	0.0	0.0	0.0	0.0	0.0	0.0	0.0	0.0015	0.0	0.0	0.0	0.0416667	0.0384615	0.0015	0.0	0.0	0.0	0.0384615	0.0416667	0.0	0.0	0.0	0.0	0.1	0.0	0.0	0.0	0.0	0.0	0.0	0.0	0.0	0.0	0.0	0.0	0.0	0.0	0.0	0.0	0.0	0.0	0.0	
Caille des blés	0.0	0.0	0.0	0.0	0.0	0.0	0.0	0.0	0.0	0.0	0.0	0.0	0.0	0.0	0.0	0.0	0.0	0.0	0.0	0.04	0.0	0.0	0.0	0.1153846	0.0	0.0	0.0	0.0	0.0	0.0015	0.0	0.0	0.0	0.0	0.0	0.0	0.0	0.0	0.0	0.0	0.0	0.0	0.0	0.0	0.0	0.0	0.0	0.0	
Perdrix rouge	0.0	0.0	0.0	0.0	0.0	0.0015	0.0	0.0	0.0	0.0	0.0	0.0	0.0	0.0015	0.0	0.0	0.0	0.0	0.0	0.0	0.0	0.0	0.0	0.0	0.0	0.0	0.0	0.0	0.0	0.0	0.0	0.0	0.0	0.0	0.0	0.0	0.0	0.0	0.0	0.0	0.0	0.0	0.0	0.0	0.0	0.0	0.0	0.0	
Pigeon biset	0.0015	0.0	0.0740741	0.0833333	0.0	0.0	0.1111111	0.1428571	0.0	0.0	0.0	0.0	0.0769231	0.0	0.05	0.0454545	0.0909091	0.2083333	0.1153846	0.2	0.1666667	0.1666667	0.1818182	0.0	0.0416667	0.0384615	0.0015	0.0909091	0.2727273	0.2	0.2	0.2	0.6666667	0.0	0.0	0.0909091	0.0	0.0	0.0	0.2	0.0	0.4	0.0	0.0	0.0	0.0	0.0	0.0666667	
Pigeon colombin	0.0	0.0015	0.0	0.0	0.0	0.0	0.0	0.0	0.0	0.0	0.1666667	0.0	0.0	0.0	0.0	0.0454545	0.0	0.0416667	0.0	0.0	0.0	0.0015	0.0	0.0	0.0416667	0.0	0.0	0.0015	0.0	0.0	0.1	0.0	0.0	0.0	0.0	0.0	0.0	0.0	0.0	0.0	0.0	0.2	0.0	0.0	0.0	0.0	0.0	0.0	
Pigeon ramier	0.3333333	0.0015	0.2592593	0.25	1.0	0.5	0.3888889	0.4285714	0.5	0.0	0.3333333	0.2	0.3076923	0.4210526	0.2	0.2272727	0.5454545	0.4166667	0.5	0.4	0.5	0.6666667	0.4545455	0.4615385	0.5833333	0.5769231	0.6111111	0.5454545	0.6363636	0.6	0.7	0.8	0.5	1.0	0.5	0.3636364	0.5	1.0	0.0	0.2	0.5	0.4	0.5	0.0	1.0	0.0015	0.0	0.4666667	
Tourterelle des bois	0.0	0.0	0.0	0.0	0.0	0.0	0.0	0.0	0.0	0.0	0.0	0.0	0.0	0.0	0.0015	0.0	0.1818182	0.125	0.1153846	0.12	0.1666667	0.0	0.1818182	0.2692308	0.0833333	0.0384615	0.2777778	0.1363636	0.0	0.0	0.0	0.0	0.0	0.0	0.0	0.0	0.0	0.0	0.0	0.0	0.0	0.0	0.0	0.0	0.0	0.0	0.0	0.0	
Tourterelle turque	0.3333333	0.0	0.2222222	0.25	0.0	0.0	0.1111111	0.4285714	0.0015	0.0	0.1666667	0.0	0.1538462	0.1052632	0.2	0.1363636	0.0909091	0.125	0.1538462	0.16	0.1666667	0.3333333	0.2727273	0.1538462	0.2083333	0.2692308	0.1111111	0.1818182	0.3636364	0.4	0.2	0.2	0.0	0.0	0.5	0.0909091	0.25	0.0	0.0	0.2	0.5	0.0	0.0	0.0	0.0	0.0	0.0	0.0015	
Coucou gris	0.0	0.0	0.0	0.0	0.0	0.0	0.0	0.0	0.0	0.0	0.0	0.0	0.0015	0.0526316	0.05	0.0909091	0.1818182	0.1666667	0.1538462	0.12	0.1666667	0.0833333	0.0	0.0	0.0416667	0.0	0.0	0.0454545	0.0	0.1	0.0	0.0	0.0	0.0	0.0	0.0	0.0	0.0	0.0	0.0	0.0	0.0	0.0	0.0	0.0	0.0	0.0	0.0	
Engoulevent d'Europe	0.0	0.0	0.0	0.0	0.0	0.0	0.0	0.0	0.0	0.0	0.0	0.0	0.0	0.0	0.0	0.0	0.0	0.0	0.0	0.0015	0.0	0.0	0.0	0.0	0.0	0.0	0.0555556	0.0	0.0	0.0	0.0	0.0	0.0	0.0	0.0	0.0	0.0	0.0	0.0	0.0	0.0	0.0	0.0	0.0	0.0	0.0	0.0	0.0	
Martinet à ventre blanc	0.0	0.0	0.0	0.0	0.0	0.0	0.0	0.0	0.0	0.0	0.0	0.0	0.0	0.0	0.0	0.0	0.0	0.0	0.0	0.0	0.0	0.0	0.0	0.0	0.0	0.0	0.0	0.0015	0.0015	0.0	0.0	0.0	0.0	0.0	0.0	0.0	0.0	0.0	0.0	0.0	0.0	0.0	0.0	0.0	0.0	0.0	0.0	0.0	
Martinet noir	0.0	0.0	0.0	0.0	0.0	0.0	0.0	0.0	0.0	0.0	0.0	0.0	0.0	0.0	0.0	0.0454545	0.1818182	0.0416667	0.1538462	0.28	0.25	0.25	0.4545455	0.1153846	0.2083333	0.3076923	0.1666667	0.0909091	0.0	0.1	0.0	0.0	0.0	0.0	0.0	0.0	0.0	0.0	0.0	0.0	0.0	0.0	0.0	0.0	0.0	0.0	0.0	0.0	
Râle d'eau	0.0	0.0	0.0	0.0	0.0	0.0	0.0555556	0.0	0.25	0.0	0.0	0.0015	0.0	0.0	0.0	0.0	0.0	0.0	0.0	0.0	0.0	0.0	0.0	0.0	0.0	0.0	0.0	0.0	0.0	0.0	0.0	0.0	0.0	0.0	0.0	0.0	0.0	0.0	0.0	0.0	0.0	0.0	0.0	0.0	0.0	0.0	0.0	0.0	
Gallinule poule-d'eau	0.0	0.0	0.0	0.0	1.0	0.0	0.0	0.2857143	0.0	0.0	0.0	0.0	0.0	0.1578947	0.05	0.0	0.0	0.0416667	0.1153846	0.12	0.0833333	0.0833333	0.0	0.0769231	0.0416667	0.1153846	0.0555556	0.0454545	0.0	0.1	0.0	0.0	0.0	0.6666667	0.0	0.0	0.0	0.0	0.0	0.0015	0.0015	0.0	0.0	0.0	0.5	0.0	0.0	0.0666667	
Foulque macroule	0.0	0.0	0.0	0.0	0.0	0.0	0.0	0.0	0.25	0.0	0.1666667	0.1	0.0	0.0526316	0.0	0.0454545	0.0	0.0416667	0.0	0.0	0.1666667	0.0	0.0015	0.0384615	0.0	0.1153846	0.0	0.0454545	0.0	0.0	0.1	0.0	0.0	0.3333333	0.0015	0.0909091	0.0	0.0	0.0	0.0015	0.0	0.0	0.0	0.0	0.0	0.0	0.0	0.2	
Grue cendrée	0.0015	1.0	0.1111111	0.1666667	0.0	0.0	0.2222222	0.2857143	0.0015	0.0015	0.0	0.0	0.0	0.0	0.0	0.0	0.0	0.0	0.0	0.0	0.0	0.0	0.0	0.0	0.0	0.0	0.0	0.0	0.0	0.0	0.0	0.0	0.0	0.0	0.0	0.0	0.0	1.0	0.0	0.0015	0.5	0.6	0.5	0.0	1.0	0.0	0.0	0.2666667	
Oedicnème criard	0.0	0.0	0.0	0.0	0.0	0.0	0.0	0.0	0.0	0.0	0.0	0.0	0.0	0.0	0.05	0.0	0.0909091	0.0416667	0.0	0.0	0.0	0.0	0.0	0.0	0.0416667	0.0384615	0.0	0.0	0.0	0.0015	0.0	0.0	0.0	0.0	0.0	0.0	0.0	0.0	0.0	0.0	0.0	0.0	0.0	0.0	0.0	0.0	0.0	0.0	
Pluvier doré	0.0	0.0	0.0	0.0833333	0.0	0.0	0.0	0.0015	0.0	0.0015	0.0	0.0	0.0	0.0	0.0	0.0	0.0	0.0	0.0	0.0	0.0	0.0	0.0	0.0	0.0	0.0	0.0	0.0	0.0	0.0	0.0	0.0	0.0	0.0	0.0	0.0	0.0	0.0	0.0	0.0	0.0	0.2	0.0	0.0	0.0	0.0	0.0	0.0	
Grand Gravelot	0.0	0.0	0.0	0.0	0.0	0.0	0.0	0.0	0.0	0.0	0.0	0.0	0.0	0.0	0.0	0.0	0.0	0.0	0.0	0.04	0.0	0.0	0.0	0.0	0.0	0.0	0.0	0.0	0.0	0.0	0.0	0.0	0.0	0.0	0.0	0.0	0.0	0.0	0.0	0.0	0.0	0.0	0.0	0.0	0.0	0.0	0.0	0.0	
Petit Gravelot	0.0	0.0	0.0	0.0	0.0	0.0	0.0	0.0	0.0	0.0	0.0	0.0	0.0	0.0015	0.0	0.0454545	0.1818182	0.0416667	0.1153846	0.12	0.25	0.0833333	0.0	0.0384615	0.0416667	0.0384615	0.1111111	0.1818182	0.0	0.0015	0.1	0.0015	0.0	0.0	0.0	0.0	0.0	0.0	0.0	0.0	0.0	0.0	0.0	0.0	0.0	0.0	0.0	0.0	
Vanneau huppé	0.0	0.0	0.0	0.0833333	0.0	0.5	0.0	0.0	0.25	0.0	0.0	0.0	0.0	0.0	0.0	0.0	0.0	0.0	0.0	0.0	0.0	0.0	0.0	0.0	0.0	0.0384615	0.0015	0.0	0.0	0.0015	0.1	0.0	0.0	0.3333333	0.0	0.0	0.0	0.0	0.0	0.0	0.0	0.0	0.0	0.0	0.0	0.0	0.0	0.0	
Vanneau sociable	0.0	0.0	0.0	0.0	0.0	0.0	0.0	0.0	0.25	0.0	0.0	0.0	0.0	0.0	0.0	0.0	0.0	0.0	0.0	0.0	0.0	0.0	0.0	0.0	0.0	0.0	0.0	0.0	0.0	0.0	0.0	0.0	0.0	0.0	0.0	0.0	0.0	0.0	0.0	0.0	0.0	0.0	0.0	0.0	0.0	0.0	0.0	0.0	
Bécasse des bois	0.0	0.0	0.0	0.0	0.0	0.0	0.0	0.0	0.0	0.0	0.0	0.0	0.0	0.0	0.0	0.0	0.0	0.0	0.0	0.0	0.0	0.0	0.0909091	0.0	0.0	0.0	0.0	0.0	0.0	0.0	0.0	0.0	0.0	0.0	0.0	0.0	0.0	0.0	0.0	0.0	0.0	0.0	0.0	0.0	0.0	0.0	0.0	0.0	
Bécassine des marais	0.3333333	0.0	0.0	0.0	0.0	0.0	0.0	0.0	0.0	0.0	0.0	0.0	0.0	0.0	0.0	0.0	0.0	0.0	0.0	0.0	0.0	0.0	0.0	0.0	0.0	0.0	0.0	0.0015	0.0	0.0	0.0	0.0015	0.0	0.3333333	0.0	0.0	0.0	0.0	0.0	0.0	0.0	0.0	0.0015	0.0	0.0	0.0	0.0	0.0	
Chevalier guignette	0.0	0.0	0.0	0.0	0.0	0.0	0.0	0.0	0.0	0.0	0.0	0.0	0.0	0.0	0.05	0.0909091	0.1818182	0.0833333	0.1538462	0.04	0.25	0.0	0.0	0.0	0.0416667	0.0769231	0.1111111	0.2272727	0.4545455	0.1	0.3	0.2	0.1666667	0.6666667	0.0015	0.0	0.0	0.0	0.0	0.0	0.0	0.0	0.0	0.0	0.0	0.0	0.0	0.0	
Chevalier culblanc	0.3333333	0.0	0.037037	0.0	0.0	0.0	0.0	0.0	0.0	0.0	0.0	0.0	0.0	0.0015	0.0	0.0	0.0909091	0.0	0.0	0.0	0.0	0.0	0.0	0.0384615	0.0	0.0384615	0.0015	0.0909091	0.0	0.1	0.1	0.0015	0.0	0.0	0.125	0.0015	0.0	0.0	0.0	0.0015	0.0	0.2	0.0	0.0	0.0	0.0	0.0	0.0	
Chevalier gambette	0.0	0.0	0.0	0.0	0.0	0.0	0.0	0.0	0.0	0.0	0.0	0.0	0.0	0.0	0.0	0.0	0.0909091	0.0	0.0	0.0	0.0	0.0	0.0	0.0384615	0.0	0.0	0.0	0.0454545	0.0	0.0	0.0	0.0	0.0	0.0	0.0	0.0	0.0	0.0	0.0	0.0	0.0	0.0	0.0	0.0	0.0	0.0	0.0	0.0	
Chevalier aboyeur	0.0	0.0	0.0	0.0	0.0	0.0	0.0	0.0	0.0	0.0	0.0	0.0	0.0	0.0	0.0	0.0	0.0909091	0.0	0.0	0.0	0.0	0.0	0.0	0.0	0.0	0.0	0.0	0.0454545	0.0	0.0	0.0	0.0015	0.0	0.3333333	0.0	0.0	0.0	0.0	0.0	0.0	0.0	0.0	0.0	0.0	0.0	0.0	0.0	0.0	
Combattant varié	0.0	0.0	0.0	0.0	0.0	0.0	0.0	0.0	0.0	0.0	0.0	0.0	0.0	0.0015	0.0	0.0	0.0	0.0	0.0	0.0	0.0	0.0	0.0	0.0	0.0	0.0	0.0	0.0	0.0	0.0	0.0	0.0	0.0	0.0	0.0	0.0	0.0	0.0	0.0	0.0	0.0	0.0	0.0	0.0	0.0	0.0	0.0	0.0	
Mouette pygmée	0.0	0.0	0.0	0.0	0.0	0.0	0.0	0.0	0.0	0.0	0.0	0.0	0.0	0.0	0.0	0.0015	0.0	0.0	0.0	0.0	0.0	0.0	0.0	0.0	0.0	0.0	0.0	0.0	0.0	0.0	0.0	0.0	0.0	0.0	0.0	0.0	0.0	0.0	0.0	0.0	0.0	0.0	0.0	0.0	0.0	0.0	0.0	0.0	
Mouette tridactyle	0.0	0.0	0.0	0.0	0.0	0.0	0.0	0.0	0.0	0.0	0.0	0.0	0.0	0.0	0.0	0.0	0.0	0.0	0.0	0.0	0.0	0.0	0.0	0.0	0.0	0.0	0.0	0.0	0.0	0.0	0.0	0.0	0.0	0.0	0.0	0.0	0.0	0.0	0.0	0.0	0.0	0.0	0.0	1.0	0.0	0.0	0.0	0.0	
Mouette rieuse	0.0	0.0	0.037037	0.0	0.0	0.0	0.0	0.0	0.0	0.0	0.0	0.0	0.0	0.0	0.0	0.0909091	0.0	0.0416667	0.0	0.04	0.0	0.0	0.0	0.0384615	0.0	0.1153846	0.1666667	0.1818182	0.0909091	0.0015	0.0	0.0	0.1666667	0.0	0.0	0.1818182	0.0	0.0	0.0	0.0015	0.0	0.0	0.0	1.0	0.0	0.0	0.0	0.0	
Mouette mélanocéphale	0.0	0.0	0.0	0.0	0.0	0.0	0.0	0.0	0.0	0.0	0.0	0.0	0.0	0.0	0.0	0.0	0.0	0.0	0.0	0.0	0.0	0.0	0.0	0.0	0.0	0.0	0.0	0.0454545	0.0	0.0	0.0	0.0	0.0	0.0	0.0	0.0	0.0	0.0	0.0	0.0	0.0	0.0	0.0	0.0	0.0	0.0	0.0	0.0	
Goéland cendré	0.0	0.0	0.0	0.0	0.0	0.0	0.0	0.0	0.0	0.0015	0.0	0.0	0.0	0.0	0.0	0.0	0.0	0.0	0.0	0.0	0.0	0.0	0.0	0.0	0.0	0.0	0.0	0.0	0.0	0.0	0.0	0.0	0.0	0.0	0.0	0.0	0.0	0.0	0.0	0.0	0.0	0.0	0.0	0.0	0.0	0.0	0.0	0.0	
Goéland leucophée	0.0	0.0	0.0015	0.0	0.0	0.0	0.0	0.1428571	0.0	0.0	0.0	0.0	0.0	0.0	0.1	0.0	0.0	0.0416667	0.0	0.04	0.25	0.0	0.0	0.0384615	0.0416667	0.0384615	0.1666667	0.1818182	0.0	0.0	0.0015	0.2	0.0	0.0	0.0	0.0	0.0	0.0	0.0	0.0	0.0	0.2	0.0	0.0	0.0	0.0	0.0	0.0666667	
goéland sp. (Larus sp.)	0.0	0.0015	0.0	0.0	0.0	0.0	0.0	0.0	0.0	0.0	0.0	0.0	0.0	0.0	0.0	0.0	0.0	0.0	0.0	0.0	0.0	0.0	0.0	0.0	0.0	0.0	0.0	0.0	0.0	0.0	0.0	0.0	0.0	0.0	0.0	0.0	0.0	0.0	0.0	0.0	0.0	0.0	0.0	0.0	0.0	0.0	0.0	0.0	
goéland ou mouette sp.	0.0	0.0	0.0	0.0	0.0	0.0	0.0	0.0	0.0	0.0	0.0	0.0	0.0	0.0	0.0	0.0	0.0	0.0	0.0	0.0	0.0	0.0833333	0.0	0.0	0.0	0.0	0.0	0.0	0.0	0.0	0.0	0.0	0.0	0.0	0.125	0.0	0.0	0.0	0.0	0.0	0.5	0.0	0.0	0.0	0.0	0.0	0.0	0.0	
Sterne naine	0.0	0.0	0.0	0.0	0.0	0.0	0.0	0.0	0.0	0.0	0.0	0.0	0.0	0.0	0.0	0.0015	0.0909091	0.0	0.0384615	0.2	0.25	0.0	0.0	0.0769231	0.0	0.0384615	0.0555556	0.0909091	0.0	0.0	0.0	0.0	0.0	0.0	0.0	0.0	0.0	0.0	0.0	0.0	0.0	0.0	0.0	0.0	0.0	0.0	0.0	0.0	
Guifette moustac	0.0	0.0	0.0	0.0	0.0	0.0	0.0	0.0	0.0	0.0	0.0	0.0	0.0	0.0	0.0	0.0454545	0.0	0.0	0.0	0.0	0.0	0.0	0.0	0.0	0.0	0.0	0.0	0.0	0.0	0.0	0.0	0.0	0.0	0.0	0.0	0.0	0.0	0.0	0.0	0.0	0.0	0.0	0.0	0.0	0.0	0.0	0.0	0.0	
Guifette noire	0.0	0.0	0.0	0.0	0.0	0.0	0.0	0.0	0.0	0.0	0.0	0.0	0.0	0.0	0.0	0.0454545	0.0	0.0	0.0	0.0	0.0	0.0	0.0	0.0	0.0	0.0	0.0	0.0	0.0	0.0	0.0	0.0	0.0	0.0	0.0	0.0	0.0	0.0	0.0	0.0	0.0	0.0	0.0	0.0	0.0	0.0	0.0	0.0	
Sterne pierregarin	0.0	0.0	0.0	0.0	0.0	0.0	0.0	0.0	0.0	0.0	0.0	0.0	0.0	0.0	0.0	0.0454545	0.0	0.0416667	0.1538462	0.2	0.3333333	0.0833333	0.0909091	0.1153846	0.125	0.1538462	0.1111111	0.2727273	0.1818182	0.0015	0.0	0.0	0.0	0.0	0.0	0.0	0.0	0.0	0.0	0.0	0.0	0.0	0.0	0.0	0.0	0.0	0.0	0.0	
Sterne pierregarin ou S. arctique	0.0	0.0	0.0	0.0	0.0	0.0	0.0	0.0	0.0	0.0	0.0	0.0	0.0	0.0	0.0	0.0	0.0	0.0416667	0.0	0.0	0.0	0.0	0.0	0.0	0.0	0.0	0.0	0.0	0.0	0.0	0.0	0.0	0.0	0.0	0.0	0.0	0.0	0.0	0.0	0.0	0.0	0.0	0.0	0.0	0.0	0.0	0.0	0.0	
Grèbe castagneux	0.0	0.0	0.0	0.0	0.0	0.0	0.0	0.0	0.0	0.0	0.0	0.0	0.0	0.0015	0.0	0.0	0.0	0.0	0.0	0.0	0.0	0.0	0.0	0.0	0.0	0.0	0.0	0.0	0.0	0.0	0.0	0.2	0.0	0.0	0.0	0.0	0.0	0.0	0.0	0.0015	0.0	0.0	0.0	0.0	0.0	0.0	0.0	0.0666667	
Grèbe huppé	0.0	0.0	0.037037	0.0	0.0	0.0	0.0555556	0.0	0.0	0.0015	0.0	0.1	0.0769231	0.0015	0.0	0.0	0.0909091	0.0416667	0.0015	0.0	0.0	0.0	0.0	0.0384615	0.0	0.0769231	0.0	0.0454545	0.0909091	0.0015	0.1	0.0	0.0	0.0	0.0015	0.1818182	0.0015	0.0	0.0	0.0015	0.0	0.0	0.0	1.0	0.0	0.0	0.0	0.0666667	
Grèbe à cou noir	0.0	0.0	0.0	0.0	0.0	0.0	0.0	0.0	0.0	0.0	0.0	0.0	0.0	0.0	0.0	0.0	0.0	0.0	0.0015	0.0	0.0	0.0	0.0	0.0	0.0	0.0	0.0	0.0	0.0	0.0	0.0	0.0	0.0	0.0	0.0	0.0	0.0	0.0	0.0	0.0	0.0	0.0	0.0	0.0	0.0	0.0	0.0	0.0	
Cigogne noire	0.0	0.0	0.0	0.0	0.0	0.0	0.0	0.0	0.0	0.25	0.0	0.0	0.0015	0.0015	0.0	0.0	0.0	0.0	0.0	0.0	0.0015	0.0	0.0	0.0	0.0416667	0.0	0.0	0.0454545	0.0	0.0015	0.0	0.0	0.0	0.0	0.0	0.0	0.0	0.0	0.0	0.0	0.0	0.0	0.0	0.0	0.0	0.0	0.0	0.0	
Cigogne blanche	0.0	0.0	0.0	0.0	0.0	0.0	0.0	0.1428571	0.25	0.0	0.1666667	0.1	0.0	0.1052632	0.05	0.0454545	0.0909091	0.0	0.0769231	0.0	0.0833333	0.0833333	0.2727273	0.0384615	0.0416667	0.0015	0.0015	0.0454545	0.0015	0.1	0.1	0.0	0.0	0.0	0.0	0.0	0.0	0.0	0.0	0.0	0.0	0.0	0.0	0.0	0.0	0.0	0.0	0.0	
cigogne sp.	0.0	0.0	0.0	0.0	0.0	0.0	0.0	0.0	0.0	0.0	0.0	0.0	0.0	0.0	0.0015	0.0	0.0	0.0	0.0	0.0	0.0	0.0	0.0	0.0	0.0	0.0	0.0	0.0	0.0	0.0	0.0	0.0	0.0	0.0	0.0	0.0	0.0	0.0	0.0	0.0	0.0	0.0	0.0	0.0	0.0	0.0	0.0	0.0	
Grand Cormoran	0.3333333	0.0015	0.0740741	0.0	0.0	0.0	0.3333333	0.0	0.25	0.0	0.3333333	0.1	0.0	0.0	0.05	0.0015	0.0909091	0.0	0.0769231	0.12	0.1666667	0.0833333	0.0909091	0.0384615	0.0	0.0384615	0.0	0.1818182	0.0909091	0.4	0.3	0.4	0.0	0.6666667	0.125	0.0909091	0.0	0.0	0.0	0.0015	0.0015	0.6	0.0	1.0	0.5	0.0	0.0	0.2	
Bihoreau gris	0.0	0.0	0.0	0.0	0.0	0.0	0.0	0.0	0.0	0.0	0.0	0.0	0.0	0.0	0.0	0.0	0.0909091	0.0416667	0.0	0.0	0.0	0.0	0.0909091	0.0769231	0.0015	0.0384615	0.0555556	0.0454545	0.0909091	0.0015	0.0015	0.0015	0.0	0.0	0.0	0.0	0.0	0.0	0.0	0.0	0.0	0.0	0.0	0.0	0.0	0.0	0.0	0.0	
Aigrette garzette	0.0	0.0	0.0015	0.0	0.0	0.0	0.0555556	0.0	0.0	0.0	0.0	0.0	0.0769231	0.0	0.0	0.0909091	0.0909091	0.0416667	0.1153846	0.08	0.0833333	0.0	0.0015	0.1153846	0.125	0.0769231	0.2777778	0.2272727	0.5454545	0.3	0.3	0.0015	0.0	0.6666667	0.125	0.0	0.0	0.0	0.0	0.2	0.0	0.2	0.0	0.0	0.0	0.0	0.0	0.0	
Aigrette des récifs	0.0	0.0	0.0	0.0	0.0	0.0	0.0	0.0	0.0	0.0	0.0	0.0	0.0	0.0	0.0	0.0	0.0	0.0	0.0	0.0	0.0	0.0	0.0	0.0	0.0416667	0.0769231	0.0	0.0	0.2727273	0.1	0.1	0.0	0.0	0.0	0.0	0.0	0.0	0.0	0.0	0.0	0.0	0.0	0.0	0.0	0.0	0.0	0.0	0.0	
Hybride Aigrette garzette x A. des récifs	0.0	0.0	0.0	0.0	0.0	0.0	0.0	0.0	0.0	0.0	0.0	0.0	0.0	0.0	0.0	0.0	0.0	0.0	0.0	0.0	0.0	0.0	0.0	0.0	0.0	0.0	0.0	0.0	0.0	0.0	0.2	0.0015	0.0	0.0	0.0	0.0	0.0	0.0	0.0	0.0	0.0	0.0	0.0	0.0	0.0	0.0	0.0	0.0	
Héron garde-boeufs	0.0015	0.0	0.0	0.0	0.0	0.0	0.0	0.0	0.0	0.0	0.0	0.0	0.0769231	0.0015	0.0015	0.0	0.0	0.0	0.0384615	0.0	0.0	0.0	0.0909091	0.0769231	0.0833333	0.1153846	0.2777778	0.0454545	0.5454545	0.1	0.0015	0.2	0.1666667	0.3333333	0.125	0.0	0.0	0.0	0.0	0.0	0.0	0.0	0.0	0.0	0.0	0.0	0.0	0.0	
Grande Aigrette	0.3333333	0.0015	0.0740741	0.1666667	0.0015	0.0015	0.3888889	0.0	0.25	0.0	0.3333333	0.3	0.0	0.0526316	0.1	0.0	0.0	0.0	0.0384615	0.0	0.0833333	0.1666667	0.0	0.0	0.0416667	0.0384615	0.0	0.0909091	0.1818182	0.2	0.2	0.4	0.1666667	0.6666667	0.125	0.1818182	0.0	0.0	0.0	0.2	0.0	0.2	0.0	1.0	0.0	0.0	0.0	0.1333333	
Héron cendré	0.3333333	0.0015	0.1111111	0.1666667	0.0	0.5	0.2777778	0.0	0.0	0.0	0.3333333	0.1	0.0769231	0.1052632	0.25	0.1363636	0.2727273	0.1666667	0.2307692	0.2	0.3333333	0.25	0.2727273	0.1538462	0.25	0.3076923	0.3888889	0.1818182	0.4545455	0.5	0.3	0.6	0.1666667	0.6666667	0.375	0.1818182	0.0	0.0	0.0	0.2	0.0	0.2	0.0	1.0	0.0	0.0	0.0	0.1333333	
Héron pourpré	0.0	0.0	0.0	0.0	0.0	0.0	0.0	0.0	0.0	0.0	0.0	0.0	0.0	0.0	0.0	0.0	0.0	0.0	0.0	0.0	0.0	0.0	0.0	0.0384615	0.0	0.0	0.0	0.0	0.0	0.0	0.0	0.0	0.1666667	0.0	0.0	0.0	0.0	0.0	0.0	0.0	0.0	0.0	0.0	0.0	0.0	0.0	0.0	0.0	
Balbuzard pêcheur	0.0	0.0	0.0	0.0	0.0	0.0	0.0	0.0	0.0	0.0	0.0	0.0	0.0	0.0	0.0	0.0	0.0909091	0.0416667	0.0384615	0.0	0.0	0.0	0.0	0.0769231	0.0	0.0	0.0015	0.0	0.0	0.0015	0.1	0.0015	0.0	0.3333333	0.0	0.0	0.0	0.0	0.0	0.0	0.0	0.0	0.0	0.0	0.0	0.0	0.0	0.0	
Élanion blanc	0.0	0.0	0.0	0.0	0.0	0.0	0.0	0.0	0.0	0.0	0.0	0.0	0.0	0.0	0.0	0.0	0.0	0.0	0.0	0.0	0.0	0.0	0.0	0.0	0.0	0.0384615	0.0	0.0	0.0	0.0	0.0	0.0	0.0	0.0	0.0	0.0	0.0	0.0	0.0	0.0	0.0015	0.0	0.0	0.0	0.0	0.0	0.0	0.0	
Bondrée apivore	0.0	0.0	0.0	0.0	0.0	0.0	0.0	0.0	0.0	0.0	0.0	0.0	0.0	0.0	0.0	0.0	0.0015	0.0	0.0	0.0	0.0833333	0.0	0.0909091	0.0	0.0416667	0.0	0.0	0.0454545	0.0	0.0	0.0	0.0	0.1666667	0.0	0.0	0.0	0.0	0.0	0.0	0.0	0.0	0.0	0.0	0.0	0.0	0.0	0.0	0.0	
Aigle botté	0.0	0.0	0.0	0.0	0.0	0.0	0.0	0.0	0.0	0.0	0.0	0.0	0.0	0.0	0.0	0.0	0.0	0.0	0.0	0.0	0.0	0.0	0.0	0.0	0.0	0.0	0.0	0.0	0.0909091	0.1	0.0015	0.0	0.0	0.0	0.0	0.0	0.0	0.0	0.0	0.0	0.0	0.0	0.0	0.0	0.0	0.0	0.0	0.0	
Épervier d'Europe	0.3333333	0.0	0.0	0.0833333	0.0	0.0	0.0	0.0	0.25	0.0015	0.0	0.0	0.0	0.0015	0.0	0.0909091	0.0909091	0.0	0.0384615	0.0	0.0	0.0	0.0	0.0015	0.0	0.0384615	0.0555556	0.0	0.0	0.0	0.0	0.0	0.0	0.0	0.0	0.0	0.25	0.0	0.0	0.0	0.0	0.0	0.0	0.0	0.0	0.0	0.0	0.0666667	
Autour des palombes	0.0	0.0	0.037037	0.0	0.0	0.0	0.0	0.0	0.0	0.0	0.0	0.0	0.0	0.0	0.0	0.0	0.0	0.0	0.0	0.0	0.0833333	0.0	0.0	0.0	0.0	0.0	0.0	0.0454545	0.0	0.0015	0.0	0.0	0.0	0.0	0.0	0.0	0.0015	0.0	0.0	0.0	0.0	0.0	0.0	0.0	0.0	0.0	0.0	0.0	
Busard des roseaux	0.0	0.0	0.0	0.0	0.0	0.0	0.0	0.0	0.0	0.0	0.0	0.0015	0.0	0.0	0.0	0.0	0.0	0.0	0.0	0.0	0.0	0.0	0.0	0.0	0.0	0.0	0.0	0.0	0.0	0.0	0.0	0.0	0.0	0.0	0.0	0.0	0.0	0.0	0.0	0.0	0.0	0.0	0.0	0.0	0.0	0.0	0.0	0.0	
Busard Saint-Martin	0.0	0.0	0.0	0.0	0.0	0.0	0.0	0.0	0.0	0.0	0.0	0.2	0.0	0.0	0.0	0.0	0.0	0.0	0.0384615	0.0015	0.0	0.0	0.0	0.0384615	0.0	0.0	0.0	0.0	0.0	0.0	0.0	0.0	0.1666667	0.0	0.0	0.0	0.0	0.0	0.0	0.0	0.0	0.0	0.0	0.0	0.0	0.0	0.0	0.0015	
Busard cendré	0.0	0.0	0.0	0.0	0.0	0.0	0.0	0.0	0.0	0.0	0.0	0.0	0.0	0.0	0.0	0.0	0.0015	0.0	0.0	0.0	0.0	0.0	0.0	0.0	0.0	0.0	0.0	0.0	0.0	0.0	0.0	0.0	0.0	0.0	0.0	0.0	0.0	0.0	0.0	0.0	0.0	0.0	0.0	0.0	0.0	0.0	0.0	0.0	
Milan royal	0.0	0.0	0.0	0.0	0.0015	0.5	0.2222222	0.2857143	0.0015	0.0015	0.1666667	0.0	0.0	0.0015	0.0	0.1363636	0.0015	0.0	0.1153846	0.0	0.0833333	0.0	0.0	0.0	0.0833333	0.0769231	0.0	0.0454545	0.0	0.1	0.0	0.2	0.0	0.0	0.0	0.0909091	0.25	1.0	0.0	0.0	0.0015	0.0015	0.0	0.0	0.0	0.0	0.0	0.0666667	
Milan noir	0.0	0.0	0.0	0.0	0.0	0.0	0.0	0.0	0.0	0.0015	0.1666667	0.0	0.0769231	0.1052632	0.1	0.1363636	0.3636364	0.125	0.2692308	0.28	0.25	0.0833333	0.2727273	0.1153846	0.2083333	0.0769231	0.1111111	0.2727273	0.2727273	0.0	0.0015	0.0	0.0	0.0	0.0	0.0	0.0	0.0	0.0	0.0	0.0	0.0	0.0	0.0	0.0	0.0	0.0	0.0	
Buse variable	0.6666667	0.0015	0.1851852	0.3333333	0.0	1.0	0.5555556	0.5714286	0.75	0.5	0.1666667	0.3	0.3076923	0.1578947	0.25	0.1363636	0.2727273	0.1666667	0.2307692	0.2	0.5833333	0.0	0.2727273	0.0769231	0.25	0.2692308	0.4444444	0.3181818	0.5454545	0.2	0.3	0.0	0.5	1.0	0.125	0.3636364	0.25	0.0	0.0	0.6	0.5	0.2	0.0	1.0	0.5	0.0	0.0	0.4	
Buteo sp.	0.0	0.0	0.0	0.0	0.0	0.0	0.0	0.0	0.0	0.0	0.0	0.0	0.0	0.0	0.0	0.0	0.0	0.0	0.0	0.0	0.0	0.0	0.0	0.0	0.0	0.0	0.0	0.0	0.0015	0.0	0.0	0.0	0.0	0.0	0.0	0.0	0.0	0.0	0.0	0.0	0.0	0.0	0.0	0.0	0.0	0.0	0.0	0.0	
rapace sp.	0.0	0.0	0.0	0.0	0.0	0.0	0.0	0.0	0.0	0.0	0.0	0.0	0.0	0.0	0.0	0.0	0.0	0.0	0.0	0.04	0.0	0.0	0.0	0.0	0.0	0.0	0.0	0.0	0.0	0.0	0.0	0.0	0.0	0.0	0.0	0.0	0.0	0.0	0.0	0.0	0.0	0.0	0.0	0.0	0.0	0.0	0.0	0.0	
Effraie des clochers	0.0	0.0	0.0	0.0015	0.0	0.0	0.0	0.0	0.0	0.25	0.0015	0.0	0.0	0.0	0.0	0.0	0.0	0.0416667	0.0	0.0	0.0	0.0	0.0	0.0	0.0416667	0.0015	0.0	0.0	0.0	0.0	0.0	0.0	0.0	0.0	0.0	0.0	0.0	0.0	0.0	0.0	0.0015	0.0	0.0	0.0	0.0	0.0	0.0015	0.0	
Petit-duc scops	0.0	0.0	0.0	0.0	0.0	0.0	0.0	0.0	0.0	0.0	0.0	0.0	0.0	0.0	0.0	0.0	0.0	0.0	0.0	0.0	0.0	0.0	0.0	0.0	0.0	0.0	0.0	0.0	0.0909091	0.0	0.0	0.0	0.0	0.0	0.0	0.0	0.0	0.0	0.0	0.0	0.0	0.0	0.0	0.0	0.0	0.0	0.0	0.0	
Chevêche d'Athéna	0.0	0.0	0.0	0.0	0.0	0.0	0.0	0.0	0.0	0.0	0.0	0.0	0.0	0.0015	0.05	0.0	0.0	0.0	0.0	0.0	0.0	0.0	0.0909091	0.0	0.0416667	0.0015	0.0555556	0.0	0.0	0.0	0.0	0.0	0.0	0.0	0.0	0.0015	0.0015	0.0	0.0	0.0015	0.0	0.0	0.0	0.0	0.0	0.0	0.0	0.0	
Chouette hulotte	0.0	0.0	0.0	0.0	0.0	0.0	0.0	0.0	0.0	0.25	0.0	0.0	0.0	0.0015	0.0	0.0	0.0015	0.0833333	0.0	0.04	0.0	0.0833333	0.0	0.0	0.0	0.0384615	0.0555556	0.0015	0.0909091	0.0015	0.0	0.0	0.0	0.3333333	0.125	0.0	0.0015	0.0	0.0	0.0015	0.0015	0.0	0.0	0.0	0.0	0.0	0.0	0.0	
Hibou moyen-duc	0.0	0.0	0.0	0.0	0.0	0.0	0.0	0.0	0.0	0.0	0.0	0.0	0.0	0.0	0.0	0.0015	0.0	0.0	0.0384615	0.0	0.0	0.0	0.0	0.0	0.0	0.0	0.0	0.0	0.0015	0.0	0.0	0.0	0.0	0.0	0.0	0.0	0.0	0.0	0.0	0.0	0.0	0.0	0.0	0.0	0.0	0.0	0.0	0.0	
Huppe fasciée	0.0	0.0	0.0	0.0	0.0	0.0	0.0	0.0	0.0015	0.0	0.0	0.0	0.1538462	0.2105263	0.1	0.1363636	0.0909091	0.0416667	0.0384615	0.04	0.0	0.0015	0.0909091	0.0384615	0.0833333	0.0015	0.1111111	0.0454545	0.0	0.0	0.0015	0.0	0.0	0.0	0.0	0.0	0.0	0.0	0.0	0.0	0.0	0.0	0.0	0.0	0.0	0.0	0.0	0.0	
Guêpier d'Europe	0.0	0.0	0.0	0.0	0.0	0.0	0.0	0.0	0.0	0.0	0.0	0.0	0.0	0.0	0.0	0.0454545	0.0909091	0.0416667	0.1153846	0.12	0.25	0.0	0.0909091	0.0769231	0.1666667	0.1153846	0.0555556	0.2272727	0.0	0.4	0.3	0.0	0.0015	0.3333333	0.0	0.0	0.0	0.0	0.0	0.0	0.0	0.0	0.0	0.0	0.0	0.0	0.0	0.0	
Martin-pêcheur d'Europe	0.3333333	0.0015	0.0	0.0	0.0	0.0	0.0	0.0	0.0	0.0	0.0	0.0	0.0	0.0	0.0	0.0	0.0909091	0.0416667	0.1153846	0.04	0.3333333	0.0	0.0	0.0769231	0.0416667	0.0769231	0.2222222	0.1363636	0.3636364	0.5	0.2	0.2	0.0	0.3333333	0.125	0.0909091	0.25	0.0	0.0	0.2	0.0015	0.2	0.0	0.0	0.0	0.0	0.0	0.0666667	
Torcol fourmilier	0.0	0.0	0.0	0.0	0.0	0.0	0.0	0.0	0.0	0.0	0.0	0.0	0.0	0.0	0.0	0.0	0.0	0.0	0.0384615	0.0	0.0	0.0	0.0	0.0384615	0.0	0.0	0.0	0.0	0.0	0.0	0.0	0.0	0.1666667	0.0	0.0	0.0	0.0	0.0	0.0	0.0	0.0	0.0	0.0	0.0	0.0	0.0	0.0	0.0	
Pic mar	0.0	0.0	0.0	0.0	1.0	0.0	0.0555556	0.0	0.0	0.0	0.0	0.0	0.0	0.0	0.0	0.0	0.0	0.0	0.0	0.0	0.0	0.0015	0.1818182	0.0	0.0	0.0384615	0.0555556	0.0	0.0	0.0015	0.0	0.0	0.1666667	0.0	0.125	0.0	0.0	0.0015	0.0	0.0	0.0	0.0	0.0	0.0	0.0	0.0	0.0	0.0666667	
Pic épeiche	0.3333333	0.0015	0.1111111	0.0833333	0.0	0.0	0.3888889	0.5714286	0.5	0.0015	0.0	0.2	0.0	0.2631579	0.15	0.0454545	0.3636364	0.0416667	0.1538462	0.16	0.3333333	0.25	0.3636364	0.1538462	0.2083333	0.2692308	0.2222222	0.2727273	0.1818182	0.3	0.4	0.2	0.0	0.0	0.0015	0.2727273	0.25	0.0	0.0	0.2	0.5	0.2	0.0	0.0	0.5	0.0	0.0	0.2	
Pic épeichette	0.0	0.0	0.0	0.0	0.0	0.0	0.0555556	0.0	0.0	0.0015	0.0	0.0	0.0	0.0	0.0	0.0015	0.0	0.0416667	0.0	0.0015	0.0	0.0	0.0	0.0	0.0	0.0	0.1111111	0.0454545	0.0	0.0015	0.0	0.0	0.0	0.0	0.0	0.0	0.0	0.0	0.0	0.2	0.0	0.0	0.0	0.0	0.0	0.0	0.0	0.0	
Pic vert	0.6666667	0.0	0.1481481	0.0833333	1.0	0.5	0.3888889	0.2857143	0.25	0.0015	0.1666667	0.2	0.0769231	0.1052632	0.1	0.0909091	0.0909091	0.125	0.1153846	0.04	0.1666667	0.0	0.2727273	0.1153846	0.2916667	0.3461538	0.3888889	0.1818182	0.2727273	0.4	0.2	0.6	0.0	0.3333333	0.375	0.0909091	0.25	0.0	0.0	0.4	0.0	0.0	0.0015	0.0	0.0	0.0	0.0	0.2	
Pic noir	0.0	0.0015	0.0	0.0	1.0	0.0	0.0	0.0	0.25	0.0015	0.1666667	0.0	0.0	0.1052632	0.0	0.0	0.0909091	0.0416667	0.0769231	0.0	0.0833333	0.0	0.0015	0.0	0.0416667	0.0	0.0015	0.0015	0.0015	0.0	0.1	0.0	0.0	0.0	0.125	0.0	0.25	0.0	0.0	0.0015	0.0	0.0	0.0	0.0	0.0	0.0	0.0	0.0	
pic sp.	0.0	0.0	0.0	0.0	0.0	0.0	0.0	0.0	0.0	0.0	0.0	0.0	0.0	0.0	0.0	0.0	0.0	0.0	0.0	0.0	0.0	0.0	0.0	0.0384615	0.0	0.0	0.0	0.0	0.0	0.0	0.0	0.0	0.0	0.0	0.0	0.0	0.0	0.0	0.0	0.0	0.0	0.0	0.0	0.0	0.0	0.0	0.0	0.0	
Faucon crécerelle	0.0	0.0015	0.1111111	0.1666667	0.0	0.5	0.2222222	0.0015	0.0015	0.25	0.1666667	0.1	0.0769231	0.2631579	0.05	0.0909091	0.0015	0.0833333	0.1538462	0.08	0.25	0.0833333	0.2727273	0.1538462	0.125	0.1538462	0.2222222	0.1363636	0.0	0.0	0.0	0.0	0.3333333	0.6666667	0.0	0.1818182	0.0015	0.0	0.0	0.0015	0.0	0.4	0.0	0.0	0.0	0.0	0.0	0.0666667	
Faucon émerillon	0.0015	0.0015	0.037037	0.0	0.0	0.0	0.0	0.0	0.0	0.0	0.0	0.0	0.0	0.0	0.05	0.0	0.0	0.0	0.0	0.0	0.0	0.0	0.0	0.0	0.0	0.0	0.0	0.0	0.0	0.0	0.0	0.0	0.0	0.0	0.0	0.0	0.0	0.0	0.0	0.0	0.0	0.0	0.0	0.0	0.0	0.0	0.0	0.0	
Faucon hobereau	0.0	0.0	0.0	0.0	0.0	0.0	0.0	0.0	0.0	0.0	0.0	0.0	0.0	0.0015	0.0	0.0	0.0	0.0	0.0	0.0	0.0	0.0	0.0909091	0.0	0.0	0.0384615	0.0555556	0.0454545	0.0	0.0015	0.0	0.0	0.1666667	0.0	0.0	0.0909091	0.0	0.0	0.0	0.0	0.0	0.0	0.0	0.0	0.0	0.0	0.0	0.0	
Faucon pèlerin	0.0	0.0	0.0	0.0	0.0	0.0	0.0	0.0	0.0	0.0	0.0	0.0	0.0	0.0	0.0	0.0454545	0.0	0.0	0.0	0.0	0.0	0.0	0.0	0.0	0.0	0.0	0.0	0.0	0.0	0.0	0.0	0.0	0.0	0.0	0.0	0.0	0.0	0.0	0.0	0.0	0.0	0.0	0.0	0.0	0.0	0.0	0.0	0.0	
Perruche à collier	0.0	0.0	0.0	0.0	0.0	0.0	0.0	0.0	0.0015	0.0	0.0	0.0	0.0	0.0	0.0	0.0	0.0	0.0	0.0	0.0	0.0	0.0	0.0	0.0	0.0	0.0	0.0	0.0	0.0	0.0	0.0	0.0	0.0	0.0	0.0	0.0015	0.0	0.0	0.0	0.0	0.0	0.0	0.0	0.0	0.0	0.0	0.0	0.0	
Loriot d'Europe	0.0	0.0	0.0	0.0	0.0	0.0	0.0	0.0	0.0	0.0	0.0	0.0	0.0	0.0	0.0	0.0015	0.1818182	0.0833333	0.1538462	0.08	0.3333333	0.3333333	0.0909091	0.1153846	0.3333333	0.2307692	0.2777778	0.0454545	0.0909091	0.1	0.3	0.0	0.0	0.0	0.0	0.0	0.0	0.0	0.0	0.0	0.0	0.0	0.0	0.0	0.0	0.0	0.0	0.0	
Pie-grièche écorcheur	0.0	0.0	0.0	0.0	0.0	0.0	0.0	0.0	0.0	0.0	0.0	0.0	0.0	0.0	0.0	0.0	0.0	0.0416667	0.3076923	0.2	0.25	0.0833333	0.1818182	0.0769231	0.1666667	0.1538462	0.3888889	0.2272727	0.0909091	0.2	0.0	0.2	0.0	0.0	0.0	0.0	0.0	0.0	0.0	0.0	0.0	0.0	0.0	0.0	0.0	0.0	0.0	0.0	
Pie-grièche à tête rousse	0.0	0.0	0.0	0.0	0.0	0.0	0.0	0.0	0.0	0.0	0.0	0.0	0.0	0.0	0.0	0.0	0.0	0.0	0.0	0.0	0.0	0.0	0.0	0.0	0.125	0.0	0.0	0.0	0.0909091	0.0	0.0	0.0	0.0	0.0	0.0	0.0	0.0	0.0	0.0	0.0	0.0	0.0	0.0	0.0	0.0	0.0	0.0	0.0	
Geai des chênes	0.3333333	0.0015	0.0740741	0.0833333	1.0	0.0	0.3888889	0.5714286	0.5	0.0	0.1666667	0.0	0.3076923	0.2631579	0.05	0.2272727	0.0909091	0.1666667	0.1923077	0.04	0.0833333	0.0	0.3636364	0.0384615	0.1666667	0.1538462	0.2777778	0.1363636	0.1818182	0.2	0.2	0.4	0.0	0.6666667	0.25	0.2727273	0.5	1.0	0.0	0.6	0.5	0.2	0.0	0.0	0.0	0.0	0.0	0.4	
Pie bavarde	1.0	0.0015	0.1851852	0.0833333	1.0	0.0	0.3333333	0.2857143	0.5	0.25	0.1666667	0.0	0.3076923	0.2631579	0.1	0.0909091	0.3636364	0.2083333	0.2307692	0.04	0.4166667	0.3333333	0.2727273	0.0769231	0.25	0.3076923	0.2222222	0.2272727	0.0	0.3	0.1	0.0	0.0	0.3333333	0.375	0.0909091	0.25	0.0	0.0	0.8	0.5	0.6	0.0	0.0	0.0	0.0015	0.0	0.2	
Choucas des tours	0.0	0.0	0.1481481	0.0833333	0.0	0.0	0.0	0.0	0.0	0.0	0.0	0.0	0.0015	0.1578947	0.0015	0.2272727	0.0	0.0833333	0.1923077	0.04	0.0833333	0.0833333	0.0909091	0.0	0.0833333	0.0	0.1666667	0.0909091	0.0	0.0	0.0	0.0	0.3333333	0.3333333	0.0	0.0	0.25	1.0	0.0	0.4	0.0	0.6	0.0	0.0	0.0	0.0015	0.0	0.2	
Corbeau freux	0.0015	0.0	0.0740741	0.0	0.0	0.0	0.0015	0.0	0.25	0.0	0.0	0.1	0.1538462	0.0015	0.0015	0.1363636	0.0	0.0	0.0769231	0.0015	0.0	0.0	0.0	0.0	0.0833333	0.0769231	0.1666667	0.0454545	0.0	0.0	0.0	0.2	0.1666667	0.3333333	0.0	0.0015	0.0	0.0	0.0	0.2	0.0015	0.4	0.0015	0.0	0.0	0.0	0.0015	0.0666667	
Corneille noire	1.0	0.0015	0.3703704	0.5	1.0	0.5	0.5	0.2857143	0.5	0.25	0.3333333	0.2	0.2307692	0.5789474	0.3	0.2727273	0.4545455	0.3333333	0.3846154	0.36	0.6666667	0.5	0.3636364	0.3846154	0.3333333	0.4230769	0.5	0.3636364	0.4545455	0.5	0.5	0.2	0.5	0.6666667	0.875	0.4545455	0.5	1.0	0.0	0.8	0.5	0.6	1.0	1.0	0.5	0.0015	0.0	0.7333333	
corneille sp.	0.0	1.0	0.0	0.0	0.0	0.0	0.0	0.0	0.0	0.0	0.0	0.0	0.0	0.0	0.0	0.0	0.0	0.0	0.0	0.0	0.0	0.0	0.0	0.0	0.0	0.0384615	0.0	0.0	0.0	0.0	0.0	0.0	0.0	0.0	0.0	0.0	0.0	0.0	0.0	0.0	0.0	0.0	0.0	0.0	0.0	0.0	0.0	0.0	
Grand Corbeau	0.0	0.0015	0.0	0.0	0.0	0.0	0.1111111	0.0	0.0015	0.0	0.0	0.0	0.0	0.0526316	0.0	0.0	0.0015	0.0	0.0	0.0	0.0	0.0	0.0	0.0	0.0	0.0	0.0	0.1363636	0.0015	0.0	0.1	0.0	0.0	0.3333333	0.125	0.0	0.0	0.0	0.0	0.2	0.0	0.0015	0.0	0.0	0.0015	0.0	0.0	0.0	
Mésange noire	0.0	0.0	0.0	0.0	0.0	0.0	0.0	0.0	0.0	0.0	0.0	0.1	0.0	0.0526316	0.0	0.0	0.0	0.0	0.0384615	0.0	0.0	0.0015	0.0015	0.0384615	0.0416667	0.0384615	0.0555556	0.0909091	0.0909091	0.0	0.1	0.0	0.0	0.0	0.125	0.0	0.25	0.0	0.0	0.0015	0.0	0.0	0.0	0.0	0.0	0.0	0.0	0.0	
Mésange huppée	0.0	0.0015	0.0	0.0	0.0	0.0	0.0555556	0.0	0.25	0.0	0.0	0.0	0.0	0.0015	0.0	0.0	0.0015	0.0015	0.0	0.04	0.0	0.0	0.1818182	0.0384615	0.0416667	0.0384615	0.0	0.0909091	0.0	0.0	0.0	0.0	0.0	0.0	0.0	0.0909091	0.5	0.0	0.0	0.0015	0.0	0.0015	0.0	0.0	0.0	0.0	0.0	0.0666667	
Mésange nonnette	0.0	0.0015	0.037037	0.0	1.0	0.0	0.4444444	0.5714286	0.25	0.0015	0.0	0.0	0.0015	0.0526316	0.0	0.0454545	0.0015	0.0833333	0.0769231	0.0015	0.0	0.0833333	0.0015	0.0384615	0.0416667	0.0	0.1111111	0.0909091	0.0	0.0	0.2	0.0	0.0	0.0	0.25	0.0909091	0.25	0.0	0.0	0.0015	0.0	0.0	0.0	0.0	0.0	0.0	0.0	0.3333333	
Mésange boréale	0.0	0.0	0.0	0.0	0.0	0.0	0.0	0.0	0.0	0.0	0.0	0.0	0.0	0.0526316	0.0	0.0	0.0	0.0416667	0.0	0.0	0.0	0.0	0.0	0.0	0.0	0.0	0.0	0.0454545	0.0	0.0	0.0	0.0	0.0	0.0	0.0	0.0	0.0	0.0	0.0	0.2	0.0	0.0	0.0	0.0	0.0	0.0	0.0	0.0	
Mésange bleue	1.0	1.0	0.2592593	0.1666667	1.0	0.0	0.5555556	0.4285714	0.75	0.25	0.5	0.2	0.3846154	0.6315789	0.25	0.2272727	0.1818182	0.125	0.3076923	0.2	0.0833333	0.5833333	0.2727273	0.1923077	0.3333333	0.3846154	0.3888889	0.1818182	0.1818182	0.2	0.5	0.2	0.3333333	0.6666667	0.375	0.4545455	0.5	0.0015	0.0	0.4	0.0	0.6	0.0	0.0	0.0	0.0015	0.0	0.8	
Mésange charbonnière	1.0	0.0015	0.1481481	0.1666667	1.0	0.5	0.7222222	0.4285714	0.75	0.0	0.5	0.5	0.6153846	0.7894737	0.3	0.3181818	0.4545455	0.3333333	0.3461538	0.32	0.4166667	0.5	0.3636364	0.1923077	0.2916667	0.3076923	0.3333333	0.2272727	0.0909091	0.2	0.5	0.6	0.3333333	0.6666667	0.375	0.2727273	0.5	0.0015	0.0	1.0	1.0	0.4	0.5	0.0	1.0	0.0	0.0	0.6666667	
Alouette lulu	0.0	0.0	0.0	0.0833333	0.0	0.0	0.0555556	0.0	0.0	0.25	0.0	0.1	0.0769231	0.0526316	0.05	0.0	0.1818182	0.0	0.0384615	0.04	0.0	0.0833333	0.0909091	0.0	0.0833333	0.0384615	0.0555556	0.0454545	0.0	0.0	0.0	0.0	0.0	0.0	0.0	0.0015	0.0	0.0	0.0	0.0	0.0	0.0	0.0	0.0	0.5	0.0	0.0	0.0	
Alouette des champs	0.0	0.0	0.1111111	0.25	0.0	0.5	0.1111111	0.0	0.0	0.25	0.3333333	0.4	0.1538462	0.0015	0.35	0.2727273	0.0	0.0	0.4230769	0.24	0.0833333	0.0833333	0.0909091	0.4230769	0.0015	0.0769231	0.1111111	0.0	0.0	0.0	0.0	0.0	0.3333333	0.0	0.0	0.0909091	0.0	0.0	0.0	0.0	0.0	0.2	0.0	0.0	0.0	0.0	0.0	0.0	
Hypolaïs polyglotte	0.0	0.0	0.0	0.0	0.0	0.0	0.0	0.0	0.0	0.0	0.0	0.0	0.0	0.0	0.0	0.0	0.0	0.0	0.1923077	0.12	0.3333333	0.0833333	0.1818182	0.0	0.125	0.0	0.0	0.0	0.0	0.1	0.0	0.0	0.0	0.0	0.0	0.0	0.0	0.0	0.0	0.0	0.0	0.0	0.0	0.0	0.0	0.0	0.0	0.0	
Rousserolle effarvatte	0.0	0.0	0.0	0.0	0.0	0.0	0.0	0.0	0.0	0.0	0.0	0.0	0.0	0.0	0.0	0.0	0.0	0.0015	0.0015	0.0	0.0	0.0	0.0	0.0	0.0	0.0	0.0	0.0	0.0	0.0	0.0	0.0	0.0	0.0	0.0	0.0	0.0	0.0	0.0	0.0	0.0	0.0	0.0	0.0	0.0	0.0	0.0	0.0	
Locustelle tachetée	0.0	0.0	0.0	0.0	0.0	0.0	0.0	0.0	0.0	0.0	0.0	0.0	0.0	0.0	0.0	0.0015	0.0	0.0	0.0	0.0	0.0	0.0	0.0	0.0	0.0	0.0	0.0	0.0	0.0	0.0	0.0	0.0	0.0	0.0	0.0	0.0	0.0	0.0	0.0	0.0	0.0	0.0	0.0	0.0	0.0	0.0	0.0	0.0	
Hirondelle de rivage	0.0	0.0	0.0	0.0	0.0	0.0	0.0	0.0	0.0	0.0	0.0	0.0015	0.0	0.0	0.0	0.0	0.0909091	0.0416667	0.0384615	0.0	0.0833333	0.0	0.0	0.0	0.0	0.0384615	0.1111111	0.0909091	0.0909091	0.1	0.1	0.2	0.1666667	0.3333333	0.0	0.0	0.0	0.0	0.0	0.0	0.0	0.0	0.0	0.0	0.0	0.0	0.0	0.0	
Hirondelle rustique	0.0	0.0	0.0	0.0	0.0	0.0	0.0	0.0	0.0	0.0	0.0	0.1	0.4615385	0.3157895	0.2	0.4090909	0.7272727	0.3333333	0.3461538	0.44	0.5833333	0.0	0.3636364	0.2692308	0.4166667	0.5384615	0.3888889	0.3636364	0.3636364	0.5	0.3	0.2	0.1666667	0.6666667	0.25	0.1818182	0.0	0.0	0.0	0.0	0.0	0.0	0.0	0.0	0.0	0.0	0.0	0.0	
Hirondelle de fenêtre	0.0	0.0	0.0	0.0	0.0	0.0	0.0	0.0	0.0	0.0	0.0	0.0015	0.0769231	0.0526316	0.0015	0.1818182	0.1818182	0.2916667	0.0384615	0.24	0.3333333	0.25	0.0909091	0.1153846	0.125	0.2307692	0.3888889	0.1818182	0.2727273	0.2	0.2	0.6	0.1666667	0.6666667	0.125	0.0	0.0	0.0	0.0	0.0	0.0	0.0	0.0	0.0	0.0	0.0	0.0	0.0	
Pouillot siffleur	0.0	0.0	0.0	0.0	0.0	0.0	0.0	0.0	0.0	0.0	0.0	0.0	0.0	0.0	0.0	0.0	0.0909091	0.0	0.0384615	0.0015	0.0833333	0.0833333	0.0909091	0.0	0.0	0.0	0.0	0.0	0.0	0.0015	0.1	0.0	0.0	0.0	0.0	0.0	0.0	0.0	0.0	0.0	0.0	0.0	0.0	0.0	0.0	0.0	0.0	0.0	
Pouillot fitis	0.0	0.0	0.0	0.0	0.0	0.0	0.0	0.0	0.0	0.0	0.0	0.0	0.0	0.0015	0.1	0.0454545	0.0015	0.0	0.0	0.04	0.0	0.0	0.0	0.0	0.0	0.0	0.0	0.0454545	0.0	0.1	0.0	0.0	0.1666667	0.0	0.0	0.0909091	0.0	0.0	0.0	0.0	0.0	0.0	0.0	0.0	0.0	0.0	0.0	0.0	
Pouillot véloce	0.0	0.0	0.0	0.0	0.0	0.0	0.0555556	0.0	0.0	0.0	0.3333333	0.5	0.3076923	0.4210526	0.15	0.2272727	0.3636364	0.3333333	0.3076923	0.44	0.0833333	0.4166667	0.3636364	0.0769231	0.3333333	0.1923077	0.0555556	0.1363636	0.0909091	0.3	0.2	0.0	0.5	0.6666667	0.75	0.9090909	0.5	0.0	0.0	0.6	0.0	0.4	0.0	0.0	0.0	0.0	0.0	0.0	
Bouscarle de Cetti	0.0	0.0	0.0	0.0	0.0	0.0	0.0	0.0	0.0	0.0	0.1666667	0.0015	0.0	0.0	0.0	0.0	0.0909091	0.0	0.0384615	0.08	0.0833333	0.0	0.0	0.0	0.0	0.0	0.0555556	0.0454545	0.0	0.0	0.0	0.0	0.0	0.3333333	0.0	0.0909091	0.0	0.0	0.0	0.0	0.0	0.0	0.0	0.0	0.0	0.0	0.0	0.0	
Orite à longue queue	0.3333333	0.0015	0.037037	0.0	0.0	0.0	0.1111111	0.1428571	0.25	0.0	0.0	0.1	0.0	0.3157895	0.1	0.1363636	0.0015	0.0	0.1153846	0.12	0.0833333	0.0833333	0.1818182	0.0769231	0.2083333	0.1153846	0.1111111	0.0909091	0.0909091	0.1	0.3	0.2	0.0	0.3333333	0.125	0.0	0.5	0.0	0.0	0.6	0.5	0.0	0.0015	0.0	0.0	0.0	0.0	0.2666667	
Fauvette à tête noire	0.0	0.0	0.0	0.0	0.0	0.0	0.0	0.0	0.0	0.0	0.3333333	0.3	0.4615385	0.5263158	0.35	0.3636364	0.6363636	0.2916667	0.4230769	0.36	0.5	0.6666667	0.6363636	0.3846154	0.5	0.4615385	0.3888889	0.4090909	0.0909091	0.2	0.1	0.2	0.0	0.3333333	0.125	0.0909091	0.0	0.0	0.0	0.2	0.0	0.0	0.0	0.0	0.0	0.0	0.0	0.0	
Fauvette des jardins	0.0	0.0	0.0	0.0	0.0	0.0	0.0	0.0	0.0	0.0	0.0	0.0	0.0	0.0	0.0	0.0015	0.0015	0.0	0.0384615	0.04	0.0	0.0833333	0.0909091	0.0	0.0416667	0.0	0.0555556	0.0	0.0	0.0015	0.0	0.0	0.0	0.0	0.0	0.0	0.0	0.0	0.0	0.0	0.0	0.0	0.0	0.0	0.0	0.0	0.0	0.0	
Fauvette babillarde	0.0	0.0	0.0	0.0	0.0	0.0	0.0	0.0	0.0	0.0	0.0	0.0	0.0	0.0	0.0	0.0	0.0015	0.0	0.0015	0.0	0.0	0.0	0.0015	0.0	0.0416667	0.0	0.0	0.0	0.0	0.0	0.0	0.0	0.0	0.0	0.0	0.0	0.0	0.0	0.0	0.0	0.0	0.0	0.0	0.0	0.0	0.0	0.0	0.0	
Fauvette grisette	0.0	0.0	0.0	0.0	0.0	0.0	0.0	0.0	0.0	0.0	0.0	0.0	0.0	0.0	0.15	0.0454545	0.0	0.0	0.0769231	0.04	0.0833333	0.0	0.0909091	0.0	0.0833333	0.0384615	0.0	0.0	0.0	0.0	0.0	0.0	0.0	0.0	0.0	0.0	0.0	0.0	0.0	0.0	0.0	0.0	0.0	0.0	0.0	0.0	0.0	0.0	
Roitelet huppé	0.3333333	0.0015	0.0	0.0	0.0	0.0	0.0555556	0.0	0.0	0.0	0.0	0.2	0.0	0.0526316	0.0	0.0454545	0.0909091	0.0	0.0	0.0	0.0	0.0	0.0	0.0015	0.0	0.0	0.0	0.0454545	0.0	0.0	0.1	0.0	0.0	0.0	0.125	0.0909091	0.25	0.0	0.0	0.2	0.0	0.4	0.0015	0.0	0.0	0.0	0.0	0.2	
Roitelet à triple bandeau	0.0	0.0	0.0	0.0	0.0	0.0	0.0	0.1428571	0.5	0.0	0.0	0.3	0.0769231	0.0526316	0.05	0.0	0.0909091	0.0416667	0.0	0.0015	0.0	0.0	0.0909091	0.0384615	0.0	0.0384615	0.0	0.0	0.0909091	0.0	0.3	0.0	0.0	0.3333333	0.125	0.0	0.5	0.0	0.0	0.0015	0.0	0.0	0.0	0.0	0.0	0.0	0.0	0.1333333	
Roitelet huppé ou R. à triple bandeau	0.0	1.0	0.0	0.0	0.0	0.0	0.0	0.0	0.0	0.0	0.0	0.0	0.0	0.0	0.0	0.0	0.0	0.0	0.0	0.0	0.0	0.0	0.0	0.0	0.0	0.0	0.0	0.0	0.0	0.0	0.0	0.0	0.0	0.0	0.0	0.0	0.0	0.0	0.0	0.0	0.0	0.0	0.0	0.0	0.0	0.0	0.0	0.0	
Sittelle torchepot	0.0	0.0015	0.0740741	0.0	1.0	0.0	0.2777778	0.2857143	0.5	0.0	0.1666667	0.2	0.1538462	0.2631579	0.05	0.0909091	0.0	0.0	0.0	0.0015	0.0833333	0.0	0.1818182	0.0769231	0.2083333	0.1153846	0.1666667	0.0909091	0.1818182	0.3	0.5	0.2	0.0	0.6666667	0.25	0.1818182	0.75	0.0015	0.0	0.2	0.0	0.0	0.0	0.0	0.0	0.0	0.0	0.4	
Grimpereau des bois	0.0	0.0	0.0	0.0	0.0	0.0	0.0	0.0	0.0	0.0	0.0	0.0	0.0	0.0	0.0	0.0454545	0.0	0.0	0.0	0.0	0.0	0.0	0.0015	0.0	0.0	0.0384615	0.0	0.0	0.0	0.0	0.0	0.0	0.0	0.0	0.0	0.0	0.0	0.0	0.0	0.0	0.0	0.0	0.0	0.0	0.0	0.0	0.0	0.0	
Grimpereau des jardins	0.3333333	0.0	0.1111111	0.0	0.0	0.0	0.3888889	0.1428571	0.25	0.0	0.0	0.4	0.1538462	0.6315789	0.1	0.0454545	0.1818182	0.0416667	0.2307692	0.16	0.1666667	0.25	0.2727273	0.1538462	0.125	0.0769231	0.3333333	0.1818182	0.1818182	0.2	0.4	0.2	0.1666667	0.3333333	0.25	0.1818182	0.25	0.0015	0.0	0.2	0.0	0.4	0.0	0.0	0.0	0.0	0.0	0.2666667	
Grimpereau des bois ou G. des jardins	0.0	1.0	0.0	0.0	0.0	0.0	0.0	0.0	0.0	0.0	0.0	0.0	0.0	0.0	0.0	0.0	0.0	0.0	0.0384615	0.0	0.0	0.0	0.0	0.0	0.0	0.0384615	0.0	0.0	0.0	0.0	0.1	0.0	0.0	0.0	0.0	0.0	0.0	0.0	0.0	0.0	0.0	0.0	0.0	0.0	0.0	0.0	0.0	0.0666667	
Troglodyte mignon	0.0	0.0	0.0740741	0.25	1.0	0.0	0.2222222	0.4285714	0.25	0.0	0.0	0.3	0.0015	0.2105263	0.15	0.0454545	0.1818182	0.0416667	0.0769231	0.24	0.0833333	0.25	0.2727273	0.1153846	0.25	0.2692308	0.2222222	0.1363636	0.1818182	0.1	0.2	0.2	0.0	0.3333333	0.25	0.0909091	0.25	0.0	0.0	0.4	0.5	0.4	0.0	0.0	1.0	0.0	0.0	0.2666667	
Cincle plongeur	0.0	0.0	0.0	0.0	0.0	0.0	0.0	0.0	0.0	0.0	0.0	0.1	0.0	0.0	0.0	0.0	0.0	0.0	0.0015	0.0	0.0015	0.0	0.0	0.0	0.0416667	0.0	0.0015	0.0454545	0.0	0.0	0.0	0.0	0.0	0.0	0.0	0.0	0.0	0.0	0.0	0.0	0.0	0.0	0.0	0.0	0.0	0.0	0.0	0.0	
Étourneau sansonnet	0.6666667	0.0	0.2222222	0.3333333	0.0	0.5	0.2222222	0.1428571	0.0015	0.0	0.0	0.1	0.2307692	0.3684211	0.1	0.2272727	0.0909091	0.25	0.2692308	0.44	0.25	0.0833333	0.2727273	0.0384615	0.125	0.1153846	0.1666667	0.0909091	0.0909091	0.3	0.2	0.0	0.3333333	0.6666667	0.0	0.1818182	0.25	0.0	0.0	0.4	0.5	0.4	0.0	0.0	0.5	0.0	0.0	0.2	
Grive draine	0.6666667	0.0	0.0740741	0.0833333	0.0	0.0	0.1111111	0.1428571	0.25	0.0	0.0	0.0	0.0769231	0.0526316	0.05	0.0909091	0.0	0.0	0.0769231	0.0015	0.0015	0.0	0.0909091	0.0	0.0416667	0.0	0.0	0.0454545	0.0	0.0	0.0	0.0	0.0	0.0	0.0	0.0909091	0.25	0.0	0.0	0.0015	0.0	0.2	0.0	0.0	0.0	0.0	0.0	0.2666667	
Grive musicienne	0.0	0.0	0.0740741	0.1666667	1.0	0.0	0.0555556	0.1428571	0.0015	0.25	0.5	0.2	0.0015	0.0526316	0.05	0.0	0.1818182	0.0833333	0.0769231	0.08	0.0833333	0.5	0.3636364	0.0	0.125	0.0769231	0.0555556	0.0454545	0.0	0.0	0.0	0.0	0.0	0.0	0.125	0.1818182	0.25	0.0	0.0	0.4	0.5	0.4	0.0	0.0	0.0	0.0	0.0	0.0	
Grive mauvis	0.0	0.0	0.0740741	0.0833333	0.0	0.0	0.0	0.0	0.0	0.0	0.0	0.0	0.0	0.0	0.0	0.0	0.0	0.0	0.0	0.0	0.0	0.0	0.0	0.0	0.0	0.0	0.0	0.0	0.0	0.0	0.0	0.0	0.0	0.0	0.0	0.0	0.0015	0.0015	0.0	0.0	0.0	0.0	0.0	0.0	0.0	0.0	0.0	0.1333333	
Merle noir	1.0	1.0	0.4074074	0.25	1.0	0.0	0.5	0.5714286	0.25	0.0	0.3333333	0.4	0.3846154	0.6842105	0.3	0.4090909	0.6363636	0.4166667	0.5384615	0.48	0.5	0.9166667	0.6363636	0.3076923	0.375	0.5384615	0.6111111	0.2727273	0.0909091	0.1	0.2	0.2	0.0	0.3333333	0.25	0.1818182	0.25	1.0	0.0	1.0	0.5	0.4	0.5	0.0	1.0	0.0	0.0	0.5333333	
Grive litorne	0.0	0.0	0.0	0.0	0.0	0.0	0.0	0.0	0.0	0.0	0.0	0.0	0.0015	0.0	0.0	0.0	0.0	0.0	0.0	0.0	0.0	0.0	0.0	0.0	0.0	0.0	0.0	0.0	0.0	0.0	0.0	0.0	0.0	0.0	0.0	0.0	0.0	0.0	0.0	0.0	0.0	0.0	0.0	0.0	0.0	0.0	0.0	0.2	
Turdus sp.	0.0	0.0	0.0	0.0	0.0	0.0	0.0	0.0	0.0015	0.0	0.0	0.0	0.1538462	0.0	0.0	0.0	0.0	0.0	0.0	0.0	0.0	0.0	0.0	0.0	0.0	0.0	0.0	0.0	0.0	0.0	0.0	0.0	0.0	0.0	0.0	0.0	0.0	0.0	0.0	0.0	0.0	0.0	0.0	0.0	0.0	0.0	0.0	0.0	
Gobemouche gris	0.0	0.0	0.0	0.0	0.0	0.0	0.0	0.0	0.0	0.0	0.0	0.0	0.0	0.0	0.0	0.0	0.0	0.0	0.0384615	0.04	0.0	0.0	0.0015	0.0	0.0416667	0.0015	0.2777778	0.2272727	0.0909091	0.1	0.4	0.0	0.0	0.3333333	0.0	0.0	0.0	0.0	0.0	0.0	0.0	0.0	0.0	0.0	0.0	0.0	0.0	0.0	
Rougegorge familier	1.0	1.0	0.2222222	0.25	1.0	0.0015	0.1666667	0.4285714	0.75	0.25	0.5	0.6	0.1538462	0.3157895	0.15	0.2727273	0.5454545	0.1666667	0.1538462	0.24	0.1666667	0.4166667	0.5454545	0.1153846	0.125	0.2307692	0.2222222	0.2272727	0.0909091	0.1	0.4	0.4	0.1666667	0.6666667	0.375	0.4545455	0.5	0.0015	0.0	0.8	0.5	0.8	0.0015	0.0	0.5	0.0	0.0	0.4666667	
Rossignol philomèle	0.0	0.0	0.0	0.0	0.0	0.0	0.0	0.0	0.0	0.0	0.0	0.0	0.0015	0.1052632	0.25	0.0909091	0.0909091	0.2083333	0.2692308	0.32	0.4166667	0.25	0.1818182	0.0384615	0.0833333	0.1538462	0.0555556	0.0	0.0	0.1	0.0	0.0	0.0	0.0	0.0	0.0	0.0	0.0	0.0	0.0	0.0	0.0	0.0	0.0	0.0	0.0	0.0	0.0	
Gobemouche noir	0.0	0.0	0.0	0.0	0.0	0.0	0.0	0.0	0.0	0.0	0.0	0.0	0.0	0.0	0.0	0.0	0.0	0.0	0.0384615	0.0	0.0	0.0	0.0	0.0384615	0.0	0.0	0.0	0.0	0.0	0.1	0.2	0.2	0.5	0.3333333	0.125	0.0	0.0	0.0	0.0	0.0	0.0	0.0	0.0	0.0	0.0	0.0	0.0	0.0	
Rougequeue à front blanc	0.0	0.0	0.0	0.0	0.0	0.0	0.0	0.0	0.0	0.0	0.0	0.0	0.0	0.1578947	0.15	0.0454545	0.0015	0.0416667	0.1153846	0.12	0.0833333	0.0	0.0	0.0769231	0.0416667	0.0384615	0.0555556	0.0015	0.0	0.1	0.2	0.0	0.0	0.0	0.0	0.0	0.0	0.0	0.0	0.0	0.0	0.0	0.0	0.0	0.0	0.0	0.0	0.0	
Rougequeue noir	0.0	0.0	0.037037	0.0	0.0	0.0	0.0	0.0	0.0	0.0	0.1666667	0.0015	0.2307692	0.3157895	0.15	0.0454545	0.1818182	0.0416667	0.1538462	0.24	0.4166667	0.0833333	0.3636364	0.0769231	0.25	0.2692308	0.2222222	0.1363636	0.0	0.0	0.1	0.0015	0.0	0.3333333	0.125	0.0909091	0.5	0.0	0.0	0.2	0.5	0.0	0.0	0.0	0.0	0.0	0.0	0.1333333	
Tarier des prés	0.0	0.0	0.0	0.0	0.0	0.0	0.0	0.0	0.0	0.0	0.0	0.0	0.0	0.0	0.05	0.0454545	0.0015	0.0	0.0	0.0	0.0	0.0	0.0	0.0	0.0	0.0	0.0	0.0	0.0	0.1	0.0	0.0	0.1666667	0.0	0.0	0.0	0.0	0.0	0.0	0.0	0.0	0.0	0.0	0.0	0.0	0.0	0.0	0.0	
Tarier pâtre	0.0	0.0	0.0	0.0833333	0.0	0.0	0.0	0.0	0.0	0.0	0.0	0.0	0.0	0.0526316	0.0	0.0909091	0.0909091	0.0833333	0.2307692	0.0	0.0833333	0.0833333	0.0909091	0.0384615	0.0416667	0.0384615	0.1666667	0.1363636	0.0	0.0	0.0	0.0	0.1666667	0.0	0.0	0.0	0.0	0.0	0.0	0.0	0.0	0.0	0.0	0.0	0.0	0.0	0.0	0.0	
Traquet motteux	0.0	0.0	0.0	0.0	0.0	0.0	0.0	0.0	0.0	0.0	0.0	0.0	0.0	0.0	0.05	0.0909091	0.0	0.0	0.0	0.0	0.0	0.0	0.0	0.0	0.0	0.0	0.0	0.0	0.0	0.0	0.0	0.0	0.1666667	0.0	0.0	0.0	0.0	0.0015	0.0	0.0	0.0	0.0	0.0	0.0	0.0	0.0	0.0	0.0	
Accenteur mouchet	0.3333333	0.0	0.037037	0.0833333	0.0	0.0	0.0	0.1428571	0.0	0.0	0.0	0.0	0.0769231	0.0015	0.05	0.0	0.0015	0.0	0.0384615	0.04	0.0833333	0.0	0.0	0.0	0.0	0.0384615	0.0	0.0	0.0	0.0	0.0	0.0	0.0	0.3333333	0.0	0.0909091	0.25	0.0	0.0	0.2	0.0015	0.6	0.0	0.0	0.0	0.0	0.0	0.0666667	
Moineau domestique	0.3333333	0.0	0.2592593	0.1666667	0.0	0.0	0.3333333	0.4285714	0.75	0.0	0.1666667	0.1	0.3076923	0.3157895	0.2	0.2727273	0.4545455	0.4583333	0.3076923	0.32	0.5833333	0.4166667	0.4545455	0.1538462	0.5	0.5769231	0.5555556	0.3181818	0.1818182	0.4	0.3	0.2	0.1666667	0.6666667	0.125	0.0909091	0.25	0.0	0.0	0.6	0.5	0.6	0.0	0.0	0.5	0.0	0.0	0.3333333	
Bergeronnette des ruisseaux	0.3333333	0.0	0.037037	0.0	0.0	0.0	0.0555556	0.0	0.0	0.0015	0.0	0.1	0.1538462	0.1052632	0.0	0.0	0.0	0.0	0.0769231	0.04	0.0833333	0.0	0.0015	0.0	0.0833333	0.1153846	0.0555556	0.0909091	0.1818182	0.2	0.2	0.4	0.0	0.0	0.125	0.0	0.25	0.0	0.0	0.2	0.0	0.4	0.0	0.0	0.0	0.0	0.0	0.0	
Bergeronnette printanière	0.0	0.0	0.0	0.0	0.0	0.0	0.0	0.0	0.0	0.0	0.0	0.0	0.0769231	0.0526316	0.2	0.2272727	0.0	0.0	0.2307692	0.24	0.0833333	0.0	0.0	0.0769231	0.0	0.0	0.0555556	0.0454545	0.0909091	0.1	0.0	0.2	0.1666667	0.0	0.0	0.0	0.0	0.0	0.0	0.0	0.0	0.0	0.0	0.0	0.0	0.0	0.0	0.0	
Bergeronnette grise	0.3333333	0.0	0.037037	0.0833333	0.0	0.0	0.0	0.1428571	0.25	0.25	0.1666667	0.0	0.2307692	0.1578947	0.1	0.1818182	0.1818182	0.2083333	0.2692308	0.2	0.5	0.0833333	0.0909091	0.1153846	0.1666667	0.3076923	0.3333333	0.2727273	0.3636364	0.1	0.3	0.2	0.3333333	0.6666667	0.25	0.0909091	0.25	0.0	0.0	0.2	0.0	0.4	0.0	0.0	0.0	0.0	0.0	0.0	
bergeronette sp.	0.0	0.0	0.0	0.0	0.0	0.0	0.0	0.0	0.0	0.0	0.0	0.0	0.0	0.0	0.0	0.0	0.0	0.0	0.0	0.0	0.0	0.0	0.0	0.0	0.0	0.0	0.0	0.0	0.0	0.1	0.0	0.0	0.0	0.0	0.0	0.0	0.0	0.0	0.0	0.0	0.0	0.0	0.0	0.0	0.0	0.0	0.0	0.0	
Pipit farlouse	0.0	0.0	0.1111111	0.1666667	0.0	0.0	0.0	0.0	0.0	0.0	0.1666667	0.0015	0.0	0.0015	0.05	0.0	0.0	0.0	0.0	0.0	0.0	0.0	0.0	0.0	0.0	0.0	0.0	0.0	0.0	0.0	0.0	0.0	0.0	0.0	0.0	0.1818182	0.25	0.0	0.0	0.4	0.0	0.4	0.0	0.0	0.0	0.0	0.0	0.0666667	
Pipit des arbres	0.0	0.0	0.0	0.0	0.0	0.0	0.0	0.0	0.0	0.0	0.0	0.0	0.0	0.0015	0.0	0.0454545	0.0	0.0416667	0.0	0.04	0.0	0.0	0.0015	0.0384615	0.0	0.0	0.0	0.0	0.0	0.0	0.0	0.0	0.5	0.0	0.0	0.0909091	0.0	0.0	0.0	0.0	0.0	0.0	0.0	0.0	0.0	0.0	0.0	0.0	
Pipit spioncelle	0.0	0.0	0.0	0.0	0.0	0.0	0.0	0.0	0.0	0.0015	0.0	0.0	0.0	0.0	0.0	0.0	0.0	0.0	0.0	0.0	0.0	0.0	0.0	0.0	0.0	0.0	0.0	0.0	0.0	0.0	0.0	0.0	0.0	0.0	0.0	0.0	0.0	0.0	0.0	0.4	0.0	0.0	0.0	0.0	0.0	0.0	0.0	0.0	
Pinson des arbres	0.3333333	0.0015	0.2222222	0.25	1.0	0.5	0.2777778	0.5714286	0.25	0.25	0.5	0.4	0.4615385	0.8421053	0.4	0.4545455	0.5454545	0.3333333	0.5	0.52	0.5	0.8333333	0.6363636	0.2692308	0.625	0.5	0.4444444	0.2727273	0.0909091	0.1	0.5	0.0	0.3333333	0.6666667	0.25	0.4545455	0.75	0.0	0.0	0.8	0.5	0.6	0.0	0.0	1.0	0.0015	0.0	0.4666667	
Pinson du Nord	0.0	0.0	0.037037	0.0	0.0	0.0	0.0	0.0	0.0	0.0	0.0	0.0	0.0	0.0	0.0	0.0	0.0	0.0	0.0	0.0	0.0	0.0	0.0	0.0	0.0	0.0	0.0	0.0	0.0	0.0	0.0	0.0	0.0	0.0	0.0	0.0	0.0	0.0	0.0	0.4	0.0015	0.0	0.0	0.0	0.0	0.0	0.0	0.0	
Grosbec casse-noyaux	0.3333333	0.0	0.1111111	0.0	0.0	0.0	0.1666667	0.4285714	0.0	0.0015	0.0	0.0	0.0	0.0526316	0.0	0.0	0.0	0.0416667	0.0769231	0.0015	0.0	0.0	0.0909091	0.0	0.125	0.0384615	0.1666667	0.0	0.0	0.0	0.0	0.0	0.0	0.0	0.0	0.0	0.0015	0.0	0.0	0.4	0.0	0.0	0.0	0.0	0.0	0.0	0.0	0.0	
Bouvreuil pivoine	0.0	0.0	0.0	0.0	0.0	0.0	0.0	0.0	0.0	0.0	0.0	0.0	0.0	0.0	0.0	0.0	0.0015	0.0015	0.0	0.0	0.0015	0.0	0.0	0.0	0.0416667	0.0	0.0	0.0	0.0	0.0	0.0	0.0	0.0	0.0	0.0	0.0	0.0	0.0	0.0	0.0	0.0	0.0	0.0	0.0	0.0	0.0	0.0	0.0015	
Verdier d'Europe	0.0	0.0015	0.037037	0.0	0.0	0.0015	0.0555556	0.1428571	0.25	0.0	0.0	0.0	0.0769231	0.1052632	0.05	0.0454545	0.0909091	0.0	0.1923077	0.08	0.1666667	0.1666667	0.1818182	0.1538462	0.125	0.1538462	0.1666667	0.1363636	0.0	0.2	0.1	0.0	0.0	0.0	0.125	0.0	0.0	0.0	0.0	0.4	0.0	0.0	0.0	0.0	0.0	0.0	0.0	0.0	
Linotte mélodieuse	0.0	0.0	0.0740741	0.1666667	0.0	0.5	0.0	0.0	0.0	0.0	0.0	0.0	0.1538462	0.0015	0.15	0.0909091	0.0015	0.0833333	0.1923077	0.08	0.0015	0.0833333	0.0909091	0.1153846	0.0833333	0.1153846	0.0015	0.1363636	0.0	0.0	0.0	0.0	0.1666667	0.0	0.0	0.3636364	0.25	0.0	0.0	0.2	0.0	0.2	0.0	0.0	0.0	0.0	0.0	0.0	
Bec-croisé des sapins	0.0	0.0	0.0	0.0	0.0	0.0	0.0555556	0.0	0.0	0.0	0.0	0.0	0.0	0.0	0.0	0.0	0.0	0.0	0.0	0.0	0.0	0.0	0.0	0.0	0.0	0.0	0.0	0.0454545	0.0	0.0	0.0	0.0	0.0	0.0	0.0	0.0	0.0015	0.0	0.0	0.0015	0.0	0.0	0.0	0.0	0.0	0.0	0.0	0.0	
Chardonneret élégant	0.0	0.0	0.0740741	0.0	0.0	0.0	0.0	0.1428571	0.0	0.0	0.1666667	0.0	0.1538462	0.1052632	0.05	0.1363636	0.1818182	0.125	0.0769231	0.16	0.25	0.0833333	0.0015	0.1153846	0.375	0.3076923	0.2777778	0.0909091	0.1818182	0.2	0.0	0.0	0.0	0.3333333	0.0	0.0909091	0.0	0.0	0.0	0.4	0.0	0.4	0.0	0.0	0.0	0.0	0.0	0.0666667	
Serin cini	0.0	0.0	0.0	0.0	0.0	0.0	0.0	0.0	0.0	0.0	0.0	0.0	0.0	0.0526316	0.0	0.0	0.0015	0.0	0.0384615	0.12	0.1666667	0.0833333	0.0	0.0384615	0.125	0.0384615	0.1111111	0.0909091	0.0	0.0015	0.0	0.0	0.0	0.0	0.0	0.0909091	0.0	0.0	0.0	0.0	0.0	0.0	0.0	0.0	0.0	0.0	0.0	0.0	
Tarin des aulnes	0.0	0.0	0.037037	0.0	1.0	0.0	0.0	0.1428571	0.0015	0.0015	0.0	0.0	0.0	0.0526316	0.0	0.0	0.0	0.0	0.0	0.0	0.0	0.0	0.0	0.0	0.0	0.0	0.0	0.0	0.0	0.0	0.0	0.0	0.0	0.0	0.0	0.0909091	0.0	0.0	0.0	0.2	0.0015	0.2	0.0015	0.0	0.0	0.0	0.0	0.1333333	
Bruant proyer	0.0	0.0	0.0740741	0.0833333	0.0	0.5	0.0	0.0	0.0	0.25	0.3333333	0.2	0.0769231	0.0015	0.25	0.2727273	0.0	0.0	0.3076923	0.24	0.1666667	0.0833333	0.0909091	0.3076923	0.0416667	0.0	0.0555556	0.0454545	0.0	0.0	0.0	0.0	0.0	0.0	0.0	0.0909091	0.0	0.0	0.0	0.0	0.0	0.0	0.0	0.0	0.0	0.0	0.0	0.0	
Bruant zizi	0.0	0.0	0.037037	0.0	0.0	0.5	0.0555556	0.1428571	0.0	0.0	0.0	0.1	0.1538462	0.1052632	0.15	0.0	0.0	0.0	0.1923077	0.0	0.1666667	0.0833333	0.0909091	0.0	0.0833333	0.0	0.2222222	0.0909091	0.0	0.0	0.0	0.0	0.0	0.0	0.0	0.1818182	0.0	0.0	0.0	0.4	0.5	0.4	0.0	0.0	0.5	0.0	0.0	0.0	
Bruant jaune	0.0	0.0	0.0	0.0833333	0.0	0.5	0.0	0.1428571	0.0	0.0	0.0	0.1	0.0769231	0.0015	0.05	0.0454545	0.0	0.0416667	0.0	0.04	0.0	0.0	0.0909091	0.0015	0.0416667	0.0	0.1111111	0.0454545	0.0015	0.0	0.0	0.0	0.0	0.0	0.0	0.0	0.25	0.0	0.0	0.0	0.0	0.0	0.0	0.0	0.0	0.0	0.0	0.0	
Bruant des roseaux	0.0	0.0015	0.037037	0.3333333	0.0	0.0	0.0	0.0	0.0	0.0	0.0	0.0	0.0	0.0	0.0	0.0	0.0	0.0	0.0	0.0	0.0	0.0	0.0	0.0	0.0	0.0	0.0	0.0	0.0	0.0	0.0	0.0	0.0	0.0	0.0	0.0	0.0	0.0	0.0	0.0015	0.0	0.2	0.0	0.0	0.0	0.0	0.0	0.0	

