









Frequency of observations in the selected location(s).:
Number of taxa: 	271

	Jan				Feb				Mar				Apr				May				Jun				Jul				Aug				Sep				Oct				Nov				Dec				
Sample Size:	27.0	25.0	25.0	25.0	37.0	29.0	45.0	67.0	38.0	36.0	19.0	47.0	38.0	60.0	60.0	85.0	85.0	110.0	66.0	126.0	81.0	112.0	87.0	93.0	62.0	98.0	67.0	89.0	16.0	16.0	33.0	48.0	33.0	39.0	57.0	64.0	33.0	55.0	49.0	65.0	45.0	38.0	38.0	43.0	13.0	13.0	10.0	54.0	

Cygne tuberculé	0.2222222	0.08	0.04	0.04	0.027027	0.0344828	0.0444444	0.0298507	0.0526316	0.0277778	0.1052632	0.0212766	0.0526316	0.0666667	0.0166667	0.0117647	0.0	0.0272727	0.030303	0.031746	0.0493827	0.0178571	0.0114943	0.0322581	0.0322581	0.0102041	0.0	0.0	0.0	0.0	0.0	0.0416667	0.0	0.0512821	0.0	0.03125	0.0	0.0181818	0.0	0.0615385	0.0	0.0	0.0263158	0.0015	0.0	0.0	0.0	0.1666667	
Ouette d'Égypte	0.0	0.0	0.0	0.0	0.0	0.0	0.0	0.0	0.0	0.0	0.0	0.0015	0.0	0.0	0.0	0.0	0.0	0.0	0.0	0.0	0.0	0.0	0.0	0.0	0.0	0.0	0.0	0.0	0.0	0.0	0.0	0.0	0.0	0.0	0.0	0.0	0.0	0.0	0.0	0.0	0.0	0.0	0.0	0.0	0.0	0.0	0.0	0.0	
Tadorne de Belon	0.0	0.0	0.0	0.0	0.0	0.0	0.0	0.0	0.0	0.0015	0.0	0.0	0.0	0.0	0.0	0.0	0.0	0.0	0.0	0.0	0.0	0.0	0.0	0.0	0.0	0.0	0.0	0.0	0.0	0.0	0.0	0.0	0.0	0.0	0.0	0.0	0.0	0.0	0.0	0.0	0.0	0.0	0.0	0.0	0.0	0.0	0.0	0.0185185	
Canard musqué	0.0	0.0	0.04	0.0	0.0	0.0	0.0	0.0	0.0	0.0	0.0	0.0	0.0	0.0	0.0	0.0	0.0	0.0	0.0	0.0	0.0	0.0	0.0	0.0	0.0	0.0	0.0	0.0	0.0	0.0	0.0	0.0	0.0	0.0	0.0	0.0	0.0	0.0	0.0015	0.0	0.0	0.0	0.0	0.0	0.0	0.0	0.0	0.0	
Canard mandarin	0.0	0.0	0.04	0.0	0.0	0.0	0.0	0.0	0.0	0.0	0.0	0.0	0.0	0.0	0.0	0.0015	0.0	0.0	0.0	0.0	0.0	0.0	0.0	0.0	0.0	0.0	0.0	0.0	0.0	0.0	0.0	0.0	0.0	0.0	0.0	0.0	0.0	0.0	0.0	0.0	0.0	0.0	0.0	0.0	0.0	0.0	0.0	0.037037	
Sarcelle d'été	0.0	0.0	0.0	0.0	0.0	0.0	0.0	0.0	0.0263158	0.0277778	0.0	0.0	0.0263158	0.0	0.0	0.0	0.0	0.0	0.0	0.0	0.0	0.0	0.0	0.0	0.0	0.0	0.0	0.0	0.0	0.0	0.0	0.0	0.0	0.0	0.0	0.0	0.0	0.0	0.0	0.0	0.0	0.0	0.0	0.0	0.0	0.0	0.0	0.0	
Canard souchet	0.0	0.0	0.0	0.0	0.0	0.0	0.0	0.0149254	0.0	0.0	0.0	0.0	0.0263158	0.0	0.0166667	0.0	0.0	0.0	0.0	0.0	0.0123457	0.0	0.0	0.0	0.0	0.0	0.0	0.0	0.0	0.0	0.0	0.0	0.0	0.025641	0.0	0.0	0.0	0.0	0.0	0.0	0.0	0.0	0.0	0.0015	0.0	0.0	0.0	0.0555556	
Canard chipeau	0.0	0.0	0.0015	0.0	0.027027	0.0	0.0	0.0	0.0789474	0.0277778	0.0	0.0	0.0	0.0	0.0	0.0	0.0	0.0	0.0	0.0	0.0	0.0	0.0	0.0	0.0	0.0	0.0	0.0	0.0	0.0	0.0	0.0	0.0	0.0	0.0	0.0	0.0	0.0015	0.0015	0.0	0.0	0.0	0.0	0.0	0.0	0.0	0.0	0.037037	
Canard siffleur	0.0	0.0	0.04	0.0	0.0	0.0344828	0.0	0.0	0.0	0.0	0.0526316	0.0	0.0263158	0.0	0.0	0.0	0.0	0.0	0.0	0.0	0.0	0.0	0.0	0.0	0.0	0.0	0.0	0.0	0.0	0.0	0.0	0.0	0.0	0.0	0.0	0.0	0.0015	0.0	0.0	0.0	0.0	0.0	0.0	0.0015	0.0	0.0	0.0	0.0740741	
Canard colvert	0.5185185	0.44	0.24	0.16	0.1621622	0.3103448	0.1555556	0.1492537	0.2631579	0.1666667	0.3157895	0.1489362	0.2105263	0.2	0.1	0.1529412	0.0941176	0.1181818	0.1363636	0.0793651	0.0617284	0.0178571	0.045977	0.0967742	0.1935484	0.0612245	0.0597015	0.0674157	0.0015	0.0625	0.030303	0.0833333	0.030303	0.2051282	0.1754386	0.140625	0.0909091	0.1090909	0.0612245	0.1230769	0.1111111	0.1052632	0.0526316	0.0930233	0.0769231	0.0769231	0.0	0.2777778	
Canard pilet	0.0	0.0	0.0	0.0	0.0	0.0344828	0.0	0.0	0.0	0.0	0.0	0.0	0.0263158	0.0	0.0	0.0	0.0	0.0	0.0	0.0	0.0	0.0	0.0	0.0	0.0	0.0	0.0	0.0	0.0	0.0	0.0	0.0	0.0	0.0	0.0	0.0	0.0	0.0	0.0	0.0	0.0	0.0	0.0	0.0	0.0	0.0	0.0	0.0740741	
Sarcelle d'hiver	0.2592593	0.04	0.12	0.08	0.0540541	0.1034483	0.0666667	0.0597015	0.0789474	0.0555556	0.0526316	0.0425532	0.0263158	0.05	0.0	0.0	0.0	0.0	0.0	0.0	0.0	0.0	0.0	0.0	0.016129	0.0	0.0	0.0	0.0	0.0	0.0	0.0208333	0.0	0.0	0.0350877	0.0	0.0	0.0181818	0.0	0.0153846	0.0222222	0.0	0.0263158	0.0465116	0.0	0.0769231	0.0	0.1481481	
anatidé sp. (canard barboteur sp.)	0.0	0.0	0.0	0.0	0.0	0.0	0.0	0.0	0.0	0.0	0.0	0.0	0.0	0.0	0.0	0.0117647	0.0	0.0	0.0	0.0	0.0	0.0	0.0	0.0	0.0	0.0	0.0	0.0	0.0	0.0	0.0	0.0	0.0	0.0	0.0	0.0	0.0	0.0	0.0	0.0	0.0	0.0	0.0	0.0	0.0	0.0	0.0	0.0	
Nette rousse	0.0	0.04	0.0	0.0	0.0540541	0.0344828	0.0	0.0	0.0	0.0	0.0	0.0212766	0.0526316	0.0333333	0.0333333	0.0588235	0.0117647	0.0090909	0.0	0.0	0.0	0.0015	0.0	0.0	0.0	0.0	0.0	0.0	0.0	0.0	0.0	0.0	0.0	0.0	0.0	0.0	0.0	0.0	0.0	0.0	0.0	0.0	0.0	0.0	0.0	0.0	0.0	0.0	
Fuligule milouin	0.4074074	0.16	0.2	0.04	0.0540541	0.0689655	0.0222222	0.0149254	0.0	0.0	0.0	0.0	0.0	0.0	0.0	0.0	0.0117647	0.0	0.0	0.0	0.0	0.0	0.0	0.0	0.016129	0.0	0.0	0.0	0.0	0.0	0.0	0.0208333	0.0	0.0	0.0526316	0.0	0.0	0.0545455	0.0408163	0.0	0.0222222	0.0263158	0.0	0.0465116	0.0	0.0769231	0.0	0.1296296	
Fuligule nyroca	0.0	0.04	0.04	0.0	0.027027	0.0	0.0	0.0	0.0	0.0	0.0	0.0	0.0	0.0	0.0	0.0	0.0	0.0	0.0151515	0.0	0.0	0.0	0.0	0.0	0.0	0.0	0.0	0.0	0.0	0.0	0.0	0.0	0.0	0.0	0.0175439	0.0	0.0	0.0	0.0	0.0	0.0	0.0	0.0	0.0	0.0	0.0015	0.0	0.0	
Hybride Fuligule milouin x F. nyroca	0.0	0.0	0.04	0.0	0.0	0.0	0.0	0.0	0.0	0.0	0.0	0.0	0.0	0.0	0.0	0.0	0.0	0.0	0.0	0.0	0.0	0.0	0.0	0.0	0.0	0.0	0.0	0.0	0.0	0.0	0.0	0.0	0.0	0.0	0.0	0.0	0.0	0.0	0.0	0.0	0.0	0.0	0.0	0.0	0.0	0.0	0.0	0.0	
Fuligule morillon	0.3333333	0.12	0.16	0.0	0.027027	0.0344828	0.0	0.0149254	0.0	0.0277778	0.0526316	0.0212766	0.0015	0.0166667	0.0	0.0117647	0.0	0.0181818	0.0454545	0.0079365	0.0	0.0	0.0	0.0215054	0.0	0.0	0.0	0.011236	0.0	0.0	0.030303	0.0	0.0	0.0015	0.0175439	0.0	0.0	0.0015	0.0	0.0	0.0	0.0263158	0.0	0.0015	0.0	0.0769231	0.0	0.1296296	
Garrot à oeil d'or	0.0	0.0	0.0	0.0	0.0	0.0	0.0	0.0015	0.0	0.0	0.0	0.0	0.0	0.0	0.0	0.0	0.0	0.0	0.0	0.0	0.0	0.0	0.0	0.0	0.0	0.0	0.0	0.0	0.0	0.0	0.0	0.0	0.0	0.0	0.0	0.0	0.0	0.0	0.0	0.0	0.0	0.0	0.0	0.0	0.0	0.0	0.0	0.0	
Harle bièvre	0.0	0.0	0.0	0.0	0.0	0.0	0.0	0.0	0.0015	0.0	0.0	0.0	0.0	0.0166667	0.0	0.0	0.0	0.0	0.0	0.0	0.0	0.0	0.0	0.0	0.0	0.0	0.0	0.0	0.0	0.0	0.0	0.0	0.0	0.0	0.0	0.0	0.0	0.0	0.0	0.0	0.0	0.0	0.0	0.0	0.0	0.0	0.0	0.0	
Gélinotte des bois	0.0	0.0	0.0	0.0	0.0	0.0	0.0	0.0	0.0	0.0833333	0.0	0.0212766	0.0	0.0015	0.0015	0.0	0.0117647	0.0	0.0	0.0079365	0.0	0.0	0.0	0.0	0.0	0.0	0.0	0.0	0.0	0.0	0.0	0.0	0.0	0.0	0.0	0.0	0.0	0.0	0.0	0.0	0.0	0.0	0.0	0.0	0.0	0.0	0.0	0.0	
Lagopède alpin	0.0015	0.0	0.0	0.0	0.0	0.0	0.0	0.0	0.0263158	0.0	0.0	0.0	0.0	0.0	0.0	0.0	0.0	0.0	0.0	0.0	0.0123457	0.0178571	0.0	0.0	0.0	0.0102041	0.0298507	0.0	0.0	0.0	0.0	0.0	0.0	0.0	0.0	0.0	0.0	0.0	0.0	0.0	0.0	0.0	0.0	0.0	0.0	0.0	0.0	0.0	
Tétras lyre	0.0	0.0	0.0	0.0	0.0	0.0	0.0	0.0	0.0	0.0	0.0	0.0	0.0	0.0	0.0	0.0	0.0117647	0.0363636	0.0015	0.015873	0.0123457	0.0267857	0.0015	0.0	0.0	0.0	0.0	0.0	0.0	0.0	0.0	0.0	0.0	0.0	0.0175439	0.0015	0.0	0.0	0.0	0.0	0.0	0.0015	0.0	0.0015	0.0	0.0	0.0	0.0	
Faisan de Colchide	0.0	0.0	0.04	0.0	0.027027	0.0	0.0222222	0.0298507	0.0	0.0277778	0.0	0.0	0.0263158	0.0333333	0.0	0.0117647	0.0235294	0.0181818	0.0151515	0.0015	0.0123457	0.0178571	0.0229885	0.0215054	0.0	0.0306122	0.0	0.0	0.0	0.0	0.0	0.0	0.0	0.0	0.0175439	0.0015	0.0015	0.0	0.0204082	0.0	0.0015	0.0263158	0.0263158	0.0	0.0	0.0	0.0	0.0	
Caille des blés	0.0	0.0	0.0	0.0	0.0	0.0	0.0	0.0	0.0	0.0	0.0	0.0	0.0263158	0.0	0.05	0.0235294	0.0235294	0.0272727	0.0757576	0.047619	0.037037	0.1339286	0.091954	0.0645161	0.0806452	0.0816327	0.0895522	0.0337079	0.0	0.0	0.0	0.0	0.0	0.0	0.0	0.0	0.0	0.0	0.0	0.0	0.0	0.0	0.0	0.0	0.0	0.0	0.0	0.0	
Perdrix rouge	0.0	0.0	0.0	0.0	0.027027	0.0	0.0	0.0149254	0.0	0.0	0.0	0.0425532	0.0526316	0.0166667	0.0	0.0117647	0.0235294	0.0181818	0.030303	0.0396825	0.0123457	0.0535714	0.0114943	0.0107527	0.0015	0.0102041	0.0298507	0.0	0.0	0.0	0.0015	0.0416667	0.0	0.0	0.0	0.03125	0.0	0.0181818	0.0015	0.0307692	0.0	0.0	0.0	0.0	0.0	0.0769231	0.0	0.0185185	
Perdrix bartavelle	0.0	0.0	0.0	0.0	0.0	0.0	0.0	0.0	0.0	0.0	0.0	0.0	0.0	0.0	0.0	0.0	0.0	0.0	0.0015	0.0	0.0	0.0357143	0.0114943	0.0	0.016129	0.0	0.0298507	0.011236	0.0	0.0	0.0	0.0416667	0.0	0.0	0.0175439	0.0	0.0	0.0	0.0	0.0	0.0	0.0	0.0	0.0	0.0	0.0	0.0	0.0	
Pigeon biset	0.0740741	0.04	0.16	0.28	0.0810811	0.2068966	0.1111111	0.119403	0.1315789	0.1944444	0.1578947	0.1489362	0.2105263	0.2333333	0.05	0.1647059	0.1764706	0.2090909	0.1212121	0.1984127	0.1358025	0.1160714	0.1034483	0.1612903	0.1935484	0.1734694	0.119403	0.1011236	0.25	0.3125	0.030303	0.3125	0.2424242	0.3076923	0.2631579	0.265625	0.4242424	0.4	0.2857143	0.4	0.3555556	0.2368421	0.3947368	0.3255814	0.2307692	0.0	0.3	0.2407407	
Pigeon ramier	0.0740741	0.0015	0.12	0.04	0.1081081	0.137931	0.2222222	0.1343284	0.2631579	0.1666667	0.3684211	0.1914894	0.2368421	0.2666667	0.2833333	0.2470588	0.2588235	0.2454545	0.1969697	0.2539683	0.1604938	0.3839286	0.3448276	0.2043011	0.2580645	0.244898	0.2089552	0.1348315	0.375	0.1875	0.1212121	0.2291667	0.0606061	0.1025641	0.0350877	0.0625	0.0	0.2	0.0408163	0.0461538	0.0	0.0263158	0.0	0.0	0.0769231	0.0769231	0.0	0.0185185	
Tourterelle des bois	0.0	0.0	0.0	0.0	0.0	0.0	0.0	0.0	0.0	0.0	0.0	0.0	0.0	0.0	0.0	0.0470588	0.0588235	0.0818182	0.030303	0.1190476	0.0987654	0.2232143	0.1724138	0.1612903	0.1451613	0.1326531	0.0447761	0.0449438	0.0625	0.0015	0.0606061	0.0416667	0.0015	0.0	0.0	0.0	0.0	0.0	0.0	0.0	0.0	0.0	0.0	0.0	0.0	0.0	0.0	0.0	
Tourterelle turque	0.2962963	0.16	0.16	0.32	0.2972973	0.2068966	0.2	0.2537313	0.1315789	0.2222222	0.1052632	0.1702128	0.1842105	0.2333333	0.3166667	0.3411765	0.2941176	0.3	0.1060606	0.2539683	0.2839506	0.3571429	0.3563218	0.311828	0.2419355	0.255102	0.1641791	0.2022472	0.3125	0.3125	0.2424242	0.2083333	0.3939394	0.3589744	0.3333333	0.234375	0.3030303	0.1818182	0.122449	0.3230769	0.3555556	0.3157895	0.4473684	0.4883721	0.3076923	0.1538462	0.5	0.0925926	
Outarde canepetière	0.0	0.0	0.0	0.0	0.0	0.0	0.0	0.0	0.0	0.0	0.0	0.0	0.0	0.0	0.0	0.0	0.0	0.0090909	0.0	0.0079365	0.0	0.0357143	0.0114943	0.0107527	0.0	0.0	0.0	0.0	0.0	0.0	0.0	0.0	0.0	0.0	0.0	0.0	0.0	0.0	0.0	0.0	0.0	0.0	0.0	0.0	0.0	0.0	0.0	0.0	
Coucou gris	0.0	0.0	0.0	0.0	0.0	0.0	0.0	0.0	0.0	0.0	0.0	0.0425532	0.1578947	0.2166667	0.3833333	0.3529412	0.3529412	0.2090909	0.3181818	0.3095238	0.2592593	0.2410714	0.3103448	0.1290323	0.0645161	0.0408163	0.0447761	0.0	0.0015	0.0	0.0	0.0208333	0.0	0.0	0.0175439	0.0	0.0	0.0	0.0	0.0	0.0	0.0	0.0	0.0	0.0	0.0	0.0	0.0	
Engoulevent d'Europe	0.0	0.0	0.0	0.0	0.0	0.0	0.0	0.0	0.0	0.0	0.0	0.0	0.0	0.0	0.0	0.0	0.0117647	0.0090909	0.0015	0.0079365	0.0493827	0.0089286	0.0229885	0.0107527	0.0483871	0.0306122	0.0149254	0.0337079	0.0	0.0015	0.0	0.0	0.0	0.0	0.0	0.0	0.0	0.0	0.0	0.0	0.0	0.0	0.0	0.0	0.0	0.0	0.0	0.0	
Martinet à ventre blanc	0.0	0.0	0.0	0.0	0.0	0.0	0.0	0.0	0.0015	0.0	0.0	0.0425532	0.1315789	0.05	0.0666667	0.0588235	0.0823529	0.1181818	0.0454545	0.1111111	0.0864198	0.0982143	0.045977	0.0215054	0.0806452	0.0918367	0.1044776	0.0786517	0.25	0.0625	0.1212121	0.0208333	0.030303	0.0	0.0015	0.0	0.0	0.0	0.0	0.0	0.0	0.0	0.0	0.0	0.0	0.0	0.0	0.0	
Martinet noir	0.0	0.0	0.0	0.0	0.0	0.0	0.0	0.0	0.0	0.0	0.0	0.0212766	0.0	0.0666667	0.1	0.2	0.2352941	0.3818182	0.1060606	0.3095238	0.2345679	0.3125	0.4022989	0.3763441	0.4193548	0.4285714	0.3283582	0.2022472	0.1875	0.0625	0.0606061	0.0015	0.0	0.0	0.0	0.0	0.0	0.0	0.0	0.0	0.0	0.0	0.0	0.0	0.0	0.0	0.0	0.0	
Martinet noir ou M. pâle	0.0	0.0	0.0	0.0	0.0	0.0	0.0	0.0	0.0	0.0	0.0	0.0	0.0	0.0	0.0	0.0	0.0	0.0	0.0	0.0079365	0.0	0.0	0.0	0.0107527	0.0	0.0	0.0149254	0.0	0.0	0.0015	0.030303	0.0	0.0	0.0	0.0	0.0	0.0	0.0	0.0	0.0	0.0	0.0	0.0	0.0	0.0	0.0	0.0	0.0	
Apus ou Tachymarptis sp.	0.0	0.0	0.0	0.0	0.0	0.0	0.0	0.0	0.0	0.0	0.0	0.0	0.0	0.0	0.0	0.0	0.0	0.0	0.0	0.0	0.0	0.0	0.0	0.0	0.0	0.0	0.0	0.0	0.0	0.0	0.0015	0.0	0.0	0.0	0.0	0.0	0.0	0.0	0.0	0.0	0.0	0.0	0.0	0.0	0.0	0.0	0.0	0.0	
apodidé sp.	0.0	0.0	0.0	0.0	0.0	0.0	0.0	0.0	0.0	0.0	0.0	0.0	0.0	0.0	0.0	0.0	0.0	0.0	0.0	0.0	0.0	0.0	0.0	0.0107527	0.0	0.0	0.0149254	0.0	0.0	0.0	0.0	0.0	0.0	0.0	0.0	0.0	0.0	0.0	0.0	0.0	0.0	0.0	0.0	0.0	0.0	0.0	0.0	0.0	
Râle d'eau	0.0	0.0	0.0	0.0015	0.0540541	0.0	0.0015	0.0	0.0	0.0555556	0.0	0.0212766	0.0263158	0.0333333	0.0	0.0	0.0	0.0	0.0	0.0	0.0123457	0.0	0.0	0.0215054	0.0	0.0	0.0	0.0015	0.0	0.0	0.0	0.0	0.0	0.0	0.0350877	0.0	0.0	0.0181818	0.0	0.0153846	0.0222222	0.0	0.0	0.0015	0.0	0.0	0.0	0.037037	
Râle des genêts	0.0	0.0	0.0	0.0	0.0	0.0	0.0	0.0	0.0	0.0	0.0	0.0	0.0	0.0	0.0	0.0	0.0117647	0.0	0.0	0.0	0.0	0.0	0.0015	0.0	0.0	0.0	0.0	0.0	0.0	0.0	0.0	0.0	0.0	0.0	0.0	0.0	0.0	0.0	0.0	0.0	0.0	0.0	0.0	0.0	0.0	0.0	0.0	0.0	
Gallinule poule-d'eau	0.1481481	0.04	0.04	0.04	0.0810811	0.0689655	0.0222222	0.0298507	0.0526316	0.0277778	0.0526316	0.0212766	0.0	0.0166667	0.0	0.0117647	0.0	0.0272727	0.0	0.0079365	0.0	0.0089286	0.0114943	0.0	0.0	0.0	0.0	0.0	0.0	0.0	0.030303	0.0208333	0.0	0.0	0.0175439	0.015625	0.030303	0.0015	0.0	0.0153846	0.0222222	0.0263158	0.0	0.0232558	0.0	0.0	0.0	0.1111111	
Foulque macroule	0.7037037	0.32	0.28	0.08	0.1621622	0.137931	0.1333333	0.0746269	0.0789474	0.1388889	0.2631579	0.0638298	0.1578947	0.05	0.0833333	0.0941176	0.0823529	0.0818182	0.0757576	0.0714286	0.0740741	0.0267857	0.0229885	0.0967742	0.1290323	0.0408163	0.0149254	0.011236	0.0	0.0625	0.0606061	0.0833333	0.030303	0.0769231	0.1403509	0.0625	0.030303	0.0727273	0.0408163	0.0923077	0.0222222	0.0526316	0.0	0.0465116	0.0769231	0.1538462	0.0	0.1666667	
Talève sultane	0.0	0.0	0.0	0.0	0.0	0.0	0.0	0.0	0.0	0.0	0.0	0.0	0.0	0.0	0.0	0.0	0.0	0.0	0.0	0.0	0.0	0.0	0.0	0.0	0.0	0.0	0.0	0.0	0.0	0.0	0.0	0.0208333	0.0	0.0	0.0	0.0	0.0	0.0	0.0	0.0	0.0	0.0	0.0	0.0	0.0	0.0	0.0	0.0	
Grue cendrée	0.0	0.0	0.0	0.0	0.0	0.0	0.0222222	0.0746269	0.0526316	0.0	0.0	0.0	0.0	0.0	0.0	0.0	0.0	0.0	0.0	0.0	0.0	0.0	0.0	0.0	0.0	0.0	0.0	0.0	0.0	0.0	0.0	0.0	0.0	0.0	0.0	0.0	0.0	0.0	0.0204082	0.0	0.0	0.0263158	0.0015	0.0	0.0	0.0	0.0	0.0	
Oedicnème criard	0.0	0.0	0.0	0.0	0.0	0.0	0.0	0.0	0.0	0.0	0.0	0.0	0.0	0.0166667	0.0	0.0352941	0.0117647	0.0090909	0.030303	0.0079365	0.0	0.0625	0.0	0.0107527	0.0	0.0204082	0.0015	0.0	0.0	0.0	0.0	0.0208333	0.0	0.0	0.0	0.0	0.0	0.0	0.0	0.0	0.0	0.0	0.0	0.0	0.0	0.0	0.0	0.0	
Échasse blanche	0.0	0.0	0.0	0.0	0.0	0.0	0.0	0.0	0.0	0.0	0.0	0.0	0.0	0.0	0.0	0.0117647	0.0	0.0	0.0	0.0	0.0	0.0	0.0	0.0	0.0	0.0	0.0	0.0	0.0	0.0	0.0	0.0	0.0	0.0	0.0	0.0	0.0	0.0	0.0	0.0	0.0	0.0	0.0	0.0	0.0	0.0	0.0	0.0	
Petit Gravelot	0.0	0.0	0.0	0.0	0.0	0.0	0.0	0.0	0.0	0.0	0.0	0.0212766	0.0	0.0666667	0.0	0.0705882	0.0117647	0.0181818	0.030303	0.0015	0.0	0.0	0.0114943	0.0215054	0.016129	0.0102041	0.0	0.0	0.0	0.0	0.0	0.0	0.0	0.0	0.0	0.0	0.0	0.0	0.0	0.0	0.0	0.0	0.0	0.0	0.0	0.0	0.0	0.0	
Vanneau huppé	0.0	0.0	0.0	0.0	0.0	0.0	0.0	0.0	0.0526316	0.0277778	0.0	0.0	0.0	0.0	0.0	0.0	0.0	0.0	0.0	0.0	0.0	0.0	0.0	0.0	0.0	0.0	0.0	0.0	0.0	0.0	0.0	0.0	0.0	0.0	0.0	0.0	0.0	0.0	0.0	0.0	0.0	0.0	0.0	0.0	0.0	0.0	0.0	0.0015	
Courlis cendré	0.0	0.0	0.0	0.0	0.0	0.0	0.0	0.0	0.0263158	0.0	0.0	0.0	0.0	0.0	0.0	0.0	0.0	0.0	0.0	0.0	0.0	0.0	0.0	0.0	0.0	0.0	0.0	0.0	0.0	0.0	0.0	0.0	0.0	0.0	0.0	0.0	0.0	0.0	0.0	0.0	0.0	0.0	0.0	0.0	0.0	0.0	0.0	0.0	
Bécasse des bois	0.0	0.0	0.0	0.0	0.0	0.0	0.0	0.0015	0.0263158	0.0	0.0	0.0	0.0	0.0	0.0	0.0	0.0117647	0.0	0.0	0.0	0.0	0.0	0.0	0.0	0.0	0.0	0.0	0.0	0.0	0.0	0.0	0.0	0.0	0.0	0.0	0.0	0.0	0.0	0.0	0.0	0.0	0.0	0.0	0.0	0.0	0.0	0.0	0.0	
Bécassine des marais	0.0	0.0015	0.04	0.0	0.0540541	0.0	0.0	0.0149254	0.0263158	0.0277778	0.0526316	0.0212766	0.0	0.0	0.0	0.0	0.0	0.0	0.0	0.0	0.0	0.0	0.0	0.0	0.0	0.0	0.0	0.011236	0.0	0.0	0.0	0.0	0.0	0.0	0.0175439	0.0	0.0	0.0181818	0.0	0.0153846	0.0222222	0.0	0.0	0.0	0.0	0.0	0.0	0.037037	
Chevalier guignette	0.0	0.0	0.0	0.0	0.027027	0.0	0.0	0.0	0.0	0.0277778	0.0	0.0212766	0.0	0.0166667	0.0	0.0470588	0.0235294	0.0272727	0.0454545	0.0015	0.0	0.0	0.0015	0.0015	0.0	0.0306122	0.0015	0.011236	0.0	0.0	0.030303	0.0015	0.0	0.0	0.0	0.0	0.0	0.0181818	0.0	0.0	0.0	0.0	0.0	0.0015	0.0	0.0	0.0	0.0	
Chevalier culblanc	0.0	0.0	0.0	0.0	0.0	0.0	0.0	0.0	0.0015	0.0277778	0.0	0.0212766	0.0263158	0.0333333	0.0	0.0	0.0	0.0	0.0	0.0	0.0	0.0	0.0	0.0	0.016129	0.0	0.0149254	0.0	0.0	0.0	0.0	0.0416667	0.0	0.0	0.0	0.0	0.0	0.0	0.0	0.0153846	0.0222222	0.0	0.0	0.0	0.0	0.0	0.0	0.0185185	
Chevalier sylvain	0.0	0.0	0.0	0.0	0.0	0.0	0.0	0.0	0.0	0.0	0.0	0.0	0.0	0.0333333	0.0	0.0117647	0.0	0.0	0.0	0.0	0.0	0.0	0.0	0.0	0.0	0.0	0.0	0.0	0.0	0.0	0.0	0.0	0.0	0.0	0.0	0.0	0.0	0.0	0.0	0.0	0.0	0.0	0.0	0.0	0.0	0.0	0.0	0.0	
Chevalier arlequin	0.0	0.0	0.0	0.0	0.0	0.0	0.0	0.0	0.0	0.0	0.0	0.0	0.0	0.0	0.0	0.0117647	0.0	0.0	0.0	0.0	0.0	0.0	0.0	0.0	0.0	0.0	0.0	0.0	0.0	0.0	0.0	0.0	0.0	0.0	0.0	0.0	0.0	0.0	0.0	0.0	0.0	0.0	0.0	0.0	0.0	0.0	0.0	0.0	
Chevalier aboyeur	0.0	0.0	0.0	0.0	0.0	0.0	0.0	0.0	0.0	0.0	0.0	0.0	0.0	0.0	0.0	0.0117647	0.0	0.0	0.0	0.0	0.0	0.0	0.0	0.0	0.0	0.0	0.0	0.0	0.0	0.0	0.0	0.0	0.0015	0.0	0.0175439	0.0	0.0	0.0	0.0	0.0	0.0	0.0	0.0	0.0	0.0	0.0	0.0	0.0	
Tringa sp.	0.0	0.0	0.0	0.0	0.0	0.0	0.0	0.0	0.0263158	0.0	0.0	0.0	0.0	0.0	0.0	0.0	0.0	0.0	0.0	0.0	0.0	0.0	0.0	0.0	0.0	0.0	0.0	0.0	0.0	0.0	0.0	0.0	0.0	0.0	0.0	0.0	0.0	0.0	0.0	0.0	0.0	0.0	0.0	0.0	0.0	0.0	0.0	0.0	
Combattant varié	0.0	0.0	0.0	0.0	0.0	0.0	0.0	0.0	0.0	0.0277778	0.0	0.0212766	0.0	0.0	0.0	0.0	0.0	0.0	0.0	0.0	0.0	0.0	0.0	0.0	0.0	0.0	0.0	0.0	0.0	0.0	0.0	0.0	0.0	0.0	0.0	0.0	0.0	0.0	0.0	0.0	0.0	0.0	0.0	0.0	0.0	0.0	0.0	0.0	
Bécasseau variable	0.0	0.0	0.0	0.0	0.0	0.0	0.0	0.0	0.0	0.0	0.0	0.0	0.0	0.0	0.0	0.0	0.0	0.0	0.0	0.0	0.0	0.0	0.0	0.0	0.0	0.0	0.0	0.0	0.0	0.0	0.0	0.0	0.0	0.0	0.0175439	0.0	0.0	0.0	0.0	0.0	0.0	0.0	0.0	0.0	0.0	0.0	0.0	0.0	
limicole sp.	0.0	0.04	0.0	0.0	0.0	0.0	0.0	0.0	0.0	0.0	0.0	0.0	0.0	0.0	0.0	0.0	0.0	0.0	0.0	0.0	0.0	0.0	0.0	0.0	0.0	0.0	0.0	0.0	0.0	0.0	0.0	0.0	0.0	0.0	0.0	0.0	0.0	0.0	0.0	0.0	0.0	0.0	0.0	0.0	0.0	0.0	0.0	0.0	
Mouette rieuse	0.0	0.0	0.04	0.0	0.0	0.0	0.0	0.0	0.0263158	0.0015	0.0	0.0	0.0	0.0	0.0	0.0	0.0	0.0	0.0	0.0079365	0.0	0.0	0.0	0.0107527	0.0483871	0.0	0.0298507	0.0449438	0.125	0.0625	0.030303	0.0	0.0	0.0	0.0015	0.0	0.0	0.0545455	0.0	0.0	0.0	0.0	0.0	0.0015	0.0	0.0	0.0	0.0185185	
Mouette mélanocéphale	0.0	0.0	0.0	0.0	0.0	0.0	0.0	0.0	0.0	0.0	0.0	0.0	0.0	0.0	0.0	0.0	0.0	0.0	0.0	0.0	0.0	0.0	0.0	0.0	0.0	0.0	0.0	0.0	0.0	0.0	0.0	0.0208333	0.0	0.0	0.0	0.0	0.0	0.0	0.0	0.0	0.0	0.0	0.0	0.0	0.0	0.0	0.0	0.0	
Goéland leucophée	0.2222222	0.04	0.16	0.04	0.0540541	0.1724138	0.0888889	0.0895522	0.1052632	0.0555556	0.1052632	0.0425532	0.0789474	0.0833333	0.0333333	0.0235294	0.0235294	0.0181818	0.0151515	0.0238095	0.0493827	0.0446429	0.0574713	0.0537634	0.0645161	0.0714286	0.0447761	0.0449438	0.125	0.0625	0.030303	0.0833333	0.030303	0.0512821	0.0350877	0.015625	0.0909091	0.0181818	0.0	0.0307692	0.0444444	0.0263158	0.0	0.0015	0.0	0.0769231	0.0	0.1111111	
Goéland brun	0.0	0.0	0.0	0.0	0.0	0.0	0.0	0.0	0.0263158	0.0	0.0	0.0	0.0	0.0166667	0.0	0.0	0.0	0.0	0.0	0.0	0.0	0.0	0.0	0.0	0.0	0.0	0.0	0.0	0.0	0.0	0.0015	0.0208333	0.0	0.0	0.0	0.0	0.0	0.0	0.0	0.0	0.0	0.0	0.0	0.0	0.0	0.0	0.0	0.0	
goéland sp. (Larus sp.)	0.0	0.0	0.0	0.0	0.0	0.0	0.0222222	0.0	0.0	0.0	0.0	0.0	0.0	0.05	0.0	0.0	0.0	0.0	0.0	0.0	0.0	0.0	0.0	0.0	0.0	0.0	0.0	0.0	0.0	0.0	0.0	0.0	0.030303	0.0	0.0175439	0.0	0.0	0.0	0.0	0.0153846	0.0	0.0	0.0	0.0	0.0769231	0.0	0.0	0.037037	
goéland ou mouette sp.	0.0	0.0	0.0	0.0	0.0	0.0	0.0	0.0	0.0	0.0	0.0	0.0	0.0	0.0	0.0	0.0	0.0	0.0	0.0	0.0079365	0.0	0.0	0.0	0.0	0.0	0.0	0.0	0.011236	0.0	0.0	0.0	0.0	0.0	0.0	0.0	0.0	0.0	0.0	0.0	0.0	0.0	0.0	0.0	0.0	0.0	0.0	0.0	0.0	
Guifette noire	0.0	0.0	0.0	0.0	0.0	0.0	0.0	0.0	0.0	0.0	0.0	0.0	0.0	0.0	0.0	0.0	0.0	0.0090909	0.0	0.0	0.0	0.0	0.0	0.0	0.0	0.0	0.0	0.0	0.0	0.0	0.0	0.0	0.0	0.0	0.0	0.0	0.0	0.0	0.0	0.0	0.0	0.0	0.0	0.0	0.0	0.0	0.0	0.0	
sterne sp.	0.0	0.0	0.0	0.0	0.0	0.0	0.0	0.0	0.0	0.0	0.0	0.0	0.0	0.0	0.0	0.0	0.0117647	0.0	0.0	0.0	0.0	0.0	0.0	0.0	0.0	0.0	0.0	0.0	0.0	0.0	0.0	0.0	0.030303	0.0	0.0	0.0	0.0	0.0	0.0	0.0	0.0	0.0	0.0	0.0	0.0	0.0	0.0	0.0	
Flamant rose	0.0	0.0	0.0	0.0	0.0	0.0	0.0	0.0015	0.0	0.0	0.0	0.0	0.0	0.0	0.0	0.0	0.0	0.0	0.0	0.0	0.0	0.0	0.0	0.0	0.0	0.0	0.0	0.0	0.0	0.0	0.0	0.0	0.0	0.0	0.0	0.0	0.0	0.0	0.0	0.0	0.0	0.0	0.0	0.0	0.0	0.0	0.0	0.0	
Grèbe castagneux	0.6666667	0.24	0.24	0.0	0.0810811	0.1034483	0.0444444	0.0447761	0.0526316	0.0277778	0.1052632	0.0212766	0.0263158	0.0	0.0	0.0117647	0.0117647	0.0090909	0.0	0.0079365	0.0	0.0	0.0344828	0.0	0.016129	0.0	0.0298507	0.0224719	0.0	0.0	0.0	0.0416667	0.0	0.025641	0.0175439	0.03125	0.0	0.0363636	0.0	0.0153846	0.0	0.0	0.0	0.0232558	0.0769231	0.0	0.0	0.1296296	
Grèbe jougris	0.0	0.0	0.0	0.0	0.0	0.0	0.0	0.0	0.0	0.0	0.0	0.0	0.0	0.0	0.0	0.0	0.0	0.0	0.0	0.0	0.0	0.0	0.0	0.0	0.0	0.0	0.0	0.0	0.0	0.0	0.0	0.0	0.0	0.0	0.0	0.0	0.0	0.0	0.0	0.0	0.0	0.0	0.0	0.0	0.0	0.0769231	0.0	0.0	
Grèbe huppé	0.4444444	0.2	0.4	0.0	0.1081081	0.1724138	0.1333333	0.0298507	0.1578947	0.0277778	0.1052632	0.0212766	0.0789474	0.0666667	0.0833333	0.0941176	0.0588235	0.0545455	0.0909091	0.0396825	0.0617284	0.0267857	0.0114943	0.0430108	0.1290323	0.0612245	0.0597015	0.0337079	0.0	0.0625	0.0606061	0.0625	0.030303	0.0769231	0.122807	0.0625	0.030303	0.0909091	0.0204082	0.0769231	0.0444444	0.0526316	0.0	0.0465116	0.0	0.0769231	0.0	0.1666667	
Grèbe à cou noir	0.0740741	0.04	0.0	0.0	0.0	0.0	0.0	0.0	0.0	0.0	0.0	0.0	0.0	0.0	0.0	0.0	0.0	0.0	0.0	0.0	0.0	0.0	0.0	0.0	0.0	0.0	0.0	0.0	0.0	0.0	0.0	0.0015	0.0	0.0	0.0	0.0	0.0	0.0	0.0	0.0	0.0	0.0	0.0	0.0	0.0	0.0	0.0	0.0	
Cigogne noire	0.0	0.0	0.0	0.0	0.0	0.0	0.0	0.0	0.0	0.0	0.0	0.0	0.0	0.0	0.0	0.0	0.0	0.0	0.0	0.0	0.0	0.0	0.0	0.0	0.0	0.0	0.0	0.0	0.0	0.0	0.0	0.0	0.0	0.0	0.0	0.0015	0.0	0.0	0.0	0.0	0.0	0.0	0.0	0.0	0.0	0.0	0.0	0.0	
Cigogne blanche	0.0	0.0	0.0	0.0	0.027027	0.0	0.0	0.0015	0.0	0.0	0.0	0.0	0.0	0.0	0.0015	0.0	0.0	0.0	0.0	0.0	0.0	0.0	0.0	0.0	0.0	0.0	0.0	0.0	0.0	0.0	0.030303	0.0015	0.0	0.0	0.0	0.0	0.0	0.0	0.0	0.0	0.0	0.0	0.0	0.0	0.0	0.0	0.0	0.0	
Grand Cormoran	0.5185185	0.24	0.28	0.08	0.1621622	0.2413793	0.0444444	0.0895522	0.1315789	0.1111111	0.1578947	0.0851064	0.1052632	0.1	0.0333333	0.0235294	0.0117647	0.0454545	0.0454545	0.0	0.0246914	0.0	0.0344828	0.0215054	0.0645161	0.0408163	0.0149254	0.011236	0.0625	0.0	0.0	0.0208333	0.030303	0.1282051	0.0701754	0.0625	0.0606061	0.0909091	0.0	0.1076923	0.0444444	0.0526316	0.0	0.0232558	0.0	0.0769231	0.0	0.2407407	
Ibis rouge	0.0	0.0	0.0	0.0	0.0	0.0	0.0	0.0	0.0	0.0	0.0	0.0	0.0	0.0	0.0	0.0	0.0	0.0	0.0	0.0	0.0	0.0	0.0	0.0	0.0	0.0	0.0	0.0	0.0	0.0	0.0	0.0	0.0	0.0	0.0	0.0015	0.0	0.0	0.0	0.0	0.0	0.0	0.0	0.0	0.0	0.0	0.0	0.0	
Ibis falcinelle	0.0	0.0	0.0	0.0	0.0	0.0	0.0	0.0	0.0	0.0	0.0	0.0	0.0	0.0166667	0.0	0.0	0.0	0.0	0.0	0.0	0.0	0.0	0.0	0.0	0.0	0.0	0.0	0.0	0.0	0.0	0.0	0.0208333	0.0	0.0	0.0	0.0	0.0	0.0	0.0	0.0	0.0	0.0	0.0	0.0	0.0	0.0	0.0	0.0	
Blongios nain	0.0	0.0	0.0	0.0	0.0	0.0	0.0	0.0	0.0	0.0	0.0	0.0	0.0	0.0	0.0	0.0	0.0117647	0.0	0.0151515	0.0	0.0	0.0	0.0	0.0107527	0.0	0.0204082	0.0	0.0	0.0	0.0	0.0	0.0	0.0	0.025641	0.0	0.0	0.0	0.0	0.0	0.0	0.0	0.0	0.0	0.0	0.0	0.0	0.0	0.0	
Bihoreau gris	0.0	0.0	0.0	0.0	0.0	0.0	0.0	0.0	0.0	0.0	0.0	0.0212766	0.0015	0.0	0.0166667	0.0235294	0.0	0.0	0.0	0.0	0.0	0.0	0.0	0.0	0.0	0.0102041	0.0	0.011236	0.0	0.0	0.0	0.0	0.0	0.0	0.0	0.0	0.0	0.0	0.0	0.0	0.0	0.0	0.0	0.0	0.0	0.0	0.0	0.0	
Aigrette garzette	0.0	0.0	0.0	0.0	0.0	0.0	0.0	0.0015	0.0263158	0.0	0.0	0.0	0.0	0.0166667	0.0015	0.0117647	0.0117647	0.0181818	0.0606061	0.031746	0.0246914	0.0	0.0	0.0107527	0.016129	0.0102041	0.0	0.0015	0.0	0.0	0.0	0.0208333	0.030303	0.025641	0.0350877	0.0	0.030303	0.0	0.0	0.0153846	0.0	0.0	0.0	0.0015	0.0	0.0	0.0	0.0185185	
Crabier chevelu	0.0	0.0	0.0	0.0	0.0	0.0	0.0	0.0	0.0	0.0	0.0	0.0	0.0	0.0	0.0	0.0117647	0.0	0.0090909	0.0	0.0	0.0	0.0	0.0	0.0	0.0	0.0	0.0	0.0	0.0	0.0	0.0	0.0	0.0	0.0	0.0	0.0	0.0	0.0	0.0	0.0	0.0	0.0	0.0	0.0	0.0	0.0	0.0	0.0	
Héron garde-boeufs	0.037037	0.08	0.0	0.0015	0.027027	0.0	0.0	0.0	0.0	0.0	0.0	0.0425532	0.0	0.0	0.0015	0.0117647	0.0	0.0	0.0	0.0	0.0	0.0	0.0229885	0.0	0.0	0.0	0.0	0.0015	0.0	0.0	0.0	0.0	0.0	0.0	0.0175439	0.0	0.0	0.0	0.0	0.0	0.0	0.0263158	0.0	0.0	0.0	0.0015	0.0	0.0	
Grande Aigrette	0.1111111	0.08	0.0015	0.08	0.0540541	0.1034483	0.0444444	0.0895522	0.0789474	0.0277778	0.0	0.0212766	0.0	0.0166667	0.0166667	0.0	0.0	0.0181818	0.0151515	0.0	0.0246914	0.0	0.0114943	0.0107527	0.0645161	0.0204082	0.0	0.011236	0.0	0.0	0.0	0.0208333	0.030303	0.0512821	0.0526316	0.0	0.0	0.0363636	0.0	0.0461538	0.0222222	0.0	0.0	0.0015	0.0	0.0015	0.0015	0.0740741	
Héron cendré	0.2962963	0.16	0.08	0.04	0.1351351	0.1034483	0.0666667	0.0895522	0.1315789	0.0833333	0.1578947	0.0638298	0.0263158	0.0666667	0.05	0.0588235	0.0117647	0.0636364	0.0757576	0.031746	0.0740741	0.0089286	0.045977	0.0537634	0.1290323	0.0714286	0.0149254	0.0337079	0.0	0.0015	0.0606061	0.0625	0.030303	0.1025641	0.0701754	0.046875	0.0606061	0.0545455	0.0204082	0.0461538	0.0666667	0.0526316	0.0	0.0232558	0.0769231	0.0015	0.0015	0.1666667	
Héron pourpré	0.0	0.0	0.0	0.0	0.0	0.0	0.0	0.0	0.0	0.0	0.0	0.0015	0.0015	0.0	0.0	0.0235294	0.0015	0.0	0.0151515	0.0079365	0.0	0.0	0.0	0.0	0.0	0.0	0.0	0.0	0.0	0.0	0.0	0.0	0.0	0.0	0.0	0.0	0.0	0.0	0.0	0.0	0.0	0.0	0.0	0.0	0.0	0.0	0.0	0.0	
Balbuzard pêcheur	0.0	0.0	0.0	0.0	0.0	0.0	0.0	0.0	0.0	0.0	0.0	0.0	0.0	0.0	0.0	0.0	0.0	0.0	0.0	0.0	0.0	0.0	0.0	0.0	0.0	0.0	0.0	0.0	0.0	0.0	0.0	0.0	0.030303	0.0	0.0	0.0	0.0	0.0	0.0	0.0153846	0.0	0.0	0.0	0.0	0.0	0.0	0.0	0.0	
Élanion blanc	0.0	0.0	0.0	0.0	0.0	0.0	0.0	0.0	0.0	0.0	0.0	0.0	0.0	0.0015	0.0	0.0	0.0	0.0	0.0	0.0	0.0	0.0	0.0	0.0	0.0	0.0	0.0	0.0	0.0	0.0	0.0	0.0	0.0	0.0	0.0	0.0	0.0	0.0	0.0	0.0	0.0	0.0	0.0	0.0	0.0	0.0	0.0	0.0	
Gypaète barbu	0.0015	0.0	0.04	0.0	0.0	0.0015	0.0015	0.0447761	0.0	0.0	0.0	0.0	0.0	0.0	0.0015	0.0	0.0	0.0015	0.0	0.0079365	0.0123457	0.0	0.0114943	0.0	0.0322581	0.0102041	0.0149254	0.0224719	0.0015	0.0015	0.0	0.0416667	0.0	0.025641	0.0175439	0.015625	0.0	0.0	0.0	0.0	0.0	0.0	0.0	0.0	0.0	0.0	0.0	0.0	
Percnoptère d'Égypte	0.0	0.0	0.0	0.0	0.0	0.0	0.0	0.0	0.0	0.0	0.0	0.0212766	0.0263158	0.05	0.0166667	0.0235294	0.0117647	0.0454545	0.0151515	0.031746	0.0246914	0.0089286	0.0	0.0107527	0.016129	0.0306122	0.0298507	0.0224719	0.0625	0.0015	0.0909091	0.0208333	0.0	0.025641	0.0	0.0	0.0	0.0	0.0	0.0	0.0	0.0	0.0	0.0	0.0	0.0	0.0	0.0	
Bondrée apivore	0.0	0.0	0.0	0.0	0.0	0.0	0.0	0.0	0.0	0.0	0.0	0.0	0.0	0.0	0.0	0.0117647	0.0235294	0.0272727	0.0151515	0.0396825	0.0015	0.0267857	0.0344828	0.0	0.0483871	0.0816327	0.0447761	0.0674157	0.0	0.0625	0.0	0.0416667	0.030303	0.025641	0.0	0.0	0.0	0.0	0.0	0.0	0.0	0.0	0.0	0.0	0.0	0.0	0.0	0.0	
Vautour moine	0.0	0.0	0.0015	0.04	0.027027	0.0	0.0444444	0.0597015	0.0	0.0	0.0526316	0.0638298	0.1052632	0.0833333	0.0333333	0.0705882	0.0470588	0.0454545	0.030303	0.0238095	0.037037	0.0357143	0.0229885	0.0107527	0.0	0.0102041	0.0447761	0.0224719	0.0625	0.0	0.1818182	0.0625	0.0	0.025641	0.0	0.03125	0.0	0.0	0.0	0.0	0.0	0.0015	0.0015	0.0	0.0	0.0	0.0	0.0015	
Vautour fauve	0.0	0.04	0.08	0.08	0.0810811	0.0	0.0888889	0.1492537	0.1052632	0.1111111	0.2631579	0.3191489	0.3421053	0.2666667	0.2333333	0.1764706	0.3294118	0.1909091	0.1969697	0.2460317	0.1975309	0.2142857	0.1264368	0.1075269	0.1612903	0.1734694	0.2985075	0.2134831	0.3125	0.25	0.3939394	0.2291667	0.2121212	0.2564103	0.1754386	0.15625	0.1212121	0.1636364	0.0408163	0.1384615	0.0444444	0.0263158	0.0263158	0.0015	0.0015	0.0	0.0	0.0740741	
vautour sp.	0.0	0.0	0.0	0.0	0.0	0.0	0.0	0.0	0.0	0.0	0.0015	0.0	0.0	0.0015	0.0	0.0	0.0	0.0	0.0	0.0	0.0	0.0	0.0	0.0	0.0	0.0	0.0	0.0	0.0	0.0	0.0	0.0	0.0	0.0	0.0	0.0	0.0	0.0	0.0	0.0	0.0	0.0	0.0	0.0	0.0	0.0	0.0	0.0	
Circaète Jean-le-Blanc	0.0	0.0	0.0	0.0	0.0	0.0	0.0	0.0149254	0.0	0.0	0.1052632	0.106383	0.1578947	0.1333333	0.05	0.0823529	0.0705882	0.0454545	0.030303	0.1111111	0.0246914	0.0892857	0.091954	0.0752688	0.0645161	0.0816327	0.1343284	0.1235955	0.125	0.0015	0.0909091	0.0625	0.0606061	0.0512821	0.0350877	0.03125	0.0	0.0	0.0	0.0	0.0	0.0	0.0	0.0	0.0	0.0	0.0	0.0	
Aigle criard	0.0	0.0	0.0	0.0	0.0	0.0	0.0	0.0	0.0	0.0015	0.0	0.0	0.0	0.0	0.0	0.0	0.0	0.0	0.0	0.0	0.0	0.0	0.0	0.0	0.0	0.0	0.0	0.0	0.0	0.0	0.0	0.0	0.0	0.0	0.0	0.0	0.0	0.0	0.0	0.0	0.0	0.0	0.0	0.0	0.0	0.0	0.0	0.0	
Aigle botté	0.0	0.0	0.0	0.0	0.0	0.0	0.0	0.0	0.0	0.0	0.0	0.0	0.0015	0.0	0.0	0.0	0.0	0.0	0.0	0.0	0.0	0.0	0.0	0.0	0.0	0.0015	0.0	0.0	0.0	0.0	0.0015	0.0	0.0	0.0	0.0	0.0	0.0	0.0	0.0015	0.0	0.0	0.0	0.0	0.0	0.0	0.0	0.0	0.0	
Aigle royal	0.0	0.0	0.08	0.0015	0.0015	0.0015	0.0222222	0.1044776	0.1315789	0.1111111	0.0526316	0.0851064	0.1052632	0.05	0.0333333	0.0235294	0.0823529	0.0454545	0.0151515	0.047619	0.0493827	0.0357143	0.0229885	0.0015	0.0645161	0.0816327	0.1492537	0.0898876	0.0015	0.0625	0.030303	0.125	0.0909091	0.0769231	0.122807	0.046875	0.0909091	0.0545455	0.0204082	0.0015	0.0444444	0.0015	0.0	0.0	0.0	0.0	0.0	0.037037	
Aigle de Bonelli	0.0	0.0	0.0	0.0	0.0015	0.0	0.0	0.0	0.0015	0.0	0.0	0.0212766	0.0	0.0015	0.0	0.0	0.0	0.0	0.0	0.0079365	0.0	0.0	0.0114943	0.0	0.0	0.0	0.0	0.0	0.0	0.0	0.0	0.0	0.0	0.0	0.0	0.0	0.0	0.0	0.0	0.0	0.0	0.0	0.0	0.0	0.0	0.0	0.0	0.0	
Épervier d'Europe	0.037037	0.04	0.0015	0.0	0.1081081	0.0689655	0.0444444	0.0298507	0.0526316	0.0833333	0.0526316	0.0851064	0.0526316	0.05	0.05	0.0352941	0.0352941	0.0015	0.0015	0.015873	0.0	0.0267857	0.0229885	0.0107527	0.0	0.0306122	0.0298507	0.0786517	0.0625	0.0	0.1212121	0.0625	0.0	0.0769231	0.122807	0.078125	0.0015	0.0363636	0.0	0.0769231	0.0444444	0.0263158	0.0263158	0.0232558	0.0	0.0	0.0	0.0185185	
Autour des palombes	0.0	0.0	0.0015	0.0	0.0	0.0	0.0	0.0015	0.0526316	0.0277778	0.0	0.0425532	0.0263158	0.0166667	0.0	0.0	0.0235294	0.0	0.0	0.0	0.0	0.0	0.0	0.0	0.0015	0.0015	0.0	0.011236	0.0	0.0	0.0	0.0	0.0015	0.0	0.0175439	0.0	0.0	0.0	0.0	0.0	0.0	0.0	0.0	0.0	0.0	0.0	0.0	0.0185185	
Aerospiza, Tachyspiza, Accipiter ou Astur sp.	0.0	0.0	0.0	0.0	0.0	0.0	0.0	0.0	0.0	0.0	0.0	0.0	0.0	0.0	0.0	0.0	0.0	0.0	0.0	0.0	0.0	0.0	0.0	0.0	0.0	0.0	0.0	0.0	0.0	0.0	0.0	0.0	0.0	0.025641	0.0	0.0	0.0	0.0	0.0	0.0	0.0	0.0	0.0	0.0	0.0	0.0	0.0	0.0	
Busard des roseaux	0.0	0.04	0.0	0.04	0.0	0.0	0.0	0.0	0.0	0.0	0.0	0.0425532	0.0263158	0.05	0.0	0.0235294	0.0705882	0.0272727	0.0151515	0.0015	0.0123457	0.0	0.0	0.0	0.0	0.0	0.0	0.0	0.0	0.0	0.0	0.0208333	0.0015	0.0	0.0175439	0.0	0.0	0.0181818	0.0	0.0	0.0	0.0	0.0	0.0	0.0	0.0	0.0	0.0	
Busard Saint-Martin	0.0	0.0	0.0	0.0	0.0015	0.0	0.0	0.0	0.0	0.0	0.0	0.0	0.0	0.0	0.0	0.0	0.0117647	0.0	0.0	0.0	0.0	0.0089286	0.0	0.0	0.0	0.0	0.0	0.0	0.0	0.0	0.0	0.0	0.0	0.0	0.0	0.0	0.0	0.0	0.0	0.0	0.0	0.0263158	0.0	0.0	0.0	0.0	0.0	0.0185185	
Busard pâle	0.0	0.0	0.0	0.0	0.0	0.0	0.0	0.0	0.0	0.0	0.0	0.0	0.0	0.0	0.0	0.0	0.0	0.0	0.0	0.0	0.0	0.0	0.0	0.0	0.0	0.0	0.0	0.0	0.0	0.0	0.0	0.0	0.0	0.0	0.0	0.0	0.0	0.0	0.0	0.0	0.0222222	0.0	0.0	0.0	0.0	0.0	0.0	0.0	
Busard cendré	0.0	0.0	0.0	0.0	0.0	0.0	0.0	0.0	0.0	0.0	0.0	0.0	0.0	0.0166667	0.0	0.0235294	0.0117647	0.0090909	0.0151515	0.0238095	0.0	0.0267857	0.0114943	0.0107527	0.0	0.0510204	0.0149254	0.0015	0.0	0.0	0.0	0.0416667	0.0	0.0	0.0	0.0	0.0	0.0	0.0	0.0	0.0	0.0	0.0	0.0	0.0	0.0	0.0	0.0	
busard sp.	0.0	0.0	0.0	0.0	0.0	0.0	0.0	0.0	0.0	0.0	0.0	0.0	0.0	0.0	0.0	0.0	0.0	0.0	0.0	0.0	0.0	0.0	0.0	0.0	0.0	0.0	0.0	0.0	0.0625	0.0	0.0	0.0	0.0	0.0	0.0	0.0	0.0	0.0	0.0	0.0	0.0	0.0	0.0	0.0	0.0	0.0	0.0	0.0	
Milan royal	0.0	0.04	0.0	0.0	0.0	0.0344828	0.0	0.0	0.0	0.0	0.0526316	0.0	0.1052632	0.0333333	0.0015	0.0	0.0	0.0272727	0.0015	0.015873	0.0	0.0089286	0.0114943	0.0	0.0	0.0306122	0.0	0.0224719	0.0	0.0	0.0	0.0	0.0	0.0	0.0175439	0.0015	0.0	0.0181818	0.0	0.0	0.0	0.0	0.0	0.0	0.0	0.0	0.0	0.0185185	
Milan noir	0.0	0.0	0.0	0.0	0.0	0.0	0.0	0.0	0.0263158	0.0277778	0.1578947	0.1702128	0.1578947	0.2333333	0.2333333	0.1176471	0.1411765	0.1181818	0.1515152	0.1746032	0.1604938	0.1696429	0.2068966	0.1505376	0.1612903	0.1938776	0.0895522	0.0786517	0.125	0.0	0.0606061	0.0	0.0015	0.0	0.0	0.0	0.0	0.0	0.0	0.0	0.0	0.0	0.0	0.0	0.0	0.0	0.0	0.0	
Pygargue à queue blanche	0.0	0.0	0.0	0.0	0.0	0.0	0.0	0.0	0.0	0.0	0.0	0.0	0.0	0.0	0.0	0.0	0.0	0.0	0.0	0.0	0.0	0.0	0.0	0.0	0.016129	0.0	0.0	0.0	0.0	0.0	0.0	0.0	0.0	0.0	0.0	0.0	0.0	0.0	0.0	0.0	0.0	0.0	0.0	0.0	0.0	0.0	0.0	0.0	
Buse variable	0.1111111	0.0015	0.04	0.04	0.1351351	0.1724138	0.1555556	0.0895522	0.2105263	0.1388889	0.0	0.0851064	0.1315789	0.15	0.1166667	0.0588235	0.0941176	0.0818182	0.0454545	0.1507937	0.1111111	0.1160714	0.1149425	0.0322581	0.0645161	0.0408163	0.0597015	0.0674157	0.0015	0.0	0.0909091	0.125	0.0909091	0.0769231	0.1578947	0.09375	0.030303	0.1454545	0.1020408	0.1076923	0.0222222	0.0789474	0.0	0.0015	0.0769231	0.0	0.0	0.0555556	
rapace sp.	0.0	0.0	0.0	0.0	0.0	0.0344828	0.0	0.0	0.0	0.0	0.0	0.0	0.0	0.0	0.0	0.0	0.0	0.0	0.0	0.0	0.0	0.0	0.0	0.0	0.0	0.0	0.0	0.0	0.0	0.0625	0.0	0.0	0.0	0.0	0.0	0.015625	0.0	0.0	0.0408163	0.0	0.0222222	0.0	0.0	0.0	0.0	0.0	0.0	0.0185185	
Petit-duc scops	0.0	0.0	0.0	0.0	0.0	0.0	0.0	0.0	0.0	0.0	0.0	0.0	0.0789474	0.2	0.0333333	0.0823529	0.0470588	0.0818182	0.0909091	0.047619	0.0617284	0.0535714	0.0229885	0.0215054	0.016129	0.0612245	0.0149254	0.0786517	0.0625	0.0015	0.0015	0.0	0.030303	0.0	0.0175439	0.0	0.0	0.0	0.0	0.0	0.0	0.0	0.0	0.0	0.0	0.0	0.0	0.0	
Grand-duc d'Europe	0.0	0.0	0.0	0.0	0.0	0.0	0.0	0.0	0.0	0.0	0.0	0.0	0.0	0.0	0.0	0.0	0.0	0.0	0.0015	0.0	0.0	0.0	0.0	0.0	0.0	0.0	0.0	0.0015	0.0	0.0	0.0	0.0	0.030303	0.0	0.0	0.0	0.0	0.0	0.0	0.0	0.0	0.0	0.0	0.0	0.0	0.0	0.0	0.0	
Chevêchette d'Europe	0.037037	0.0	0.0	0.0	0.0	0.0	0.0444444	0.0	0.0	0.0555556	0.0	0.0212766	0.0	0.0	0.0015	0.0	0.0	0.0	0.0	0.0079365	0.0	0.0	0.0015	0.0107527	0.0	0.0	0.0015	0.0	0.0	0.0	0.0	0.0	0.0	0.0	0.0	0.0	0.0	0.0	0.0	0.0	0.0	0.0263158	0.0	0.0	0.0	0.0	0.0	0.0	
Chevêche d'Athéna	0.0	0.0	0.0	0.0	0.0	0.0	0.0	0.0	0.0	0.0	0.0	0.0	0.0	0.0	0.0	0.0	0.0	0.0	0.0	0.0	0.0	0.0015	0.0015	0.0	0.0015	0.0	0.0	0.0	0.0	0.0	0.030303	0.0	0.0	0.0	0.0	0.0	0.0015	0.0	0.0	0.0	0.0	0.0	0.0	0.0	0.0	0.0	0.0	0.0	
Chouette hulotte	0.0	0.0	0.0	0.0	0.0	0.0344828	0.0	0.0149254	0.0263158	0.0	0.0	0.0	0.0263158	0.0166667	0.0166667	0.0352941	0.0235294	0.0090909	0.0151515	0.0015	0.0123457	0.0178571	0.0229885	0.0107527	0.0015	0.0306122	0.0	0.011236	0.0	0.0	0.030303	0.0208333	0.030303	0.0015	0.0015	0.0015	0.0	0.0181818	0.0	0.0	0.0	0.0	0.0	0.0	0.0	0.0	0.0	0.0	
Hibou moyen-duc	0.0	0.0	0.0	0.0	0.0	0.0	0.0	0.0	0.0	0.0	0.0	0.0	0.0	0.0	0.0	0.0117647	0.0	0.0	0.0	0.0	0.0	0.0	0.0	0.0	0.0	0.0	0.0149254	0.0	0.0	0.0	0.0015	0.0	0.0	0.0	0.0	0.0	0.0	0.0	0.0	0.0	0.0	0.0	0.0	0.0	0.0	0.0	0.0	0.0	
Chouette de Tengmalm	0.0	0.0	0.0	0.0	0.0	0.0	0.0	0.0149254	0.0	0.0277778	0.0	0.0	0.0	0.0	0.0015	0.0	0.0117647	0.0	0.0	0.0	0.0	0.0	0.0	0.0	0.0	0.0102041	0.0	0.0	0.0	0.0	0.0	0.0	0.0	0.0	0.0	0.0	0.0	0.0	0.0	0.0	0.0	0.0	0.0	0.0	0.0	0.0	0.0	0.0	
Huppe fasciée	0.0	0.0	0.0	0.0	0.0	0.0	0.0	0.0	0.0	0.0	0.0526316	0.0425532	0.1315789	0.15	0.1833333	0.1294118	0.0588235	0.1454545	0.0606061	0.1031746	0.0493827	0.1160714	0.1034483	0.0967742	0.0645161	0.0918367	0.0746269	0.0449438	0.0015	0.0625	0.030303	0.0208333	0.0	0.0	0.0	0.0	0.0	0.0	0.0	0.0	0.0	0.0	0.0	0.0232558	0.0	0.0	0.0	0.0	
Guêpier d'Europe	0.0	0.0	0.0	0.0	0.0	0.0	0.0	0.0	0.0	0.0	0.0	0.0	0.0	0.0166667	0.0	0.0705882	0.1294118	0.2363636	0.1363636	0.1269841	0.0493827	0.125	0.0574713	0.1075269	0.0967742	0.0918367	0.0895522	0.1123596	0.0015	0.0625	0.0909091	0.0416667	0.030303	0.0	0.0	0.0	0.0	0.0	0.0	0.0	0.0	0.0	0.0	0.0	0.0	0.0	0.0	0.0	
Martin-pêcheur d'Europe	0.0740741	0.04	0.0	0.0	0.0	0.0	0.0	0.0	0.0	0.0	0.0	0.0212766	0.0	0.0	0.0	0.0	0.0117647	0.0090909	0.0	0.0	0.0	0.0089286	0.0015	0.0015	0.0322581	0.0102041	0.0	0.011236	0.0	0.0	0.0606061	0.0	0.0606061	0.025641	0.0175439	0.015625	0.0	0.0363636	0.0408163	0.0307692	0.0222222	0.0	0.0	0.0015	0.0769231	0.0015	0.0	0.0	
Rollier d'Europe	0.0	0.0	0.0	0.0	0.0	0.0	0.0	0.0	0.0	0.0	0.0	0.0	0.0	0.0	0.0015	0.0015	0.0117647	0.0272727	0.030303	0.031746	0.0246914	0.0178571	0.0229885	0.0107527	0.0015	0.0102041	0.0015	0.011236	0.0015	0.0625	0.030303	0.0208333	0.0015	0.0	0.0	0.0	0.0	0.0	0.0	0.0	0.0	0.0	0.0	0.0	0.0	0.0	0.0	0.0	
Torcol fourmilier	0.0	0.0	0.0	0.0	0.0	0.0	0.0	0.0	0.0	0.0	0.0	0.0212766	0.0789474	0.1	0.1	0.0117647	0.0588235	0.0090909	0.0	0.0079365	0.0123457	0.0178571	0.0114943	0.0	0.0015	0.0306122	0.0149254	0.0	0.0	0.0	0.0	0.0208333	0.0	0.0	0.0	0.015625	0.0	0.0	0.0	0.0	0.0	0.0	0.0	0.0	0.0	0.0	0.0	0.0	
Pic épeiche	0.0740741	0.12	0.08	0.16	0.2432432	0.2758621	0.1555556	0.1343284	0.0263158	0.0555556	0.0526316	0.1276596	0.1578947	0.05	0.1333333	0.0823529	0.0823529	0.0727273	0.0757576	0.0873016	0.0987654	0.1339286	0.1609195	0.1397849	0.0483871	0.0510204	0.0895522	0.1235955	0.0	0.0	0.0	0.0833333	0.030303	0.025641	0.122807	0.0625	0.0606061	0.1636364	0.0816327	0.1384615	0.0666667	0.1578947	0.0789474	0.0930233	0.1538462	0.0	0.0	0.1111111	
Pic épeichette	0.037037	0.0	0.0	0.0	0.0540541	0.1034483	0.0222222	0.0	0.0263158	0.0277778	0.0	0.0212766	0.0263158	0.05	0.05	0.0235294	0.0117647	0.0272727	0.030303	0.031746	0.0	0.0178571	0.0114943	0.0	0.0	0.0	0.0	0.0	0.0	0.0	0.0	0.0	0.0	0.0	0.0175439	0.0	0.0	0.0	0.0204082	0.0153846	0.0222222	0.0263158	0.0	0.0	0.0	0.0	0.0	0.0	
Pic vert	0.3333333	0.12	0.12	0.08	0.1351351	0.2758621	0.1111111	0.1641791	0.1578947	0.1944444	0.3684211	0.1702128	0.2631579	0.3333333	0.3333333	0.2117647	0.1529412	0.1727273	0.1515152	0.1111111	0.0987654	0.0803571	0.1609195	0.1075269	0.1612903	0.1734694	0.358209	0.247191	0.1875	0.125	0.2727273	0.0833333	0.030303	0.3333333	0.2807018	0.171875	0.1212121	0.2363636	0.122449	0.2	0.1333333	0.0526316	0.1315789	0.0465116	0.0769231	0.0	0.0	0.1111111	
Pic noir	0.1111111	0.0	0.08	0.0	0.0015	0.0344828	0.0444444	0.0447761	0.0263158	0.0555556	0.0015	0.0212766	0.0526316	0.0333333	0.0015	0.0117647	0.0470588	0.0272727	0.0151515	0.0396825	0.0	0.0178571	0.0344828	0.0015	0.016129	0.0408163	0.0149254	0.0224719	0.0	0.0625	0.0606061	0.0208333	0.0909091	0.0	0.0526316	0.015625	0.0	0.0181818	0.0015	0.0153846	0.0	0.0789474	0.0	0.0	0.0	0.0	0.0	0.0	
pic sp.	0.0	0.0	0.0	0.0	0.0	0.0	0.0	0.0	0.0	0.0	0.0	0.0	0.0	0.0	0.0	0.0	0.0	0.0	0.0	0.0	0.0	0.0	0.0	0.0	0.0	0.0	0.0	0.0	0.0	0.0	0.0	0.0	0.0	0.0	0.0	0.0	0.0606061	0.0	0.0	0.0	0.0	0.0	0.0	0.0	0.0769231	0.0	0.0	0.0185185	
Faucon crécerellette	0.0	0.0	0.0	0.0	0.0	0.0	0.0	0.0	0.0	0.0	0.0	0.0	0.0	0.0	0.0	0.0	0.0	0.0	0.0	0.0	0.0	0.0	0.0	0.0	0.0	0.0	0.0	0.0	0.0625	0.0	0.0	0.0	0.0	0.0	0.0	0.0	0.0	0.0	0.0	0.0	0.0	0.0	0.0	0.0	0.0	0.0	0.0	0.0	
Faucon crécerelle	0.037037	0.0	0.12	0.04	0.0540541	0.1034483	0.1111111	0.0149254	0.0789474	0.0555556	0.1052632	0.1489362	0.1315789	0.25	0.1333333	0.2117647	0.1294118	0.1363636	0.1212121	0.1507937	0.1358025	0.2053571	0.1149425	0.0752688	0.2258065	0.1938776	0.2238806	0.2359551	0.125	0.1875	0.1212121	0.1458333	0.030303	0.2051282	0.1578947	0.046875	0.2121212	0.1090909	0.0204082	0.0153846	0.0222222	0.0789474	0.0263158	0.0	0.0	0.0	0.0	0.037037	
Faucon crécerellette ou F. crécerelle	0.0	0.0	0.0	0.0	0.0	0.0	0.0	0.0	0.0	0.0	0.0	0.0	0.0	0.0	0.0	0.0	0.0	0.0	0.0	0.0	0.0	0.0	0.0	0.0	0.0	0.0	0.0	0.0	0.0	0.0	0.0	0.0208333	0.0	0.0	0.0	0.0	0.0	0.0	0.0	0.0	0.0	0.0	0.0	0.0	0.0	0.0	0.0	0.0	
Faucon kobez	0.0	0.0	0.0	0.0	0.0	0.0	0.0	0.0	0.0	0.0	0.0	0.0	0.0	0.0	0.0	0.0	0.0117647	0.0272727	0.030303	0.015873	0.0	0.0	0.0	0.0	0.0	0.0	0.0	0.0	0.0	0.0	0.0	0.0	0.0	0.0	0.0	0.0	0.0	0.0	0.0	0.0	0.0	0.0	0.0	0.0	0.0	0.0	0.0	0.0	
Faucon d'Éléonore	0.0	0.0	0.0	0.0	0.0	0.0	0.0	0.0	0.0	0.0	0.0	0.0	0.0	0.0	0.0	0.0	0.0	0.0	0.0	0.0	0.0015	0.0089286	0.0	0.0	0.0	0.0	0.0	0.0	0.0	0.0	0.0	0.0	0.0	0.0	0.0	0.0	0.0	0.0	0.0	0.0	0.0	0.0	0.0	0.0	0.0	0.0	0.0	0.0	
Faucon émerillon	0.0	0.04	0.04	0.0015	0.027027	0.0	0.0	0.0	0.0	0.0	0.0	0.0	0.0	0.0	0.0	0.0	0.0	0.0	0.0	0.0	0.0	0.0	0.0	0.0	0.0	0.0	0.0	0.0	0.0	0.0	0.0	0.0	0.0	0.025641	0.0	0.0	0.0	0.0181818	0.0	0.0	0.0	0.0	0.0	0.0	0.0	0.0	0.0	0.0	
Faucon hobereau	0.0	0.0	0.0	0.0	0.0	0.0	0.0	0.0	0.0	0.0	0.0	0.0	0.0	0.0	0.0	0.0117647	0.0235294	0.0090909	0.0	0.0079365	0.0015	0.0357143	0.0229885	0.0107527	0.0	0.0102041	0.0015	0.0224719	0.0015	0.0625	0.0	0.0833333	0.030303	0.0	0.0175439	0.015625	0.0015	0.0015	0.0	0.0	0.0	0.0	0.0	0.0	0.0	0.0	0.0	0.0	
Faucon pèlerin	0.037037	0.0	0.0	0.0	0.0	0.0	0.0	0.0	0.0	0.0	0.0	0.0425532	0.0	0.0333333	0.0166667	0.0117647	0.0	0.0181818	0.0	0.015873	0.037037	0.0089286	0.0	0.0107527	0.0322581	0.0102041	0.0149254	0.0	0.0	0.0	0.0	0.0416667	0.0	0.0	0.0	0.015625	0.030303	0.0	0.0	0.0	0.0	0.0	0.0	0.0	0.0	0.0	0.0	0.0185185	
petit faucon sp.	0.0	0.0	0.0	0.0	0.0	0.0	0.0	0.0	0.0	0.0	0.0526316	0.0	0.0	0.0	0.0	0.0	0.0117647	0.0	0.0	0.0	0.0	0.0	0.0	0.0	0.0	0.0	0.0	0.0	0.0	0.0	0.0	0.0	0.0	0.0	0.0	0.0	0.0	0.0	0.0	0.0	0.0	0.0	0.0	0.0	0.0	0.0	0.0	0.0	
Falco sp.	0.0	0.0	0.0	0.0	0.0015	0.0	0.0	0.0	0.0	0.0	0.0	0.0	0.0	0.0166667	0.0	0.0	0.0	0.0	0.0	0.0	0.0	0.0	0.0	0.0	0.0	0.0102041	0.0	0.0	0.0	0.0625	0.0	0.0015	0.0	0.0	0.0	0.0	0.0	0.0	0.0	0.0	0.0	0.0	0.0	0.0	0.0	0.0	0.0	0.0	
rapace diurne sp.	0.0	0.0	0.0	0.0	0.0	0.0	0.0	0.0	0.0263158	0.0	0.0	0.0	0.0	0.0	0.0	0.0	0.0	0.0090909	0.0	0.0	0.0	0.0	0.0	0.0	0.0	0.0102041	0.0	0.0	0.0	0.0	0.0	0.0208333	0.0	0.0	0.0	0.0	0.0	0.0	0.0	0.0	0.0	0.0	0.0	0.0	0.0	0.0	0.0	0.0	
Calopsitte élégante	0.0	0.0	0.0	0.0	0.0	0.0	0.0	0.0	0.0	0.0	0.0	0.0	0.0	0.0	0.0	0.0	0.0	0.0	0.0	0.0	0.0	0.0	0.0	0.0	0.0	0.0	0.0	0.0	0.0	0.0	0.0	0.0	0.0	0.0	0.0	0.015625	0.0	0.0	0.0	0.0	0.0	0.0	0.0	0.0	0.0	0.0	0.0	0.0	
Perruche à collier	0.0	0.0	0.0	0.0	0.0	0.0	0.0	0.0	0.0	0.0	0.0	0.0212766	0.0	0.0	0.0	0.0	0.0	0.0	0.0	0.015873	0.0	0.0	0.0	0.0	0.0	0.0	0.0	0.0	0.0	0.0	0.0	0.0	0.0	0.0	0.0	0.0	0.0	0.0	0.0	0.0	0.0	0.0	0.0	0.0	0.0	0.0	0.0	0.0	
Loriot d'Europe	0.0	0.0	0.0	0.0	0.0	0.0	0.0	0.0	0.0	0.0	0.0	0.0	0.0	0.0	0.0	0.1058824	0.1176471	0.1363636	0.1363636	0.1269841	0.1111111	0.1875	0.2183908	0.172043	0.0967742	0.0816327	0.0149254	0.0337079	0.0015	0.0	0.0	0.0416667	0.0	0.0	0.0	0.0	0.0	0.0	0.0	0.0	0.0	0.0	0.0	0.0	0.0	0.0	0.0	0.0	
Pie-grièche écorcheur	0.0	0.0	0.0	0.0	0.0	0.0	0.0	0.0	0.0	0.0	0.0	0.0	0.0	0.0	0.0	0.0	0.0352941	0.0818182	0.0606061	0.1507937	0.0617284	0.0357143	0.0114943	0.0107527	0.0645161	0.0612245	0.1044776	0.0449438	0.0015	0.0625	0.030303	0.1041667	0.0015	0.0	0.0	0.0	0.0	0.0	0.0	0.0	0.0	0.0	0.0	0.0	0.0	0.0	0.0	0.0	
Pie-grièche méridionale	0.0	0.0	0.0	0.0	0.027027	0.0	0.0	0.0	0.0	0.0	0.0	0.0	0.0	0.0166667	0.0166667	0.0	0.0	0.0015	0.0	0.0079365	0.0	0.0	0.0015	0.0107527	0.0	0.0015	0.0	0.011236	0.0	0.0	0.0	0.0	0.0	0.0	0.0	0.0	0.0	0.0	0.0	0.0	0.0	0.0	0.0	0.0	0.0	0.0	0.0	0.0	
Pie-grièche grise	0.0	0.0	0.0	0.0015	0.0	0.0	0.0	0.0	0.0	0.0	0.0	0.0	0.0	0.0	0.0	0.0	0.0	0.0	0.0	0.0	0.0	0.0	0.0	0.0	0.0	0.0	0.0	0.0	0.0	0.0	0.0	0.0	0.0	0.0	0.0	0.0	0.0	0.0	0.0	0.0	0.0	0.0	0.0	0.0	0.0	0.0	0.0	0.0	
Pie-grièche à tête rousse	0.0	0.0	0.0	0.0	0.0	0.0	0.0	0.0	0.0	0.0	0.0	0.0	0.0	0.0	0.0	0.0	0.0	0.0090909	0.0	0.015873	0.0	0.0089286	0.0229885	0.0	0.0	0.0204082	0.0	0.0	0.0	0.0	0.0	0.0	0.0	0.0	0.0	0.0	0.0	0.0	0.0	0.0	0.0	0.0	0.0	0.0	0.0	0.0	0.0	0.0	
Geai des chênes	0.2962963	0.32	0.36	0.36	0.3243243	0.5862069	0.2222222	0.1641791	0.0789474	0.3055556	0.2631579	0.2553191	0.3684211	0.3166667	0.3166667	0.2941176	0.2588235	0.1090909	0.0909091	0.2142857	0.2098765	0.2946429	0.2758621	0.2043011	0.1935484	0.2142857	0.2238806	0.2134831	0.1875	0.1875	0.2727273	0.1875	0.0909091	0.2564103	0.3684211	0.265625	0.1515152	0.3818182	0.3877551	0.5076923	0.5555556	0.5	0.3947368	0.4186047	0.3076923	0.3076923	0.2	0.2037037	
Pie bavarde	0.4444444	0.24	0.44	0.68	0.4864865	0.6896552	0.2888889	0.3134328	0.2894737	0.3888889	0.4210526	0.3404255	0.3684211	0.45	0.3833333	0.4117647	0.2470588	0.4090909	0.2121212	0.3095238	0.2469136	0.2767857	0.3333333	0.311828	0.3064516	0.255102	0.3134328	0.3146067	0.25	0.5	0.2424242	0.3125	0.3636364	0.5384615	0.3684211	0.40625	0.4848485	0.5272727	0.5510204	0.6	0.5777778	0.4473684	0.6842105	0.5348837	0.3846154	0.4615385	0.5	0.3888889	
Cassenoix moucheté	0.0	0.0	0.04	0.04	0.0	0.0	0.0	0.0	0.0	0.0	0.0	0.0212766	0.0	0.0015	0.0	0.0	0.0117647	0.0090909	0.0151515	0.0238095	0.0123457	0.0178571	0.0114943	0.0215054	0.0322581	0.0	0.0298507	0.0337079	0.0	0.0015	0.0606061	0.0416667	0.0015	0.0015	0.0175439	0.0015	0.0	0.0363636	0.0	0.0	0.0015	0.0	0.0	0.0	0.0	0.0	0.0	0.0	
Crave à bec rouge	0.0	0.0	0.16	0.04	0.0810811	0.0344828	0.0015	0.0597015	0.0263158	0.1111111	0.0526316	0.0638298	0.0789474	0.0666667	0.1	0.0352941	0.0941176	0.0818182	0.030303	0.0873016	0.0864198	0.0803571	0.0344828	0.0752688	0.0483871	0.0714286	0.0597015	0.0561798	0.0	0.125	0.030303	0.125	0.0909091	0.0769231	0.0175439	0.0015	0.0015	0.0363636	0.0204082	0.0461538	0.0444444	0.0015	0.0	0.0015	0.0	0.0	0.0	0.0185185	
Chocard à bec jaune	0.0	0.0	0.0	0.0	0.0	0.0	0.0	0.0	0.0	0.0	0.0	0.0	0.0526316	0.0166667	0.0166667	0.0352941	0.0117647	0.0181818	0.0	0.031746	0.0246914	0.0535714	0.0344828	0.0215054	0.1129032	0.1020408	0.119403	0.0449438	0.0625	0.125	0.0909091	0.0833333	0.030303	0.0512821	0.122807	0.0015	0.030303	0.0181818	0.0	0.0	0.0222222	0.0	0.0	0.0	0.0	0.0	0.0	0.0	
Choucas des tours	0.1481481	0.08	0.12	0.16	0.1081081	0.2413793	0.1555556	0.0746269	0.1842105	0.1111111	0.3684211	0.212766	0.1842105	0.1666667	0.1833333	0.2	0.1529412	0.1727273	0.1212121	0.1984127	0.1358025	0.2410714	0.137931	0.0430108	0.0645161	0.0714286	0.0597015	0.011236	0.0	0.0	0.0	0.0625	0.0606061	0.0769231	0.122807	0.15625	0.3030303	0.2363636	0.1020408	0.2	0.1777778	0.1052632	0.0789474	0.1627907	0.0769231	0.0769231	0.1	0.0740741	
Corbeau freux	0.0	0.0	0.0	0.0	0.0	0.0	0.0	0.0	0.0	0.0277778	0.0	0.0212766	0.0	0.0015	0.0	0.0117647	0.0117647	0.0	0.0	0.0	0.0	0.0	0.0	0.0	0.0	0.0	0.0	0.0	0.0	0.0	0.0	0.0208333	0.0	0.0	0.0175439	0.0	0.0	0.0	0.0	0.0	0.0	0.0	0.0	0.0	0.0	0.0	0.0	0.0	
Corneille noire	0.4074074	0.32	0.32	0.48	0.4594595	0.4482759	0.2222222	0.2238806	0.2631579	0.2777778	0.5263158	0.3404255	0.4210526	0.3333333	0.3333333	0.3058824	0.2352941	0.2454545	0.2121212	0.2698413	0.3950617	0.4642857	0.2988506	0.2473118	0.3387097	0.2142857	0.2835821	0.2359551	0.125	0.3125	0.0606061	0.2291667	0.2121212	0.4102564	0.4736842	0.296875	0.4545455	0.3272727	0.4081633	0.4	0.4666667	0.2105263	0.3421053	0.3488372	0.3076923	0.3846154	0.3	0.3888889	
Corneille mantelée	0.0	0.0	0.04	0.0	0.027027	0.0	0.0	0.0	0.0	0.0	0.0	0.0	0.0	0.0	0.0	0.0	0.0	0.0	0.0	0.0	0.0	0.0	0.0	0.0	0.0	0.0	0.0015	0.0	0.0	0.0	0.0	0.0	0.0	0.0	0.0	0.0	0.0	0.0	0.0	0.0	0.0	0.0	0.0	0.0	0.0	0.0	0.0	0.0	
Hybride Corneille noire x C. mantelée	0.0	0.0	0.0	0.04	0.0	0.0	0.0	0.0149254	0.0	0.0	0.0	0.0	0.0	0.0	0.0	0.0	0.0	0.0	0.0	0.0	0.0	0.0	0.0	0.0	0.0	0.0	0.0	0.0	0.0	0.0	0.0	0.0	0.0	0.0	0.0	0.0	0.0	0.0	0.0	0.0	0.0	0.0	0.0	0.0	0.0	0.0	0.0	0.0	
corneille sp.	0.0	0.0	0.0	0.0	0.0	0.0	0.0	0.0	0.0263158	0.0	0.0	0.0	0.0	0.0	0.0	0.0	0.0	0.0090909	0.0	0.0	0.0	0.0	0.0	0.0	0.0	0.0	0.0	0.0	0.0	0.0625	0.0	0.0	0.030303	0.025641	0.0	0.0	0.0	0.0	0.0408163	0.0	0.0	0.0	0.0	0.0	0.0	0.0	0.0	0.0	
Grand Corbeau	0.037037	0.0	0.04	0.2	0.027027	0.1034483	0.1333333	0.238806	0.1578947	0.0555556	0.4210526	0.2340426	0.2631579	0.2	0.15	0.1176471	0.1411765	0.0909091	0.1212121	0.0952381	0.0864198	0.1071429	0.0689655	0.0015	0.0806452	0.1428571	0.119403	0.1460674	0.0625	0.0015	0.1818182	0.125	0.1515152	0.0769231	0.122807	0.15625	0.1212121	0.1272727	0.0612245	0.0769231	0.0444444	0.1052632	0.0263158	0.0232558	0.0	0.0769231	0.0	0.1481481	
Mésange noire	0.1481481	0.12	0.08	0.4	0.1351351	0.0689655	0.1111111	0.119403	0.1842105	0.1388889	0.0	0.0638298	0.0789474	0.1166667	0.0333333	0.0588235	0.1176471	0.0545455	0.0757576	0.1031746	0.1111111	0.0625	0.1724138	0.0645161	0.0967742	0.0510204	0.1044776	0.0898876	0.0	0.125	0.0909091	0.125	0.0606061	0.025641	0.0877193	0.015625	0.0015	0.1090909	0.0204082	0.0615385	0.0444444	0.1052632	0.0	0.0	0.0015	0.1538462	0.3	0.0555556	
Mésange huppée	0.1851852	0.08	0.28	0.16	0.1621622	0.0689655	0.0444444	0.1492537	0.1842105	0.1388889	0.1578947	0.0851064	0.0789474	0.05	0.0333333	0.0352941	0.1176471	0.0727273	0.0151515	0.0714286	0.0740741	0.0267857	0.1494253	0.0430108	0.0806452	0.0408163	0.1044776	0.1348315	0.0625	0.125	0.0909091	0.0833333	0.0606061	0.0512821	0.0701754	0.109375	0.0909091	0.1818182	0.0204082	0.1076923	0.0888889	0.2105263	0.0015	0.0697674	0.0015	0.0	0.1	0.0740741	
Mésange nonnette	0.037037	0.08	0.04	0.24	0.2702703	0.137931	0.0666667	0.1492537	0.0526316	0.0833333	0.1052632	0.0425532	0.1052632	0.0333333	0.1	0.0235294	0.0235294	0.0090909	0.0454545	0.015873	0.0493827	0.0178571	0.0574713	0.0430108	0.0015	0.0	0.0597015	0.0449438	0.0015	0.0625	0.030303	0.1666667	0.030303	0.0512821	0.0877193	0.09375	0.030303	0.0545455	0.0204082	0.0769231	0.0222222	0.0526316	0.0	0.0232558	0.0769231	0.3076923	0.3	0.0740741	
Mésange boréale	0.037037	0.0	0.08	0.0	0.0	0.0	0.0888889	0.0	0.0	0.0	0.0	0.0212766	0.0	0.0	0.0	0.0	0.0	0.0181818	0.0015	0.0	0.0	0.0267857	0.045977	0.0215054	0.016129	0.0204082	0.0298507	0.0449438	0.0	0.0	0.0606061	0.0208333	0.030303	0.025641	0.0526316	0.0015	0.030303	0.0181818	0.0	0.0	0.0015	0.0789474	0.0	0.0	0.0	0.0	0.1	0.0	
Mésange nonnette ou M. boréale	0.0	0.0	0.04	0.0	0.027027	0.0	0.0	0.0	0.0	0.0	0.0	0.0638298	0.0	0.0	0.0	0.0	0.0	0.0	0.0	0.0079365	0.0	0.0	0.0	0.0	0.0	0.0	0.0149254	0.0	0.0	0.0	0.0	0.0	0.0	0.0	0.0	0.0	0.0	0.0	0.0	0.0	0.0	0.0	0.0	0.0	0.0	0.0	0.0	0.0	
Mésange bleue	0.7037037	0.36	0.52	0.52	0.5405405	0.5517241	0.4	0.5074627	0.3157895	0.5	0.5263158	0.5106383	0.3684211	0.4666667	0.4	0.4117647	0.3058824	0.2363636	0.3030303	0.2142857	0.2222222	0.1517857	0.2988506	0.1397849	0.1612903	0.122449	0.2238806	0.1460674	0.0625	0.125	0.1818182	0.1458333	0.1212121	0.2564103	0.3157895	0.265625	0.1212121	0.2363636	0.2857143	0.3384615	0.1333333	0.3421053	0.0789474	0.2093023	0.2307692	0.4615385	0.4	0.3703704	
Mésange charbonnière	0.5185185	0.4	0.44	0.72	0.6216216	0.5862069	0.5111111	0.5223881	0.3421053	0.5555556	0.7894737	0.5106383	0.3947368	0.5833333	0.4666667	0.5647059	0.4352941	0.3636364	0.4393939	0.3809524	0.4197531	0.2321429	0.3103448	0.2150538	0.1935484	0.1632653	0.2238806	0.258427	0.0015	0.125	0.2727273	0.2291667	0.1515152	0.3846154	0.4561404	0.40625	0.5151515	0.6363636	0.5714286	0.6153846	0.6222222	0.5526316	0.5	0.6046512	0.6153846	0.5384615	0.7	0.2962963	
Rémiz penduline	0.0	0.0	0.0	0.0	0.0	0.0	0.0	0.0149254	0.0	0.0	0.0	0.0	0.0263158	0.0	0.0166667	0.0	0.0117647	0.0	0.0	0.0	0.0	0.0	0.0	0.0	0.0	0.0	0.0	0.0	0.0	0.0	0.0	0.0	0.0	0.0	0.0	0.0	0.0	0.0	0.0	0.0	0.0	0.0	0.0	0.0	0.0	0.0	0.0	0.0	
Alouette lulu	0.0	0.0	0.0	0.0	0.0810811	0.0689655	0.1111111	0.0895522	0.1052632	0.0015	0.0015	0.0638298	0.1052632	0.1166667	0.1333333	0.1647059	0.0941176	0.0909091	0.1212121	0.1111111	0.0740741	0.1875	0.1264368	0.0860215	0.0483871	0.0408163	0.0	0.0337079	0.0	0.0	0.0015	0.0	0.0015	0.025641	0.0350877	0.03125	0.0	0.0909091	0.122449	0.0307692	0.0	0.0	0.0	0.0	0.0015	0.0	0.0	0.0555556	
Alouette des champs	0.0	0.04	0.0	0.0	0.0	0.0	0.0222222	0.0	0.0	0.0	0.0	0.0851064	0.0526316	0.1166667	0.1	0.0705882	0.1176471	0.1090909	0.1363636	0.1666667	0.1234568	0.2857143	0.2528736	0.1075269	0.1129032	0.1530612	0.0746269	0.0224719	0.0015	0.0	0.0	0.0625	0.030303	0.0512821	0.0350877	0.0	0.030303	0.0545455	0.0408163	0.0153846	0.0222222	0.0263158	0.0	0.0232558	0.0	0.0	0.0	0.037037	
Cochevis huppé	0.037037	0.0	0.0	0.0	0.027027	0.0	0.0	0.0	0.0	0.0	0.0015	0.0212766	0.0	0.0	0.0	0.0235294	0.0352941	0.0090909	0.0151515	0.0	0.0123457	0.0267857	0.0114943	0.0015	0.016129	0.0102041	0.0	0.0015	0.0015	0.0	0.0	0.0416667	0.0015	0.0	0.0	0.0	0.030303	0.0	0.0	0.0	0.0222222	0.0	0.0	0.0	0.0	0.0	0.0	0.0	
Alouette calandrelle	0.0	0.0	0.0	0.0	0.0	0.0	0.0	0.0	0.0	0.0	0.0	0.0	0.0	0.0	0.0	0.0	0.0	0.0	0.0	0.0	0.0	0.0	0.0015	0.0	0.0	0.0	0.0	0.0	0.0	0.0	0.0	0.0	0.0	0.0	0.0	0.0	0.0	0.0	0.0	0.0	0.0	0.0	0.0	0.0	0.0	0.0	0.0	0.0	
Cisticole des joncs	0.0	0.0	0.0	0.0	0.0	0.0	0.0	0.0	0.0	0.0	0.0	0.0	0.0	0.0166667	0.0	0.0352941	0.0235294	0.0272727	0.030303	0.015873	0.0123457	0.0089286	0.0229885	0.0107527	0.0015	0.0	0.0015	0.011236	0.0	0.0	0.0	0.0	0.0	0.0	0.0	0.0	0.0	0.0	0.0	0.0	0.0222222	0.0	0.0	0.0	0.0	0.0	0.0	0.0015	
Hypolaïs polyglotte	0.0	0.0	0.0	0.0	0.0	0.0	0.0	0.0	0.0	0.0	0.0	0.0	0.0	0.0	0.0	0.0	0.0117647	0.0181818	0.0151515	0.031746	0.037037	0.0892857	0.045977	0.0107527	0.0483871	0.0204082	0.0	0.0224719	0.0	0.0	0.0	0.0	0.0	0.0	0.0	0.0	0.0	0.0	0.0	0.0	0.0	0.0	0.0	0.0	0.0	0.0	0.0	0.0	
Phragmite des joncs	0.0	0.0	0.0	0.0	0.0	0.0	0.0	0.0	0.0	0.0	0.0	0.0	0.0	0.0	0.0166667	0.0	0.0	0.0	0.0	0.0	0.0	0.0	0.0	0.0	0.0	0.0	0.0	0.0	0.0	0.0	0.0	0.0	0.0	0.0	0.0	0.0	0.0	0.0	0.0	0.0	0.0	0.0	0.0	0.0	0.0	0.0	0.0	0.0	
Rousserolle effarvatte	0.0	0.0	0.0	0.0	0.0	0.0	0.0	0.0	0.0	0.0	0.0	0.0	0.0	0.0166667	0.0166667	0.0117647	0.0117647	0.0363636	0.0	0.0015	0.0246914	0.0015	0.0015	0.0322581	0.0	0.0	0.0	0.0	0.0	0.0	0.030303	0.0	0.0	0.0	0.0	0.0	0.0	0.0	0.0	0.0	0.0	0.0	0.0	0.0	0.0	0.0	0.0	0.0	
Rousserolle turdoïde	0.0	0.0	0.0	0.0	0.0	0.0	0.0	0.0	0.0	0.0	0.0	0.0	0.0	0.0	0.0	0.0235294	0.0117647	0.0181818	0.0454545	0.0238095	0.0123457	0.0178571	0.0114943	0.0215054	0.0015	0.0	0.0	0.0	0.0	0.0	0.0	0.0	0.0	0.0	0.0	0.0	0.0	0.0	0.0	0.0	0.0	0.0	0.0	0.0	0.0	0.0	0.0	0.0	
Locustelle tachetée	0.0	0.0	0.0	0.0	0.0	0.0	0.0	0.0	0.0	0.0	0.0	0.0	0.0	0.0	0.0	0.0	0.0	0.0015	0.0	0.0	0.0	0.0	0.0	0.0	0.0	0.0	0.0	0.0	0.0	0.0	0.0	0.0	0.0	0.0	0.0	0.0	0.0	0.0	0.0	0.0	0.0	0.0	0.0	0.0	0.0	0.0	0.0	0.0	
Hirondelle de rivage	0.0	0.0	0.0	0.0	0.0	0.0	0.0	0.0	0.0	0.0	0.0	0.0	0.0	0.05	0.0	0.0117647	0.0235294	0.0272727	0.0	0.0	0.0123457	0.0089286	0.0	0.0107527	0.016129	0.0204082	0.0	0.0	0.0	0.0	0.0	0.0	0.030303	0.025641	0.0	0.015625	0.0015	0.0	0.0	0.0	0.0	0.0	0.0	0.0	0.0	0.0	0.0	0.0	
Hirondelle de rochers	0.0	0.0	0.0	0.0	0.0	0.0344828	0.0444444	0.119403	0.1578947	0.2222222	0.3684211	0.1914894	0.2368421	0.2333333	0.0833333	0.1058824	0.2	0.1363636	0.0454545	0.1428571	0.1111111	0.1428571	0.1149425	0.0645161	0.1290323	0.0714286	0.2089552	0.1460674	0.1875	0.125	0.4242424	0.2083333	0.0909091	0.1538462	0.1403509	0.1875	0.0909091	0.1818182	0.0408163	0.0769231	0.0222222	0.0	0.0015	0.0	0.0	0.0	0.0	0.037037	
Hirondelle rustique	0.0	0.0	0.0	0.0	0.0	0.0	0.0	0.0149254	0.0	0.0277778	0.1052632	0.1276596	0.2368421	0.2833333	0.2	0.2	0.1529412	0.1909091	0.1666667	0.2142857	0.0740741	0.1696429	0.1609195	0.1935484	0.1451613	0.1836735	0.119403	0.1910112	0.25	0.0015	0.030303	0.0833333	0.0606061	0.1794872	0.0701754	0.0625	0.1212121	0.0	0.0	0.0	0.0	0.0	0.0	0.0	0.0	0.0	0.0	0.0	
Hirondelle de fenêtre	0.0	0.0	0.0	0.0	0.0	0.0	0.0	0.0	0.0	0.0277778	0.1052632	0.0638298	0.1315789	0.1333333	0.1166667	0.1882353	0.2235294	0.2181818	0.1515152	0.2460317	0.2716049	0.3035714	0.2988506	0.2795699	0.3064516	0.2244898	0.2238806	0.4157303	0.375	0.1875	0.3333333	0.125	0.2727273	0.1282051	0.1052632	0.21875	0.030303	0.1090909	0.0	0.0153846	0.0	0.0	0.0	0.0	0.0	0.0	0.0	0.0	
hirondelle sp.	0.0	0.0	0.0	0.0	0.0	0.0	0.0	0.0	0.0	0.0	0.0	0.0	0.0	0.0	0.0	0.0	0.0235294	0.0363636	0.0151515	0.015873	0.0123457	0.0089286	0.0	0.0107527	0.0	0.0	0.0298507	0.0015	0.0	0.125	0.0	0.0	0.1212121	0.0	0.0701754	0.03125	0.0606061	0.0181818	0.0	0.0153846	0.0	0.0	0.0	0.0	0.0	0.0	0.0	0.0	
Pouillot siffleur	0.0	0.0	0.0	0.0	0.0	0.0	0.0	0.0	0.0	0.0	0.0	0.0	0.0	0.0	0.0	0.0	0.0235294	0.0	0.0	0.0079365	0.0123457	0.0	0.0	0.0	0.0	0.0	0.0149254	0.0	0.0	0.0	0.0	0.0	0.0	0.0	0.0	0.0	0.0	0.0	0.0	0.0	0.0	0.0	0.0	0.0	0.0	0.0	0.0	0.0	
Pouillot de Bonelli	0.0	0.0	0.0	0.0	0.0	0.0	0.0	0.0	0.0	0.0	0.0	0.0	0.0789474	0.3166667	0.4	0.2470588	0.3764706	0.2454545	0.2727273	0.3095238	0.3950617	0.3125	0.3563218	0.1935484	0.1774194	0.1428571	0.1791045	0.1235955	0.0015	0.0	0.0	0.0015	0.0	0.025641	0.0	0.0	0.0	0.0	0.0	0.0	0.0	0.0	0.0	0.0	0.0	0.0	0.0	0.0	
Pouillot fitis	0.0	0.0	0.0	0.0	0.0	0.0	0.0	0.0	0.0	0.0	0.0	0.0	0.0789474	0.0666667	0.0666667	0.0	0.0352941	0.0	0.0	0.0	0.0	0.0	0.0	0.0	0.0	0.0	0.0149254	0.0	0.0	0.0	0.0	0.0208333	0.030303	0.0	0.0175439	0.0	0.0	0.0	0.0	0.0	0.0	0.0	0.0	0.0	0.0	0.0	0.0	0.0	
Pouillot véloce	0.2222222	0.36	0.2	0.28	0.0540541	0.0344828	0.1111111	0.0298507	0.1052632	0.1111111	0.3684211	0.3617021	0.2894737	0.3333333	0.3166667	0.1647059	0.1647059	0.1181818	0.1515152	0.1825397	0.2469136	0.125	0.2873563	0.1182796	0.1290323	0.0510204	0.1492537	0.0449438	0.0	0.0625	0.1515152	0.1041667	0.0606061	0.0	0.122807	0.078125	0.0606061	0.2181818	0.1836735	0.1846154	0.1333333	0.1052632	0.0526316	0.0930233	0.0	0.0015	0.0	0.0185185	
pouillot sp.	0.0	0.0	0.0	0.0	0.0	0.0	0.0	0.0	0.0	0.0	0.0	0.0	0.0	0.0	0.0	0.0	0.0	0.0	0.0	0.0	0.0	0.0	0.0	0.0	0.0	0.0	0.0	0.0	0.0	0.0	0.0	0.0208333	0.0	0.0	0.0	0.0	0.0	0.0181818	0.0	0.0	0.0	0.0	0.0	0.0	0.0	0.0	0.0	0.0	
Bouscarle de Cetti	0.037037	0.04	0.0	0.0	0.0810811	0.0344828	0.0888889	0.0895522	0.0789474	0.0833333	0.1052632	0.0212766	0.0789474	0.1	0.1166667	0.1176471	0.0588235	0.0727273	0.0606061	0.047619	0.0864198	0.0357143	0.0344828	0.0645161	0.0483871	0.0	0.0	0.0015	0.0	0.0	0.0	0.0625	0.030303	0.1025641	0.0701754	0.046875	0.0606061	0.0545455	0.0612245	0.0461538	0.1111111	0.0789474	0.0526316	0.0232558	0.0	0.0	0.0	0.037037	
Orite à longue queue	0.2222222	0.12	0.28	0.08	0.1621622	0.2758621	0.2888889	0.1791045	0.2894737	0.1111111	0.1578947	0.1702128	0.2894737	0.0666667	0.2166667	0.2117647	0.1764706	0.1272727	0.0606061	0.0634921	0.1358025	0.0982143	0.091954	0.0645161	0.0806452	0.0612245	0.0746269	0.0224719	0.0015	0.0	0.0606061	0.0625	0.0909091	0.0769231	0.1929825	0.140625	0.030303	0.2363636	0.122449	0.0923077	0.1111111	0.1578947	0.0526316	0.0930233	0.0	0.0769231	0.1	0.0925926	
Fauvette à tête noire	0.2592593	0.12	0.28	0.32	0.1621622	0.1724138	0.3333333	0.2686567	0.3157895	0.3333333	0.5789474	0.4893617	0.4736842	0.6166667	0.55	0.5529412	0.5882353	0.4545455	0.4393939	0.5555556	0.6419753	0.5446429	0.5287356	0.5268817	0.4354839	0.255102	0.3134328	0.3258427	0.0	0.125	0.1515152	0.1875	0.0606061	0.2051282	0.1403509	0.203125	0.0909091	0.2181818	0.0816327	0.1846154	0.0444444	0.0526316	0.1052632	0.0930233	0.0	0.1538462	0.0	0.2037037	
Fauvette des jardins	0.0	0.0	0.0	0.0	0.0	0.0	0.0	0.0	0.0	0.0	0.0	0.0	0.0	0.0	0.0015	0.0	0.0	0.0	0.0	0.015873	0.0	0.0	0.0	0.0107527	0.0645161	0.0102041	0.0149254	0.0224719	0.0	0.0	0.0	0.0	0.0	0.0	0.0	0.0	0.0	0.0	0.0	0.0	0.0	0.0	0.0	0.0	0.0	0.0	0.0	0.0	
Fauvette babillarde	0.0	0.0	0.0	0.0	0.0	0.0	0.0	0.0	0.0	0.0	0.0	0.0	0.0	0.0	0.0	0.0	0.0235294	0.0181818	0.030303	0.0238095	0.037037	0.0089286	0.0574713	0.0107527	0.0483871	0.0102041	0.0597015	0.011236	0.0	0.0625	0.0	0.0208333	0.0	0.0	0.0	0.0	0.0	0.0	0.0	0.0	0.0	0.0	0.0	0.0	0.0	0.0	0.0	0.0	
Fauvette orphée	0.0	0.0	0.0	0.0	0.0	0.0	0.0	0.0	0.0	0.0	0.0	0.0	0.0	0.0166667	0.0	0.0	0.0	0.0	0.0	0.0079365	0.0246914	0.0357143	0.0	0.0	0.0	0.0	0.0015	0.0	0.0	0.0	0.0	0.0	0.0	0.0	0.0	0.0	0.0	0.0	0.0	0.0	0.0	0.0	0.0	0.0	0.0	0.0	0.0	0.0	
Fauvette mélanocéphale	0.037037	0.0	0.0	0.0015	0.0	0.0344828	0.0888889	0.0149254	0.0789474	0.0833333	0.0	0.0851064	0.0789474	0.0666667	0.15	0.0588235	0.0705882	0.0090909	0.030303	0.0396825	0.0246914	0.0357143	0.0229885	0.0107527	0.016129	0.0	0.0298507	0.0449438	0.0	0.0015	0.030303	0.0208333	0.0	0.0512821	0.0175439	0.03125	0.0	0.0909091	0.0	0.0461538	0.0222222	0.0526316	0.0263158	0.0465116	0.0	0.0769231	0.0	0.1111111	
Fauvette passerinette	0.0	0.0	0.0	0.0	0.0	0.0	0.0	0.0	0.0	0.0	0.0	0.0212766	0.1578947	0.1333333	0.1666667	0.1176471	0.1411765	0.0545455	0.0454545	0.0873016	0.0987654	0.0803571	0.0574713	0.0107527	0.0015	0.0015	0.0447761	0.0015	0.0015	0.0	0.030303	0.0015	0.0	0.025641	0.0	0.0	0.0	0.0	0.0	0.0	0.0	0.0	0.0	0.0	0.0	0.0	0.0	0.0	
Fauvette de Moltoni, F. passerinette ou F. des Balkans	0.0	0.0	0.0	0.0	0.0	0.0	0.0	0.0	0.0	0.0	0.0	0.0	0.0	0.0	0.0	0.0	0.0	0.0	0.0	0.0079365	0.0	0.0	0.0	0.0	0.0	0.0	0.0	0.0	0.0	0.0	0.0	0.0	0.0	0.0	0.0	0.0	0.0	0.0	0.0	0.0	0.0	0.0	0.0	0.0	0.0	0.0	0.0	0.0	
Fauvette grisette	0.0	0.0	0.0	0.0	0.0	0.0	0.0	0.0	0.0	0.0	0.0	0.0	0.0	0.0	0.0	0.0117647	0.0588235	0.0181818	0.0454545	0.047619	0.037037	0.0267857	0.045977	0.0215054	0.0	0.0	0.0298507	0.0015	0.0	0.0	0.0606061	0.0208333	0.0	0.0	0.0	0.0	0.0	0.0	0.0	0.0	0.0	0.0	0.0	0.0	0.0	0.0	0.0	0.0	
Fauvette à lunettes	0.0	0.0	0.0	0.0	0.0	0.0	0.0	0.0	0.0	0.0	0.0	0.0	0.0	0.0166667	0.0	0.0	0.0015	0.0	0.030303	0.0079365	0.0246914	0.0625	0.0344828	0.0215054	0.0015	0.0306122	0.0015	0.0015	0.0	0.0	0.0	0.0	0.0	0.0	0.0	0.0	0.0	0.0	0.0	0.0	0.0	0.0	0.0	0.0	0.0	0.0	0.0	0.0	
Fauvette pitchou	0.0	0.04	0.0	0.04	0.0	0.0	0.0	0.0298507	0.0	0.0	0.0	0.0212766	0.0	0.0666667	0.0	0.0117647	0.0117647	0.0	0.0	0.0079365	0.0246914	0.0089286	0.0114943	0.0	0.0	0.0306122	0.0015	0.011236	0.0	0.0	0.030303	0.0208333	0.0	0.0	0.0	0.0	0.0	0.0181818	0.0	0.0	0.0	0.0	0.0	0.0	0.0	0.0	0.0	0.037037	
Sylvia ou Curruca sp.	0.0	0.0	0.0	0.0	0.0	0.0	0.0	0.0	0.0	0.0	0.0	0.0	0.0	0.0166667	0.0	0.0	0.0	0.0	0.0	0.0	0.0	0.0	0.0	0.0	0.0	0.0	0.0	0.0	0.0	0.0	0.0	0.0	0.0	0.0	0.0	0.0	0.0	0.0	0.0	0.0	0.0	0.0	0.0	0.0	0.0	0.0	0.0	0.0	
Roitelet huppé	0.1481481	0.08	0.28	0.28	0.0540541	0.0	0.0444444	0.1791045	0.1052632	0.1111111	0.0	0.0425532	0.0263158	0.0333333	0.0	0.0	0.0	0.0181818	0.0	0.0079365	0.0	0.0178571	0.0114943	0.0	0.0015	0.0	0.0298507	0.011236	0.0	0.0	0.030303	0.0208333	0.0	0.0	0.0175439	0.015625	0.0	0.0181818	0.0408163	0.0	0.1111111	0.3421053	0.0789474	0.1395349	0.1538462	0.0769231	0.2	0.0925926	
Roitelet à triple bandeau	0.0740741	0.08	0.08	0.04	0.0810811	0.0	0.0444444	0.0298507	0.0526316	0.0277778	0.1578947	0.0851064	0.1052632	0.1666667	0.05	0.0588235	0.1764706	0.0545455	0.0454545	0.0714286	0.0740741	0.0535714	0.0804598	0.0215054	0.0	0.0	0.0298507	0.0	0.0	0.0	0.0	0.0208333	0.0015	0.0	0.0175439	0.015625	0.0	0.0909091	0.0204082	0.0769231	0.0444444	0.0526316	0.0015	0.0	0.0	0.0	0.0	0.0555556	
Roitelet huppé ou R. à triple bandeau	0.0	0.0	0.0	0.0015	0.0	0.0	0.0015	0.0	0.0	0.0	0.0	0.0	0.0	0.0	0.0	0.0	0.0	0.0	0.0	0.0	0.0	0.0	0.0	0.0	0.0	0.0	0.0	0.0	0.0	0.0	0.0	0.0	0.0	0.0	0.0175439	0.0	0.0	0.0	0.0	0.0153846	0.0	0.0	0.0	0.0	0.0	0.0	0.0	0.0	
Tichodrome échelette	0.0	0.0	0.0	0.0	0.027027	0.0	0.0888889	0.0149254	0.0	0.0277778	0.0015	0.0	0.0263158	0.0	0.0	0.0	0.0	0.0090909	0.0	0.0	0.0	0.0	0.0015	0.0	0.0	0.0	0.0	0.0	0.0	0.0	0.0	0.0208333	0.0	0.0	0.0	0.0015	0.0	0.0	0.0	0.0	0.0	0.0	0.0	0.0	0.0	0.0	0.0	0.0	
Sittelle torchepot	0.2222222	0.16	0.32	0.32	0.2972973	0.2068966	0.1333333	0.1343284	0.1315789	0.25	0.4736842	0.3829787	0.3421053	0.1833333	0.1833333	0.1647059	0.1411765	0.0909091	0.1060606	0.0714286	0.037037	0.0892857	0.091954	0.0537634	0.0483871	0.0306122	0.1044776	0.1348315	0.0625	0.0625	0.0606061	0.0833333	0.0909091	0.2051282	0.245614	0.203125	0.1212121	0.1636364	0.1836735	0.1384615	0.1333333	0.1315789	0.0526316	0.1627907	0.0769231	0.3076923	0.3	0.1666667	
Grimpereau des bois	0.037037	0.0	0.0	0.0015	0.0	0.0689655	0.0	0.0298507	0.0	0.0833333	0.0	0.0425532	0.0789474	0.0	0.0015	0.0	0.0	0.0181818	0.0151515	0.015873	0.0	0.0089286	0.0114943	0.0	0.0015	0.0102041	0.0298507	0.0337079	0.0	0.0625	0.0	0.0416667	0.0	0.0	0.0	0.0	0.0	0.0	0.0	0.0	0.0	0.0	0.0015	0.0015	0.0	0.0	0.0	0.0	
Grimpereau des jardins	0.0740741	0.12	0.16	0.12	0.0810811	0.2068966	0.1777778	0.1343284	0.1578947	0.1388889	0.4210526	0.2340426	0.1052632	0.2	0.1666667	0.1882353	0.2588235	0.1090909	0.1363636	0.1746032	0.1728395	0.0803571	0.1149425	0.0537634	0.016129	0.0	0.0447761	0.1235955	0.0625	0.125	0.0909091	0.0	0.030303	0.0512821	0.2631579	0.09375	0.0	0.1272727	0.0408163	0.1230769	0.0666667	0.1315789	0.0263158	0.0465116	0.0769231	0.0	0.0	0.0740741	
Grimpereau des bois ou G. des jardins	0.0	0.0	0.04	0.04	0.0540541	0.0	0.0015	0.0	0.0	0.0	0.0	0.0	0.0263158	0.0	0.0	0.0	0.0	0.0	0.0	0.0	0.0	0.0	0.0	0.0	0.0	0.0	0.0	0.0	0.0	0.0	0.0	0.0	0.0	0.0	0.0	0.0	0.0	0.0	0.0	0.0	0.0	0.0	0.0	0.0	0.0	0.0	0.0	0.0	
Troglodyte mignon	0.1851852	0.04	0.2	0.04	0.0540541	0.1034483	0.0666667	0.1343284	0.1052632	0.1666667	0.0	0.0851064	0.0789474	0.0333333	0.0833333	0.0588235	0.0470588	0.0363636	0.0606061	0.047619	0.0246914	0.0535714	0.1034483	0.0537634	0.0806452	0.0408163	0.0895522	0.0898876	0.0625	0.0	0.030303	0.0416667	0.0	0.025641	0.0175439	0.015625	0.0	0.0181818	0.0	0.1230769	0.1111111	0.0526316	0.0526316	0.0697674	0.0769231	0.0769231	0.0	0.0555556	
Cincle plongeur	0.0	0.0	0.12	0.12	0.0540541	0.0	0.0222222	0.0298507	0.0	0.0555556	0.0	0.0015	0.0789474	0.0166667	0.05	0.0235294	0.0235294	0.0272727	0.0	0.031746	0.0246914	0.0	0.0229885	0.0015	0.0322581	0.0204082	0.0	0.011236	0.0	0.0625	0.0606061	0.0208333	0.030303	0.025641	0.0350877	0.0625	0.030303	0.0363636	0.0612245	0.0769231	0.0666667	0.0263158	0.0	0.0465116	0.0	0.0	0.1	0.0	
Étourneau sansonnet	0.1481481	0.08	0.04	0.04	0.1621622	0.137931	0.1111111	0.1343284	0.1315789	0.1666667	0.2105263	0.212766	0.3421053	0.2166667	0.2666667	0.4	0.2470588	0.1545455	0.1818182	0.1825397	0.1604938	0.2678571	0.2298851	0.172043	0.0483871	0.0918367	0.1044776	0.0	0.0	0.0	0.030303	0.0416667	0.0	0.1282051	0.0350877	0.046875	0.0606061	0.0909091	0.0612245	0.1538462	0.0444444	0.0263158	0.0263158	0.0015	0.0769231	0.1538462	0.0	0.1111111	
Étourneau sansonnet ou É. unicolore	0.0	0.0	0.0	0.0	0.0	0.0	0.0	0.0	0.0	0.0	0.0	0.0	0.0	0.0	0.0	0.0	0.0	0.0090909	0.0	0.0238095	0.0	0.0	0.0	0.0	0.0	0.0	0.0	0.0	0.0	0.0	0.0	0.0	0.0	0.0	0.0	0.0	0.0	0.0	0.0	0.0	0.0	0.0	0.0	0.0	0.0	0.0	0.0	0.0	
Étourneau roselin	0.0	0.0	0.0	0.0	0.0	0.0	0.0	0.0	0.0	0.0	0.0	0.0	0.0	0.0	0.0	0.0	0.0	0.0	0.0	0.0	0.0	0.0089286	0.0	0.0107527	0.0	0.0015	0.0	0.0	0.0	0.0	0.0	0.0	0.0	0.0	0.0	0.0	0.0	0.0	0.0	0.0	0.0	0.0	0.0	0.0	0.0	0.0	0.0	0.0	
Grive draine	0.1851852	0.12	0.16	0.04	0.1081081	0.1034483	0.2	0.119403	0.1315789	0.1388889	0.0015	0.0851064	0.1578947	0.1	0.1	0.0588235	0.0588235	0.0636364	0.0757576	0.0634921	0.0740741	0.0625	0.1264368	0.0215054	0.0483871	0.0408163	0.1791045	0.0449438	0.0	0.0625	0.0606061	0.0208333	0.0	0.025641	0.0350877	0.015625	0.0015	0.0545455	0.0408163	0.0153846	0.0222222	0.0526316	0.0015	0.0015	0.0015	0.0	0.0	0.0925926	
Grive musicienne	0.0740741	0.04	0.08	0.0	0.1081081	0.137931	0.1333333	0.0447761	0.1315789	0.1388889	0.1578947	0.106383	0.1052632	0.0666667	0.0	0.0117647	0.0352941	0.0181818	0.0454545	0.0238095	0.0493827	0.0178571	0.0804598	0.0215054	0.0806452	0.0102041	0.0298507	0.0224719	0.0	0.0015	0.030303	0.0	0.0	0.0	0.0	0.015625	0.030303	0.0545455	0.0204082	0.0	0.0222222	0.0	0.0	0.0465116	0.0	0.0769231	0.0	0.0740741	
Grive mauvis	0.037037	0.04	0.04	0.0	0.027027	0.0	0.1555556	0.0149254	0.0	0.0277778	0.0	0.0	0.0	0.0	0.0	0.0	0.0	0.0	0.0	0.0	0.0	0.0	0.0	0.0	0.0	0.0	0.0	0.0	0.0	0.0	0.0	0.0	0.0	0.0	0.0	0.0	0.0	0.0	0.0	0.0	0.0	0.0	0.0	0.0015	0.0	0.0	0.0	0.0	
Merle noir	0.4074074	0.16	0.36	0.4	0.4054054	0.5172414	0.4888889	0.4776119	0.3684211	0.5277778	0.5263158	0.4042553	0.4473684	0.6166667	0.5666667	0.6470588	0.4941176	0.6181818	0.5757576	0.5793651	0.5925926	0.5089286	0.5632184	0.3978495	0.2580645	0.1938776	0.3283582	0.2134831	0.1875	0.1875	0.1818182	0.1041667	0.030303	0.4358974	0.245614	0.203125	0.3333333	0.4363636	0.3673469	0.4	0.3555556	0.4736842	0.4210526	0.4651163	0.3076923	0.1538462	0.4	0.2777778	
Grive litorne	0.0	0.0	0.0015	0.0	0.0540541	0.0344828	0.1333333	0.0447761	0.0263158	0.0	0.0	0.0	0.0	0.0166667	0.0	0.0	0.0	0.0	0.0	0.0079365	0.0123457	0.0089286	0.0229885	0.0	0.0015	0.0306122	0.0149254	0.011236	0.0	0.0625	0.0	0.0	0.030303	0.0	0.0350877	0.0	0.0	0.0	0.0204082	0.0	0.0	0.0	0.0	0.0015	0.0	0.0	0.0015	0.0185185	
Merle à plastron	0.0	0.0	0.0	0.0	0.0	0.0	0.0	0.0	0.0	0.0	0.0	0.0	0.0	0.0166667	0.0	0.0	0.0	0.0	0.0151515	0.0079365	0.0123457	0.0089286	0.0114943	0.0107527	0.0322581	0.0204082	0.0746269	0.0224719	0.0	0.0	0.0	0.0	0.0	0.0	0.0526316	0.0	0.0015	0.0181818	0.0	0.0	0.0	0.0	0.0	0.0	0.0	0.0	0.0	0.0	
Turdus sp.	0.0	0.04	0.0	0.0	0.0	0.0	0.0	0.0	0.0	0.0	0.0	0.0	0.0	0.0	0.0	0.0	0.0	0.0	0.0	0.0	0.0	0.0	0.0	0.0	0.0	0.0	0.0	0.0	0.0	0.0	0.0	0.0	0.0	0.0	0.0	0.0	0.0	0.0	0.0	0.0	0.0	0.0	0.0	0.0	0.0	0.0	0.0	0.0	
Gobemouche gris	0.0	0.0	0.0	0.0	0.0	0.0	0.0	0.0	0.0	0.0	0.0	0.0	0.0	0.0	0.0	0.0117647	0.0352941	0.0272727	0.0015	0.0	0.0246914	0.0	0.0	0.0	0.0	0.0	0.0015	0.0	0.0	0.0	0.0	0.0	0.0606061	0.0	0.0	0.015625	0.0	0.0	0.0	0.0	0.0	0.0	0.0	0.0	0.0	0.0	0.0	0.0	
Rougegorge familier	0.7407407	0.28	0.56	0.52	0.2702703	0.5172414	0.5555556	0.3880597	0.2894737	0.3888889	0.3684211	0.4468085	0.3947368	0.5166667	0.3666667	0.3764706	0.3058824	0.2363636	0.2727273	0.2619048	0.2716049	0.2589286	0.3333333	0.2258065	0.1129032	0.0510204	0.1044776	0.1460674	0.0	0.0625	0.1515152	0.1041667	0.1212121	0.1794872	0.2807018	0.203125	0.2121212	0.6	0.5306122	0.7538462	0.8	0.6578947	0.6578947	0.5348837	0.4615385	0.4615385	0.5	0.3148148	
Rossignol philomèle	0.0	0.0	0.0	0.0	0.0	0.0	0.0	0.0	0.0	0.0	0.0	0.0	0.0789474	0.0833333	0.2833333	0.4470588	0.4235294	0.3272727	0.3939394	0.2936508	0.3950617	0.3214286	0.2643678	0.1935484	0.0645161	0.0102041	0.0149254	0.0224719	0.0625	0.0	0.0	0.0	0.0	0.0	0.0	0.0	0.0	0.0	0.0	0.0	0.0	0.0	0.0	0.0	0.0	0.0	0.0	0.0	
Gobemouche noir	0.0	0.0	0.0	0.0	0.0	0.0	0.0	0.0	0.0	0.0	0.0	0.0	0.0	0.0333333	0.05	0.0352941	0.0117647	0.0090909	0.0	0.015873	0.0	0.0	0.0	0.0	0.0	0.0	0.0	0.0	0.0	0.0625	0.0	0.0416667	0.0606061	0.0512821	0.0526316	0.03125	0.0	0.0	0.0	0.0	0.0	0.0	0.0	0.0	0.0	0.0	0.0	0.0	
Rougequeue à front blanc	0.0	0.0	0.0	0.0	0.0	0.0	0.0	0.0	0.0	0.0	0.0	0.0212766	0.0263158	0.15	0.1	0.1294118	0.1176471	0.0727273	0.0454545	0.1587302	0.1481481	0.0267857	0.091954	0.0537634	0.016129	0.0204082	0.0149254	0.011236	0.125	0.0	0.0	0.0015	0.030303	0.0	0.0175439	0.015625	0.0	0.0	0.0204082	0.0	0.0	0.0	0.0	0.0	0.0	0.0	0.0	0.0	
Rougequeue noir	0.037037	0.12	0.2	0.2	0.1081081	0.1034483	0.1111111	0.0895522	0.0789474	0.1388889	0.2105263	0.2978723	0.2631579	0.2833333	0.1666667	0.1764706	0.1411765	0.1363636	0.1515152	0.1746032	0.2469136	0.2053571	0.1954023	0.1827957	0.2903226	0.1326531	0.2537313	0.2022472	0.0015	0.1875	0.2424242	0.1666667	0.0909091	0.1025641	0.1052632	0.125	0.030303	0.1636364	0.1020408	0.2615385	0.1333333	0.0789474	0.0263158	0.1627907	0.0	0.0	0.0	0.0740741	
Monticole de roche	0.0	0.0	0.0	0.0	0.0	0.0	0.0	0.0	0.0	0.0	0.0	0.0	0.0	0.0166667	0.0333333	0.0	0.0117647	0.0090909	0.0	0.0079365	0.0	0.0178571	0.0229885	0.0	0.0	0.0204082	0.0447761	0.011236	0.0	0.0015	0.0015	0.0208333	0.0	0.025641	0.0350877	0.0	0.0	0.0	0.0	0.0	0.0	0.0	0.0	0.0	0.0	0.0	0.0	0.0	
Monticole bleu	0.037037	0.0	0.0	0.0	0.027027	0.0	0.0444444	0.0	0.0	0.0	0.0526316	0.0425532	0.0789474	0.0	0.0	0.0117647	0.0235294	0.0090909	0.0151515	0.015873	0.0246914	0.0015	0.0015	0.0107527	0.0	0.0	0.0	0.0	0.0	0.0	0.0606061	0.0	0.0	0.0	0.0	0.015625	0.0	0.0	0.0	0.0	0.0	0.0	0.0	0.0	0.0	0.0	0.0	0.0185185	
Tarier des prés	0.0	0.0	0.0	0.0	0.0	0.0	0.0	0.0	0.0	0.0	0.0	0.0	0.0	0.0	0.0166667	0.0470588	0.0352941	0.0181818	0.0151515	0.0238095	0.0015	0.0267857	0.0344828	0.0015	0.1129032	0.0306122	0.1044776	0.0337079	0.0	0.0625	0.030303	0.0208333	0.0606061	0.0512821	0.0350877	0.0	0.0	0.0	0.0	0.0	0.0	0.0	0.0	0.0	0.0	0.0	0.0	0.0	
Tarier pâtre	0.0740741	0.16	0.0	0.08	0.0810811	0.0	0.0015	0.0746269	0.0526316	0.0555556	0.1052632	0.106383	0.0789474	0.1666667	0.1	0.0823529	0.0588235	0.0909091	0.0606061	0.1031746	0.0617284	0.0535714	0.0574713	0.0860215	0.016129	0.0408163	0.0447761	0.0449438	0.0625	0.125	0.030303	0.0833333	0.030303	0.025641	0.0877193	0.0625	0.030303	0.0181818	0.0204082	0.0461538	0.0222222	0.0789474	0.0	0.0232558	0.0	0.0769231	0.0	0.0555556	
Traquet motteux	0.0	0.0	0.0	0.0	0.0	0.0	0.0	0.0	0.0	0.0	0.0	0.0	0.0	0.0333333	0.05	0.0941176	0.0823529	0.0272727	0.0151515	0.0634921	0.0493827	0.0714286	0.0574713	0.0322581	0.1612903	0.1020408	0.1492537	0.1011236	0.0625	0.1875	0.1212121	0.125	0.0909091	0.0769231	0.122807	0.015625	0.030303	0.0181818	0.0	0.0	0.0	0.0	0.0	0.0	0.0	0.0	0.0	0.0	
Capucin bec-de-plomb	0.0	0.0	0.0	0.0	0.0	0.0	0.0	0.0	0.0	0.0	0.0	0.0	0.0	0.0	0.0	0.0	0.0	0.0	0.0	0.0	0.0	0.0	0.0	0.0	0.0	0.0102041	0.0	0.0	0.0	0.0	0.0	0.0	0.0	0.0	0.0	0.0	0.0	0.0	0.0	0.0	0.0	0.0	0.0	0.0	0.0	0.0	0.0	0.0	
Accenteur alpin	0.0	0.0	0.04	0.0	0.027027	0.0	0.0222222	0.0149254	0.0789474	0.0	0.0015	0.0	0.0	0.0166667	0.0	0.0	0.0	0.0	0.0	0.0079365	0.0123457	0.0	0.0015	0.0015	0.0015	0.0102041	0.0746269	0.011236	0.0	0.0015	0.030303	0.0208333	0.0	0.0	0.0	0.0	0.0	0.0	0.0	0.0	0.0	0.0	0.0015	0.0015	0.0	0.0	0.0015	0.0	
Accenteur mouchet	0.1111111	0.04	0.04	0.0015	0.0540541	0.0344828	0.0222222	0.0149254	0.0263158	0.0	0.0526316	0.0212766	0.0526316	0.0	0.0166667	0.0117647	0.0352941	0.0454545	0.030303	0.0	0.0246914	0.0357143	0.0229885	0.0107527	0.0645161	0.0306122	0.0895522	0.011236	0.0	0.0	0.0	0.0	0.0	0.0	0.0175439	0.0	0.0	0.0545455	0.0204082	0.0153846	0.0	0.0263158	0.0	0.0015	0.0	0.0	0.0	0.0185185	
Moineau domestique	0.2962963	0.12	0.4	0.44	0.2972973	0.3448276	0.2444444	0.3134328	0.3157895	0.3888889	0.2631579	0.2765957	0.2631579	0.55	0.3	0.5411765	0.3411765	0.3909091	0.2878788	0.3730159	0.4444444	0.4285714	0.5057471	0.5268817	0.3709677	0.3571429	0.3432836	0.4157303	0.4375	0.4375	0.2121212	0.2291667	0.2727273	0.3333333	0.2105263	0.359375	0.4242424	0.3454545	0.3469388	0.2923077	0.3111111	0.3157895	0.5263158	0.4883721	0.3076923	0.3076923	0.4	0.2777778	
Moineau cisalpin	0.0	0.0	0.0	0.0	0.0	0.0	0.0	0.0	0.0263158	0.0	0.0	0.0	0.0	0.0333333	0.0	0.0	0.0	0.0	0.0015	0.0079365	0.0015	0.0267857	0.0114943	0.0	0.016129	0.0102041	0.0149254	0.0224719	0.0	0.0015	0.0015	0.0	0.0	0.0	0.0175439	0.0	0.030303	0.0	0.0	0.0	0.0444444	0.0	0.0	0.0	0.0	0.0	0.0	0.0	
Hybride Moineau domestique x M. cisalpin	0.0	0.0	0.0	0.0	0.0	0.0	0.0	0.0015	0.0	0.0	0.0	0.0	0.0	0.0	0.0	0.0	0.0	0.0	0.0	0.0015	0.0	0.0	0.0015	0.0	0.0	0.0	0.0015	0.0	0.0	0.0	0.0	0.0	0.030303	0.0	0.0	0.0	0.0	0.0	0.0	0.0	0.0	0.0	0.0	0.0	0.0	0.0	0.0	0.0	
Moineau domestique ou M. cisalpin	0.0	0.0	0.0	0.0	0.0	0.0	0.0	0.0	0.0263158	0.0	0.0	0.0	0.0	0.0	0.0	0.0	0.0	0.0	0.0	0.0	0.0	0.0	0.0	0.0	0.0322581	0.0	0.0	0.0224719	0.0	0.0015	0.0	0.0	0.0	0.0	0.1403509	0.015625	0.030303	0.0	0.0	0.0	0.0	0.0	0.0	0.0	0.0	0.0	0.0	0.0	
Moineau friquet	0.1851852	0.04	0.0	0.08	0.1081081	0.1724138	0.0666667	0.0447761	0.0526316	0.0277778	0.0526316	0.0	0.0	0.0	0.0333333	0.0117647	0.0	0.0090909	0.0	0.0079365	0.0864198	0.0267857	0.0689655	0.1182796	0.016129	0.0306122	0.0	0.0	0.0	0.0625	0.0	0.0208333	0.0909091	0.0512821	0.0	0.015625	0.0	0.0363636	0.0204082	0.0153846	0.0444444	0.0	0.0263158	0.0232558	0.0	0.1538462	0.1	0.0925926	
Moineau soulcie	0.0	0.0	0.0	0.0	0.0	0.0	0.0	0.0	0.0	0.0	0.0	0.0	0.0	0.0333333	0.0166667	0.0015	0.0235294	0.0090909	0.0	0.0396825	0.0246914	0.0714286	0.0229885	0.0015	0.0483871	0.0204082	0.0149254	0.0015	0.0	0.0	0.0	0.0208333	0.0	0.0	0.0	0.0	0.0	0.0	0.0	0.0	0.0	0.0263158	0.0	0.0	0.0	0.0	0.0	0.0	
Niverolle alpine	0.0	0.0	0.0	0.0	0.0	0.0015	0.0	0.0149254	0.0263158	0.0	0.0	0.0212766	0.0	0.0	0.0	0.0	0.0	0.0	0.0	0.015873	0.0	0.0089286	0.0229885	0.0015	0.0015	0.0306122	0.0746269	0.0224719	0.0015	0.0	0.0015	0.0	0.0	0.0	0.0	0.0	0.0	0.0	0.0	0.0	0.0	0.0	0.0	0.0	0.0	0.0	0.0	0.0185185	
Bergeronnette des ruisseaux	0.037037	0.08	0.16	0.08	0.0540541	0.0689655	0.0444444	0.0597015	0.0263158	0.0833333	0.0	0.1489362	0.0789474	0.0833333	0.05	0.0235294	0.0	0.0363636	0.0015	0.0238095	0.0864198	0.0446429	0.0574713	0.0215054	0.0645161	0.0510204	0.1044776	0.0449438	0.0015	0.0625	0.1515152	0.0625	0.030303	0.0769231	0.0526316	0.109375	0.0909091	0.1090909	0.1428571	0.0615385	0.1111111	0.0526316	0.0	0.0	0.0	0.0	0.1	0.0185185	
Bergeronnette printanière	0.0	0.0	0.0	0.0	0.0	0.0	0.0	0.0	0.0	0.0	0.0	0.0	0.0	0.0666667	0.0166667	0.0235294	0.0117647	0.0090909	0.0151515	0.0079365	0.0	0.0	0.0229885	0.0	0.016129	0.0	0.0149254	0.0	0.0	0.0	0.0606061	0.0208333	0.0	0.0	0.0	0.0	0.0	0.0181818	0.0	0.0	0.0	0.0	0.0	0.0	0.0	0.0	0.0	0.0	
Bergeronnette grise	0.4074074	0.16	0.24	0.2	0.0810811	0.1034483	0.1111111	0.1492537	0.1052632	0.2777778	0.1578947	0.3191489	0.2631579	0.2666667	0.1666667	0.2352941	0.1882353	0.1727273	0.1515152	0.1507937	0.1728395	0.1428571	0.1954023	0.2150538	0.2741935	0.1326531	0.2835821	0.2247191	0.25	0.1875	0.1818182	0.0015	0.0015	0.2820513	0.1754386	0.21875	0.2727273	0.2363636	0.122449	0.1076923	0.2222222	0.1052632	0.1315789	0.0465116	0.0	0.0	0.1	0.2037037	
bergeronette sp.	0.0	0.0	0.0	0.0	0.0	0.0	0.0	0.0	0.0	0.0	0.0	0.0	0.0	0.0	0.0	0.0	0.0	0.0	0.0	0.0	0.0	0.0	0.0	0.0	0.016129	0.0	0.0	0.0	0.0	0.0	0.0	0.0	0.0	0.0	0.0175439	0.015625	0.0	0.0	0.0204082	0.0153846	0.0	0.0	0.0	0.0	0.0	0.0	0.0	0.0	
Pipit rousseline	0.0	0.0	0.0	0.0	0.0	0.0	0.0	0.0	0.0	0.0	0.0	0.0	0.0	0.0333333	0.0	0.0117647	0.0470588	0.0454545	0.030303	0.0555556	0.0617284	0.1696429	0.045977	0.0752688	0.0645161	0.0816327	0.0298507	0.011236	0.0015	0.0	0.0	0.0416667	0.030303	0.0	0.0	0.0	0.0	0.0	0.0	0.0	0.0	0.0	0.0	0.0	0.0	0.0	0.0	0.0	
Pipit farlouse	0.0740741	0.12	0.0	0.0	0.1081081	0.1034483	0.0888889	0.0149254	0.0	0.0277778	0.0	0.0425532	0.0526316	0.0166667	0.0166667	0.0	0.0	0.0	0.0	0.0	0.0	0.0	0.0	0.0	0.0	0.0306122	0.0	0.0	0.0	0.0	0.0	0.0	0.0	0.0	0.0	0.0	0.0606061	0.0909091	0.0204082	0.0461538	0.0222222	0.0	0.0	0.0465116	0.0	0.0769231	0.0	0.037037	
Pipit des arbres	0.0	0.0	0.0	0.0	0.0	0.0	0.0	0.0	0.0	0.0	0.0	0.0	0.0526316	0.0	0.0	0.0117647	0.0470588	0.0454545	0.030303	0.047619	0.0740741	0.0446429	0.0689655	0.0430108	0.0806452	0.0306122	0.0597015	0.011236	0.0	0.125	0.0	0.0625	0.0606061	0.0769231	0.1052632	0.03125	0.0	0.0	0.0	0.0	0.0	0.0	0.0	0.0	0.0	0.0	0.0	0.0	
Pipit à gorge rousse	0.0	0.0	0.0	0.0	0.0	0.0	0.0	0.0	0.0	0.0	0.0	0.0	0.0	0.0	0.0	0.0235294	0.0	0.0015	0.0	0.0	0.0	0.0	0.0	0.0	0.0	0.0	0.0	0.0	0.0	0.0	0.0	0.0	0.0	0.0	0.0	0.0	0.0	0.0	0.0	0.0	0.0	0.0	0.0	0.0	0.0	0.0	0.0	0.0	
Pipit spioncelle	0.0	0.0	0.0	0.04	0.027027	0.0	0.0	0.0149254	0.0	0.0277778	0.0	0.0212766	0.0263158	0.0333333	0.0	0.0	0.0117647	0.0090909	0.0015	0.0079365	0.0123457	0.0357143	0.0344828	0.0	0.0645161	0.0612245	0.1044776	0.0786517	0.0625	0.0	0.0015	0.1041667	0.0	0.0512821	0.0350877	0.0	0.0909091	0.0363636	0.0	0.0153846	0.0	0.0	0.0	0.0015	0.0	0.0	0.0	0.0185185	
Pinson des arbres	0.5555556	0.16	0.44	0.48	0.4594595	0.4137931	0.5111111	0.358209	0.3947368	0.3888889	0.4210526	0.4255319	0.3947368	0.4	0.4666667	0.4705882	0.4235294	0.4363636	0.4393939	0.452381	0.382716	0.3660714	0.3793103	0.3655914	0.4032258	0.1938776	0.2686567	0.2134831	0.0625	0.125	0.0909091	0.0625	0.0606061	0.2051282	0.1578947	0.15625	0.0606061	0.3818182	0.3061224	0.4307692	0.3555556	0.5263158	0.3421053	0.4651163	0.5384615	0.4615385	0.5	0.462963	
Pinson du Nord	0.037037	0.0	0.04	0.08	0.0540541	0.0344828	0.0	0.0746269	0.0263158	0.0833333	0.0	0.0	0.0	0.0	0.0	0.0	0.0	0.0	0.0	0.0	0.0	0.0	0.0	0.0	0.0	0.0	0.0	0.0	0.0	0.0	0.0	0.0	0.0	0.0	0.0	0.0	0.0	0.0	0.0	0.0153846	0.0	0.0263158	0.0263158	0.0015	0.0	0.0	0.0015	0.0185185	
Grosbec casse-noyaux	0.1111111	0.04	0.12	0.04	0.027027	0.0689655	0.1333333	0.119403	0.0789474	0.0833333	0.1052632	0.0212766	0.0015	0.0	0.0	0.0	0.0	0.0	0.0	0.0	0.0	0.0	0.0114943	0.0	0.0	0.0	0.0	0.0	0.0	0.0	0.0	0.0208333	0.0	0.0	0.0	0.0	0.0	0.0	0.0015	0.0153846	0.0	0.0	0.0	0.0015	0.0	0.1538462	0.1	0.037037	
Bouvreuil pivoine	0.037037	0.0	0.0	0.0	0.0	0.0	0.0888889	0.0447761	0.0263158	0.0277778	0.0	0.0	0.0	0.0	0.0015	0.0	0.0117647	0.0	0.0	0.0	0.0	0.0089286	0.0114943	0.0	0.0322581	0.0	0.0149254	0.0337079	0.0	0.0	0.030303	0.0	0.0	0.0	0.0	0.0	0.0	0.0	0.0	0.0	0.0	0.0526316	0.0	0.0	0.0	0.0	0.0	0.0	
Verdier d'Europe	0.1851852	0.0	0.0	0.08	0.0810811	0.137931	0.2222222	0.2089552	0.1052632	0.1388889	0.1052632	0.1276596	0.2368421	0.3	0.2166667	0.2352941	0.2	0.1272727	0.1363636	0.1349206	0.2345679	0.1428571	0.1954023	0.172043	0.0483871	0.0816327	0.1343284	0.1235955	0.125	0.0625	0.0909091	0.0208333	0.0	0.025641	0.0350877	0.03125	0.0	0.0181818	0.0204082	0.0615385	0.0666667	0.0	0.0	0.0015	0.0769231	0.1538462	0.0	0.0555556	
Linotte mélodieuse	0.037037	0.0	0.04	0.08	0.0	0.0344828	0.0444444	0.0	0.0526316	0.0	0.0	0.0425532	0.1052632	0.1333333	0.0333333	0.0588235	0.0941176	0.0272727	0.0454545	0.0714286	0.0617284	0.1428571	0.0804598	0.0752688	0.1129032	0.0714286	0.2089552	0.0674157	0.0015	0.0625	0.0909091	0.0416667	0.030303	0.0769231	0.0526316	0.0	0.030303	0.0181818	0.0	0.0153846	0.0222222	0.0263158	0.0	0.0232558	0.0	0.0	0.0	0.037037	
Sizerin flammé	0.0	0.04	0.08	0.04	0.0	0.0	0.0	0.0	0.0	0.0	0.0526316	0.0	0.0	0.0	0.0	0.0	0.0	0.0	0.0	0.0	0.0	0.0	0.0	0.0	0.016129	0.0	0.0	0.0	0.0	0.0	0.0	0.0	0.0	0.0	0.0	0.0	0.0	0.0	0.0	0.0	0.0	0.0	0.0	0.0	0.0	0.0	0.0	0.0	
Bec-croisé des sapins	0.0740741	0.0	0.0	0.0015	0.0	0.0	0.0444444	0.0597015	0.1052632	0.1111111	0.0	0.0	0.0263158	0.0	0.0166667	0.0235294	0.0588235	0.0272727	0.030303	0.0238095	0.0493827	0.0267857	0.0574713	0.0107527	0.0483871	0.0306122	0.0895522	0.0224719	0.0	0.0015	0.030303	0.0	0.030303	0.025641	0.0526316	0.0	0.0	0.0363636	0.0	0.0	0.0222222	0.0526316	0.0	0.0	0.0	0.0	0.0	0.0740741	
Chardonneret élégant	0.1851852	0.12	0.12	0.12	0.1891892	0.2758621	0.1111111	0.2238806	0.2894737	0.3888889	0.3157895	0.1914894	0.2631579	0.35	0.2	0.3529412	0.1882353	0.1818182	0.1818182	0.2142857	0.308642	0.2946429	0.3563218	0.2580645	0.3709677	0.3163265	0.2238806	0.2808989	0.25	0.3125	0.1212121	0.1666667	0.0606061	0.1282051	0.1403509	0.078125	0.0606061	0.1090909	0.1632653	0.1692308	0.1333333	0.0263158	0.1052632	0.0930233	0.0	0.0015	0.0015	0.1666667	
Venturon montagnard	0.0	0.0	0.0	0.04	0.0	0.0344828	0.0	0.0	0.0789474	0.0	0.0526316	0.0	0.0263158	0.0	0.0	0.0117647	0.0470588	0.0181818	0.0	0.0	0.0123457	0.0089286	0.045977	0.0215054	0.0322581	0.0306122	0.0447761	0.0	0.0015	0.0	0.0	0.0208333	0.0	0.0015	0.0175439	0.0	0.0	0.0181818	0.0	0.0	0.0	0.0	0.0	0.0	0.0	0.0	0.0	0.0015	
Serin cini	0.0740741	0.0	0.04	0.0	0.0	0.0689655	0.0888889	0.0895522	0.0789474	0.0555556	0.2105263	0.2340426	0.2894737	0.4833333	0.3333333	0.3882353	0.2705882	0.3272727	0.2575758	0.3174603	0.308642	0.3303571	0.3563218	0.2795699	0.2741935	0.1428571	0.2537313	0.2134831	0.0	0.1875	0.0606061	0.0208333	0.0	0.0512821	0.0175439	0.015625	0.030303	0.0727273	0.0408163	0.0153846	0.0666667	0.0526316	0.0263158	0.0232558	0.0	0.0	0.0	0.0185185	
Tarin des aulnes	0.1481481	0.0	0.0015	0.08	0.1351351	0.2068966	0.2	0.1343284	0.1315789	0.1666667	0.0	0.0425532	0.0263158	0.0	0.0166667	0.0	0.0235294	0.0090909	0.0	0.0	0.0	0.0	0.0114943	0.0	0.0	0.0102041	0.0149254	0.0	0.0	0.0	0.0	0.0	0.0	0.0	0.0	0.015625	0.030303	0.1454545	0.0	0.1230769	0.0222222	0.0526316	0.0	0.0015	0.0	0.0	0.0	0.0925926	
Bruant mélanocéphale	0.0	0.0	0.0	0.0	0.0	0.0	0.0	0.0	0.0	0.0	0.0	0.0	0.0	0.0	0.0	0.0	0.0	0.0	0.0	0.0079365	0.0246914	0.0625	0.0344828	0.0537634	0.0483871	0.0408163	0.0149254	0.0	0.0	0.0	0.0	0.0	0.0	0.0	0.0	0.0	0.0	0.0	0.0	0.0	0.0	0.0	0.0	0.0	0.0	0.0	0.0	0.0	
Bruant proyer	0.037037	0.04	0.0	0.0	0.0540541	0.0344828	0.0222222	0.0	0.0	0.0	0.0	0.0638298	0.0526316	0.0666667	0.0833333	0.0470588	0.0941176	0.0909091	0.1060606	0.1349206	0.0987654	0.2142857	0.045977	0.0967742	0.0322581	0.0612245	0.0015	0.0015	0.0	0.0	0.030303	0.0416667	0.0	0.0	0.0175439	0.0	0.030303	0.0015	0.0	0.0	0.0222222	0.0263158	0.0	0.0232558	0.0	0.0	0.0	0.0	
Bruant fou	0.0	0.0015	0.0	0.08	0.0810811	0.1034483	0.0222222	0.0447761	0.0789474	0.0	0.0	0.0212766	0.1578947	0.0666667	0.0333333	0.0235294	0.0588235	0.0181818	0.0015	0.031746	0.0123457	0.0267857	0.045977	0.0107527	0.0483871	0.0204082	0.0746269	0.011236	0.0	0.0	0.0	0.0416667	0.0	0.0	0.0350877	0.0625	0.0015	0.0181818	0.0408163	0.0307692	0.0222222	0.0526316	0.0263158	0.0697674	0.1538462	0.2307692	0.1	0.1296296	
Bruant zizi	0.037037	0.0	0.04	0.0015	0.0540541	0.0344828	0.0444444	0.0298507	0.0526316	0.0555556	0.0526316	0.0851064	0.1052632	0.1166667	0.1333333	0.0941176	0.0941176	0.0545455	0.0909091	0.1031746	0.1481481	0.1875	0.137931	0.0430108	0.0483871	0.0612245	0.1492537	0.0898876	0.0015	0.0625	0.030303	0.0208333	0.030303	0.025641	0.0	0.015625	0.0	0.1090909	0.0612245	0.0153846	0.0	0.0	0.0	0.0015	0.0	0.0769231	0.0	0.037037	
Bruant jaune	0.0	0.0	0.04	0.0	0.027027	0.0689655	0.0	0.0597015	0.0	0.0	0.0	0.0212766	0.0263158	0.0166667	0.0	0.0117647	0.0470588	0.0363636	0.0015	0.031746	0.037037	0.0535714	0.0344828	0.0322581	0.0806452	0.0510204	0.2089552	0.0561798	0.0	0.0	0.030303	0.0208333	0.0	0.025641	0.0	0.0015	0.030303	0.0181818	0.0	0.0	0.0	0.0	0.0	0.0015	0.0	0.0769231	0.0	0.0185185	
Bruant ortolan	0.0	0.0	0.0	0.0	0.0	0.0	0.0	0.0	0.0	0.0	0.0	0.0	0.0	0.0	0.0	0.0117647	0.0470588	0.0272727	0.030303	0.0555556	0.0493827	0.1875	0.0689655	0.0752688	0.0645161	0.0306122	0.0447761	0.0	0.0	0.0	0.0	0.0	0.0	0.0	0.0	0.0	0.0	0.0	0.0	0.0	0.0	0.0	0.0	0.0	0.0	0.0	0.0	0.0	
Bruant des roseaux	0.037037	0.08	0.0	0.08	0.0810811	0.0689655	0.0222222	0.0149254	0.0526316	0.0	0.0	0.0	0.0	0.0	0.0	0.0	0.0	0.0	0.0	0.0	0.0	0.0	0.0	0.0	0.0	0.0	0.0	0.0	0.0	0.0	0.0	0.0	0.0	0.0	0.0	0.0	0.0	0.0181818	0.0	0.0	0.0	0.0	0.0	0.0015	0.0	0.0015	0.0015	0.0740741	
passereau sp.	0.0	0.0	0.0	0.04	0.0	0.0344828	0.0	0.0149254	0.0263158	0.0277778	0.0015	0.0	0.0	0.0	0.0	0.0352941	0.0	0.0	0.0151515	0.0	0.0123457	0.0	0.0	0.0215054	0.0322581	0.0	0.0015	0.0	0.0	0.0625	0.0	0.0416667	0.2121212	0.025641	0.0350877	0.09375	0.1212121	0.0181818	0.1428571	0.1692308	0.3777778	0.1578947	0.3684211	0.1860465	0.2307692	0.1538462	0.1	0.0555556	

