









Frequency of observations in the selected location(s).:
Number of taxa: 	215

	Jan				Feb				Mar				Apr				May				Jun				Jul				Aug				Sep				Oct				Nov				Dec				
Sample Size:	16.0	1.0	8.0	9.0	1.0	3.0	12.0	10.0	14.0	10.0	9.0	11.0	27.0	43.0	31.0	73.0	21.0	12.0	19.0	51.0	16.0	16.0	30.0	40.0	22.0	57.0	110.0	70.0	59.0	78.0	97.0	103.0	7.0	18.0	5.0	3.0	1.0	4.0	5.0	55.0	24.0	5.0	2.0	0.0	2.0	2.0	3.0	39.0	

Oie à tête barrée	0.0	0.0	0.0	0.0	0.0	0.3333333	0.0	0.0	0.0	0.0	0.0	0.0	0.0	0.0	0.0	0.0	0.0	0.0	0.0	0.0	0.0	0.0	0.0	0.0	0.0	0.0	0.0	0.0	0.0	0.0	0.0	0.0	0.0	0.0	0.0	0.0	0.0	0.0	0.0	0.0	0.0	0.0	0.0	0.0	0.0	0.0	0.0	0.0	
Oie cendrée	0.0	0.0	0.0	0.0	0.0	0.0	0.0	0.0	0.0	0.0	0.0	0.0	0.0	0.0232558	0.0	0.0	0.047619	0.0	0.0	0.0	0.0	0.0	0.0	0.0	0.0	0.0	0.0090909	0.0	0.0	0.0	0.0	0.0	0.0	0.0	0.0	0.0	0.0	0.0	0.0015	0.0	0.0	0.0	0.0	0.0	0.0	0.0	0.0	0.0	
Bernache du Canada	0.0	0.0	0.0	0.0	0.0	0.0	0.0	0.0	0.0	0.0	0.0	0.0015	0.0	0.0	0.0	0.0	0.0	0.0	0.0	0.0	0.0	0.0	0.0	0.0	0.0	0.0	0.0090909	0.0	0.0	0.0	0.0	0.0	0.0	0.0	0.0	0.0	0.0	0.0	0.0	0.0	0.0	0.0	0.0	0.0	0.0	0.0	0.0	0.0	
Cygne tuberculé	0.0625	0.0	0.0	0.0	0.0	0.0	0.0833333	0.1	0.1428571	0.0	0.0	0.0015	0.0015	0.0697674	0.0015	0.0684932	0.0952381	0.1666667	0.0	0.0	0.0	0.0	0.0333333	0.0	0.0	0.0526316	0.0090909	0.0285714	0.0338983	0.0512821	0.0412371	0.0485437	0.1428571	0.1111111	0.0015	0.0	0.0	0.0	0.0	0.0363636	0.0833333	0.0	0.0	0.0	0.0	0.0	0.0	0.025641	
Ouette d'Égypte	0.0	0.0	0.0	0.0	0.0	0.0	0.0	0.0	0.0	0.0	0.0	0.0	0.0	0.0232558	0.0322581	0.0	0.0015	0.0833333	0.0	0.0392157	0.0	0.0	0.0333333	0.0	0.0	0.0	0.0090909	0.0	0.0	0.0	0.0206186	0.0	0.0	0.0015	0.0	0.0	0.0	0.0	0.0	0.0181818	0.0416667	0.0015	0.0	0.0	0.0	0.5	0.0	0.0	
Tadorne casarca	0.0	0.0	0.0	0.0	0.0	0.0	0.0	0.0	0.0	0.0	0.0	0.0	0.0	0.0	0.0	0.0	0.0	0.0	0.0	0.0196078	0.0	0.0	0.0	0.0	0.0	0.0	0.0	0.0	0.0	0.0	0.0	0.0	0.0	0.0	0.0	0.0	0.0	0.0	0.0	0.0	0.0	0.0	0.0	0.0	0.0	0.0	0.0	0.0	
Tadorne de Belon	0.0	0.0	0.0	0.0	0.0	0.0	0.0	0.0	0.0	0.0	0.0	0.0015	0.0	0.0	0.0	0.0	0.0	0.0833333	0.0	0.0	0.0	0.0	0.0	0.0	0.0	0.0	0.0	0.0	0.0	0.0	0.0	0.0	0.0	0.0	0.0	0.0	0.0	0.0	0.0	0.0	0.0	0.0	0.0	0.0	0.0	0.0	0.0	0.0	
Canard musqué	0.0	0.0	0.0	0.0	0.0	0.0	0.0833333	0.0	0.0	0.0	0.0	0.0	0.0	0.0	0.0	0.0015	0.0	0.0	0.0	0.0	0.0	0.0	0.0	0.0	0.0	0.0	0.0	0.0	0.0	0.0	0.0	0.0	0.0	0.0	0.0	0.0	0.0	0.0	0.0	0.0	0.0	0.0	0.0	0.0	0.0	0.0	0.0	0.0	
Canard mandarin	0.0	0.0	0.0	0.0	0.0	0.0	0.0	0.0	0.0	0.1	0.0	0.0	0.0	0.0	0.0	0.0	0.0	0.0	0.0	0.0	0.0	0.0	0.0	0.0	0.0	0.0	0.0	0.0	0.0	0.0	0.0	0.0	0.0	0.0	0.0	0.0	0.0	0.0	0.0	0.0	0.0	0.0	0.0	0.0	0.0	0.0	0.0	0.0	
Sarcelle d'été	0.0	0.0	0.0	0.0	0.0	0.0	0.0	0.0	0.0	0.0	0.0	0.0	0.0	0.0465116	0.0	0.0	0.0015	0.0	0.0	0.0	0.0	0.0	0.0	0.0	0.0	0.0	0.0	0.0	0.0	0.0	0.0	0.0	0.0	0.0	0.0	0.0	0.0	0.0	0.0	0.0	0.0	0.0	0.0	0.0	0.0	0.0	0.0	0.0	
Canard souchet	0.0	0.0	0.0	0.0	0.0	0.0	0.0	0.0	0.0	0.0	0.0	0.0	0.0	0.0232558	0.0	0.0	0.0	0.0	0.0	0.0	0.0	0.0	0.0	0.0	0.0	0.0	0.0	0.0	0.0	0.0	0.0103093	0.0	0.1428571	0.0555556	0.0	0.0	0.0	0.0	0.0	0.0	0.0	0.0	0.0	0.0	0.0	0.0	0.0	0.0	
Canard chipeau	0.0	0.0	0.0	0.0	0.0	0.0	0.0	0.0	0.0	0.0	0.0	0.0	0.0	0.0232558	0.0	0.0	0.047619	0.0833333	0.0	0.0	0.0	0.0	0.0	0.0	0.0	0.0	0.0	0.0	0.0	0.0128205	0.0103093	0.0	0.0	0.0	0.0	0.0	0.0	0.0	0.0	0.0181818	0.0	0.0	0.0	0.0	0.0	0.0	0.0	0.0	
Canard siffleur	0.0	0.0	0.0015	0.0	0.0	0.0	0.0	0.0	0.0	0.0	0.0	0.0	0.0	0.0	0.0	0.0	0.0	0.0	0.0	0.0	0.0	0.0	0.0	0.0	0.0	0.0	0.0	0.0	0.0	0.0	0.0	0.0	0.0	0.0	0.0	0.0	0.0	0.0	0.0	0.0	0.0	0.0	0.0	0.0	0.0	0.0	0.0	0.0	
Canard colvert	0.25	0.0	0.375	0.2222222	0.0015	0.0	0.3333333	0.2	0.2857143	0.1	0.1111111	0.2727273	0.4444444	0.255814	0.4516129	0.2739726	0.1904762	0.0833333	0.1578947	0.1372549	0.125	0.1875	0.1666667	0.15	0.2272727	0.1754386	0.1636364	0.1285714	0.1525424	0.2051282	0.2061856	0.1456311	0.0	0.0555556	0.0015	0.3333333	0.0	0.25	0.2	0.2363636	0.3333333	0.8	0.5	0.0	0.0	1.0	0.3333333	0.2051282	
Canard pilet	0.0	0.0	0.125	0.0	0.0	0.0	0.0	0.0	0.0	0.0	0.0	0.0	0.0	0.0	0.0	0.0	0.0	0.0	0.0	0.0	0.0	0.0	0.0	0.0	0.0	0.0	0.0	0.0	0.0	0.0	0.0	0.0	0.0	0.0	0.0	0.0	0.0	0.0	0.0	0.0	0.0	0.0	0.0	0.0	0.0	0.0	0.0	0.0	
Sarcelle d'hiver	0.0625	0.0	0.0	0.0	0.0	0.0	0.0	0.0	0.0714286	0.0	0.0	0.0	0.0	0.0	0.0	0.0	0.0	0.0	0.0	0.0	0.0	0.0	0.0	0.0	0.0	0.0	0.0	0.0	0.0	0.0	0.0206186	0.0	0.0	0.0	0.0	0.0	0.0	0.0	0.0	0.0363636	0.0	0.0	0.0	0.0	0.0	0.0	0.0	0.0769231	
anatidé sp. (canard barboteur sp.)	0.0	0.0	0.0	0.0	0.0	0.0	0.0	0.0	0.0	0.0	0.0	0.0	0.0	0.0	0.0	0.0	0.0	0.0	0.0	0.0	0.0	0.0	0.0	0.0	0.0	0.0	0.0	0.0	0.0	0.0	0.0	0.0	0.0	0.0	0.0	0.0	0.0	0.0	0.0	0.0181818	0.0	0.0	0.0	0.0	0.0	0.0	0.0	0.0	
Nette rousse	0.0	0.0	0.0	0.0	0.0	0.0	0.0	0.0	0.0	0.0	0.0	0.0	0.0	0.0232558	0.0	0.0	0.047619	0.1666667	0.0	0.0	0.0	0.0	0.0333333	0.0	0.0	0.0	0.0	0.0	0.0	0.0128205	0.0206186	0.0	0.0	0.0	0.0	0.0	0.0	0.0	0.0	0.0	0.0	0.0	0.0	0.0	0.0	0.0	0.0	0.0	
Fuligule milouin	0.0	0.0	0.0	0.0	0.0	0.0	0.0	0.0	0.0	0.0	0.0	0.0	0.0	0.0	0.0	0.0	0.0	0.0	0.0	0.0	0.0	0.0	0.0	0.0	0.0	0.0	0.0	0.0	0.0	0.0128205	0.0206186	0.0	0.0	0.0	0.0	0.0	0.0	0.0	0.0	0.0181818	0.0416667	0.0	0.0	0.0	0.0	0.0	0.0	0.0	
Fuligule morillon	0.0	0.0	0.0	0.0	0.0	0.0	0.0	0.0	0.0714286	0.0	0.0	0.0	0.0	0.0232558	0.0	0.0	0.047619	0.1666667	0.0526316	0.0	0.0	0.0	0.0333333	0.0	0.0	0.0	0.0	0.0	0.0	0.0128205	0.0103093	0.0097087	0.1428571	0.0555556	0.0	0.0	0.0	0.0	0.0	0.0181818	0.0	0.0	0.0	0.0	0.0	0.0	0.0	0.0	
Harle bièvre	0.0	0.0	0.0	0.0	0.0	0.0	0.0015	0.0	0.0	0.0	0.0	0.0	0.0	0.0	0.0	0.0	0.0	0.0	0.0	0.0	0.0	0.0	0.0	0.0	0.0	0.0	0.0	0.0	0.0	0.0	0.0	0.0	0.0	0.0	0.0	0.0	0.0	0.0	0.0	0.0	0.0	0.0	0.0	0.0	0.0	0.0	0.0	0.0	
Gélinotte des bois	0.0	0.0	0.0	0.0	0.0	0.0	0.0	0.0	0.0	0.0	0.0	0.0	0.0	0.0	0.0	0.0	0.0	0.0	0.0	0.0	0.0	0.0	0.0	0.0	0.0	0.0	0.0090909	0.0	0.0	0.0	0.0	0.0	0.0	0.0	0.0	0.0	0.0	0.0	0.0	0.0	0.0	0.0	0.0	0.0	0.0	0.0	0.0	0.0	
Faisan de Colchide	0.0	0.0	0.0	0.0	0.0	0.0	0.0	0.0	0.0	0.0	0.0	0.0	0.037037	0.0	0.0322581	0.0	0.0	0.0	0.0	0.0	0.0625	0.0625	0.0	0.0015	0.0	0.0	0.0090909	0.0	0.0169492	0.0	0.0	0.0097087	0.0	0.0	0.0	0.0	0.0	0.0	0.0	0.0363636	0.0	0.0	0.0	0.0	0.0	0.0	0.0	0.0	
Caille des blés	0.0	0.0	0.0	0.0	0.0	0.0	0.0	0.0	0.0	0.0	0.0	0.0	0.0	0.0	0.0	0.0	0.0	0.0	0.0	0.0196078	0.0	0.0	0.0	0.0	0.0	0.0015	0.0	0.0	0.0	0.0	0.0	0.0	0.0	0.0	0.0	0.0	0.0	0.0	0.0	0.0	0.0	0.0	0.0	0.0	0.0	0.0	0.0	0.0	
Pigeon biset	0.125	0.0	0.0	0.0	0.0015	0.0	0.1666667	0.1	0.0	0.0	0.0	0.0909091	0.1481481	0.0930233	0.1290323	0.109589	0.047619	0.1666667	0.0	0.0392157	0.0625	0.0625	0.0666667	0.025	0.1818182	0.1929825	0.1090909	0.1142857	0.1186441	0.0512821	0.1237113	0.0970874	0.0	0.0	0.0	0.0	0.0	0.0	0.0	0.1636364	0.0015	0.0	0.0	0.0	0.0	0.0	0.0	0.0769231	
Pigeon colombin	0.0	0.0	0.0	0.0	0.0	0.0	0.0833333	0.0	0.0	0.0	0.1111111	0.0909091	0.0	0.0	0.0	0.0136986	0.0015	0.0015	0.0015	0.0	0.0	0.0	0.0333333	0.0	0.0	0.0	0.0272727	0.0714286	0.0338983	0.0128205	0.0309278	0.0679612	0.0	0.0	0.0	0.0	0.0	0.0	0.0	0.0727273	0.0	0.4	0.0	0.0	0.0	0.0	0.0	0.0	
Pigeon ramier	0.1875	0.0	0.125	0.1111111	0.0	0.0	0.25	0.1	0.1428571	0.1	0.2222222	0.3636364	0.3333333	0.4418605	0.5483871	0.4657534	0.2380952	0.5	0.1578947	0.2941176	0.0015	0.4375	0.4666667	0.425	0.3181818	0.5614035	0.6181818	0.4714286	0.4576271	0.6282051	0.4639175	0.4660194	0.5714286	0.2777778	0.4	0.6666667	0.0	0.0	0.4	0.2	0.25	0.4	0.5	0.0	0.5	0.0015	0.3333333	0.1025641	
Tourterelle des bois	0.0	0.0	0.0	0.0	0.0	0.0	0.0	0.0	0.0	0.0	0.0	0.0	0.0	0.0	0.0	0.0	0.047619	0.1666667	0.0	0.0196078	0.0	0.0625	0.1	0.05	0.0454545	0.0350877	0.0363636	0.0142857	0.0338983	0.025641	0.0103093	0.0	0.1428571	0.0	0.0	0.0	0.0	0.0	0.0	0.0	0.0	0.0	0.0	0.0	0.0	0.0	0.0	0.0	
Tourterelle turque	0.0015	0.0	0.0	0.1111111	0.0	0.0	0.0015	0.0	0.0714286	0.0	0.0	0.0909091	0.1111111	0.1162791	0.1290323	0.0958904	0.0952381	0.0	0.0015	0.0196078	0.0625	0.125	0.1	0.025	0.0909091	0.122807	0.1363636	0.0857143	0.0677966	0.0897436	0.0927835	0.0485437	0.1428571	0.0555556	0.2	0.0	0.0	0.25	0.0	0.0181818	0.0416667	0.0	0.0	0.0	0.0	0.0	0.0015	0.025641	
Coucou gris	0.0	0.0	0.0	0.0	0.0	0.0	0.0	0.0	0.0	0.0	0.0	0.0	0.0	0.0465116	0.0322581	0.0821918	0.0952381	0.25	0.0015	0.0980392	0.0	0.0625	0.0333333	0.025	0.0	0.0015	0.0	0.0142857	0.0	0.0	0.0103093	0.0485437	0.0	0.0555556	0.0	0.0	0.0	0.0	0.0	0.0	0.0	0.0	0.0	0.0	0.0	0.0	0.0	0.0	
Martinet noir	0.0	0.0	0.0	0.0	0.0	0.0	0.0	0.0	0.0	0.0	0.0	0.0	0.037037	0.0	0.0322581	0.0821918	0.2380952	0.0833333	0.0526316	0.0588235	0.0625	0.3125	0.3333333	0.125	0.1818182	0.2631579	0.1909091	0.1	0.0677966	0.025641	0.0309278	0.0097087	0.0	0.0	0.0	0.0	0.0	0.0	0.0	0.0	0.0	0.0	0.0	0.0	0.0	0.0	0.0	0.0	
Râle d'eau	0.0	0.0	0.0	0.0	0.0	0.0	0.0	0.0	0.0	0.0	0.0	0.0	0.0	0.0232558	0.0	0.0	0.0	0.0	0.0	0.0	0.0	0.0	0.0	0.0	0.0	0.0	0.0	0.0	0.0	0.0	0.0	0.0097087	0.0	0.0	0.0	0.0	0.0	0.0	0.0	0.0545455	0.0	0.0	0.0	0.0	0.0	0.0	0.0	0.0	
Gallinule poule-d'eau	0.0625	0.0	0.0	0.0	0.0	0.0	0.0833333	0.0	0.0	0.1	0.0	0.0	0.1481481	0.0930233	0.0967742	0.0958904	0.047619	0.0	0.0	0.0	0.0	0.0625	0.0666667	0.05	0.0	0.1754386	0.1363636	0.0714286	0.0508475	0.1538462	0.1134021	0.0970874	0.0	0.0	0.0	0.0	0.0	0.0	0.2	0.1272727	0.125	0.2	0.0	0.0	0.0	0.0	0.3333333	0.0	
Foulque macroule	0.0	0.0	0.0	0.1111111	0.0	0.0	0.0833333	0.0	0.2142857	0.0	0.0	0.0	0.0015	0.0232558	0.0322581	0.0547945	0.0952381	0.1666667	0.0	0.0	0.0	0.0	0.0333333	0.0	0.0454545	0.0175439	0.0727273	0.0571429	0.0338983	0.025641	0.0618557	0.0194175	0.0	0.0555556	0.0	0.0	0.0	0.0	0.0015	0.0909091	0.125	0.0	0.0	0.0	0.0	0.0	0.0	0.0015	
Grue cendrée	0.0	0.0	0.0	0.0	0.0	0.0	0.0	0.0	0.0	0.0	0.0	0.0	0.0	0.0	0.0322581	0.0	0.0	0.0	0.0	0.0	0.0	0.0	0.0	0.0	0.0	0.0	0.0	0.0	0.0	0.0	0.0	0.0	0.0	0.0	0.0	0.0	0.0	0.25	0.0	0.0909091	0.0833333	0.0	0.0	0.0	0.0	0.0	0.0	0.0	
Avocette élégante	0.0	0.0	0.0	0.0	0.0	0.0	0.0	0.0	0.0	0.0	0.0	0.0015	0.0	0.0	0.0	0.0	0.0	0.0	0.0	0.0	0.0	0.0	0.0	0.0	0.0	0.0	0.0	0.0	0.0	0.0	0.0	0.0	0.0	0.0	0.0	0.0	0.0	0.0	0.0	0.0	0.0	0.0	0.0	0.0	0.0	0.0	0.0	0.0	
Petit Gravelot	0.0	0.0	0.0	0.0	0.0	0.0	0.0	0.0	0.0	0.0	0.0	0.0	0.037037	0.0232558	0.1290323	0.0	0.047619	0.0833333	0.0	0.0	0.0	0.0	0.0	0.0	0.0	0.0	0.0	0.0	0.0	0.0015	0.0103093	0.0	0.0	0.0015	0.0	0.0	0.0	0.0	0.0	0.0	0.0	0.0	0.0	0.0	0.0	0.0	0.0	0.0	
Vanneau huppé	0.0625	0.0	0.0	0.0	0.0	0.0	0.0	0.0	0.0015	0.0	0.0	0.0	0.0	0.0	0.0	0.0	0.0015	0.1666667	0.0	0.0	0.0	0.0	0.0333333	0.0	0.0	0.0175439	0.0272727	0.0142857	0.0	0.0384615	0.0206186	0.0097087	0.4285714	0.0015	0.0	0.0	0.0	0.0	0.0015	0.0015	0.0	0.0015	0.0	0.0	0.0	0.0	0.0	0.025641	
Courlis corlieu	0.0	0.0	0.0	0.0	0.0	0.0	0.0	0.0	0.0	0.0	0.0	0.0	0.0	0.0015	0.0	0.0	0.0	0.0	0.0	0.0	0.0	0.0	0.0	0.0	0.0	0.0	0.0	0.0	0.0	0.0	0.0	0.0	0.0	0.0	0.0	0.0	0.0	0.0	0.0	0.0	0.0	0.0	0.0	0.0	0.0	0.0	0.0	0.0	
Courlis cendré	0.0	0.0	0.0	0.0	0.0	0.0	0.0	0.0	0.0	0.0	0.0	0.0	0.0	0.0	0.0	0.0	0.0	0.0	0.0	0.0	0.0	0.0	0.0	0.0	0.0	0.0	0.0	0.0	0.0	0.0	0.0	0.0	0.0	0.0015	0.0	0.0	0.0	0.0	0.0	0.0	0.0	0.0	0.0	0.0	0.0	0.0	0.0	0.0	
Bécassine sourde	0.0	0.0	0.0	0.0	0.0	0.0	0.0833333	0.0	0.0	0.0	0.0	0.0	0.0	0.0	0.0	0.0	0.0	0.0	0.0	0.0	0.0	0.0	0.0	0.0	0.0	0.0	0.0	0.0	0.0	0.0	0.0	0.0	0.0	0.0	0.0	0.0	0.0	0.0	0.0	0.0	0.0416667	0.0	0.0	0.0	0.0	0.0	0.0	0.0	
Bécasse des bois	0.0	0.0	0.0	0.1111111	0.0	0.0	0.0	0.0	0.0	0.0	0.0	0.0015	0.0	0.0	0.0	0.0	0.0	0.0	0.0	0.0015	0.0	0.0625	0.0	0.0	0.0	0.0	0.0	0.0	0.0015	0.0	0.0	0.0	0.0	0.0	0.0	0.0	0.0	0.0	0.0	0.0	0.0	0.0	0.0	0.0	0.0	0.0	0.0	0.0	
Bécassine des marais	0.0	0.0	0.0	0.0	0.0	0.0	0.0833333	0.1	0.0	0.0	0.0	0.0	0.037037	0.0232558	0.0967742	0.0	0.0	0.0833333	0.0	0.0	0.0	0.0	0.0	0.0	0.0	0.0	0.0	0.0	0.0	0.0128205	0.0	0.0	0.1428571	0.0015	0.0	0.0	0.0	0.0	0.0	0.1454545	0.0416667	0.0	0.0	0.0	0.0	0.0	0.0	0.025641	
Chevalier guignette	0.0	0.0	0.0	0.0	0.0	0.0	0.0	0.0	0.0	0.0	0.0	0.0909091	0.037037	0.0	0.0	0.0273973	0.047619	0.0833333	0.0	0.0	0.0	0.0	0.0333333	0.0	0.0	0.0175439	0.0	0.0142857	0.0169492	0.0769231	0.0515464	0.0291262	0.1428571	0.0	0.0	0.0	0.0	0.0	0.0	0.0	0.0	0.0	0.0	0.0	0.0	0.0	0.0	0.0	
Chevalier culblanc	0.0	0.0	0.0	0.0	0.0	0.0	0.0	0.0	0.0	0.0	0.0	0.0	0.037037	0.0232558	0.0967742	0.0	0.0	0.0	0.0	0.0	0.0	0.0	0.0333333	0.0	0.0	0.0	0.0181818	0.0142857	0.0	0.0641026	0.0309278	0.0194175	0.1428571	0.0555556	0.0	0.0	0.0	0.0	0.0	0.0363636	0.0416667	0.0	0.0	0.0	0.0	0.0	0.0	0.025641	
Chevalier sylvain	0.0	0.0	0.0	0.0	0.0	0.0	0.0	0.0	0.0	0.0	0.0	0.0	0.0	0.0	0.0	0.0	0.047619	0.0833333	0.0	0.0	0.0	0.0	0.0	0.0	0.0	0.0	0.0	0.0	0.0	0.0015	0.0	0.0	0.1428571	0.0	0.0	0.0	0.0	0.0	0.0	0.0	0.0	0.0	0.0	0.0	0.0	0.0	0.0	0.0	
Chevalier gambette	0.0	0.0	0.0	0.0	0.0	0.0	0.0	0.0	0.0	0.0	0.0	0.0909091	0.0	0.0	0.0	0.0	0.047619	0.0	0.0	0.0	0.0	0.0	0.0	0.0	0.0	0.0	0.0	0.0	0.0	0.0	0.0	0.0	0.0	0.0555556	0.0	0.0	0.0	0.0	0.0	0.0	0.0	0.0	0.0	0.0	0.0	0.0	0.0	0.0	
Chevalier arlequin	0.0	0.0	0.0	0.0	0.0	0.0	0.0	0.0	0.0	0.0	0.0	0.0	0.0	0.0	0.0	0.0	0.047619	0.0	0.0	0.0	0.0	0.0	0.0	0.0	0.0	0.0	0.0	0.0	0.0	0.0	0.0	0.0	0.0	0.0	0.0	0.0	0.0	0.0	0.0	0.0	0.0	0.0	0.0	0.0	0.0	0.0	0.0	0.0	
Chevalier aboyeur	0.0	0.0	0.0	0.0	0.0	0.0	0.0	0.0	0.0	0.0	0.0	0.0	0.0	0.0232558	0.0322581	0.0	0.047619	0.0	0.0	0.0	0.0	0.0	0.0	0.0	0.0	0.0	0.0	0.0	0.0	0.0128205	0.0103093	0.0	0.1428571	0.0	0.0	0.0	0.0	0.0	0.0	0.0	0.0	0.0	0.0	0.0	0.0	0.0	0.0	0.0	
Combattant varié	0.0	0.0	0.0	0.0	0.0	0.0	0.0	0.0	0.0	0.0	0.0	0.0	0.0	0.0	0.0	0.0	0.047619	0.0015	0.0	0.0	0.0	0.0	0.0	0.0	0.0	0.0	0.0	0.0	0.0	0.0128205	0.0	0.0	0.0	0.0	0.0	0.0	0.0	0.0	0.0	0.0	0.0	0.0	0.0	0.0	0.0	0.0	0.0	0.0	
Bécasseau de Temminck	0.0	0.0	0.0	0.0	0.0	0.0	0.0	0.0	0.0	0.0	0.0	0.0	0.0	0.0	0.0	0.0	0.047619	0.0	0.0	0.0	0.0	0.0	0.0	0.0	0.0	0.0	0.0	0.0	0.0	0.0	0.0	0.0	0.0	0.0	0.0	0.0	0.0	0.0	0.0	0.0	0.0	0.0	0.0	0.0	0.0	0.0	0.0	0.0	
Bécasseau sanderling	0.0	0.0	0.0	0.0	0.0	0.0	0.0	0.0	0.0	0.0	0.0	0.0	0.0	0.0	0.0	0.0	0.047619	0.0	0.0	0.0	0.0	0.0	0.0	0.0	0.0	0.0	0.0	0.0	0.0	0.0	0.0	0.0	0.0	0.0	0.0	0.0	0.0	0.0	0.0	0.0	0.0	0.0	0.0	0.0	0.0	0.0	0.0	0.0	
Bécasseau variable	0.0	0.0	0.0	0.0	0.0	0.0	0.0	0.0	0.0	0.0	0.0	0.0	0.0	0.0	0.0	0.0	0.0	0.0	0.0	0.0	0.0	0.0	0.0	0.0	0.0	0.0	0.0	0.0	0.0	0.0	0.0	0.0	0.0	0.0015	0.0	0.0	0.0	0.0	0.0	0.0	0.0	0.0	0.0	0.0	0.0	0.0	0.0	0.0	
Bécasseau minute	0.0	0.0	0.0	0.0	0.0	0.0	0.0	0.0	0.0	0.0	0.0	0.0	0.0	0.0	0.0	0.0	0.0	0.0	0.0	0.0	0.0	0.0	0.0	0.0	0.0	0.0	0.0	0.0	0.0	0.0	0.0103093	0.0	0.0	0.0	0.0	0.0	0.0	0.0	0.0	0.0	0.0	0.0	0.0	0.0	0.0	0.0	0.0	0.0	
Mouette pygmée	0.0	0.0	0.0	0.0	0.0	0.0	0.0	0.0	0.0	0.0	0.0	0.0	0.0	0.0	0.0	0.0	0.047619	0.0	0.0	0.0	0.0	0.0	0.0	0.0	0.0	0.0	0.0	0.0	0.0	0.0	0.0	0.0	0.0	0.0	0.0	0.0	0.0	0.0	0.0	0.0	0.0	0.0	0.0	0.0	0.0	0.0	0.0	0.0	
Mouette rieuse	0.125	0.0	0.0	0.0	0.0	0.0	0.0	0.0	0.0	0.0	0.0	0.0	0.0	0.0232558	0.0	0.0	0.0015	0.1666667	0.0	0.0	0.0	0.0	0.0333333	0.0	0.0	0.0350877	0.0090909	0.0	0.0	0.0128205	0.0103093	0.0	0.0	0.0555556	0.0015	0.0	0.0	0.0	0.0	0.0	0.0833333	0.0	0.0	0.0	0.0	0.0	0.0	0.0	
Mouette mélanocéphale	0.0	0.0	0.0	0.0	0.0	0.0	0.0	0.0	0.0	0.0	0.0	0.0	0.0	0.0	0.0	0.0	0.0	0.0015	0.0	0.0	0.0	0.0	0.0	0.0	0.0	0.0	0.0	0.0	0.0	0.0	0.0	0.0	0.0	0.0	0.0	0.0	0.0	0.0	0.0	0.0	0.0	0.0	0.0	0.0	0.0	0.0	0.0	0.0	
Goéland cendré	0.0625	0.0	0.0	0.0	0.0	0.0	0.0	0.0	0.0	0.0	0.0	0.0	0.0	0.0	0.0015	0.0	0.0	0.0	0.0	0.0	0.0	0.0	0.0	0.0	0.0	0.0	0.0	0.0	0.0	0.0	0.0	0.0	0.0	0.0	0.0	0.0	0.0	0.0	0.0	0.0	0.0	0.0	0.0	0.0	0.0	0.0	0.0	0.0	
Goéland leucophée	0.0	0.0	0.0	0.0	0.0	0.0	0.0	0.0	0.0	0.0	0.0	0.0	0.0	0.0232558	0.0	0.0	0.0	0.0	0.0	0.0	0.0	0.0625	0.0	0.0	0.0	0.0	0.0	0.0	0.0	0.0	0.0	0.0	0.0	0.0	0.0	0.0	0.0	0.0	0.0015	0.0	0.0	0.0	0.0	0.0	0.0	0.0	0.0	0.0	
goéland ou mouette sp.	0.0	0.0	0.0	0.0	0.0	0.0	0.0	0.0	0.0	0.0	0.0	0.0	0.0	0.0	0.0	0.0	0.0	0.0	0.0	0.0	0.0	0.0	0.0	0.0	0.0	0.0	0.0	0.0	0.0	0.0	0.0	0.0	0.0	0.0	0.0	0.0	0.0	0.0	0.0	0.0181818	0.0	0.0	0.0	0.0	0.0	0.0	0.0	0.0	
Sterne caspienne	0.0	0.0	0.0	0.0	0.0	0.0	0.0	0.0	0.0	0.0	0.0	0.0	0.0	0.0232558	0.0	0.0	0.0	0.0	0.0	0.0	0.0	0.0	0.0	0.0	0.0	0.0	0.0	0.0	0.0	0.0	0.0	0.0	0.0	0.0	0.0	0.0	0.0	0.0	0.0	0.0	0.0	0.0	0.0	0.0	0.0	0.0	0.0	0.0	
Guifette moustac	0.0	0.0	0.0	0.0	0.0	0.0	0.0	0.0	0.0	0.0	0.0	0.0	0.0	0.0	0.0	0.0	0.0	0.0015	0.0	0.0	0.0	0.0	0.0	0.0	0.0	0.0	0.0	0.0	0.0	0.0	0.0	0.0	0.0	0.0	0.0	0.0	0.0	0.0	0.0	0.0	0.0	0.0	0.0	0.0	0.0	0.0	0.0	0.0	
Sterne pierregarin	0.0	0.0	0.0	0.0	0.0	0.0	0.0	0.0	0.0	0.0	0.0	0.0	0.0	0.0	0.0	0.0	0.047619	0.1666667	0.0526316	0.0	0.0	0.0	0.0	0.0	0.0	0.0	0.0	0.0	0.0	0.0128205	0.0	0.0	0.0	0.0	0.0	0.0	0.0	0.0	0.0	0.0	0.0	0.0	0.0	0.0	0.0	0.0	0.0	0.0	
Grèbe castagneux	0.0	0.0	0.125	0.0	0.0	0.0	0.0833333	0.1	0.0	0.0	0.0	0.0	0.0740741	0.0232558	0.0322581	0.0136986	0.047619	0.0015	0.0	0.0	0.0	0.0	0.0	0.0	0.0454545	0.1052632	0.0727273	0.0142857	0.0338983	0.0512821	0.0721649	0.0485437	0.1428571	0.0555556	0.0	0.0	0.0	0.0	0.2	0.0727273	0.0833333	0.2	0.0	0.0	0.0	0.0	0.0	0.0512821	
Grèbe huppé	0.0	0.0	0.0	0.0	0.0	0.0	0.0	0.0	0.1428571	0.0	0.0	0.0	0.0	0.0232558	0.0	0.0	0.047619	0.0833333	0.0526316	0.0	0.0	0.0	0.0333333	0.0	0.0	0.0015	0.0090909	0.0	0.0	0.0128205	0.0103093	0.0097087	0.1428571	0.1111111	0.0015	0.0	0.0	0.0	0.0	0.0363636	0.0416667	0.0	0.0	0.0	0.0	0.0	0.0	0.0	
Plongeon imbrin	0.0	0.0	0.0	0.0	0.0	0.0	0.0	0.0	0.0	0.0	0.0	0.0	0.0	0.0	0.0	0.0	0.0	0.0	0.0	0.0	0.0	0.0	0.0	0.0	0.0	0.0	0.0	0.0	0.0	0.0	0.0	0.0	0.0	0.0	0.0	0.0	0.0	0.0	0.0	0.0	0.0	0.0	0.0	0.0	0.0	0.0	0.0	0.025641	
Cigogne noire	0.0	0.0	0.0	0.0	0.0	0.0	0.0	0.0	0.0	0.0	0.0	0.0	0.0	0.0	0.0	0.0	0.0	0.0	0.0	0.0	0.0	0.0625	0.0	0.05	0.0015	0.0526316	0.0545455	0.0428571	0.0169492	0.0384615	0.0206186	0.0194175	0.0	0.0	0.0	0.0	0.0	0.0	0.0	0.0	0.0	0.0	0.0	0.0	0.0	0.0	0.0	0.0	
Cigogne blanche	0.0	0.0	0.0	0.1111111	0.0	0.0015	0.0015	0.0	0.0	0.1	0.0	0.0	0.037037	0.0465116	0.1290323	0.0136986	0.047619	0.1666667	0.0	0.0196078	0.0	0.0625	0.0015	0.0015	0.0909091	0.0015	0.0272727	0.0	0.0	0.025641	0.0206186	0.0679612	0.0	0.0	0.0	0.0	0.0	0.0	0.0	0.0727273	0.0416667	0.0	0.0	0.0	0.0	0.0	0.0	0.025641	
Grand Cormoran	0.0625	0.0	0.25	0.0015	0.0	0.0	0.1666667	0.1	0.2142857	0.0	0.0	0.0	0.0740741	0.1162791	0.0322581	0.0136986	0.0952381	0.1666667	0.0526316	0.0	0.0	0.0	0.0333333	0.0	0.0	0.0175439	0.0181818	0.0142857	0.0169492	0.0384615	0.0412371	0.0291262	0.1428571	0.0555556	0.0015	0.0	0.0	0.0015	0.0	0.2181818	0.125	0.4	0.0	0.0	0.0	0.5	0.3333333	0.1794872	
Spatule blanche	0.0	0.0	0.0	0.0	0.0	0.0	0.0	0.0	0.0	0.0	0.0	0.0	0.0	0.0	0.0	0.0	0.047619	0.0	0.0	0.0	0.0	0.0	0.0	0.0	0.0	0.0	0.0	0.0	0.0	0.0	0.0	0.0	0.0	0.0	0.0	0.0	0.0	0.0	0.0	0.0	0.0	0.0	0.0	0.0	0.0	0.0	0.0	0.0	
Bihoreau gris	0.0	0.0	0.0	0.0	0.0	0.0	0.0	0.0	0.0	0.0	0.0	0.0	0.0	0.0	0.0	0.0	0.0	0.0	0.0	0.0	0.0	0.0	0.0	0.0	0.0	0.0	0.0	0.0	0.0	0.0	0.0	0.0	0.0	0.0	0.0	0.0	0.0015	0.0	0.0	0.0	0.0	0.0	0.0	0.0	0.0	0.0	0.0	0.0	
Aigrette garzette	0.0	0.0	0.0	0.0	0.0	0.0	0.0833333	0.1	0.0	0.0	0.0	0.0	0.0	0.0	0.0	0.0	0.047619	0.0	0.0	0.0	0.0	0.0	0.0	0.0	0.0	0.0	0.0	0.0	0.0	0.0015	0.0103093	0.0	0.0	0.0015	0.0	0.0	0.0	0.0	0.0	0.0	0.0	0.0	0.0	0.0	0.0	0.0	0.0	0.0	
Héron garde-boeufs	0.0	0.0	0.0	0.0	0.0	0.0	0.0	0.0	0.0	0.0	0.0	0.0	0.0	0.0	0.0	0.0	0.047619	0.0	0.0	0.0	0.0	0.0	0.0	0.0	0.0454545	0.0	0.0090909	0.0	0.0	0.0	0.0103093	0.0	0.0	0.0	0.0	0.0	0.0	0.0	0.0	0.0	0.0	0.0	0.0	0.0	0.0	0.0	0.0	0.0	
Grande Aigrette	0.125	0.0	0.25	0.0015	0.0	0.0	0.5	0.2	0.0714286	0.0	0.1111111	0.0	0.0	0.1162791	0.1612903	0.0273973	0.0015	0.1666667	0.0	0.0	0.0	0.0	0.0	0.0	0.0	0.0	0.0272727	0.0428571	0.0	0.0641026	0.0721649	0.038835	0.1428571	0.0555556	0.0015	0.3333333	0.0	0.0	0.2	0.3090909	0.2916667	0.0015	0.0	0.0	0.0	0.0	0.6666667	0.1282051	
Héron cendré	0.1875	0.0	0.0	0.0015	0.0	0.0	0.3333333	0.5	0.1428571	0.0	0.0	0.0909091	0.2222222	0.2790698	0.2258065	0.2054795	0.1428571	0.0833333	0.2105263	0.0392157	0.0015	0.375	0.2	0.075	0.1363636	0.3508772	0.3818182	0.2142857	0.1355932	0.2564103	0.3298969	0.2330097	0.1428571	0.1666667	0.0015	0.3333333	0.0	0.0	0.4	0.4	0.4166667	0.4	0.0	0.0	0.0	0.0	0.6666667	0.1538462	
Héron pourpré	0.0	0.0	0.0	0.0	0.0	0.0	0.0	0.0	0.0	0.0	0.0	0.0	0.0	0.0	0.0	0.0	0.0	0.0	0.0	0.0	0.0	0.0	0.0	0.0	0.0	0.0	0.0	0.0	0.0	0.0	0.0103093	0.0	0.0	0.0015	0.0	0.0	0.0	0.0	0.0	0.0	0.0	0.0	0.0	0.0	0.0	0.0	0.0	0.0	
Balbuzard pêcheur	0.0	0.0	0.0	0.0	0.0	0.0	0.0	0.0	0.0	0.0	0.0	0.0	0.0	0.0232558	0.0	0.0	0.0	0.0	0.0	0.0196078	0.0	0.0	0.0	0.0	0.0	0.0	0.0	0.0	0.0	0.0	0.0015	0.0291262	0.1428571	0.0555556	0.0	0.0	0.0	0.0015	0.0	0.0	0.0	0.0	0.0	0.0	0.0	0.0	0.0	0.0	
Bondrée apivore	0.0	0.0	0.0	0.0	0.0	0.0	0.0	0.0	0.0	0.0	0.0	0.0	0.0	0.0	0.0	0.0	0.0	0.0	0.0015	0.0	0.0	0.0	0.0	0.0015	0.1363636	0.0350877	0.0545455	0.0714286	0.0169492	0.0512821	0.0412371	0.038835	0.0	0.0	0.0	0.0	0.0	0.0	0.0	0.0	0.0	0.0	0.0	0.0	0.0	0.0	0.0	0.0	
Vautour moine	0.0	0.0	0.0	0.0	0.0	0.0	0.0	0.0	0.0	0.0	0.0	0.0	0.0	0.0	0.0	0.0	0.0	0.0	0.0	0.0015	0.0	0.0	0.0	0.0	0.0	0.0	0.0	0.0	0.0	0.0	0.0	0.0	0.0	0.0	0.0	0.0	0.0	0.0	0.0	0.0	0.0	0.0	0.0	0.0	0.0	0.0	0.0	0.0	
Circaète Jean-le-Blanc	0.0	0.0	0.0	0.0	0.0	0.0	0.0	0.0	0.0	0.0	0.0	0.0	0.0	0.0	0.0	0.0	0.0	0.0	0.0	0.0	0.0	0.0	0.0	0.0	0.0	0.0	0.0	0.0	0.0	0.0015	0.0	0.0	0.0	0.0	0.0	0.0	0.0	0.0	0.0	0.0	0.0	0.0	0.0	0.0	0.0	0.0	0.0	0.0	
Épervier d'Europe	0.0625	0.0	0.0	0.0	0.0	0.0	0.0	0.0	0.0714286	0.0	0.1111111	0.0	0.037037	0.0232558	0.0	0.0410959	0.047619	0.0	0.0	0.0	0.0	0.0	0.0015	0.075	0.0	0.0350877	0.0909091	0.0571429	0.0169492	0.0512821	0.0206186	0.0873786	0.1428571	0.0555556	0.0	0.3333333	0.0	0.0	0.0	0.1090909	0.0416667	0.2	0.0	0.0	0.0	0.0	0.0	0.025641	
Autour des palombes	0.0625	0.0	0.0	0.0	0.0	0.0	0.0	0.0	0.0	0.0	0.0	0.0	0.0	0.0	0.0015	0.0	0.0	0.0	0.0	0.0	0.0	0.0	0.0	0.0	0.0	0.0	0.0090909	0.0015	0.0169492	0.0	0.0206186	0.0291262	0.0	0.0	0.0	0.0	0.0	0.0	0.0	0.0181818	0.0	0.0	0.0	0.0	0.0	0.0	0.0	0.0	
Busard des roseaux	0.0	0.0	0.0	0.0	0.0	0.0	0.0	0.0	0.0	0.0	0.0	0.0	0.0	0.0	0.0	0.0136986	0.0	0.0	0.0	0.0	0.0	0.0	0.0	0.0	0.0	0.0	0.0090909	0.0	0.0	0.0128205	0.0015	0.0	0.0	0.0	0.0	0.0	0.0	0.0	0.0	0.0	0.0	0.0	0.0	0.0	0.0	0.0	0.0	0.0	
Busard Saint-Martin	0.0	0.0	0.0	0.0	0.0	0.0	0.0	0.0	0.0	0.0	0.0	0.0	0.0	0.0015	0.0322581	0.0015	0.0	0.0	0.0	0.0	0.0	0.0	0.0015	0.0	0.0	0.0	0.0	0.0	0.0	0.0	0.0015	0.0	0.0	0.0	0.0	0.0	0.0	0.0	0.0	0.0	0.0	0.0	0.0	0.0	0.0	0.0	0.0	0.0	
Busard cendré	0.0	0.0	0.0	0.0	0.0	0.0	0.0	0.0	0.0	0.0	0.0	0.0	0.0	0.0	0.0	0.0	0.0	0.0	0.0	0.0	0.0	0.0	0.0	0.0	0.0	0.0	0.0090909	0.0	0.0	0.0	0.0	0.0	0.0	0.0	0.0	0.0	0.0	0.0	0.0	0.0	0.0	0.0	0.0	0.0	0.0	0.0	0.0	0.0	
Milan royal	0.0	0.0	0.0	0.0	0.0	0.0	0.0015	0.2	0.0	0.0	0.1111111	0.0909091	0.2592593	0.0465116	0.1290323	0.0410959	0.047619	0.0833333	0.0526316	0.0015	0.0625	0.0015	0.0666667	0.025	0.0454545	0.0701754	0.1090909	0.1142857	0.1016949	0.0128205	0.1030928	0.0970874	0.2857143	0.0	0.2	0.0	0.0015	0.0	0.0015	0.1818182	0.1666667	0.0	0.0	0.0	0.0	0.0	0.0015	0.0769231	
Milan noir	0.0	0.0	0.0	0.0	0.0	0.0	0.0	0.0	0.0	0.0	0.0	0.0	0.0740741	0.1395349	0.1290323	0.0821918	0.047619	0.0833333	0.1052632	0.0196078	0.125	0.0625	0.1	0.075	0.0909091	0.1403509	0.1181818	0.1285714	0.0847458	0.0128205	0.0103093	0.0	0.0	0.0	0.0	0.0	0.0015	0.0	0.0	0.0	0.0	0.0	0.0	0.0	0.0	0.0	0.0	0.0	
Buse variable	0.125	0.0	0.125	0.1111111	0.0015	0.0015	0.5	0.1	0.1428571	0.3	0.2222222	0.4545455	0.4444444	0.255814	0.2903226	0.3013699	0.0952381	0.4166667	0.1052632	0.1372549	0.125	0.25	0.2333333	0.3	0.1363636	0.3333333	0.4363636	0.3714286	0.3050847	0.4358974	0.5876289	0.4466019	0.5714286	0.5555556	0.4	0.3333333	0.0	0.25	0.6	0.2727273	0.25	0.0015	0.5	0.0	0.5	0.0	0.6666667	0.2820513	
Buteo sp.	0.0	0.0	0.0	0.0	0.0	0.0	0.0	0.0	0.0	0.0	0.0	0.0	0.0	0.0	0.0	0.0	0.0	0.0	0.0	0.0	0.0015	0.0	0.0	0.0	0.0	0.0	0.0	0.0	0.0	0.0	0.0	0.0	0.0	0.0	0.0	0.0	0.0	0.0	0.0	0.0	0.0	0.0	0.0	0.0	0.0	0.0	0.0	0.0	
rapace sp.	0.0	0.0	0.0	0.0	0.0	0.0	0.0	0.0	0.0	0.0	0.0	0.0	0.0	0.0	0.0	0.0	0.0	0.0	0.0015	0.0	0.0	0.0625	0.0	0.0	0.0	0.0	0.0	0.0	0.0	0.0128205	0.0	0.0097087	0.0	0.0	0.0	0.0	0.0	0.0	0.0	0.0	0.0	0.0	0.0	0.0	0.0	0.0	0.0	0.0	
Effraie des clochers	0.0	0.0	0.0	0.0	0.0	0.0	0.0	0.0	0.0	0.0	0.0	0.0	0.0	0.0	0.0	0.0	0.0	0.0015	0.0	0.0	0.0	0.0	0.0	0.0015	0.0	0.0	0.0	0.0	0.0	0.0	0.0	0.0	0.0	0.0	0.0	0.0	0.0	0.0	0.0	0.0	0.0	0.0	0.0	0.0	0.0	0.0	0.0	0.0	
Grand-duc d'Europe	0.0	0.0	0.0	0.0	0.0	0.0	0.0	0.0	0.0	0.0	0.0	0.0	0.0	0.0	0.0	0.0136986	0.0	0.0	0.0	0.0	0.0	0.0	0.0015	0.0	0.0	0.0	0.0	0.0	0.0	0.0	0.0	0.0	0.0	0.0	0.0	0.0	0.0	0.0	0.0	0.0	0.0	0.0	0.0	0.0	0.0	0.0	0.0	0.0	
Chevêchette d'Europe	0.0	0.0	0.0	0.0	0.0	0.0	0.0	0.0	0.0714286	0.0	0.0	0.0015	0.0	0.0	0.0	0.0	0.0	0.0833333	0.0	0.0015	0.0	0.0	0.0	0.0	0.0	0.0	0.0090909	0.0015	0.0	0.0	0.0	0.0	0.0	0.0555556	0.0	0.0	0.0	0.0	0.0	0.0	0.0015	0.0	0.0	0.0	0.0	0.0	0.0	0.0	
Chevêche d'Athéna	0.0	0.0	0.0	0.0	0.0	0.0	0.0	0.0	0.0	0.0	0.0	0.0	0.0	0.0	0.0	0.0	0.0	0.0	0.0	0.0	0.0015	0.0	0.0	0.0	0.0	0.0	0.0090909	0.0	0.0169492	0.0	0.0	0.0	0.0	0.0	0.0	0.0	0.0	0.0	0.0	0.0	0.0	0.0	0.0	0.0	0.0	0.0	0.0	0.0	
Chouette hulotte	0.0	0.0	0.125	0.0	0.0	0.0	0.0833333	0.0	0.0714286	0.1	0.0	0.0	0.0	0.0	0.0	0.0136986	0.0	0.0015	0.0	0.0784314	0.0015	0.0	0.0	0.0015	0.0	0.0	0.0090909	0.0	0.0169492	0.0128205	0.0206186	0.0291262	0.1428571	0.0	0.0015	0.0	0.0	0.0	0.0	0.0	0.0	0.0	0.0	0.0	0.0	0.0	0.0	0.025641	
Hibou moyen-duc	0.0	0.0	0.0	0.0	0.0	0.0	0.0	0.0	0.0714286	0.0	0.0	0.0	0.0	0.0015	0.0	0.0	0.0	0.0	0.0	0.0	0.0	0.0	0.0	0.0	0.0454545	0.0	0.0	0.0015	0.0169492	0.0	0.0	0.0097087	0.0	0.0	0.0	0.0	0.0	0.0	0.0	0.0	0.0	0.0	0.0	0.0	0.0	0.0	0.0	0.0	
Chouette de Tengmalm	0.0	0.0	0.0	0.0	0.0	0.0	0.0	0.0	0.0	0.0	0.0	0.0	0.0	0.0	0.0	0.0	0.0	0.0	0.0	0.0196078	0.0	0.0	0.0	0.0	0.0	0.0	0.0	0.0	0.0	0.0	0.0	0.0	0.0	0.0	0.0	0.0	0.0	0.0	0.0	0.0	0.0	0.0	0.0	0.0	0.0	0.0	0.0	0.0	
Huppe fasciée	0.0	0.0	0.0	0.0	0.0	0.0	0.0	0.0	0.0	0.0	0.0	0.0	0.0	0.0015	0.0	0.0136986	0.047619	0.0015	0.0	0.0588235	0.125	0.0	0.0333333	0.025	0.0	0.0015	0.0015	0.0015	0.0	0.0	0.0103093	0.0	0.0	0.0	0.0	0.0	0.0	0.0	0.0	0.0	0.0	0.0	0.0	0.0	0.0	0.0	0.0	0.0	
Guêpier d'Europe	0.0	0.0	0.0	0.0	0.0	0.0	0.0	0.0	0.0	0.0	0.0	0.0	0.0	0.0	0.0	0.0	0.0	0.1666667	0.0526316	0.0	0.0	0.0	0.0333333	0.0	0.0	0.0	0.0	0.0	0.0	0.0128205	0.0103093	0.0	0.4285714	0.0	0.0	0.0	0.0	0.0	0.0	0.0	0.0	0.0	0.0	0.0	0.0	0.0	0.0	0.0	
Martin-pêcheur d'Europe	0.0625	0.0	0.0	0.0	0.0	0.0	0.1666667	0.1	0.0	0.0	0.0	0.0	0.0	0.0465116	0.0322581	0.0136986	0.0015	0.0	0.0015	0.0	0.0	0.0	0.0666667	0.05	0.0909091	0.1403509	0.1090909	0.1	0.1016949	0.1153846	0.2680412	0.0970874	0.0	0.0555556	0.0	0.0	0.0	0.0	0.2	0.2545455	0.25	0.2	0.0	0.0	0.5	0.0	0.6666667	0.1282051	
Rollier d'Europe	0.0	0.0	0.0	0.0	0.0	0.0	0.0	0.0	0.0	0.0	0.0	0.0	0.0	0.0	0.0	0.0	0.0	0.0	0.0	0.0	0.0	0.0	0.0	0.0	0.0	0.0	0.0	0.0	0.0	0.0	0.0103093	0.0097087	0.0	0.0	0.0	0.0	0.0	0.0	0.0	0.0	0.0	0.0	0.0	0.0	0.0	0.0	0.0	0.0	
Torcol fourmilier	0.0	0.0	0.0	0.0	0.0	0.0	0.0	0.0	0.0	0.0	0.0	0.0	0.037037	0.0015	0.0	0.0136986	0.047619	0.0833333	0.0	0.0	0.0	0.0015	0.0	0.025	0.0	0.0	0.0090909	0.0	0.0	0.0128205	0.0	0.0291262	0.0	0.0	0.0	0.0	0.0	0.0	0.0	0.0	0.0	0.0	0.0	0.0	0.0	0.0	0.0	0.0	
Pic mar	0.0	0.0	0.125	0.0	0.0	0.0	0.0833333	0.0	0.0	0.0	0.0	0.0909091	0.037037	0.0	0.0	0.0	0.0	0.0	0.0	0.0	0.0	0.0	0.0333333	0.025	0.0	0.0350877	0.0090909	0.0714286	0.0169492	0.0	0.0206186	0.038835	0.2857143	0.1111111	0.4	0.0	0.0	0.0	0.0	0.0727273	0.0416667	0.0	0.0015	0.0	0.5	0.0	0.0	0.0	
Pic épeiche	0.1875	1.0	0.25	0.5555556	1.0	0.3333333	0.1666667	0.1	0.1428571	0.2	0.1111111	0.0909091	0.1481481	0.2093023	0.0967742	0.109589	0.1428571	0.0833333	0.2105263	0.1764706	0.0625	0.125	0.4333333	0.2	0.1363636	0.122807	0.1727273	0.1428571	0.1864407	0.1410256	0.1546392	0.184466	0.4285714	0.4444444	0.2	0.6666667	0.0	0.75	0.0	0.2181818	0.1666667	0.0	0.5	0.0	0.5	0.0	0.3333333	0.3076923	
Pic épeichette	0.0	0.0	0.0	0.0	0.0	0.0	0.0	0.0	0.0	0.1	0.0	0.0	0.0	0.0	0.0	0.0	0.0	0.0833333	0.0	0.0	0.0	0.0	0.0333333	0.0	0.0	0.0175439	0.0181818	0.0	0.0169492	0.0	0.0103093	0.0015	0.1428571	0.0	0.0	0.0	0.0	0.0	0.0	0.0181818	0.0	0.0	0.0	0.0	0.0	0.0	0.0	0.0	
Pic cendré	0.0	0.0	0.0	0.0	0.0	0.0	0.0	0.0	0.0	0.1	0.1111111	0.0	0.0	0.0	0.0322581	0.0410959	0.0	0.0	0.0	0.0	0.0	0.0	0.0	0.0	0.0	0.0	0.0	0.0	0.0169492	0.0	0.0103093	0.0097087	0.0	0.0	0.0	0.0	0.0	0.0	0.0	0.0015	0.0	0.0	0.0	0.0	0.0	0.0	0.0	0.0015	
Pic vert	0.0	0.0	0.125	0.1111111	0.0015	0.0	0.0833333	0.1	0.1428571	0.1	0.1111111	0.0909091	0.2592593	0.255814	0.1290323	0.0958904	0.0	0.0833333	0.0526316	0.0392157	0.0	0.125	0.0333333	0.075	0.0454545	0.3508772	0.2545455	0.1571429	0.1694915	0.1923077	0.2061856	0.1941748	0.4285714	0.2777778	0.2	0.3333333	0.0	0.25	0.2	0.2181818	0.0833333	0.2	0.0015	0.0	0.5	0.0	0.3333333	0.1282051	
Pic noir	0.0	0.0	0.0	0.1111111	0.0	0.3333333	0.0015	0.0	0.0	0.2	0.3333333	0.0	0.0	0.0930233	0.0645161	0.0958904	0.0	0.0833333	0.3157895	0.1372549	0.0625	0.0625	0.1	0.075	0.0454545	0.0175439	0.0454545	0.0142857	0.0847458	0.0512821	0.0618557	0.0679612	0.0	0.2222222	0.2	0.3333333	0.0	0.0015	0.0	0.1090909	0.0833333	0.0	0.0	0.0	0.5	0.0	0.0	0.0512821	
Faucon crécerelle	0.0625	0.0	0.0	0.0	0.0	0.0	0.1666667	0.1	0.0	0.0	0.1111111	0.0909091	0.0740741	0.0930233	0.1290323	0.1232877	0.2857143	0.25	0.0526316	0.1372549	0.125	0.125	0.1	0.1	0.1818182	0.2105263	0.0545455	0.1571429	0.1186441	0.1410256	0.185567	0.1941748	0.2857143	0.0555556	0.0	0.6666667	0.0	0.0	0.0015	0.1272727	0.0015	0.2	0.0	0.0	0.0	0.0	0.3333333	0.1025641	
Faucon hobereau	0.0	0.0	0.0	0.0	0.0	0.0	0.0	0.0	0.0	0.0	0.0	0.0	0.0	0.0232558	0.0015	0.0	0.0	0.0	0.0	0.0196078	0.0	0.125	0.0	0.0	0.0	0.0	0.0272727	0.0142857	0.0338983	0.0128205	0.0206186	0.0194175	0.1428571	0.0	0.0	0.0	0.0	0.0	0.0	0.0	0.0	0.0	0.0	0.0	0.0	0.0	0.0	0.0	
Faucon pèlerin	0.0625	0.0	0.0	0.0	0.0	0.0	0.0	0.0	0.0	0.0	0.0	0.0	0.0	0.0015	0.0	0.0	0.0	0.0015	0.1052632	0.0	0.0	0.0	0.0	0.025	0.0	0.0	0.0090909	0.0	0.0	0.0128205	0.0103093	0.0	0.1428571	0.0	0.0	0.0	0.0	0.0	0.0	0.0	0.0	0.0	0.0	0.0	0.0	0.0	0.0	0.0	
Loriot d'Europe	0.0	0.0	0.0	0.0	0.0	0.0	0.0	0.0	0.0	0.0	0.0	0.0	0.0	0.0	0.0	0.0684932	0.047619	0.1666667	0.1052632	0.0392157	0.0	0.1875	0.2666667	0.0	0.0909091	0.0350877	0.0636364	0.0428571	0.0169492	0.0384615	0.0103093	0.0097087	0.0	0.0	0.0	0.0	0.0	0.0	0.0	0.0	0.0	0.0	0.0	0.0	0.0	0.0	0.0	0.0	
Pie-grièche écorcheur	0.0	0.0	0.0	0.0	0.0	0.0	0.0	0.0	0.0	0.0	0.0	0.0	0.0	0.0	0.0	0.0	0.0952381	0.1666667	0.1052632	0.372549	0.125	0.1875	0.1666667	0.2	0.3181818	0.3859649	0.4181818	0.3571429	0.2372881	0.2179487	0.1443299	0.1262136	0.1428571	0.0	0.0	0.0	0.0	0.0	0.0	0.0	0.0	0.0	0.0	0.0	0.0	0.0	0.0	0.0	
Pie-grièche grise	0.0	0.0	0.0	0.0	0.0	0.0	0.0	0.0	0.0	0.0	0.0	0.0	0.0	0.0	0.0	0.0	0.0	0.0	0.0	0.0	0.0	0.0	0.0	0.0	0.0	0.0	0.0	0.0	0.0	0.0	0.0	0.0097087	0.0	0.0	0.0	0.0	0.0	0.0	0.0	0.0	0.0	0.0	0.0	0.0	0.0	0.0	0.0015	0.0	
Pie-grièche à tête rousse	0.0	0.0	0.0	0.0	0.0	0.0	0.0	0.0	0.0	0.0	0.0	0.0	0.0	0.0	0.0	0.0	0.0	0.0	0.0	0.0	0.0	0.0	0.0015	0.0	0.0	0.0	0.0	0.0	0.0	0.0	0.0	0.0	0.0	0.0	0.0	0.0	0.0	0.0	0.0	0.0	0.0	0.0	0.0	0.0	0.0	0.0	0.0	0.0	
Geai des chênes	0.0625	1.0	0.125	0.1111111	0.0	0.0015	0.3333333	0.1	0.1428571	0.2	0.1111111	0.2727273	0.1111111	0.1860465	0.0967742	0.1369863	0.1428571	0.25	0.2105263	0.2352941	0.125	0.125	0.2333333	0.2	0.2272727	0.1403509	0.2636364	0.2142857	0.2881356	0.3333333	0.257732	0.1941748	0.7142857	0.7222222	0.8	0.3333333	0.0	0.75	0.0	0.3090909	0.25	0.4	0.0	0.0	0.5	0.5	0.3333333	0.2051282	
Pie bavarde	0.125	0.0	0.375	0.1111111	0.0015	0.3333333	0.4166667	0.3	0.2142857	0.3	0.2222222	0.1818182	0.2592593	0.3488372	0.3548387	0.1917808	0.1428571	0.1666667	0.0526316	0.1568627	0.3125	0.3125	0.2	0.2	0.2272727	0.2280702	0.2363636	0.2	0.1355932	0.2564103	0.2783505	0.1553398	0.1428571	0.2777778	0.2	0.3333333	0.0	0.25	0.4	0.4363636	0.4166667	0.6	0.0	0.0	1.0	0.0015	0.6666667	0.3589744	
Cassenoix moucheté	0.0	0.0	0.0015	0.0015	0.0	0.0	0.0	0.0	0.0015	0.0	0.0	0.0	0.0015	0.0	0.0	0.0	0.047619	0.1666667	0.0526316	0.0	0.0	0.0015	0.0	0.05	0.0	0.0175439	0.0090909	0.0285714	0.0169492	0.0384615	0.0103093	0.0194175	0.0	0.0	0.0015	0.0015	0.0	0.0	0.0	0.0	0.0015	0.0	0.0	0.0	0.0	0.0	0.0	0.0	
Choucas des tours	0.125	0.0	0.0	0.2222222	0.0	0.0	0.4166667	0.2	0.2857143	0.0	0.0	0.2727273	0.3333333	0.2325581	0.0967742	0.1369863	0.0952381	0.1666667	0.0526316	0.0196078	0.0	0.125	0.2333333	0.0015	0.0	0.0877193	0.0909091	0.0428571	0.1186441	0.0769231	0.1030928	0.0485437	0.1428571	0.1666667	0.0	0.0015	0.0	0.5	0.2	0.3272727	0.2083333	0.4	0.0	0.0	0.0	0.0	0.0015	0.1794872	
Corbeau freux	0.0625	1.0	0.0	0.1111111	0.0	0.0	0.25	0.3	0.0	0.1	0.0	0.0909091	0.2222222	0.2093023	0.1612903	0.1369863	0.0015	0.0833333	0.0	0.0	0.0625	0.0	0.0	0.0	0.0	0.0	0.0363636	0.0142857	0.0508475	0.0128205	0.0412371	0.0582524	0.0	0.1111111	0.0	0.0	0.0	0.0	0.0	0.1090909	0.0833333	0.2	0.0	0.0	0.0	0.0	0.0	0.0512821	
Corneille noire	0.375	0.0	0.625	0.1111111	1.0	0.6666667	0.25	0.4	0.5	0.3	0.2222222	0.5454545	0.4444444	0.372093	0.2580645	0.3835616	0.2857143	0.5833333	0.3157895	0.254902	0.25	0.375	0.4333333	0.325	0.2727273	0.4912281	0.3272727	0.3285714	0.4237288	0.4487179	0.5257732	0.3398058	0.5714286	0.5555556	0.4	0.3333333	0.0	0.75	0.6	0.5090909	0.4166667	0.8	1.0	0.0	1.0	0.5	0.3333333	0.4102564	
Grand Corbeau	0.0625	0.0015	0.0	0.1111111	0.0	0.3333333	0.0833333	0.0	0.0	0.0	0.0	0.0909091	0.0740741	0.0232558	0.0015	0.0547945	0.0	0.0015	0.0526316	0.0196078	0.0625	0.0625	0.0	0.025	0.0	0.0350877	0.0363636	0.0142857	0.0847458	0.025641	0.0103093	0.0582524	0.0	0.1111111	0.0	0.3333333	0.0	0.0	0.0	0.0	0.0	0.0015	0.0	0.0	0.0	0.0	0.0	0.025641	
Mésange noire	0.4375	0.0015	0.375	0.4444444	1.0	0.6666667	0.0015	0.0015	0.3571429	0.4	0.5555556	0.3636364	0.1111111	0.2093023	0.1612903	0.1643836	0.2380952	0.5833333	0.5263158	0.4705882	0.1875	0.125	0.2	0.4	0.1818182	0.0701754	0.0727273	0.0857143	0.1186441	0.1538462	0.0309278	0.0970874	0.4285714	0.3888889	0.2	0.6666667	0.0	0.0	0.0	0.1090909	0.0416667	0.0	0.0	0.0	0.5	0.0	0.0	0.2307692	
Mésange huppée	0.125	0.0	0.0	0.3333333	0.0	0.3333333	0.0015	0.1	0.0714286	0.1	0.5555556	0.2727273	0.0015	0.1860465	0.0967742	0.0958904	0.1904762	0.1666667	0.2105263	0.0784314	0.0	0.0625	0.1333333	0.225	0.0454545	0.0175439	0.1272727	0.1	0.1864407	0.1666667	0.0412371	0.1165049	0.2857143	0.2777778	0.2	0.3333333	0.0	0.0	0.0	0.0363636	0.0833333	0.0	0.0	0.0	0.0	0.0	0.0	0.1538462	
Mésange nonnette	0.125	1.0	0.375	0.6666667	1.0	0.3333333	0.25	0.2	0.0714286	0.4	0.3333333	0.3636364	0.0740741	0.0697674	0.1290323	0.1232877	0.1428571	0.0833333	0.0526316	0.0588235	0.0	0.0625	0.1	0.075	0.0	0.0701754	0.1090909	0.0857143	0.1864407	0.1538462	0.185567	0.1650485	0.5714286	0.6111111	0.6	0.0	0.0	0.5	0.0	0.1090909	0.125	0.2	0.5	0.0	0.5	0.0	0.3333333	0.1538462	
Mésange boréale	0.0	0.0	0.0015	0.0015	0.0	0.0	0.0833333	0.0	0.0	0.0	0.2222222	0.0909091	0.0	0.0	0.0	0.0	0.047619	0.0	0.0	0.0	0.0	0.0	0.1	0.05	0.0015	0.0	0.0272727	0.0015	0.0169492	0.0384615	0.0	0.038835	0.0	0.2222222	0.2	0.0015	0.0	0.0	0.0	0.0363636	0.0416667	0.0	0.0	0.0	0.0	0.0	0.0	0.025641	
Mésange nonnette ou M. boréale	0.0	0.0	0.0	0.1111111	0.0	0.0	0.0	0.0	0.0	0.0	0.0	0.0	0.0	0.0	0.0	0.0	0.0	0.0	0.0	0.0	0.0	0.0	0.0	0.0	0.0	0.0	0.0	0.0	0.0	0.0	0.0	0.0	0.0	0.0	0.0	0.0	0.0	0.0	0.0	0.0	0.0	0.0	0.0	0.0	0.5	0.0	0.0	0.0	
Mésange bleue	0.25	1.0	0.375	0.6666667	0.0	1.0	0.6666667	0.4	0.4285714	0.6	0.5555556	0.5454545	0.4074074	0.3953488	0.3870968	0.4246575	0.1904762	0.3333333	0.3157895	0.3137255	0.0	0.4375	0.2666667	0.425	0.2272727	0.245614	0.3090909	0.2571429	0.4067797	0.3717949	0.3505155	0.3495146	0.8571429	0.8333333	0.6	0.6666667	0.0	0.75	0.4	0.3636364	0.4583333	0.6	1.0	0.0	0.5	0.0015	0.6666667	0.4102564	
Mésange charbonnière	0.375	1.0	0.625	0.7777778	0.0015	0.6666667	0.5833333	0.6	0.5	0.7	0.5555556	0.8181818	0.7037037	0.6046512	0.5483871	0.4109589	0.4285714	0.75	0.1052632	0.3137255	0.125	0.25	0.2666667	0.375	0.3181818	0.4385965	0.4181818	0.2571429	0.4237288	0.2692308	0.4123711	0.3980583	0.7142857	0.7222222	0.6	0.6666667	0.0	0.75	0.8	0.4545455	0.5416667	0.8	1.0	0.0	1.0	0.0015	0.3333333	0.4871795	
Rémiz penduline	0.0	0.0	0.0	0.0	0.0	0.0	0.0015	0.0	0.0	0.0	0.0	0.0	0.0	0.0	0.0	0.0	0.0	0.0	0.0	0.0	0.0	0.0	0.0	0.0	0.0	0.0	0.0	0.0	0.0	0.0	0.0	0.0	0.0	0.0	0.0	0.0	0.0	0.0	0.0	0.0	0.0	0.0	0.0	0.0	0.0	0.0	0.0	0.0	
Alouette lulu	0.0	0.0	0.0	0.0	0.0	0.0	0.0	0.0	0.0	0.2	0.0	0.0	0.0	0.0465116	0.0645161	0.0684932	0.047619	0.0833333	0.0	0.0588235	0.0625	0.0	0.1	0.025	0.0	0.0175439	0.0181818	0.0428571	0.0	0.0	0.0103093	0.0291262	0.0	0.0	0.0	0.0	0.0	0.0	0.0	0.0181818	0.0	0.0	0.0	0.0	0.0	0.0	0.0	0.0	
Alouette des champs	0.0	0.0	0.0	0.0	0.0	0.0	0.0833333	0.0015	0.0714286	0.1	0.1111111	0.1818182	0.2222222	0.255814	0.1612903	0.260274	0.047619	0.25	0.0015	0.0784314	0.125	0.125	0.2666667	0.1	0.1818182	0.245614	0.1818182	0.1	0.0169492	0.0	0.0515464	0.038835	0.0	0.0	0.0	0.0	0.0	0.25	0.0	0.1090909	0.0416667	0.2	0.0	0.0	0.0	0.0	0.0	0.025641	
Cisticole des joncs	0.0	0.0	0.0	0.0	0.0	0.0	0.0	0.0	0.0	0.0	0.0	0.0	0.0	0.0	0.0	0.0	0.0	0.0	0.0	0.0	0.0	0.0	0.0	0.0	0.0	0.0	0.0	0.0	0.0	0.0	0.0103093	0.0097087	0.0	0.0	0.0	0.0	0.0	0.0	0.0	0.0	0.0	0.0	0.0	0.0	0.0	0.0	0.0	0.0	
Hypolaïs polyglotte	0.0	0.0	0.0	0.0	0.0	0.0	0.0	0.0	0.0	0.0	0.0	0.0	0.0	0.0	0.0	0.0	0.0	0.0015	0.0	0.0392157	0.0	0.1875	0.0	0.05	0.0	0.0175439	0.0272727	0.0142857	0.0338983	0.025641	0.0	0.0	0.0	0.0	0.0	0.0	0.0	0.0	0.0	0.0	0.0	0.0	0.0	0.0	0.0	0.0	0.0	0.0	
Phragmite des joncs	0.0	0.0	0.0	0.0	0.0	0.0	0.0	0.0	0.0	0.0	0.0	0.0	0.0	0.0	0.0	0.0	0.0	0.0015	0.0	0.0	0.0	0.0	0.0	0.0	0.0	0.0	0.0	0.0	0.0	0.0	0.0	0.0	0.0	0.0	0.0	0.0	0.0	0.0	0.0	0.0	0.0	0.0	0.0	0.0	0.0	0.0	0.0	0.0	
Rousserolle verderolle	0.0	0.0	0.0	0.0	0.0	0.0	0.0	0.0	0.0	0.0	0.0	0.0	0.0	0.0	0.0	0.0	0.0	0.0	0.0015	0.0	0.0	0.0	0.0333333	0.0	0.0	0.0	0.0	0.0	0.0	0.0	0.0103093	0.0	0.0	0.0	0.0	0.0	0.0	0.0	0.0	0.0	0.0	0.0	0.0	0.0	0.0	0.0	0.0	0.0	
Rousserolle effarvatte	0.0	0.0	0.0	0.0	0.0	0.0	0.0	0.0	0.0	0.0	0.0	0.0	0.0	0.0	0.0	0.0273973	0.047619	0.0833333	0.0	0.0	0.0	0.125	0.0666667	0.0	0.0	0.0350877	0.0090909	0.0	0.0	0.0	0.0103093	0.0	0.0	0.0	0.0	0.0	0.0	0.0	0.0	0.0	0.0	0.0	0.0	0.0	0.0	0.0	0.0	0.0	
Rousserolle turdoïde	0.0	0.0	0.0	0.0	0.0	0.0	0.0	0.0	0.0	0.0	0.0	0.0	0.0	0.0	0.0	0.0	0.047619	0.0	0.0	0.0	0.0	0.0	0.0	0.0	0.0	0.0	0.0	0.0	0.0	0.0	0.0	0.0	0.0	0.0	0.0	0.0	0.0	0.0	0.0	0.0	0.0	0.0	0.0	0.0	0.0	0.0	0.0	0.0	
Locustelle tachetée	0.0	0.0	0.0	0.0	0.0	0.0	0.0	0.0	0.0	0.0	0.0	0.0	0.0	0.0	0.0	0.0	0.0	0.0	0.0	0.0	0.0	0.0	0.0333333	0.0	0.0	0.0	0.0	0.0	0.0	0.0	0.0	0.0	0.0	0.0	0.0	0.0	0.0	0.0	0.0	0.0	0.0	0.0	0.0	0.0	0.0	0.0	0.0	0.0	
Hirondelle de rivage	0.0	0.0	0.0	0.0	0.0	0.0	0.0	0.0	0.0	0.0	0.0	0.0	0.0	0.0465116	0.0645161	0.0273973	0.0952381	0.0833333	0.0526316	0.0	0.0	0.0625	0.0666667	0.025	0.0909091	0.0877193	0.0545455	0.0	0.0169492	0.0128205	0.0206186	0.0194175	0.0	0.0	0.0	0.0	0.0	0.0	0.0	0.0	0.0	0.0	0.0	0.0	0.0	0.0	0.0	0.0	
Hirondelle de rochers	0.0	0.0	0.0	0.0	0.0	0.0	0.0	0.0	0.0	0.0	0.0	0.0	0.0	0.0	0.0	0.0015	0.0	0.0	0.0	0.0	0.0	0.0	0.0	0.0	0.0454545	0.0	0.0	0.0015	0.0	0.0128205	0.0	0.0	0.0	0.0	0.0	0.0	0.0	0.0	0.0	0.0	0.0	0.0	0.0	0.0	0.0	0.0	0.0	0.0	
Hirondelle rustique	0.0	0.0	0.0	0.0	0.0	0.0	0.0	0.0	0.0	0.0	0.0	0.0909091	0.1851852	0.2093023	0.3225806	0.2739726	0.0952381	0.25	0.0526316	0.2352941	0.1875	0.3125	0.2333333	0.3	0.5	0.4561404	0.2636364	0.2142857	0.3728814	0.5512821	0.5257732	0.4660194	0.2857143	0.1111111	0.2	0.0015	0.0	0.0	0.0	0.0	0.0	0.0	0.0	0.0	0.0	0.0	0.0	0.0	
Hirondelle de fenêtre	0.0	0.0	0.0	0.0	0.0	0.0	0.0	0.0	0.0	0.0	0.0	0.0	0.0	0.0015	0.0967742	0.0958904	0.0952381	0.1666667	0.0015	0.0588235	0.125	0.3125	0.3333333	0.125	0.2272727	0.2807018	0.2090909	0.2	0.220339	0.3076923	0.2061856	0.2427184	0.1428571	0.2222222	0.0	0.0015	0.0	0.0	0.0	0.0	0.0	0.0	0.0	0.0	0.0	0.0	0.0	0.0	
Pouillot siffleur	0.0	0.0	0.0	0.0	0.0	0.0	0.0	0.0	0.0	0.0	0.0	0.0	0.0	0.0	0.0	0.0273973	0.0952381	0.0	0.0526316	0.1764706	0.0625	0.0625	0.0666667	0.05	0.0	0.0175439	0.0363636	0.0	0.0169492	0.0	0.0	0.0	0.0	0.0	0.0	0.0	0.0	0.0	0.0	0.0	0.0	0.0	0.0	0.0	0.0	0.0	0.0	0.0	
Pouillot fitis	0.0	0.0	0.0	0.0	0.0	0.0	0.0	0.0	0.0	0.0	0.0	0.0	0.1111111	0.3023256	0.0967742	0.260274	0.1428571	0.1666667	0.1578947	0.1372549	0.0015	0.1875	0.1666667	0.125	0.0	0.1052632	0.0454545	0.0285714	0.0508475	0.1025641	0.0721649	0.0679612	0.2857143	0.1111111	0.0	0.0	0.0	0.0	0.0	0.0	0.0	0.0	0.0	0.0	0.0	0.0	0.0	0.0	
Pouillot véloce	0.0	0.0	0.125	0.0	0.0	0.0	0.0	0.0	0.0714286	0.3	0.4444444	0.5454545	0.5555556	0.6511628	0.516129	0.6712329	0.4285714	0.75	0.5789474	0.5490196	0.25	0.3125	0.6	0.6	0.3636364	0.3508772	0.2454545	0.2571429	0.3220339	0.2051282	0.2680412	0.3009709	0.5714286	0.8333333	0.8	0.6666667	0.0	0.5	0.6	0.1272727	0.125	0.2	0.0	0.0	0.0	0.0	0.0	0.025641	
Pouillot ibérique	0.0	0.0	0.0	0.0	0.0	0.0	0.0	0.0	0.0	0.0	0.0	0.0	0.0	0.0	0.0	0.0015	0.0	0.0	0.0	0.0	0.0	0.0	0.0	0.0	0.0	0.0	0.0	0.0	0.0	0.0	0.0	0.0	0.0	0.0	0.0	0.0	0.0	0.0	0.0	0.0	0.0	0.0	0.0	0.0	0.0	0.0	0.0	0.0	
pouillot sp.	0.0	0.0	0.0	0.0	0.0	0.0	0.0	0.0	0.0	0.0	0.0	0.0	0.0	0.0	0.0	0.0136986	0.0	0.0	0.0	0.0	0.0	0.0	0.0	0.0	0.0	0.0	0.0	0.0	0.0	0.0128205	0.0	0.0	0.0	0.0	0.0	0.0	0.0	0.0	0.0	0.0	0.0	0.0	0.0	0.0	0.0	0.0	0.0	0.0	
Orite à longue queue	0.0625	1.0	0.125	0.1111111	0.0	0.0	0.25	0.0	0.0714286	0.0	0.1111111	0.3636364	0.1481481	0.0465116	0.0967742	0.0821918	0.047619	0.0015	0.0526316	0.0	0.0	0.0015	0.1	0.025	0.0	0.0701754	0.0181818	0.0428571	0.0338983	0.1025641	0.0824742	0.0582524	0.0	0.5	0.2	0.0	0.0	0.5	0.0	0.1272727	0.0833333	0.0	0.5	0.0	0.5	0.0015	0.0	0.0769231	
Fauvette à tête noire	0.0	0.0	0.0	0.0	0.0	0.0	0.0	0.0	0.0	0.0	0.1111111	0.2727273	0.3703704	0.5348837	0.5483871	0.5890411	0.2380952	0.5833333	0.5789474	0.6078431	0.3125	0.6875	0.6	0.725	0.7272727	0.3859649	0.3454545	0.2	0.2542373	0.3589744	0.3608247	0.2912621	0.7142857	0.2222222	0.0	0.3333333	0.0	0.0	0.0	0.0909091	0.0416667	0.0	0.0	0.0	0.0	0.0	0.0	0.0	
Fauvette des jardins	0.0	0.0	0.0	0.0	0.0	0.0	0.0	0.0	0.0	0.0	0.0	0.0	0.0	0.0	0.0322581	0.0410959	0.0952381	0.1666667	0.0015	0.0784314	0.0015	0.1875	0.0333333	0.05	0.0454545	0.1052632	0.0545455	0.0142857	0.0169492	0.025641	0.0515464	0.038835	0.0	0.0	0.0	0.0	0.0	0.0	0.0	0.0	0.0	0.0	0.0	0.0	0.0	0.0	0.0	0.0	
Fauvette épervière	0.0	0.0	0.0	0.0	0.0	0.0	0.0	0.0	0.0	0.0	0.0	0.0	0.0	0.0	0.0	0.0	0.0	0.0	0.0	0.0	0.0	0.0	0.0	0.0	0.0	0.0	0.0	0.0	0.0	0.0	0.0	0.0	0.0	0.0	0.0	0.0	0.0	0.0	0.0	0.0181818	0.0	0.0	0.0	0.0	0.0	0.0	0.0	0.0	
Fauvette babillarde	0.0	0.0	0.0	0.0	0.0	0.0	0.0	0.0	0.0	0.0	0.0	0.0	0.0	0.0	0.0	0.0410959	0.0952381	0.0015	0.0015	0.0	0.0	0.0	0.0015	0.0	0.0454545	0.0	0.0	0.0285714	0.0169492	0.0128205	0.0412371	0.0097087	0.0	0.0	0.0	0.0	0.0	0.0	0.0	0.0	0.0	0.0	0.0	0.0	0.0	0.0	0.0	0.0	
Fauvette grisette	0.0	0.0	0.0	0.0	0.0	0.0	0.0	0.0	0.0	0.0	0.0	0.0	0.0	0.0232558	0.0645161	0.1780822	0.047619	0.25	0.0015	0.0588235	0.0	0.0	0.0666667	0.1	0.0909091	0.0877193	0.0454545	0.0857143	0.0508475	0.0512821	0.1030928	0.0679612	0.0	0.0	0.0	0.0	0.0	0.0	0.0	0.0	0.0	0.0	0.0	0.0	0.0	0.0	0.0	0.0	
Roitelet huppé	0.125	0.0	0.125	0.2222222	0.0	0.0	0.25	0.2	0.0714286	0.2	0.4444444	0.2727273	0.1481481	0.1162791	0.0645161	0.109589	0.0952381	0.3333333	0.1578947	0.2156863	0.125	0.0625	0.1	0.125	0.0909091	0.0175439	0.0454545	0.0285714	0.1016949	0.1410256	0.0103093	0.0582524	0.2857143	0.3333333	0.4	0.3333333	1.0	0.5	0.0	0.1454545	0.0	0.4	0.0	0.0	0.0	0.0	0.0	0.3076923	
Roitelet à triple bandeau	0.0625	0.0	0.0015	0.0	0.0	0.0	0.0	0.1	0.1428571	0.1	0.3333333	0.4545455	0.1111111	0.0697674	0.0967742	0.1917808	0.0015	0.25	0.2631579	0.3529412	0.1875	0.0625	0.2666667	0.075	0.0454545	0.0175439	0.0272727	0.0142857	0.0	0.0512821	0.0103093	0.038835	0.1428571	0.1666667	0.0	0.3333333	0.0	0.0	0.0	0.0	0.0	0.0	0.0	0.0	0.0	0.0	0.0	0.025641	
Roitelet huppé ou R. à triple bandeau	0.0625	0.0	0.0	0.0	0.0	0.0	0.0	0.0	0.0	0.0	0.0	0.0909091	0.0	0.0	0.0	0.0	0.047619	0.0	0.0015	0.0196078	0.0	0.0	0.0	0.0	0.0	0.0	0.0	0.0	0.0	0.0	0.0	0.0097087	0.0	0.0	0.0	0.0	0.0	0.0	0.0	0.0	0.0	0.0	0.0	0.0	0.0	0.0	0.0	0.0	
Tichodrome échelette	0.0	0.0	0.0	0.0	0.0	0.0	0.0833333	0.0	0.0	0.0	0.0	0.0	0.0	0.0	0.0	0.0	0.0	0.0	0.0	0.0	0.0	0.0	0.0	0.0	0.0	0.0	0.0	0.0	0.0	0.0	0.0	0.0	0.0	0.0	0.0	0.0	0.0	0.0	0.0	0.0	0.0	0.0	0.0	0.0	0.0	0.0	0.0	0.0	
Sittelle torchepot	0.0625	0.0015	0.25	0.2222222	0.0	0.0	0.0	0.0	0.0	0.3	0.1111111	0.0909091	0.0740741	0.1162791	0.0967742	0.0684932	0.047619	0.0015	0.1578947	0.0392157	0.0	0.0625	0.1	0.075	0.0	0.0877193	0.1636364	0.1	0.220339	0.1410256	0.2371134	0.1747573	0.2857143	0.3888889	0.4	0.6666667	0.0	0.5	0.0	0.0545455	0.2083333	0.0	0.0015	0.0	0.0	0.0015	0.3333333	0.1282051	
Grimpereau des bois	0.125	0.0	0.0015	0.1111111	0.0	0.0	0.0833333	0.0	0.0714286	0.1	0.1111111	0.0909091	0.0	0.0232558	0.0322581	0.0273973	0.0952381	0.0833333	0.1052632	0.0980392	0.0	0.0	0.0666667	0.075	0.0454545	0.0175439	0.0727273	0.0285714	0.0508475	0.0384615	0.0103093	0.0776699	0.0	0.1111111	0.0	0.0	0.0	0.25	0.0	0.0363636	0.0416667	0.2	0.0	0.0	0.0	0.0	0.0	0.0	
Grimpereau des jardins	0.0625	1.0	0.125	0.0015	0.0	0.0	0.3333333	0.1	0.1428571	0.1	0.2222222	0.0909091	0.0740741	0.0697674	0.1290323	0.1506849	0.0	0.1666667	0.0526316	0.0	0.0625	0.0625	0.0666667	0.025	0.0	0.0526316	0.0727273	0.0428571	0.0847458	0.0384615	0.1237113	0.0873786	0.4285714	0.3888889	0.2	0.0	1.0	0.5	0.0	0.1818182	0.0833333	0.2	0.0	0.0	0.0	0.0	0.0	0.1025641	
Grimpereau des bois ou G. des jardins	0.0	0.0	0.0	0.0	0.0	0.0	0.0	0.0	0.0	0.0	0.0	0.0	0.0	0.0	0.0	0.0	0.0	0.0	0.0	0.0	0.0	0.0	0.0	0.0	0.0	0.0	0.0272727	0.0	0.0508475	0.0	0.0	0.0097087	0.0	0.0	0.0	0.0	0.0	0.0	0.0	0.0	0.0	0.0	0.0	0.0	0.0	0.0	0.0	0.0	
Troglodyte mignon	0.1875	0.0	0.25	0.4444444	0.0015	0.3333333	0.25	0.1	0.1428571	0.3	0.8888889	0.5454545	0.2222222	0.2790698	0.1290323	0.2739726	0.1428571	0.3333333	0.4210526	0.4117647	0.1875	0.0625	0.3333333	0.225	0.2272727	0.2280702	0.1454545	0.1428571	0.1186441	0.0897436	0.0927835	0.1067961	0.2857143	0.2777778	0.2	0.3333333	0.0	0.75	0.2	0.3090909	0.2083333	0.4	0.0	0.0	0.5	0.0015	0.3333333	0.2051282	
Cincle plongeur	0.0625	0.0	0.125	0.0015	0.0	0.0	0.0015	0.1	0.1428571	0.0	0.1111111	0.0	0.0740741	0.0930233	0.0645161	0.0821918	0.0	0.0015	0.0015	0.0196078	0.0625	0.0015	0.0	0.025	0.0	0.0175439	0.0454545	0.0428571	0.0169492	0.025641	0.0103093	0.0485437	0.0	0.0	0.0	0.0	0.0	0.0	0.2	0.0727273	0.0833333	0.2	0.0	0.0	0.5	0.0	0.0	0.1282051	
Étourneau sansonnet	0.1875	0.0	0.0	0.1111111	0.0	0.0	0.0833333	0.1	0.1428571	0.3	0.0	0.0909091	0.3703704	0.2790698	0.2580645	0.3424658	0.1904762	0.25	0.2105263	0.1176471	0.125	0.125	0.2	0.175	0.0909091	0.2280702	0.1818182	0.1	0.1016949	0.2179487	0.1958763	0.1456311	0.4285714	0.0555556	0.2	0.0	0.0	0.5	0.2	0.3818182	0.25	0.6	0.0	0.0	0.0	0.0	0.3333333	0.1794872	
Grive draine	0.125	0.0	0.125	0.2222222	0.0	0.0	0.1666667	0.0	0.1428571	0.2	0.2222222	0.3636364	0.2222222	0.1395349	0.1935484	0.1643836	0.2380952	0.25	0.1578947	0.1960784	0.125	0.0625	0.2666667	0.25	0.0909091	0.1929825	0.1272727	0.1714286	0.0847458	0.025641	0.0927835	0.1067961	0.4285714	0.1111111	0.2	0.3333333	0.0	0.0015	0.0	0.1818182	0.2083333	0.2	0.5	0.0	0.0	0.0	0.3333333	0.1282051	
Grive musicienne	0.0	0.0	0.125	0.0	0.0	0.0	0.0833333	0.2	0.1428571	0.2	0.6666667	0.3636364	0.2222222	0.372093	0.1290323	0.2739726	0.2380952	0.25	0.4736842	0.4509804	0.0625	0.0625	0.3	0.375	0.1363636	0.1403509	0.0909091	0.0714286	0.1355932	0.0512821	0.0309278	0.038835	0.0	0.0555556	0.0	0.0015	0.0	0.0	0.0	0.1272727	0.125	0.0	0.0	0.0	0.0	0.0	0.0	0.0	
Grive mauvis	0.0	0.0	0.0	0.0015	0.0	0.0	0.0	0.1	0.0	0.0	0.0	0.0	0.0015	0.0015	0.0	0.0	0.0	0.0	0.0	0.0	0.0	0.0	0.0	0.0	0.0	0.0	0.0	0.0	0.0	0.0	0.0	0.0	0.0	0.0	0.0	0.0	0.0	0.0	0.0	0.0363636	0.0	0.4	0.5	0.0	0.0	0.0	0.0	0.0	
Merle noir	0.25	0.0	0.5	0.5555556	0.0	0.3333333	0.4166667	0.4	0.3571429	0.4	0.6666667	0.8181818	0.4074074	0.744186	0.5483871	0.6575342	0.4285714	0.5833333	0.7894737	0.6666667	0.375	0.625	0.6333333	0.65	0.6363636	0.5438596	0.4909091	0.3285714	0.440678	0.3589744	0.3402062	0.2621359	0.4285714	0.5	0.6	0.6666667	0.0015	0.75	0.4	0.5818182	0.5833333	0.8	1.0	0.0	1.0	0.5	0.6666667	0.5128205	
Grive litorne	0.125	0.0	0.0015	0.0	0.0	0.0015	0.3333333	0.1	0.0714286	0.1	0.1111111	0.0909091	0.1111111	0.1162791	0.1935484	0.0821918	0.0	0.0833333	0.0526316	0.0588235	0.0625	0.0	0.1333333	0.075	0.0909091	0.0526316	0.0909091	0.0571429	0.0508475	0.0769231	0.0824742	0.0485437	0.1428571	0.1666667	0.2	0.0	0.0	0.0	0.0	0.1454545	0.0833333	0.2	0.5	0.0	0.0	0.0	0.3333333	0.1025641	
Merle à plastron	0.0	0.0	0.0	0.0	0.0	0.0	0.0	0.0	0.0	0.0	0.0	0.0	0.037037	0.0465116	0.0322581	0.0136986	0.0952381	0.0	0.0526316	0.0196078	0.0	0.0015	0.0	0.15	0.0	0.0	0.0	0.0142857	0.0	0.0128205	0.0	0.0097087	0.0	0.0	0.0	0.0	0.0	0.0	0.0	0.0	0.0	0.0	0.0	0.0	0.0	0.0	0.0	0.0	
Turdus sp.	0.0	0.0	0.0	0.0	0.0	0.0	0.0	0.0	0.0	0.0	0.0	0.0	0.0	0.0	0.0	0.0	0.0	0.0	0.0	0.0	0.0	0.0	0.0	0.0	0.0	0.0	0.0	0.0	0.0	0.0	0.0	0.0	0.0	0.0	0.0	0.0	0.0	0.0	0.0	0.0	0.0	0.4	0.0	0.0	0.0	0.0	0.0	0.0	
Gobemouche gris	0.0	0.0	0.0	0.0	0.0	0.0	0.0	0.0	0.0	0.0	0.0	0.0	0.0	0.0	0.0	0.0	0.0	0.0015	0.0526316	0.0588235	0.0015	0.0625	0.0666667	0.05	0.0909091	0.0350877	0.0909091	0.0571429	0.1016949	0.0897436	0.0618557	0.0873786	0.1428571	0.0555556	0.0	0.0	0.0	0.0	0.0	0.0	0.0	0.0	0.0	0.0	0.0	0.0	0.0	0.0	
Rougegorge familier	0.125	1.0	0.375	0.2222222	0.0	0.3333333	0.4166667	0.2	0.2142857	0.3	0.8888889	0.6363636	0.4814815	0.4883721	0.3870968	0.4383562	0.4285714	0.5	0.5263158	0.5490196	0.3125	0.25	0.4333333	0.475	0.3181818	0.2807018	0.1909091	0.1428571	0.2372881	0.1923077	0.1340206	0.2135922	0.5714286	0.6666667	0.6	0.6666667	1.0	1.0	0.4	0.6363636	0.625	0.4	1.0	0.0	0.5	0.0	0.3333333	0.3076923	
Rossignol philomèle	0.0	0.0	0.0	0.0	0.0	0.0	0.0	0.0	0.0	0.0	0.0	0.0	0.037037	0.2325581	0.4193548	0.3287671	0.0952381	0.1666667	0.0015	0.0392157	0.0625	0.4375	0.1333333	0.125	0.0454545	0.1754386	0.0545455	0.0428571	0.0338983	0.0128205	0.0206186	0.038835	0.0	0.0	0.0	0.0	0.0	0.0	0.0	0.0	0.0	0.0	0.0	0.0	0.0	0.0	0.0	0.0	
Gobemouche noir	0.0	0.0	0.0	0.0	0.0	0.0	0.0	0.0	0.0	0.0	0.0	0.0	0.0	0.0	0.0	0.0273973	0.047619	0.0	0.0526316	0.0	0.0	0.0	0.0	0.0	0.0	0.0	0.0	0.0	0.0	0.025641	0.0515464	0.0970874	0.1428571	0.0555556	0.0	0.0	0.0	0.0	0.0	0.0	0.0	0.0	0.0	0.0	0.0	0.0	0.0	0.0	
Gobemouche à collier	0.0	0.0	0.0	0.0	0.0	0.0	0.0	0.0	0.0	0.0	0.0	0.0	0.0	0.0	0.0	0.0	0.0015	0.0015	0.0	0.0	0.0	0.0	0.0	0.0	0.0	0.0	0.0	0.0	0.0	0.0	0.0	0.0	0.0	0.0	0.0	0.0	0.0	0.0	0.0	0.0	0.0	0.0	0.0	0.0	0.0	0.0	0.0	0.0	
Rougequeue à front blanc	0.0	0.0	0.0	0.0	0.0	0.0	0.0	0.0	0.0	0.0	0.0	0.0	0.0740741	0.2093023	0.1290323	0.260274	0.1904762	0.4166667	0.0526316	0.1764706	0.25	0.3125	0.1333333	0.15	0.0909091	0.0350877	0.0909091	0.0714286	0.0847458	0.0769231	0.0927835	0.0679612	0.1428571	0.0	0.0	0.0	0.0	0.0	0.0	0.0	0.0	0.0	0.0	0.0	0.0	0.0	0.0	0.0	
Rougequeue noir	0.0	0.0	0.0	0.0	0.0	0.0	0.0	0.0	0.0	0.0	0.0	0.3636364	0.2592593	0.2790698	0.1612903	0.2739726	0.1904762	0.25	0.1578947	0.4117647	0.25	0.3125	0.4333333	0.225	0.2727273	0.1929825	0.1818182	0.2285714	0.3220339	0.1666667	0.0515464	0.1650485	0.4285714	0.6666667	1.0	0.6666667	0.0	0.25	0.2	0.0545455	0.1666667	0.0	0.0	0.0	0.0	0.0	0.0	0.0512821	
Tarier des prés	0.0	0.0	0.0	0.0	0.0	0.0	0.0	0.0	0.0	0.0	0.0	0.0	0.0	0.0	0.0	0.0136986	0.0952381	0.1666667	0.0	0.0	0.0	0.0	0.0	0.0	0.0	0.0	0.0	0.0	0.0169492	0.0	0.0412371	0.0097087	0.1428571	0.0	0.0	0.0	0.0	0.0	0.0	0.0	0.0	0.0	0.0	0.0	0.0	0.0	0.0	0.0	
Tarier pâtre	0.0	0.0	0.0	0.0	0.0	0.0	0.0	0.0	0.0	0.0	0.1111111	0.0909091	0.1851852	0.1395349	0.0645161	0.0821918	0.1904762	0.0833333	0.0015	0.1764706	0.0625	0.0	0.0333333	0.175	0.0909091	0.1052632	0.0909091	0.0142857	0.1186441	0.1153846	0.1340206	0.1262136	0.2857143	0.0015	0.0	0.0	0.0	0.0	0.0	0.0545455	0.0	0.0	0.0	0.0	0.0	0.0	0.0	0.0	
Traquet motteux	0.0	0.0	0.0	0.0	0.0	0.0	0.0	0.0	0.0	0.0	0.0	0.0	0.0	0.0	0.0322581	0.0	0.1428571	0.1666667	0.0	0.0	0.0	0.0	0.0	0.0	0.0	0.0	0.0	0.0	0.0	0.0	0.0	0.0291262	0.1428571	0.0	0.0	0.0	0.0	0.0	0.0	0.0	0.0	0.0	0.0	0.0	0.0	0.0	0.0	0.0	
Jaseur boréal	0.0	0.0	0.0	0.0	0.0	0.0	0.0	0.0	0.0	0.0	0.0	0.0	0.0	0.0	0.0	0.0	0.0	0.0	0.0	0.0	0.0	0.0	0.0	0.0	0.0	0.0	0.0	0.0	0.0	0.0	0.0	0.0	0.0	0.0	0.0	0.0	0.0	0.0	0.0	0.0	0.0	0.2	0.0	0.0	0.0	0.0	0.0	0.0	
Accenteur mouchet	0.0	0.0	0.0	0.0	0.0	0.0	0.0	0.0	0.0	0.0	0.2222222	0.3636364	0.0740741	0.1395349	0.1290323	0.0684932	0.1428571	0.0833333	0.0526316	0.0392157	0.0	0.1875	0.0666667	0.05	0.0	0.0701754	0.0090909	0.0	0.0169492	0.025641	0.0309278	0.0097087	0.1428571	0.0555556	0.0	0.0	0.0	0.0	0.2	0.0545455	0.0416667	0.4	0.0	0.0	0.5	0.0	0.0	0.025641	
Moineau domestique	0.1875	1.0	0.25	0.1111111	0.0	0.3333333	0.1666667	0.2	0.2142857	0.2	0.0015	0.0909091	0.2962963	0.2093023	0.1935484	0.260274	0.0952381	0.25	0.2631579	0.1960784	0.4375	0.25	0.4666667	0.275	0.2727273	0.3508772	0.2818182	0.2857143	0.3220339	0.2307692	0.1546392	0.1262136	0.2857143	0.0555556	0.2	0.3333333	0.0	0.25	0.0015	0.2	0.1666667	0.2	0.5	0.0	0.5	0.5	0.3333333	0.1282051	
Moineau friquet	0.0	0.0	0.0	0.0	0.0	0.0	0.0833333	0.0	0.0	0.0	0.1111111	0.0	0.0015	0.0232558	0.0	0.0273973	0.0	0.0	0.0	0.0	0.0	0.0	0.0333333	0.025	0.0	0.0350877	0.0272727	0.0285714	0.0508475	0.0128205	0.0206186	0.038835	0.1428571	0.1111111	0.0	0.0	0.0	0.0	0.0	0.0545455	0.0416667	0.2	0.0	0.0	0.0	0.0	0.0	0.0	
Bergeronnette des ruisseaux	0.0625	1.0	0.0	0.1111111	0.0	0.0	0.0833333	0.1	0.1428571	0.0015	0.2222222	0.0909091	0.1481481	0.0697674	0.0322581	0.109589	0.0015	0.0833333	0.0526316	0.1176471	0.125	0.1875	0.1333333	0.125	0.1363636	0.0877193	0.0909091	0.0857143	0.0338983	0.1153846	0.0824742	0.0485437	0.0	0.0	0.0	0.3333333	0.0	0.25	0.2	0.1454545	0.0416667	0.4	0.0	0.0	0.0	0.0	0.0	0.0	
Bergeronnette printanière	0.0	0.0	0.0	0.0	0.0	0.0	0.0	0.0	0.0	0.0	0.0	0.0	0.0	0.0465116	0.0967742	0.0410959	0.0952381	0.1666667	0.0	0.0196078	0.0	0.0625	0.0666667	0.0	0.0	0.0	0.0454545	0.0142857	0.0338983	0.0384615	0.0309278	0.0485437	0.2857143	0.0015	0.2	0.0	0.0	0.0	0.0	0.0	0.0	0.0	0.0	0.0	0.0	0.0	0.0	0.0	
Bergeronnette grise	0.0	0.0	0.0	0.0	0.0	0.0	0.0	0.0015	0.3571429	0.4	0.3333333	0.4545455	0.2222222	0.3023256	0.2258065	0.2191781	0.1428571	0.5	0.2631579	0.3333333	0.25	0.25	0.4666667	0.325	0.2727273	0.3157895	0.2181818	0.3142857	0.3898305	0.1794872	0.1340206	0.184466	0.4285714	0.0555556	0.2	0.0015	0.0	0.0	0.0	0.0909091	0.125	0.4	0.0	0.0	0.0	0.0	0.0	0.0769231	
bergeronette sp.	0.0	0.0	0.0	0.0	0.0	0.0	0.0	0.0	0.0	0.0	0.0	0.0	0.0	0.0	0.0	0.0	0.0	0.0	0.0	0.0	0.0	0.0	0.0	0.0	0.0	0.0	0.0	0.0	0.0	0.0128205	0.0	0.0	0.0	0.0	0.0	0.0	0.0	0.0	0.0	0.0	0.0	0.0	0.0	0.0	0.0	0.0	0.0	0.0	
Pipit rousseline	0.0	0.0	0.0	0.0	0.0	0.0	0.0	0.0	0.0	0.0	0.0	0.0	0.0	0.0	0.0	0.0	0.0	0.0	0.0	0.0	0.0	0.0	0.0	0.0	0.0	0.0	0.0	0.0	0.0	0.0	0.0	0.0097087	0.0	0.0	0.0	0.0	0.0	0.0	0.0	0.0	0.0	0.0	0.0	0.0	0.0	0.0	0.0	0.0	
Pipit farlouse	0.0	0.0	0.0	0.0	0.0	0.0	0.0833333	0.0	0.0714286	0.0	0.1111111	0.3636364	0.0740741	0.0930233	0.0322581	0.0410959	0.1428571	0.1666667	0.0526316	0.0392157	0.0625	0.0625	0.1	0.2	0.0454545	0.0175439	0.0090909	0.0428571	0.0338983	0.0384615	0.0206186	0.0291262	0.0	0.0	0.0	0.3333333	0.0	0.0	0.0	0.1818182	0.0833333	0.4	0.0	0.0	0.0	0.0	0.0	0.0512821	
Pipit des arbres	0.0	0.0	0.0	0.0	0.0	0.0	0.0	0.0	0.0	0.0	0.0	0.1818182	0.037037	0.0232558	0.0645161	0.109589	0.1428571	0.1666667	0.1052632	0.1568627	0.0625	0.0625	0.2	0.225	0.0	0.0350877	0.0272727	0.0	0.0338983	0.0384615	0.0721649	0.0485437	0.1428571	0.0	0.2	0.0	0.0	0.0	0.0	0.0	0.0	0.0	0.0	0.0	0.0	0.0	0.0	0.0	
Pipit à gorge rousse	0.0	0.0	0.0	0.0	0.0	0.0	0.0	0.0	0.0	0.0	0.0	0.0	0.0	0.0	0.0015	0.0	0.0	0.0	0.0	0.0	0.0	0.0	0.0	0.0	0.0	0.0	0.0	0.0	0.0	0.0	0.0	0.0	0.0	0.0	0.0	0.0	0.0	0.0	0.0	0.0	0.0	0.0	0.0	0.0	0.0	0.0	0.0	0.0	
Pipit spioncelle	0.0	0.0	0.0	0.0015	0.0	0.0	0.0	0.0	0.0	0.0	0.0	0.0	0.037037	0.0232558	0.0322581	0.0136986	0.0	0.0833333	0.0	0.0	0.0	0.0	0.0	0.0	0.0	0.0175439	0.0	0.0142857	0.0169492	0.0128205	0.0	0.0	0.0	0.0	0.0	0.0	0.0	0.0	0.0	0.0909091	0.125	0.2	0.0	0.0	0.0	0.0	0.0	0.0015	
Pipit farlouse ou P. spioncelle	0.0	0.0	0.0	0.0	0.0	0.0	0.0	0.0	0.0	0.0	0.0	0.0	0.0	0.0	0.0	0.0	0.0	0.0	0.0	0.0	0.0	0.0	0.0	0.0	0.0	0.0	0.0	0.0	0.0	0.0	0.0	0.0	0.0	0.0	0.0	0.0	0.0	0.0	0.0	0.0181818	0.0	0.2	0.0	0.0	0.0	0.0	0.0	0.025641	
Pinson des arbres	0.375	0.0	0.375	0.4444444	0.0	0.6666667	0.4166667	0.3	0.5	0.4	0.7777778	0.7272727	0.8518519	0.627907	0.6129032	0.7260274	0.4761905	0.75	0.8421053	0.8039216	0.5	0.5625	0.6666667	0.725	0.5454545	0.5263158	0.4363636	0.4142857	0.3898305	0.2307692	0.2783505	0.2621359	0.7142857	0.6666667	0.8	0.6666667	0.0	0.5	0.4	0.3090909	0.25	0.8	1.0	0.0	0.5	0.0015	0.6666667	0.3333333	
Pinson du Nord	0.0015	0.0	0.0	0.0	0.0	0.0	0.0833333	0.2	0.0	0.0	0.1111111	0.0	0.0	0.0	0.0	0.0	0.0	0.0	0.0	0.0	0.0	0.0	0.0	0.0	0.0	0.0	0.0	0.0	0.0	0.0	0.0	0.0	0.0	0.0	0.0	0.0	0.0	0.0	0.0	0.0909091	0.0	0.2	0.0	0.0	0.0	0.0015	0.0	0.1025641	
Pinson des arbres ou P. du Nord	0.0	0.0	0.0	0.0	0.0	0.0	0.0	0.1	0.0	0.0	0.0	0.0	0.0	0.0	0.0	0.0	0.0	0.0	0.0	0.0	0.0	0.0	0.0	0.0	0.0	0.0	0.0	0.0	0.0	0.0	0.0	0.0	0.0	0.0	0.0	0.0	0.0	0.0	0.0	0.0	0.0	0.0	0.0	0.0	0.0	0.0	0.0	0.0	
Grosbec casse-noyaux	0.0625	0.0	0.125	0.1111111	0.0	0.6666667	0.0833333	0.1	0.0	0.2	0.2222222	0.0909091	0.037037	0.0697674	0.0322581	0.0410959	0.0952381	0.0833333	0.0	0.0196078	0.0	0.0015	0.1333333	0.075	0.0	0.1929825	0.1181818	0.1	0.0169492	0.025641	0.0103093	0.0582524	0.0	0.2222222	0.0	0.0	0.0	0.25	0.0	0.0363636	0.0416667	0.4	0.0	0.0	0.5	0.0	0.3333333	0.025641	
Bouvreuil pivoine	0.0625	1.0	0.0015	0.0015	0.0	0.3333333	0.0015	0.0	0.0714286	0.0	0.0	0.0	0.037037	0.0697674	0.0322581	0.0273973	0.0952381	0.1666667	0.1052632	0.0196078	0.0	0.0625	0.0666667	0.15	0.0	0.0701754	0.1090909	0.1285714	0.1186441	0.1153846	0.0412371	0.0873786	0.2857143	0.1111111	0.0015	0.3333333	0.0	0.25	0.0	0.1272727	0.1666667	0.2	0.0015	0.0	0.0	0.0	0.0	0.0512821	
Verdier d'Europe	0.125	0.0	0.0	0.0015	0.0	0.0	0.0833333	0.0	0.2142857	0.1	0.1111111	0.0909091	0.2592593	0.1627907	0.1935484	0.1506849	0.0952381	0.1666667	0.0526316	0.0588235	0.0625	0.125	0.2	0.1	0.0454545	0.1754386	0.1181818	0.1142857	0.0847458	0.0512821	0.0309278	0.0097087	0.1428571	0.0555556	0.0	0.0	0.0	0.0	0.0	0.0181818	0.0	0.0	0.0	0.0	0.5	0.0	0.0	0.025641	
Linotte mélodieuse	0.0625	0.0	0.0	0.0	0.0	0.0	0.0	0.0	0.0	0.0	0.0	0.0909091	0.1481481	0.1627907	0.2258065	0.1506849	0.1428571	0.1666667	0.0	0.1960784	0.25	0.125	0.2	0.125	0.0909091	0.2280702	0.1363636	0.1285714	0.1186441	0.0769231	0.1237113	0.1165049	0.0	0.0	0.0	0.0	0.0	0.0	0.2	0.0181818	0.0	0.2	0.0	0.0	0.0	0.0	0.0	0.025641	
Sizerin flammé	0.0	0.0	0.0	0.0	0.0	0.0	0.0	0.0	0.0	0.0	0.0	0.0	0.0	0.0232558	0.0	0.0	0.0	0.0	0.0	0.0	0.0	0.0	0.0	0.0	0.0	0.0	0.0	0.0	0.0	0.0	0.0	0.0	0.0	0.0	0.0	0.0	0.0	0.0	0.0	0.0	0.0	0.4	0.0	0.0	0.5	0.0	0.3333333	0.0	
Bec-croisé des sapins	0.0	0.0	0.125	0.2222222	0.0	0.0	0.0015	0.0	0.0	0.1	0.1111111	0.1818182	0.037037	0.0232558	0.0322581	0.0136986	0.0952381	0.1666667	0.0526316	0.0392157	0.0	0.0	0.1	0.075	0.0015	0.0526316	0.0272727	0.0285714	0.0169492	0.0015	0.0	0.0097087	0.0	0.0	0.0	0.3333333	0.0	0.0	0.0	0.0	0.0015	0.2	0.0	0.0	0.0	0.0	0.0	0.0512821	
Chardonneret élégant	0.0	0.0	0.0	0.1111111	0.0	0.0	0.0	0.1	0.0714286	0.0	0.0	0.0909091	0.1851852	0.1395349	0.3548387	0.260274	0.047619	0.25	0.1052632	0.1960784	0.1875	0.25	0.2333333	0.275	0.1818182	0.4035088	0.3545455	0.2285714	0.2881356	0.2948718	0.2371134	0.184466	0.2857143	0.2777778	0.2	0.3333333	0.0	0.5	0.4	0.2181818	0.25	0.6	0.5	0.0	0.0	0.0	0.3333333	0.025641	
Venturon montagnard	0.0	0.0	0.0	0.0	0.0	0.0	0.0	0.0	0.0	0.0	0.0	0.0	0.037037	0.0	0.0	0.0	0.0	0.0	0.0	0.0	0.0	0.0	0.0	0.025	0.0	0.0	0.0	0.0142857	0.0	0.0128205	0.0	0.0097087	0.0	0.0	0.0	0.0	0.0	0.0	0.0	0.0	0.0	0.0	0.0	0.0	0.0	0.0	0.0	0.0	
Serin cini	0.0	0.0	0.0	0.0	0.0	0.0	0.0015	0.0	0.0	0.0	0.0	0.0909091	0.037037	0.0697674	0.0015	0.0821918	0.047619	0.0015	0.0526316	0.0196078	0.0	0.125	0.1333333	0.1	0.0454545	0.0701754	0.0727273	0.0571429	0.0338983	0.025641	0.0103093	0.0485437	0.0	0.0	0.0	0.0015	0.0	0.0	0.0	0.0363636	0.0833333	0.2	0.0	0.0	0.0	0.0	0.0	0.0	
Tarin des aulnes	0.0625	0.0	0.125	0.1111111	0.0	0.0	0.25	0.2	0.0714286	0.0	0.0	0.4545455	0.037037	0.0465116	0.0	0.0136986	0.047619	0.0	0.0526316	0.0	0.0625	0.0	0.0333333	0.075	0.0	0.0175439	0.0272727	0.0285714	0.0338983	0.0015	0.0	0.0194175	0.1428571	0.0	0.0	0.3333333	0.0	0.25	0.2	0.0727273	0.0416667	0.6	0.5	0.0	0.0	0.0	0.3333333	0.0512821	
Bruant proyer	0.0	0.0	0.0	0.0	0.0	0.0	0.0	0.0	0.0	0.0	0.0	0.0	0.0740741	0.1627907	0.0322581	0.109589	0.0952381	0.0833333	0.0015	0.0588235	0.0625	0.125	0.1333333	0.0	0.0454545	0.0526316	0.0636364	0.0	0.0169492	0.0128205	0.0	0.0291262	0.0	0.0	0.0	0.0	0.0	0.0	0.0	0.0	0.0	0.0	0.0	0.0	0.0	0.0	0.0	0.0	
Bruant fou	0.0	0.0	0.0	0.0	0.0	0.0	0.0	0.0	0.0	0.0	0.0	0.0	0.0	0.0232558	0.0015	0.0	0.047619	0.0	0.0	0.0	0.0	0.0	0.0	0.025	0.0	0.0	0.0	0.0	0.0	0.0	0.0	0.0	0.0	0.0	0.0	0.0	0.0	0.0	0.0	0.0	0.0	0.0	0.0	0.0	0.0	0.0	0.0	0.0	
Bruant zizi	0.0625	0.0	0.0	0.0	0.0	0.0	0.0	0.0	0.0	0.0	0.0	0.0	0.0740741	0.0465116	0.0	0.0684932	0.0	0.0	0.0	0.0	0.0	0.0015	0.0666667	0.075	0.0	0.0526316	0.0636364	0.0142857	0.0169492	0.0	0.0206186	0.0097087	0.0	0.0	0.0	0.0	0.0	0.0	0.0	0.0181818	0.0	0.0	0.0	0.0	0.5	0.0	0.0	0.025641	
Bruant jaune	0.0	0.0	0.0	0.0	0.0	0.0015	0.25	0.0	0.0	0.0	0.1111111	0.0909091	0.1481481	0.2790698	0.1935484	0.2191781	0.1428571	0.0833333	0.0526316	0.1372549	0.0625	0.1875	0.2333333	0.25	0.2727273	0.4385965	0.4272727	0.2714286	0.1525424	0.1794872	0.1958763	0.1456311	0.2857143	0.0	0.0	0.0	0.0	0.0	0.2	0.1090909	0.125	0.6	0.0015	0.0	0.0	0.0	0.0	0.0512821	
Bruant des roseaux	0.0	0.0	0.0	0.0	0.0	0.0	0.0	0.0	0.0	0.0	0.0	0.0	0.0	0.0	0.0	0.0	0.047619	0.1666667	0.0	0.0	0.0	0.0	0.0333333	0.0	0.0	0.0	0.0	0.0	0.0	0.0	0.0	0.0	0.0	0.0	0.0	0.0	0.0	0.0	0.0	0.0545455	0.0	0.2	0.0	0.0	0.0	0.0	0.0	0.0	
passereau sp.	0.0	0.0	0.0	0.0	0.0	0.0	0.0	0.0	0.0015	0.0	0.0	0.0	0.0	0.0	0.0	0.0	0.0	0.0	0.0	0.0	0.0	0.0	0.0	0.0	0.0	0.0	0.0	0.0	0.0	0.0	0.0	0.0	0.0	0.0	0.0	0.0	0.0	0.0	0.0	0.0	0.0	0.4	0.0	0.0	0.0	0.0	0.0	0.0512821	

