









Frequency of observations in the selected location(s).:
Number of taxa: 	305

	Jan				Feb				Mar				Apr				May				Jun				Jul				Aug				Sep				Oct				Nov				Dec				
Sample Size:	76.0	24.0	34.0	59.0	39.0	51.0	69.0	64.0	63.0	33.0	40.0	97.0	120.0	98.0	104.0	105.0	97.0	120.0	122.0	210.0	162.0	126.0	96.0	160.0	109.0	127.0	129.0	173.0	102.0	125.0	106.0	92.0	60.0	44.0	85.0	91.0	70.0	93.0	103.0	87.0	34.0	31.0	28.0	17.0	22.0	33.0	19.0	110.0	

Oie cendrée	0.0	0.0	0.0015	0.0	0.0	0.0196078	0.0144928	0.0	0.0	0.030303	0.025	0.0309278	0.0	0.0102041	0.0096154	0.0095238	0.0103093	0.0015	0.0081967	0.0	0.0	0.0079365	0.0104167	0.0	0.0183486	0.007874	0.0155039	0.0231214	0.0	0.0	0.0188679	0.0	0.0015	0.0227273	0.0235294	0.0	0.0	0.0322581	0.0	0.0	0.0	0.0	0.0	0.0	0.0	0.0	0.0	0.0090909	
Oie cygnoïde	0.0	0.0	0.0	0.0	0.0	0.0	0.0	0.015625	0.0	0.0	0.0	0.0	0.0	0.0	0.0096154	0.0	0.0	0.0	0.0	0.0	0.0	0.0	0.0	0.0	0.0	0.0	0.0077519	0.0	0.0	0.0	0.0	0.0	0.0	0.0	0.0	0.0	0.0	0.0	0.0	0.0	0.0	0.0	0.0	0.0	0.0	0.0	0.0	0.0	
Oie rieuse	0.0	0.0	0.0	0.0015	0.0	0.0	0.0	0.0	0.0	0.0	0.0	0.0	0.0	0.0	0.0	0.0	0.0	0.0	0.0	0.0	0.0	0.0	0.0	0.0	0.0	0.0	0.0	0.0	0.0	0.0	0.0	0.0	0.0	0.0	0.0	0.0	0.0	0.0	0.0	0.0	0.0	0.0	0.0357143	0.0	0.0	0.0015	0.0	0.0181818	
Bernache cravant	0.0657895	0.0	0.0	0.0508475	0.025641	0.0	0.0434783	0.015625	0.0	0.0	0.025	0.0015	0.0083333	0.0102041	0.0	0.0	0.0	0.0083333	0.0	0.0	0.0	0.0	0.0	0.0	0.0	0.0	0.0	0.0	0.0	0.0	0.0015	0.0	0.0	0.0	0.0352941	0.0015	0.0571429	0.1075269	0.0873786	0.0229885	0.1176471	0.1290323	0.0714286	0.0588235	0.0909091	0.0606061	0.0526316	0.0636364	
Bernache nonnette	0.0	0.0	0.0	0.0	0.0	0.0	0.0	0.0	0.0	0.0	0.0	0.0	0.0	0.0	0.0	0.0	0.0	0.0	0.0	0.0	0.0	0.0	0.0	0.0	0.0	0.0	0.0	0.0115607	0.0	0.0015	0.0	0.0	0.0	0.0227273	0.0	0.0	0.0	0.0	0.0	0.0	0.0015	0.0	0.0	0.0	0.0	0.0	0.0	0.0	
Bernache du Canada	0.0	0.0	0.0	0.0	0.0	0.0	0.0	0.0	0.015873	0.0	0.0	0.0	0.0	0.0	0.0	0.0	0.0	0.0	0.0	0.0	0.0	0.0079365	0.0	0.0	0.0	0.007874	0.0	0.0057803	0.0	0.0	0.0015	0.0	0.0	0.0	0.0	0.0015	0.0	0.0	0.0	0.0	0.0294118	0.0	0.0	0.0	0.0	0.0	0.0	0.0	
Bernache à cou roux	0.0131579	0.0	0.0	0.0	0.0	0.0	0.0	0.0	0.0	0.0	0.0	0.0	0.0	0.0	0.0	0.0	0.0	0.0	0.0	0.0	0.0	0.0	0.0	0.0	0.0	0.0	0.0	0.0	0.0	0.0	0.0	0.0	0.0	0.0	0.0	0.0	0.0	0.0	0.0	0.0	0.0	0.0	0.0	0.0	0.0015	0.0	0.0526316	0.0272727	
Cygne tuberculé	0.1052632	0.2083333	0.1470588	0.2372881	0.2051282	0.1568627	0.1594203	0.15625	0.1111111	0.1515152	0.175	0.0618557	0.1	0.0918367	0.1442308	0.1714286	0.1237113	0.1416667	0.147541	0.0714286	0.117284	0.1984127	0.125	0.09375	0.0825688	0.0944882	0.0852713	0.132948	0.1078431	0.088	0.1320755	0.2717391	0.1833333	0.0681818	0.1411765	0.1868132	0.1571429	0.1182796	0.0582524	0.0574713	0.2058824	0.2903226	0.3214286	0.0015	0.2272727	0.1818182	0.1052632	0.2454545	
Cygne noir	0.0	0.0	0.0	0.0	0.0	0.0	0.0	0.0	0.0	0.0	0.0	0.0	0.0	0.0	0.0	0.0	0.0	0.0	0.0	0.0	0.0	0.0	0.0	0.0	0.0	0.0	0.0	0.0	0.0	0.0	0.0	0.0	0.0166667	0.0	0.0	0.0	0.0142857	0.0107527	0.0015	0.0114943	0.0	0.0	0.0	0.0	0.0	0.0	0.0	0.0	
Cygne chanteur	0.0	0.0	0.0	0.0	0.0	0.0	0.0	0.0	0.0	0.0	0.0	0.0	0.0	0.0	0.0	0.0	0.0	0.0	0.0	0.0	0.0	0.0	0.0	0.0	0.0	0.0	0.0	0.0	0.0	0.0	0.0	0.0	0.0	0.0	0.0	0.0	0.0	0.0	0.0	0.0	0.0	0.0	0.0	0.0	0.0454545	0.0	0.0	0.0	
cygne sp.	0.0	0.0	0.0	0.0	0.0	0.0	0.0	0.0	0.0	0.0	0.0	0.0	0.0	0.0	0.0	0.0	0.0	0.0	0.0	0.0	0.0	0.0	0.0	0.0	0.0	0.0	0.0	0.0	0.0	0.008	0.0	0.0	0.0	0.0	0.0	0.0	0.0	0.0	0.0	0.0	0.0	0.0	0.0	0.0588235	0.0	0.0	0.0	0.0090909	
anatidé sp. (oie sp.)	0.0	0.0	0.0	0.0	0.0	0.0	0.0	0.0	0.0	0.0	0.0	0.0	0.0	0.0	0.0015	0.0	0.0	0.0	0.0	0.0	0.0	0.0	0.0	0.0	0.0	0.0	0.0	0.0	0.0	0.0015	0.0	0.0	0.0	0.0	0.0	0.0	0.0	0.0	0.0	0.0015	0.0	0.0	0.0	0.0	0.0	0.0	0.0	0.0	
Ouette d'Égypte	0.0	0.0	0.0	0.0	0.0	0.0	0.0	0.015625	0.0015	0.0	0.0	0.0	0.0	0.0	0.0	0.0	0.0	0.0	0.0	0.0	0.0	0.0079365	0.0015	0.0	0.0	0.0	0.0	0.0	0.0	0.0	0.0	0.0	0.0	0.0	0.0	0.0	0.0	0.0	0.0	0.0	0.0	0.0	0.0	0.0	0.0	0.0	0.0	0.0	
Tadorne casarca	0.0	0.0	0.0	0.0	0.0	0.0	0.0	0.0	0.0	0.0	0.0	0.0	0.0	0.0	0.0	0.0	0.0	0.0	0.0	0.0	0.0	0.0	0.0	0.0	0.0	0.0	0.0	0.0	0.0	0.0	0.0	0.0	0.0	0.0	0.0	0.0	0.0	0.0	0.0	0.0114943	0.0	0.0	0.0	0.0	0.0	0.030303	0.0	0.0	
Tadorne de Belon	0.1578947	0.125	0.0882353	0.0677966	0.2820513	0.1176471	0.1594203	0.125	0.0793651	0.1212121	0.025	0.0515464	0.125	0.1428571	0.0769231	0.0952381	0.0618557	0.1166667	0.1065574	0.0714286	0.037037	0.0555556	0.0520833	0.01875	0.0183486	0.015748	0.0077519	0.0231214	0.0294118	0.064	0.0660377	0.1195652	0.0333333	0.0015	0.0705882	0.0879121	0.0428571	0.0860215	0.0291262	0.0804598	0.1764706	0.3225806	0.2142857	0.1176471	0.2272727	0.1818182	0.1052632	0.2	
Sarcelle d'été	0.0	0.0	0.0	0.0	0.0	0.0	0.0	0.0	0.0	0.0	0.025	0.0	0.0166667	0.0	0.0096154	0.0	0.0103093	0.0083333	0.0	0.0	0.0	0.0	0.0	0.0	0.0	0.007874	0.0	0.0	0.0	0.0	0.0	0.0	0.0015	0.0	0.0	0.0	0.0	0.0	0.0	0.0	0.0	0.0	0.0	0.0	0.0	0.0	0.0	0.0	
Canard souchet	0.0263158	0.0416667	0.0588235	0.0169492	0.0769231	0.1372549	0.0869565	0.046875	0.047619	0.030303	0.05	0.0206186	0.0333333	0.0204082	0.0096154	0.0095238	0.0	0.0	0.0	0.0	0.0	0.0	0.0	0.0	0.0	0.007874	0.0	0.0	0.0	0.0	0.009434	0.0326087	0.0	0.0	0.0	0.010989	0.0142857	0.0	0.0097087	0.0229885	0.0015	0.0	0.0357143	0.1176471	0.0015	0.1515152	0.0015	0.0363636	
Canard chipeau	0.0	0.0416667	0.0	0.0	0.0	0.0588235	0.0144928	0.015625	0.0	0.0	0.0	0.0	0.0166667	0.0102041	0.0	0.0	0.0	0.0	0.0	0.0	0.0	0.0	0.0	0.0	0.0	0.007874	0.0	0.0115607	0.0	0.0	0.0377358	0.0543478	0.0166667	0.0	0.0	0.010989	0.0	0.0	0.0097087	0.0114943	0.0	0.0	0.0	0.0	0.0015	0.030303	0.0015	0.0181818	
Canard siffleur	0.0394737	0.0833333	0.0588235	0.0169492	0.0769231	0.0784314	0.0869565	0.03125	0.015873	0.0	0.0	0.0	0.0166667	0.0	0.0096154	0.0	0.0	0.0	0.0	0.0	0.0	0.0015	0.0	0.0	0.0	0.007874	0.0	0.0	0.0	0.0015	0.009434	0.0326087	0.0015	0.0	0.0235294	0.0	0.0015	0.0215054	0.0097087	0.0	0.0294118	0.0	0.0357143	0.0015	0.0015	0.0606061	0.0015	0.0363636	
Canard colvert	0.2763158	0.2916667	0.1764706	0.2033898	0.1282051	0.1960784	0.1304348	0.109375	0.1428571	0.0909091	0.15	0.185567	0.1833333	0.244898	0.1923077	0.2190476	0.1958763	0.2083333	0.1311475	0.1761905	0.1604938	0.2222222	0.1458333	0.1	0.0458716	0.0944882	0.1317829	0.1676301	0.1666667	0.152	0.1792453	0.2173913	0.15	0.1136364	0.1764706	0.2197802	0.1285714	0.2688172	0.2718447	0.2068966	0.1764706	0.516129	0.2142857	0.1764706	0.1818182	0.1515152	0.1052632	0.3636364	
Canard pilet	0.0	0.0416667	0.0294118	0.0338983	0.025641	0.0196078	0.057971	0.03125	0.0015	0.0606061	0.05	0.0103093	0.0166667	0.0	0.0288462	0.0190476	0.0	0.0	0.0	0.0015	0.0	0.0	0.0	0.0	0.0	0.0	0.0	0.0	0.0	0.0	0.009434	0.0	0.0	0.0	0.0117647	0.0	0.0	0.0215054	0.0194175	0.0114943	0.0294118	0.1290323	0.0357143	0.0	0.0015	0.0606061	0.0015	0.0181818	
Hybride Canard colvert x C. pilet	0.0	0.0	0.0	0.0	0.025641	0.0	0.0	0.0	0.0015	0.0	0.0	0.0	0.0	0.0	0.0	0.0	0.0	0.0	0.0	0.0	0.0	0.0079365	0.0	0.0	0.0	0.0	0.0	0.0	0.0	0.0	0.0	0.0	0.0	0.0	0.0	0.0	0.0	0.0	0.0	0.0	0.0	0.0	0.0	0.0	0.0	0.0	0.0	0.0	
Sarcelle d'hiver	0.0526316	0.1666667	0.1470588	0.0677966	0.2051282	0.1764706	0.115942	0.09375	0.031746	0.1212121	0.075	0.0412371	0.0333333	0.0510204	0.0192308	0.0095238	0.0	0.0	0.0	0.0015	0.0	0.0	0.0	0.0	0.0	0.0	0.0	0.0	0.0	0.0	0.009434	0.0	0.0166667	0.0	0.0	0.032967	0.0428571	0.0430108	0.0097087	0.0229885	0.0588235	0.0645161	0.1071429	0.0	0.0454545	0.1515152	0.0015	0.1181818	
Sarcelle tachetée	0.0	0.0416667	0.0	0.0169492	0.0	0.0	0.0	0.0	0.0	0.0	0.0	0.0	0.0	0.0	0.0	0.0	0.0	0.0	0.0	0.0	0.0	0.0079365	0.0	0.0	0.0	0.0	0.0	0.0	0.0	0.0	0.0	0.0	0.0	0.0	0.0	0.0	0.0	0.0	0.0	0.0	0.0	0.0	0.0	0.0	0.0	0.0	0.0	0.0	
anatidé sp. (canard barboteur sp.)	0.0	0.0	0.0	0.0	0.0	0.0	0.0	0.0	0.015873	0.0	0.0	0.0	0.0	0.0	0.0	0.0	0.0	0.0	0.0	0.0	0.0	0.0	0.0	0.0	0.0	0.0	0.0077519	0.0057803	0.0	0.0	0.0	0.0015	0.0	0.0	0.0	0.010989	0.0	0.0	0.0	0.0	0.0	0.0	0.0	0.0	0.0	0.0	0.0	0.0015	
Nette rousse	0.0	0.0	0.0	0.0	0.0	0.0	0.0144928	0.0	0.0	0.0	0.0	0.0	0.0	0.0	0.0	0.0	0.0	0.0	0.0	0.0	0.0	0.0	0.0	0.0	0.0	0.0	0.0	0.0	0.0	0.0	0.0	0.0	0.0	0.0	0.0	0.0	0.0	0.0	0.0	0.0	0.0	0.0	0.0	0.0	0.0	0.0	0.0	0.0	
Fuligule milouin	0.0	0.0	0.0	0.0169492	0.0015	0.0	0.0289855	0.015625	0.015873	0.0	0.0	0.0	0.0	0.0	0.0	0.0	0.0	0.0	0.0	0.0	0.0	0.0	0.0	0.0	0.0	0.0	0.0	0.0057803	0.0	0.0	0.0188679	0.0	0.0	0.0	0.0117647	0.0015	0.0	0.0	0.0	0.0114943	0.0	0.0	0.0	0.0	0.0015	0.0015	0.0	0.0090909	
Fuligule morillon	0.0	0.0	0.0	0.0169492	0.025641	0.0196078	0.0144928	0.015625	0.0634921	0.0	0.0	0.0	0.0	0.0	0.0	0.0	0.0	0.0	0.0	0.0	0.0	0.0	0.0	0.0	0.0	0.0	0.0077519	0.0	0.0	0.0	0.0	0.0	0.0	0.0	0.0	0.0	0.0	0.0	0.0	0.0	0.0	0.0	0.0	0.0	0.0015	0.0015	0.0	0.0181818	
Fuligule milouinan	0.0	0.0	0.0	0.0169492	0.0	0.0015	0.0	0.0	0.0	0.0015	0.0	0.0	0.0	0.0	0.0	0.0	0.0	0.0	0.0	0.0	0.0	0.0	0.0	0.0	0.0	0.0	0.0	0.0	0.0	0.0	0.0	0.0	0.0	0.0	0.0	0.0	0.0015	0.0	0.0	0.0	0.0	0.0	0.0	0.0	0.0	0.0	0.0	0.0015	
Eider à duvet	0.0	0.0	0.0	0.0	0.0	0.0	0.0144928	0.015625	0.0	0.0	0.0	0.0103093	0.0	0.0	0.0	0.0	0.0	0.0	0.0	0.0015	0.0	0.0	0.0	0.0	0.0	0.0	0.0	0.0057803	0.0	0.0	0.009434	0.0	0.0	0.0	0.0	0.010989	0.0	0.0015	0.0	0.0	0.0	0.0	0.0	0.0	0.0	0.0	0.0526316	0.0	
Macreuse brune	0.0	0.0	0.0	0.0169492	0.025641	0.0392157	0.0434783	0.015625	0.0	0.0	0.0	0.0	0.0	0.0	0.0	0.0	0.0	0.0	0.0	0.0	0.0	0.0	0.0	0.0	0.0	0.0	0.0	0.0	0.0	0.0	0.0	0.0	0.0	0.0	0.0	0.0	0.0	0.0	0.0	0.0114943	0.0294118	0.0	0.0	0.0015	0.0	0.030303	0.0	0.0090909	
Macreuse noire	0.0394737	0.0	0.0	0.0508475	0.1282051	0.0784314	0.1014493	0.109375	0.0634921	0.030303	0.0015	0.0309278	0.025	0.0204082	0.0	0.0	0.0	0.0083333	0.0	0.0	0.0061728	0.0	0.0	0.0	0.0	0.007874	0.0	0.0346821	0.0196078	0.016	0.0015	0.0015	0.0	0.0	0.0	0.0	0.0	0.0322581	0.0	0.0015	0.0015	0.0322581	0.0	0.0015	0.0454545	0.030303	0.1052632	0.0636364	
Macreuse à bec jaune	0.0	0.0	0.0	0.0	0.1025641	0.0392157	0.0289855	0.0015	0.031746	0.030303	0.0015	0.0	0.0	0.0	0.0	0.0	0.0	0.0	0.0	0.0	0.0	0.0	0.0	0.0	0.0	0.0	0.0	0.0	0.0	0.0	0.0	0.0	0.0	0.0	0.0	0.0	0.0	0.0	0.0	0.0	0.0	0.0	0.0	0.0	0.0	0.0	0.0	0.0	
Harelde boréale	0.0	0.0	0.0294118	0.0	0.0015	0.0196078	0.0144928	0.015625	0.0	0.0	0.0	0.0	0.0	0.0	0.0	0.0	0.0	0.0	0.0	0.0	0.0	0.0	0.0	0.0	0.0	0.0	0.0	0.0	0.0	0.0	0.0	0.0	0.0	0.0	0.0	0.0	0.0	0.0	0.0	0.0	0.0	0.0	0.0	0.0	0.0	0.0	0.0	0.0090909	
Garrot à oeil d'or	0.0	0.0	0.0	0.0	0.0	0.0	0.0144928	0.0	0.0	0.0	0.0	0.0	0.0	0.0	0.0	0.0	0.0	0.0	0.0	0.0	0.0	0.0	0.0	0.0	0.0	0.0	0.0	0.0	0.0	0.0	0.0	0.0	0.0	0.0	0.0	0.0	0.0	0.0	0.0	0.0	0.0	0.0	0.0	0.0	0.0	0.0	0.0	0.0	
Harle huppé	0.0394737	0.0	0.0015	0.0338983	0.0015	0.0392157	0.0724638	0.015625	0.015873	0.0	0.0	0.0515464	0.0166667	0.0	0.0096154	0.0	0.0103093	0.0	0.0	0.0	0.0	0.0	0.0	0.0	0.0	0.0	0.0	0.0	0.0	0.0	0.0	0.0	0.0	0.0	0.0	0.0	0.0	0.0	0.0	0.0	0.0294118	0.0645161	0.0	0.0015	0.0454545	0.030303	0.0	0.0272727	
Érismature à tête blanche	0.0131579	0.0	0.0	0.0169492	0.025641	0.0	0.0	0.0	0.0	0.0	0.0	0.0	0.0	0.0	0.0	0.0	0.0	0.0	0.0	0.0	0.0	0.0	0.0	0.0	0.0	0.0	0.0	0.0	0.0	0.0	0.0	0.0	0.0	0.0	0.0	0.0	0.0	0.0	0.0	0.0	0.0	0.0	0.0	0.0	0.0	0.0	0.0015	0.0363636	
anatidé sp. (canard sp.)	0.0131579	0.0	0.0	0.0	0.0	0.0	0.0	0.03125	0.0	0.0	0.0	0.0	0.0	0.0	0.0	0.0095238	0.0	0.0	0.0163934	0.0047619	0.0	0.0	0.0	0.0	0.0	0.0	0.0155039	0.0	0.0	0.0	0.009434	0.0	0.0	0.0	0.0235294	0.0	0.0	0.0	0.0	0.0	0.0	0.0	0.0	0.0	0.0	0.0	0.0	0.0	
Perdrix grise	0.0	0.0	0.0	0.0	0.0	0.0	0.0	0.015625	0.0	0.0	0.025	0.0	0.0	0.0	0.0015	0.0015	0.0206186	0.0083333	0.0163934	0.0285714	0.0123457	0.0079365	0.0	0.0	0.0091743	0.015748	0.0077519	0.0057803	0.0	0.0015	0.0	0.0	0.0	0.0	0.0	0.0015	0.0	0.0	0.0	0.0	0.0	0.0	0.0	0.0	0.0	0.0	0.0	0.0	
Faisan de Colchide	0.0131579	0.0	0.0	0.0169492	0.025641	0.0196078	0.0434783	0.046875	0.0634921	0.030303	0.05	0.0412371	0.1	0.0714286	0.0576923	0.0857143	0.0515464	0.0666667	0.1311475	0.0904762	0.0432099	0.0238095	0.0625	0.03125	0.0275229	0.023622	0.0465116	0.0057803	0.0098039	0.032	0.009434	0.0108696	0.0	0.0227273	0.0235294	0.021978	0.0015	0.0215054	0.0097087	0.0229885	0.0588235	0.0015	0.0	0.0588235	0.0454545	0.0909091	0.0526316	0.0090909	
Faisan de Colchide ou F. versicolore	0.0	0.0	0.0	0.0	0.0	0.0	0.0	0.0	0.0	0.0	0.0	0.0	0.0	0.0	0.0	0.0	0.0	0.0	0.0	0.0	0.0	0.0	0.0	0.0	0.0	0.007874	0.0	0.0	0.0	0.0	0.0	0.0	0.0	0.0	0.0	0.0	0.0	0.0	0.0	0.0	0.0	0.0	0.0	0.0	0.0	0.0	0.0	0.0	
Coq bankiva	0.0	0.0	0.0	0.0	0.0	0.0	0.0	0.0	0.0	0.0	0.0	0.0103093	0.0	0.0	0.0	0.0	0.0	0.0	0.0	0.0	0.0	0.0	0.0	0.0	0.0	0.0	0.0	0.0	0.0	0.0	0.0	0.0	0.0	0.0	0.0	0.0	0.0	0.0	0.0	0.0	0.0	0.0	0.0	0.0	0.0	0.0	0.0	0.0	
Caille des blés	0.0	0.0	0.0	0.0	0.0	0.0	0.0	0.0	0.0	0.0	0.0	0.0	0.0	0.0	0.0	0.0015	0.0	0.0083333	0.0	0.0047619	0.0061728	0.0	0.0	0.00625	0.0183486	0.0	0.0155039	0.0057803	0.0294118	0.024	0.0	0.0	0.0	0.0	0.0	0.0	0.0	0.0	0.0097087	0.0	0.0	0.0	0.0	0.0	0.0	0.0	0.0	0.0	
Perdrix rouge	0.0	0.0	0.0	0.0	0.0	0.0196078	0.0	0.0	0.0	0.030303	0.0	0.0	0.0	0.0	0.0	0.0015	0.0	0.0	0.0081967	0.0015	0.0	0.0	0.0	0.0	0.0	0.0	0.0	0.0	0.0	0.0	0.0	0.0	0.0	0.0	0.0	0.010989	0.0015	0.0	0.0	0.0114943	0.0	0.0	0.0	0.0	0.0	0.0	0.0	0.0015	
Pigeon biset	0.1842105	0.375	0.4117647	0.2881356	0.2307692	0.2745098	0.2028986	0.25	0.2698413	0.2121212	0.35	0.2371134	0.3083333	0.2244898	0.2307692	0.2666667	0.2886598	0.225	0.1557377	0.2285714	0.2345679	0.2301587	0.28125	0.15625	0.2568807	0.1417323	0.2403101	0.2138728	0.3235294	0.208	0.1886792	0.1847826	0.1833333	0.3409091	0.2	0.2197802	0.2	0.2258065	0.2718447	0.2528736	0.2647059	0.3225806	0.1785714	0.4117647	0.3636364	0.2121212	0.4210526	0.1727273	
Pigeon colombin	0.0131579	0.0	0.0	0.0	0.0	0.0	0.0	0.015625	0.0	0.030303	0.025	0.0103093	0.0	0.0204082	0.0480769	0.0095238	0.0206186	0.025	0.0	0.0095238	0.0123457	0.0238095	0.0	0.0125	0.0183486	0.007874	0.0155039	0.0115607	0.0098039	0.008	0.009434	0.0434783	0.0	0.0	0.0235294	0.010989	0.0015	0.0	0.0097087	0.0114943	0.0	0.0	0.0714286	0.0	0.0	0.0	0.0	0.0090909	
Pigeon ramier	0.4736842	0.375	0.4411765	0.4576271	0.2820513	0.4901961	0.3478261	0.5	0.5396825	0.5151515	0.775	0.5773196	0.6166667	0.6020408	0.5769231	0.647619	0.5154639	0.575	0.5245902	0.6666667	0.537037	0.6269841	0.59375	0.6	0.6146789	0.5826772	0.6666667	0.6473988	0.6470588	0.68	0.6603774	0.4891304	0.5166667	0.6818182	0.4941176	0.4615385	0.3428571	0.5376344	0.5533981	0.4942529	0.2058824	0.3225806	0.2857143	0.5294118	0.4545455	0.5151515	0.5263158	0.4545455	
Tourterelle des bois	0.0	0.0	0.0	0.0	0.0	0.0	0.0	0.0	0.015873	0.0	0.0	0.0	0.0083333	0.0	0.0	0.0015	0.0206186	0.0416667	0.0409836	0.0285714	0.0432099	0.0793651	0.0208333	0.025	0.0366972	0.0708661	0.0697674	0.0231214	0.0392157	0.024	0.0188679	0.0108696	0.0015	0.0	0.0117647	0.021978	0.0	0.0	0.0	0.0	0.0	0.0	0.0	0.0	0.0	0.0	0.0	0.0	
Tourterelle turque	0.1973684	0.0416667	0.1176471	0.2033898	0.1538462	0.2156863	0.2028986	0.1875	0.3015873	0.2121212	0.325	0.3092784	0.225	0.3061224	0.3269231	0.3333333	0.2989691	0.2583333	0.3032787	0.3142857	0.2407407	0.2539683	0.2395833	0.2375	0.2110092	0.2362205	0.3255814	0.2890173	0.3627451	0.264	0.3018868	0.1956522	0.2	0.25	0.1882353	0.2637363	0.0857143	0.2150538	0.2621359	0.1724138	0.0294118	0.1612903	0.1428571	0.2352941	0.0454545	0.2424242	0.1052632	0.1909091	
Coucou gris	0.0	0.0	0.0	0.0	0.0	0.0	0.0	0.0	0.0	0.0	0.0	0.0	0.0	0.0102041	0.0865385	0.1904762	0.0515464	0.125	0.1639344	0.0857143	0.1049383	0.0555556	0.0416667	0.01875	0.0	0.0	0.0	0.0	0.0294118	0.0	0.0	0.0	0.0166667	0.0	0.0	0.0	0.0	0.0	0.0	0.0	0.0	0.0	0.0	0.0	0.0	0.0	0.0	0.0	
Engoulevent d'Europe	0.0	0.0	0.0	0.0	0.0	0.0	0.0	0.0	0.0	0.0	0.0	0.0	0.0	0.0	0.0	0.0	0.0	0.0	0.0081967	0.0	0.0	0.015873	0.0015	0.0	0.0	0.007874	0.0077519	0.0231214	0.0	0.0015	0.0	0.0	0.0	0.0	0.0	0.0	0.0	0.0	0.0	0.0	0.0	0.0	0.0	0.0	0.0	0.0	0.0	0.0	
Martinet noir	0.0	0.0	0.0	0.0	0.0	0.0	0.0	0.0	0.0	0.0	0.0	0.0	0.0	0.0102041	0.0096154	0.0761905	0.185567	0.2916667	0.1803279	0.3428571	0.3518519	0.3095238	0.2708333	0.34375	0.2844037	0.3464567	0.3953488	0.2023121	0.0490196	0.08	0.0754717	0.0434783	0.0166667	0.0015	0.0	0.0	0.0	0.0	0.0	0.0	0.0	0.0	0.0	0.0	0.0	0.0	0.0	0.0	
apodidé sp.	0.0	0.0	0.0	0.0	0.0	0.0	0.0	0.0	0.0	0.0	0.0	0.0	0.0	0.0	0.0	0.0	0.0	0.0	0.0	0.0047619	0.0	0.0	0.0	0.0	0.0	0.0	0.0	0.0	0.0	0.0	0.0	0.0	0.0	0.0	0.0	0.0	0.0	0.0	0.0	0.0	0.0	0.0	0.0	0.0	0.0	0.0	0.0	0.0	
Râle d'eau	0.0131579	0.0	0.0294118	0.0015	0.025641	0.0196078	0.0144928	0.015625	0.015873	0.0	0.0	0.0	0.0	0.0102041	0.0	0.0	0.0	0.0	0.0	0.0	0.0	0.0	0.0	0.0	0.0	0.0	0.0077519	0.0057803	0.0	0.0	0.009434	0.0	0.0	0.0227273	0.0	0.010989	0.0428571	0.0	0.0097087	0.0229885	0.0294118	0.0645161	0.0714286	0.0	0.0	0.0	0.0	0.0	
Marouette ponctuée	0.0	0.0	0.0	0.0	0.0	0.0	0.0	0.0	0.0	0.0	0.0	0.0	0.0	0.0	0.0	0.0	0.0	0.0	0.0	0.0	0.0	0.0	0.0	0.0	0.0	0.0	0.0015	0.0	0.0	0.0	0.0	0.0	0.0	0.0	0.0117647	0.0	0.0	0.0	0.0	0.0	0.0	0.0	0.0	0.0	0.0	0.0	0.0	0.0	
Gallinule poule-d'eau	0.0657895	0.0833333	0.0882353	0.0847458	0.0769231	0.0980392	0.173913	0.046875	0.1269841	0.0909091	0.05	0.0721649	0.125	0.1428571	0.1442308	0.152381	0.0721649	0.1083333	0.057377	0.1047619	0.0617284	0.0634921	0.0520833	0.09375	0.0550459	0.0629921	0.0930233	0.0867052	0.1372549	0.12	0.1603774	0.0978261	0.0333333	0.2045455	0.0941176	0.0549451	0.0714286	0.1505376	0.1456311	0.1034483	0.0294118	0.1290323	0.1785714	0.0588235	0.0454545	0.030303	0.0015	0.1181818	
Foulque macroule	0.0263158	0.125	0.0882353	0.1016949	0.1538462	0.0588235	0.0869565	0.078125	0.1111111	0.030303	0.075	0.0515464	0.0583333	0.0612245	0.0673077	0.1714286	0.0927835	0.0583333	0.0655738	0.0714286	0.0925926	0.0793651	0.09375	0.075	0.0183486	0.0629921	0.0465116	0.0635838	0.0294118	0.024	0.0471698	0.0326087	0.0166667	0.0454545	0.0588235	0.043956	0.0142857	0.0537634	0.0097087	0.0344828	0.0294118	0.1290323	0.0714286	0.0015	0.0454545	0.1212121	0.0	0.0727273	
Oedicnème criard	0.0	0.0	0.0	0.0	0.0	0.0	0.0	0.0	0.0	0.0	0.0	0.0	0.0	0.0	0.0015	0.0	0.0	0.0083333	0.0081967	0.0	0.0	0.0079365	0.0104167	0.0	0.0091743	0.0	0.0	0.0	0.0	0.0	0.0	0.0	0.0	0.0	0.0	0.0	0.0	0.0	0.0	0.0	0.0	0.0	0.0	0.0	0.0	0.0	0.0	0.0	
Échasse blanche	0.0	0.0	0.0	0.0	0.0	0.0	0.0	0.0	0.0	0.0	0.0	0.0	0.025	0.0	0.0288462	0.0190476	0.0103093	0.025	0.0081967	0.0190476	0.0	0.0079365	0.0208333	0.01875	0.0091743	0.0	0.0232558	0.0	0.0098039	0.0	0.0	0.0	0.0	0.0	0.0	0.0	0.0	0.0	0.0	0.0	0.0	0.0	0.0	0.0	0.0	0.0	0.0	0.0	
Avocette élégante	0.0394737	0.0	0.0588235	0.0508475	0.0769231	0.0392157	0.0289855	0.015625	0.0	0.0	0.1	0.0309278	0.05	0.0510204	0.0384615	0.0285714	0.0206186	0.05	0.0901639	0.0238095	0.0061728	0.0238095	0.0104167	0.0125	0.0	0.0	0.0155039	0.017341	0.0	0.016	0.0	0.0326087	0.0	0.0	0.0015	0.0	0.0	0.0	0.0097087	0.0	0.0588235	0.0322581	0.0	0.0588235	0.0454545	0.0	0.0015	0.0090909	
Huîtrier pie	0.0789474	0.0	0.0294118	0.0847458	0.1538462	0.0392157	0.0869565	0.0625	0.0793651	0.0606061	0.05	0.0618557	0.05	0.0306122	0.0288462	0.0380952	0.0103093	0.0666667	0.0327869	0.0428571	0.0	0.0238095	0.0520833	0.01875	0.0458716	0.007874	0.0310078	0.0751445	0.0490196	0.064	0.0471698	0.0652174	0.0166667	0.0015	0.0352941	0.0015	0.0571429	0.0537634	0.0097087	0.045977	0.0015	0.0645161	0.2142857	0.0	0.0909091	0.0909091	0.1052632	0.1363636	
Pluvier argenté	0.0263158	0.0	0.0294118	0.0508475	0.025641	0.0392157	0.0144928	0.0015	0.0	0.030303	0.0	0.0	0.0	0.0	0.0096154	0.0190476	0.0103093	0.05	0.0081967	0.0190476	0.0061728	0.0	0.0	0.0	0.0091743	0.0	0.0	0.0057803	0.0	0.024	0.0	0.0217391	0.0015	0.0015	0.0	0.032967	0.0285714	0.0107527	0.0015	0.0344828	0.0294118	0.0	0.0714286	0.0	0.0454545	0.0	0.0526316	0.0272727	
Pluvier doré	0.0131579	0.0416667	0.0	0.0	0.0	0.0	0.0	0.0	0.0	0.0	0.0	0.0	0.0	0.0	0.0	0.0	0.0	0.0	0.0	0.0	0.0	0.0	0.0	0.0	0.0	0.0	0.0	0.0	0.0	0.0	0.0015	0.0	0.0	0.0	0.0	0.0	0.0	0.0	0.0097087	0.0	0.0015	0.0	0.0	0.0	0.0454545	0.0	0.0015	0.0272727	
Pluvialis sp.	0.0	0.0	0.0	0.0	0.025641	0.0	0.0	0.0	0.0	0.0	0.0	0.0	0.0	0.0	0.0	0.0	0.0	0.0	0.0	0.0	0.0	0.0	0.0	0.0	0.0	0.0	0.0	0.0	0.0	0.0	0.0	0.0	0.0	0.0	0.0	0.0	0.0	0.0	0.0	0.0	0.0	0.0	0.0	0.0	0.0	0.0	0.0	0.0	
Guignard d’Eurasie	0.0	0.0	0.0	0.0	0.0	0.0	0.0	0.0	0.0	0.0	0.0	0.0	0.0	0.0	0.0	0.0	0.0	0.0	0.0081967	0.0	0.0	0.0	0.0	0.0	0.0	0.0	0.0	0.0	0.0	0.0	0.0	0.0	0.0	0.0	0.0	0.0	0.0	0.0	0.0015	0.0	0.0	0.0	0.0	0.0	0.0	0.0	0.0	0.0	
Grand Gravelot	0.0263158	0.0	0.0015	0.0169492	0.0	0.0196078	0.0015	0.0015	0.047619	0.0015	0.025	0.0103093	0.0166667	0.0015	0.0015	0.0015	0.0618557	0.0583333	0.0655738	0.0285714	0.0308642	0.0238095	0.0104167	0.0125	0.0091743	0.0	0.0155039	0.0057803	0.0294118	0.056	0.0566038	0.1086957	0.1	0.0454545	0.1058824	0.032967	0.1142857	0.0215054	0.0097087	0.0114943	0.0	0.0645161	0.0357143	0.0	0.0454545	0.030303	0.0	0.0727273	
Petit Gravelot	0.0	0.0	0.0	0.0	0.0	0.0	0.0	0.015625	0.015873	0.0	0.0	0.0	0.0	0.0204082	0.0192308	0.0	0.0103093	0.0083333	0.0	0.0095238	0.0123457	0.0079365	0.0	0.00625	0.0	0.007874	0.0077519	0.0	0.0098039	0.0	0.0	0.0	0.0	0.0	0.0	0.0	0.0	0.0	0.0	0.0	0.0	0.0	0.0	0.0	0.0	0.0	0.0	0.0	
Vanneau huppé	0.1447368	0.125	0.1176471	0.0338983	0.1538462	0.0980392	0.0869565	0.03125	0.047619	0.0606061	0.025	0.0103093	0.0166667	0.0510204	0.0288462	0.0571429	0.0309278	0.0333333	0.0015	0.0238095	0.0123457	0.0079365	0.0208333	0.025	0.0183486	0.023622	0.0310078	0.0115607	0.0	0.016	0.0471698	0.0108696	0.0166667	0.0227273	0.0235294	0.043956	0.0428571	0.0322581	0.0485437	0.0574713	0.1176471	0.1290323	0.1071429	0.1176471	0.2272727	0.2424242	0.1052632	0.1545455	
Gravelot à collier interrompu	0.0	0.0	0.0	0.0	0.0	0.0	0.0	0.0	0.0	0.0	0.0015	0.0	0.0	0.0	0.0015	0.0095238	0.0206186	0.0083333	0.0015	0.0285714	0.0246914	0.015873	0.0104167	0.0125	0.0	0.0015	0.0	0.0	0.0098039	0.0	0.0188679	0.0326087	0.0333333	0.0227273	0.0	0.0015	0.0	0.0	0.0	0.0	0.0	0.0	0.0	0.0	0.0454545	0.0	0.0	0.0	
Charadriidae sp.	0.0	0.0	0.0	0.0	0.0	0.0	0.0	0.0	0.0	0.0	0.0	0.0	0.0	0.0	0.0	0.0	0.0	0.0	0.0	0.0	0.0	0.0	0.0	0.0	0.0	0.0	0.0	0.0	0.0	0.0	0.0	0.0	0.0	0.0	0.0	0.0	0.0142857	0.0	0.0	0.0	0.0	0.0	0.0	0.0	0.0	0.030303	0.0	0.0	
Courlis corlieu	0.0	0.0	0.0	0.0	0.025641	0.0	0.0	0.0	0.0	0.0	0.0	0.0	0.025	0.0306122	0.0769231	0.0666667	0.0618557	0.0833333	0.0409836	0.0238095	0.0061728	0.0	0.0	0.00625	0.0458716	0.015748	0.0232558	0.0635838	0.1078431	0.12	0.1226415	0.1521739	0.05	0.0015	0.0	0.0	0.0	0.0107527	0.0097087	0.0	0.0	0.0322581	0.0015	0.0015	0.0909091	0.0606061	0.0	0.0090909	
Courlis cendré	0.1447368	0.125	0.1176471	0.1016949	0.1538462	0.0588235	0.1594203	0.0625	0.0634921	0.030303	0.125	0.0412371	0.0583333	0.0612245	0.0384615	0.047619	0.0309278	0.0833333	0.0409836	0.0285714	0.0246914	0.015873	0.0208333	0.025	0.0275229	0.015748	0.0155039	0.0462428	0.0784314	0.056	0.0283019	0.1195652	0.05	0.0454545	0.0470588	0.1208791	0.1285714	0.0860215	0.0291262	0.091954	0.2647059	0.1935484	0.25	0.0588235	0.1363636	0.0909091	0.0526316	0.1909091	
Barge rousse	0.0	0.0	0.0	0.0169492	0.025641	0.0196078	0.0289855	0.0015	0.0	0.0	0.0	0.0	0.0	0.0102041	0.0192308	0.0190476	0.0412371	0.025	0.0	0.0	0.0	0.0	0.0	0.0	0.0	0.0	0.0077519	0.0	0.0	0.0	0.0188679	0.0	0.0015	0.0015	0.0352941	0.043956	0.0285714	0.0215054	0.0097087	0.0	0.0	0.0	0.0	0.0	0.0015	0.0	0.0	0.0	
Barge à queue noire	0.0	0.0	0.0	0.0	0.025641	0.0	0.0	0.0	0.0	0.0	0.0	0.0	0.0166667	0.0	0.0	0.0	0.0	0.0	0.0081967	0.0	0.0	0.0	0.0	0.0	0.0	0.0	0.0	0.0057803	0.0098039	0.008	0.0	0.0217391	0.0015	0.0	0.0117647	0.010989	0.0	0.0	0.0097087	0.0	0.0	0.0322581	0.0	0.0	0.0	0.0	0.0015	0.0	
Bécassine sourde	0.0	0.0	0.0	0.0169492	0.0	0.0	0.0	0.0	0.0	0.0	0.0	0.0	0.0	0.0	0.0	0.0	0.0	0.0	0.0	0.0	0.0	0.0	0.0	0.0	0.0	0.0	0.0	0.0	0.0	0.0	0.0	0.0	0.0	0.0	0.0	0.0	0.0	0.0	0.0097087	0.0	0.0	0.0	0.0	0.0	0.0	0.0	0.0	0.0	
Bécasse des bois	0.0131579	0.0	0.0	0.0	0.0	0.0196078	0.0144928	0.0015	0.0	0.0	0.0	0.0	0.0	0.0	0.0	0.0	0.0	0.0	0.0	0.0	0.0	0.0	0.0	0.0	0.0	0.0	0.0	0.0	0.0	0.0	0.0	0.0	0.0	0.0	0.0	0.0	0.0	0.0	0.0	0.0	0.0	0.0	0.0	0.0	0.0	0.0	0.0	0.0272727	
Bécassine des marais	0.0015	0.0	0.0588235	0.0169492	0.0512821	0.0196078	0.0144928	0.046875	0.015873	0.030303	0.025	0.0103093	0.0333333	0.0	0.0192308	0.0	0.0	0.0	0.0	0.0	0.0	0.0	0.0	0.0	0.0	0.0	0.0	0.0	0.0	0.008	0.0283019	0.0108696	0.0166667	0.0	0.0	0.010989	0.0142857	0.0015	0.0015	0.0344828	0.0294118	0.0322581	0.0	0.0588235	0.0015	0.030303	0.0015	0.0015	
Phalarope à bec large	0.0131579	0.0	0.0	0.0	0.0	0.0	0.0	0.0	0.0	0.0	0.0	0.0	0.0	0.0	0.0	0.0	0.0	0.0	0.0	0.0	0.0	0.0	0.0	0.0	0.0	0.0	0.0	0.0	0.0	0.0	0.0	0.0	0.0	0.0	0.0	0.0	0.0	0.0	0.0	0.0	0.0	0.0	0.0	0.0	0.0	0.0	0.0	0.0015	
Chevalier guignette	0.0	0.0	0.0	0.0	0.0	0.0	0.0289855	0.0	0.015873	0.0	0.0	0.0	0.0166667	0.0	0.0192308	0.0380952	0.0103093	0.0666667	0.0245902	0.0238095	0.0123457	0.0	0.0	0.00625	0.0091743	0.015748	0.0542636	0.0635838	0.0784314	0.072	0.1698113	0.2173913	0.05	0.0681818	0.0705882	0.0659341	0.0142857	0.0430108	0.0097087	0.0114943	0.0882353	0.0645161	0.0	0.0	0.0454545	0.0	0.0	0.0272727	
Chevalier culblanc	0.0015	0.0	0.0294118	0.0	0.0	0.0	0.0144928	0.0	0.015873	0.030303	0.0	0.0	0.0	0.0204082	0.0192308	0.0	0.0	0.0	0.0081967	0.0	0.0	0.0015	0.0	0.01875	0.0091743	0.007874	0.0077519	0.0057803	0.0196078	0.032	0.0849057	0.0434783	0.0	0.0454545	0.0117647	0.010989	0.0	0.0107527	0.0097087	0.0	0.0294118	0.0	0.0357143	0.0	0.0	0.0	0.0	0.0015	
Chevalier sylvain	0.0	0.0	0.0	0.0	0.0	0.0	0.0	0.0	0.0	0.0	0.0	0.0	0.0083333	0.0	0.0	0.0	0.0	0.0	0.0	0.0	0.0	0.0	0.0	0.0	0.0	0.0	0.0	0.0	0.0	0.0	0.0188679	0.0108696	0.0	0.0227273	0.0	0.0	0.0	0.0	0.0	0.0	0.0	0.0	0.0	0.0	0.0	0.0	0.0	0.0	
Chevalier gambette	0.0921053	0.0	0.0588235	0.0677966	0.1538462	0.0392157	0.0434783	0.046875	0.031746	0.0606061	0.1	0.0206186	0.05	0.0714286	0.0192308	0.0380952	0.0412371	0.075	0.0491803	0.0380952	0.0185185	0.031746	0.0	0.0	0.0183486	0.007874	0.0232558	0.0346821	0.0196078	0.016	0.0471698	0.1413043	0.15	0.0454545	0.0470588	0.1318681	0.0714286	0.0015	0.038835	0.0574713	0.1764706	0.1290323	0.0357143	0.0588235	0.0909091	0.030303	0.0526316	0.1272727	
Chevalier arlequin	0.0263158	0.0	0.0	0.0169492	0.0	0.0	0.0144928	0.03125	0.0	0.0	0.0	0.0103093	0.0	0.0102041	0.0015	0.0	0.0	0.0	0.0	0.0	0.0	0.0	0.0104167	0.0	0.0	0.0	0.0077519	0.0	0.0	0.0	0.0	0.0108696	0.0	0.0	0.0117647	0.010989	0.0	0.0015	0.0097087	0.0114943	0.0	0.0	0.0	0.0	0.0015	0.0	0.0015	0.0181818	
Chevalier aboyeur	0.0131579	0.0	0.0	0.0169492	0.025641	0.0	0.0	0.0	0.0	0.030303	0.0	0.0	0.0	0.0102041	0.0288462	0.047619	0.0309278	0.025	0.0163934	0.0142857	0.0	0.0	0.0	0.0	0.0091743	0.007874	0.0077519	0.0115607	0.0098039	0.008	0.0188679	0.0326087	0.0015	0.0227273	0.0117647	0.021978	0.0142857	0.0107527	0.0	0.0114943	0.0	0.0	0.0	0.0	0.0	0.030303	0.0526316	0.0181818	
Tournepierre à collier	0.0263158	0.0416667	0.0294118	0.1016949	0.1025641	0.0392157	0.057971	0.0625	0.031746	0.030303	0.025	0.0618557	0.0333333	0.0204082	0.0288462	0.0	0.0103093	0.025	0.0	0.0095238	0.0185185	0.0	0.0104167	0.00625	0.0183486	0.0	0.0	0.017341	0.0392157	0.024	0.0283019	0.0434783	0.1333333	0.0227273	0.0941176	0.010989	0.0571429	0.0215054	0.0194175	0.0229885	0.0294118	0.0322581	0.1071429	0.0015	0.0454545	0.0606061	0.0015	0.1090909	
Bécasseau maubèche	0.0	0.0	0.0	0.0	0.0	0.0196078	0.0	0.0015	0.0	0.0	0.0	0.0	0.0	0.0015	0.0	0.0	0.0103093	0.0166667	0.0081967	0.0047619	0.0	0.0	0.0	0.0	0.0	0.0	0.0	0.0057803	0.0	0.024	0.0188679	0.0108696	0.0333333	0.0454545	0.0352941	0.032967	0.0142857	0.0	0.0	0.0114943	0.0	0.0322581	0.0	0.0	0.0	0.030303	0.0	0.0	
Combattant varié	0.0	0.0	0.0	0.0	0.0	0.0	0.0144928	0.0	0.0	0.0	0.0	0.0	0.0	0.0102041	0.0	0.0	0.0	0.0	0.0	0.0	0.0	0.0	0.0	0.0	0.0	0.0	0.0	0.0	0.0	0.0	0.0015	0.0	0.0	0.0	0.0117647	0.0	0.0	0.0	0.0097087	0.0	0.0	0.0	0.0	0.0	0.0	0.0	0.0	0.0	
Bécasseau cocorli	0.0	0.0	0.0	0.0	0.0	0.0	0.0	0.0	0.0	0.0	0.0	0.0	0.0	0.0	0.0	0.0	0.0	0.0	0.0	0.0	0.0	0.0	0.0	0.0	0.0	0.0	0.0	0.0057803	0.0	0.0	0.0	0.0108696	0.0	0.0227273	0.0117647	0.0	0.0	0.0	0.0	0.0114943	0.0	0.0	0.0	0.0	0.0	0.0	0.0	0.0	
Bécasseau sanderling	0.0526316	0.0416667	0.0588235	0.1016949	0.1538462	0.0392157	0.0869565	0.0625	0.0952381	0.0	0.0015	0.0206186	0.0416667	0.0015	0.0	0.0	0.0103093	0.0166667	0.0	0.0142857	0.0061728	0.0079365	0.0	0.00625	0.0	0.007874	0.0155039	0.017341	0.0490196	0.064	0.0377358	0.0217391	0.0333333	0.0227273	0.0588235	0.021978	0.0285714	0.0215054	0.0485437	0.0114943	0.0882353	0.0967742	0.1428571	0.0015	0.0909091	0.0909091	0.1052632	0.1090909	
Bécasseau variable	0.0657895	0.0833333	0.0294118	0.1186441	0.1538462	0.0784314	0.0289855	0.0015	0.015873	0.0	0.025	0.0309278	0.0166667	0.0102041	0.0096154	0.0015	0.0309278	0.0166667	0.0409836	0.0285714	0.0246914	0.0079365	0.0104167	0.0	0.0	0.0015	0.0	0.0289017	0.0392157	0.04	0.0849057	0.1195652	0.0833333	0.0681818	0.0588235	0.0659341	0.0714286	0.0322581	0.0194175	0.0114943	0.0294118	0.0645161	0.1785714	0.0588235	0.1363636	0.0606061	0.0526316	0.1	
Bécasseau violet	0.0015	0.0416667	0.0	0.0	0.0	0.0	0.0	0.0	0.0	0.0	0.0	0.0	0.0	0.0	0.0	0.0	0.0	0.0	0.0	0.0	0.0	0.0	0.0	0.0	0.0	0.0	0.0	0.0	0.0	0.0	0.0	0.0	0.0	0.0	0.0	0.0	0.0	0.0	0.0	0.0015	0.0	0.0	0.0	0.0	0.0	0.030303	0.0	0.0	
Bécasseau minute	0.0	0.0	0.0	0.0	0.0	0.0	0.0	0.0	0.0	0.0	0.0	0.0	0.0	0.0	0.0	0.0	0.0	0.0083333	0.0	0.0	0.0	0.0	0.0	0.0	0.0	0.0	0.0	0.0	0.0	0.016	0.009434	0.0	0.0166667	0.0227273	0.0117647	0.010989	0.0142857	0.0	0.0	0.0	0.0	0.0	0.0	0.0	0.0	0.0	0.0	0.0	
Calidris sp. (petit bécasseau sp.)	0.0	0.0	0.0	0.0	0.0	0.0	0.0	0.0	0.0	0.0	0.0	0.0	0.0	0.0	0.0	0.0	0.0	0.0	0.0	0.0	0.0	0.0	0.0	0.0	0.0	0.0	0.0	0.0	0.0	0.0	0.0	0.0	0.0	0.0	0.0	0.0	0.0	0.0	0.0	0.0	0.0294118	0.0	0.0	0.0	0.0	0.0	0.0	0.0090909	
grand limicole sp.	0.0	0.0	0.0	0.0	0.0	0.0	0.0	0.0	0.0	0.0	0.0	0.0	0.0	0.0	0.0	0.0	0.0	0.0	0.0	0.0	0.0	0.0	0.0	0.0	0.0	0.0	0.0	0.0	0.0	0.0	0.0	0.0	0.0	0.0	0.0117647	0.0	0.0	0.0	0.0	0.0	0.0	0.0	0.0	0.0	0.0	0.0	0.0	0.0	
limicole sp.	0.0	0.0	0.0	0.0	0.0	0.0	0.0	0.0	0.0	0.0	0.0	0.0	0.0	0.0	0.0	0.0	0.0	0.0	0.0	0.0	0.0	0.0	0.0	0.0	0.0	0.0	0.0	0.0	0.0	0.0	0.009434	0.0108696	0.0	0.0	0.0117647	0.032967	0.0	0.0	0.0	0.0	0.0	0.0	0.0	0.0	0.0	0.030303	0.0	0.0	
Labbe parasite	0.0	0.0	0.0	0.0	0.0	0.0	0.0	0.0	0.0	0.0	0.0	0.0	0.0	0.0	0.0	0.0	0.0	0.0	0.0	0.0	0.0	0.0	0.0	0.0	0.0	0.0	0.0	0.0	0.0	0.0	0.0	0.0015	0.0	0.0	0.0015	0.0	0.0	0.0107527	0.0097087	0.0	0.0	0.0322581	0.0	0.0	0.0	0.0	0.0	0.0	
Labbe pomarin	0.0	0.0	0.0	0.0	0.0	0.0	0.0	0.0	0.0	0.0	0.0	0.0	0.0	0.0	0.0	0.0	0.0	0.0	0.0	0.0	0.0	0.0	0.0	0.0	0.0	0.007874	0.0	0.0	0.0	0.0	0.0	0.0	0.0	0.0	0.0	0.0	0.0	0.0	0.0097087	0.0	0.0015	0.0	0.0	0.0	0.0	0.0	0.0	0.0	
Grand Labbe	0.0	0.0	0.0	0.0169492	0.0	0.0	0.0	0.0	0.0	0.0	0.0	0.0	0.0	0.0102041	0.0	0.0	0.0	0.0	0.0	0.0	0.0	0.0	0.0	0.0	0.0	0.0	0.0	0.0	0.0	0.0	0.0	0.0	0.0166667	0.0015	0.0	0.0015	0.0	0.0	0.0	0.0	0.0294118	0.0	0.0	0.0	0.0	0.0	0.0	0.0090909	
Labbe pomarin, L. parasite ou L. à longue queue	0.0	0.0	0.0	0.0	0.0	0.0	0.0	0.0	0.0	0.0	0.0	0.0	0.0	0.0	0.0	0.0	0.0	0.0	0.0	0.0	0.0	0.0	0.0	0.0	0.0	0.0	0.0	0.0	0.0	0.0	0.0015	0.0015	0.0	0.0	0.0	0.0	0.0	0.0107527	0.0	0.0	0.0	0.0	0.0	0.0	0.0	0.030303	0.0	0.0	
Pingouin torda	0.0263158	0.0	0.0	0.0847458	0.0512821	0.0588235	0.0289855	0.046875	0.015873	0.0	0.0	0.0206186	0.0166667	0.0102041	0.0	0.0	0.0	0.0	0.0	0.0	0.0	0.0	0.0	0.0	0.0	0.0	0.0	0.0057803	0.0	0.0	0.0	0.0	0.0	0.0	0.0	0.0	0.0	0.0107527	0.0097087	0.0	0.0588235	0.0015	0.0	0.0015	0.0	0.0	0.0	0.0272727	
Guillemot de Troïl	0.0131579	0.0	0.0	0.0015	0.0769231	0.0	0.0289855	0.0	0.0	0.0	0.0	0.0309278	0.0083333	0.0102041	0.0	0.0	0.0	0.0	0.0	0.0	0.0	0.0	0.0	0.0	0.0	0.0	0.0	0.0057803	0.0	0.0	0.0	0.0	0.0	0.0015	0.0	0.0	0.0	0.0107527	0.0097087	0.0114943	0.0294118	0.0015	0.0	0.0	0.0454545	0.0	0.0	0.0272727	
Alca ou Uria sp.	0.0131579	0.0	0.0	0.0	0.025641	0.0	0.0	0.0	0.0	0.0	0.0	0.0	0.0	0.0	0.0	0.0	0.0	0.0	0.0	0.0	0.0	0.0	0.0	0.0	0.0	0.0	0.0	0.0	0.0	0.0	0.0	0.0015	0.0	0.0	0.0	0.0	0.0	0.0107527	0.0097087	0.0	0.0	0.0	0.0	0.0	0.0454545	0.0	0.0	0.0	
alcidé sp.	0.0	0.0	0.0	0.0	0.0	0.0	0.0	0.0	0.0	0.0	0.0	0.0	0.0	0.0	0.0	0.0	0.0	0.0	0.0	0.0	0.0	0.0	0.0	0.0	0.0	0.0	0.0	0.0	0.0	0.0	0.0	0.0	0.0	0.0	0.0	0.0	0.0	0.0	0.0	0.0114943	0.0	0.0	0.0	0.0	0.0	0.030303	0.0	0.0090909	
Mouette pygmée	0.0	0.0	0.0015	0.0	0.0	0.0	0.0	0.0	0.015873	0.0	0.0	0.0	0.0083333	0.0	0.0	0.0	0.0	0.0	0.0	0.0	0.0	0.0	0.0	0.0	0.0091743	0.007874	0.0	0.0015	0.0098039	0.0	0.0	0.0108696	0.0	0.0227273	0.0117647	0.043956	0.0	0.0	0.0	0.0	0.0015	0.0322581	0.0	0.0	0.0	0.0606061	0.0	0.0181818	
Mouette tridactyle	0.0	0.0	0.0	0.0169492	0.0512821	0.0	0.0144928	0.0	0.015873	0.030303	0.0015	0.0309278	0.025	0.0102041	0.0	0.0	0.0015	0.0166667	0.0	0.0142857	0.0	0.0	0.0104167	0.00625	0.0015	0.0	0.0015	0.017341	0.0	0.032	0.0015	0.0015	0.0	0.0	0.0	0.010989	0.0	0.0	0.0	0.0	0.0294118	0.0322581	0.0	0.0	0.0	0.030303	0.0	0.0272727	
Mouette rieuse	0.4736842	0.2083333	0.3529412	0.4576271	0.5641026	0.4901961	0.4202899	0.28125	0.2698413	0.1515152	0.225	0.0927835	0.1333333	0.1122449	0.0288462	0.0666667	0.0309278	0.0333333	0.0491803	0.0333333	0.0493827	0.1190476	0.1770833	0.2125	0.3211009	0.3385827	0.3333333	0.4104046	0.3921569	0.424	0.4528302	0.4456522	0.5166667	0.3863636	0.4117647	0.5164835	0.4857143	0.5591398	0.4854369	0.4827586	0.2941176	0.3548387	0.4285714	0.0588235	0.3181818	0.4545455	0.0526316	0.5	
Mouette mélanocéphale	0.0526316	0.0	0.0294118	0.0169492	0.0	0.0196078	0.0	0.015625	0.047619	0.030303	0.025	0.0206186	0.0416667	0.0102041	0.0	0.0	0.0015	0.0083333	0.0081967	0.0095238	0.0061728	0.0079365	0.0104167	0.01875	0.0458716	0.0866142	0.0387597	0.1040462	0.0980392	0.04	0.1132075	0.0652174	0.0	0.0681818	0.0470588	0.0549451	0.0857143	0.1182796	0.1650485	0.0574713	0.0588235	0.0015	0.0357143	0.0	0.0015	0.030303	0.0	0.0454545	
Goéland cendré	0.2368421	0.0416667	0.0882353	0.1355932	0.2564103	0.0980392	0.1449275	0.140625	0.2063492	0.0606061	0.05	0.0206186	0.0166667	0.0102041	0.0192308	0.0095238	0.0412371	0.0	0.0081967	0.0047619	0.0123457	0.0079365	0.0208333	0.00625	0.0	0.0314961	0.0387597	0.0867052	0.127451	0.104	0.2169811	0.1521739	0.1666667	0.0454545	0.1176471	0.0989011	0.2285714	0.1612903	0.1456311	0.1149425	0.1470588	0.0322581	0.1428571	0.0015	0.0454545	0.1818182	0.1052632	0.3090909	
Goéland pontique	0.0	0.0	0.0	0.0	0.0	0.0	0.0	0.0	0.0	0.0	0.0	0.0	0.0	0.0	0.0	0.0	0.0	0.0	0.0	0.0	0.0	0.0	0.0	0.0	0.0	0.0	0.0	0.0	0.0196078	0.0	0.0	0.0	0.0	0.0	0.0	0.0	0.0	0.0	0.0097087	0.0	0.0	0.0	0.0	0.0	0.0	0.0	0.0	0.0	
Goéland argenté	0.3947368	0.2916667	0.3529412	0.5254237	0.5384615	0.3333333	0.3623188	0.390625	0.5555556	0.3939394	0.525	0.4948454	0.3583333	0.2857143	0.4807692	0.3238095	0.4020619	0.325	0.2868852	0.3809524	0.4197531	0.3968254	0.34375	0.33125	0.4311927	0.3858268	0.3178295	0.4104046	0.4411765	0.456	0.5	0.3913043	0.5333333	0.3409091	0.4352941	0.4175824	0.3857143	0.4301075	0.407767	0.4137931	0.3823529	0.3870968	0.5	0.2352941	0.3181818	0.5757576	0.4210526	0.5181818	
Goéland leucophée	0.0131579	0.0	0.0	0.0338983	0.0015	0.0	0.0289855	0.015625	0.015873	0.0	0.0	0.0412371	0.025	0.0510204	0.0192308	0.0095238	0.0103093	0.0083333	0.0327869	0.0142857	0.0061728	0.0079365	0.0015	0.0125	0.0183486	0.0314961	0.0775194	0.0578035	0.0980392	0.088	0.0943396	0.0217391	0.0015	0.0227273	0.0823529	0.1098901	0.0428571	0.0752688	0.0291262	0.0574713	0.0015	0.0322581	0.0357143	0.0	0.0015	0.0909091	0.0	0.0454545	
Goéland argenté ou G. leucophée	0.0	0.0	0.0	0.0	0.0	0.0	0.0144928	0.046875	0.0	0.0	0.0	0.0	0.0	0.0	0.0	0.0	0.0	0.0	0.0081967	0.0047619	0.0	0.0	0.0	0.0	0.0	0.007874	0.0697674	0.0231214	0.0	0.0	0.0	0.0	0.0	0.0	0.0015	0.0	0.0	0.0	0.0	0.0	0.0294118	0.0	0.0	0.0	0.0	0.0	0.0	0.0	
Goéland marin	0.2894737	0.0416667	0.0588235	0.1525424	0.1794872	0.1568627	0.2463768	0.15625	0.2380952	0.1212121	0.15	0.2474227	0.2333333	0.122449	0.1923077	0.047619	0.1649485	0.1083333	0.1393443	0.1142857	0.1481481	0.1746032	0.1458333	0.1625	0.1926606	0.1732283	0.1085271	0.2774566	0.3137255	0.312	0.3679245	0.2608696	0.3333333	0.1818182	0.2352941	0.2197802	0.2714286	0.3548387	0.3106796	0.2988506	0.2058824	0.1612903	0.3214286	0.1176471	0.1363636	0.3030303	0.1052632	0.3181818	
Goéland brun	0.0394737	0.0	0.1470588	0.0338983	0.0	0.0588235	0.115942	0.0625	0.0952381	0.0606061	0.0015	0.0721649	0.1	0.0408163	0.0384615	0.0285714	0.0309278	0.025	0.0327869	0.0714286	0.0925926	0.1111111	0.0416667	0.03125	0.0366972	0.0944882	0.0852713	0.1040462	0.1078431	0.16	0.1415094	0.1086957	0.2	0.1590909	0.0352941	0.1538462	0.1285714	0.0967742	0.1262136	0.1609195	0.1176471	0.0322581	0.1428571	0.0	0.0909091	0.0606061	0.0526316	0.0454545	
goéland sp. (Larus sp.)	0.0	0.0	0.0	0.0	0.0	0.0	0.0289855	0.140625	0.031746	0.0	0.0015	0.0103093	0.0	0.0204082	0.0015	0.0285714	0.0103093	0.0	0.0163934	0.0047619	0.0	0.0	0.0104167	0.00625	0.0	0.015748	0.0232558	0.0404624	0.0588235	0.008	0.0188679	0.0326087	0.0166667	0.0	0.0588235	0.010989	0.0142857	0.0215054	0.0	0.0114943	0.0294118	0.0	0.0357143	0.0	0.0	0.0	0.0	0.0	
goéland ou mouette sp.	0.0015	0.0833333	0.0	0.0	0.0	0.0196078	0.0	0.015625	0.015873	0.0	0.0	0.0	0.025	0.0015	0.0096154	0.0015	0.0206186	0.0166667	0.0163934	0.0285714	0.0	0.0396825	0.0416667	0.01875	0.0091743	0.0	0.0232558	0.0231214	0.0098039	0.008	0.0015	0.0217391	0.0166667	0.0015	0.0117647	0.010989	0.0	0.0537634	0.0194175	0.0114943	0.0	0.0	0.0	0.0	0.0	0.0	0.0	0.0090909	
Sterne naine	0.0	0.0	0.0	0.0	0.0	0.0	0.0	0.0	0.0	0.0	0.0	0.0	0.0	0.0	0.0	0.0	0.0	0.0	0.0	0.0	0.0	0.0	0.0	0.0	0.0	0.0	0.0	0.017341	0.0098039	0.0	0.0283019	0.0108696	0.0015	0.0	0.0117647	0.0	0.0	0.0	0.0	0.0	0.0	0.0	0.0	0.0	0.0	0.0	0.0	0.0	
Sterne hansel	0.0	0.0	0.0	0.0	0.0	0.0	0.0	0.0	0.0	0.0	0.0	0.0	0.0	0.0	0.0	0.0	0.0	0.0	0.0	0.0	0.0	0.0	0.0	0.0	0.0	0.0	0.0	0.0	0.0	0.0015	0.0	0.0	0.0	0.0	0.0	0.0	0.0	0.0	0.0	0.0	0.0	0.0	0.0	0.0	0.0	0.0	0.0	0.0	
Sterne caspienne	0.0	0.0	0.0	0.0	0.0	0.0	0.0	0.0	0.0	0.0	0.0	0.0	0.0	0.0	0.0	0.0	0.0	0.0	0.0	0.0047619	0.0061728	0.0	0.0	0.0	0.0	0.007874	0.0	0.0	0.0	0.0	0.0	0.0	0.0	0.0	0.0	0.0	0.0	0.0	0.0	0.0	0.0	0.0	0.0	0.0	0.0	0.0	0.0	0.0	
Guifette noire	0.0	0.0	0.0	0.0	0.0	0.0	0.0	0.0	0.0	0.0	0.0	0.0	0.0	0.0	0.0	0.0	0.0	0.0	0.0	0.0047619	0.0	0.0	0.0	0.0	0.0	0.0	0.0	0.0	0.0	0.0	0.0	0.0	0.0	0.0	0.0235294	0.0	0.0	0.0	0.0	0.0	0.0015	0.0	0.0	0.0	0.0	0.0	0.0	0.0	
Sterne de Forster	0.0	0.0	0.0	0.0	0.0	0.0	0.0	0.0015	0.015873	0.0	0.0	0.0	0.0	0.0	0.0	0.0	0.0	0.0	0.0	0.0	0.0	0.0	0.0	0.0	0.0	0.0	0.0	0.0	0.0	0.0	0.0	0.0	0.0	0.0	0.0	0.0	0.0	0.0	0.0	0.0	0.0	0.0	0.0	0.0	0.0	0.0	0.0	0.0	
Sterne arctique	0.0	0.0	0.0	0.0	0.0	0.0	0.0	0.0	0.0	0.0	0.0	0.0	0.0	0.0	0.0	0.0	0.0	0.0	0.0	0.0	0.0	0.0	0.0	0.0	0.0	0.0	0.0	0.0057803	0.0098039	0.0	0.0	0.0	0.0	0.0015	0.0	0.0	0.0	0.0107527	0.0	0.0	0.0015	0.0	0.0	0.0	0.0	0.0	0.0	0.0	
Sterne pierregarin	0.0	0.0	0.0	0.0	0.0	0.0	0.0	0.0	0.0	0.0	0.0	0.0	0.0083333	0.0	0.0	0.0	0.0	0.0083333	0.0	0.0	0.0061728	0.0	0.0	0.0015	0.0091743	0.007874	0.0	0.017341	0.0490196	0.04	0.0283019	0.0543478	0.0015	0.0227273	0.0352941	0.010989	0.0	0.0322581	0.0	0.0	0.0015	0.0	0.0357143	0.0	0.0	0.0	0.0	0.0	
Sterne pierregarin ou S. arctique	0.0	0.0	0.0	0.0	0.0	0.0	0.0	0.0	0.0	0.0	0.0	0.0	0.0	0.0	0.0	0.0	0.0	0.0	0.0	0.0	0.0	0.0	0.0	0.0	0.0	0.0	0.0	0.0	0.0	0.0	0.0	0.0	0.0	0.0	0.0	0.0	0.0	0.0215054	0.0	0.0	0.0	0.0	0.0	0.0	0.0	0.0	0.0	0.0	
Sterne caugek	0.0394737	0.0	0.0294118	0.0338983	0.025641	0.0588235	0.057971	0.078125	0.031746	0.0	0.025	0.0309278	0.075	0.0204082	0.0096154	0.0	0.0	0.0083333	0.0	0.0142857	0.0061728	0.0079365	0.0104167	0.0	0.0275229	0.015748	0.0387597	0.1040462	0.1764706	0.12	0.2075472	0.1195652	0.0833333	0.0909091	0.0470588	0.1538462	0.1428571	0.1505376	0.0485437	0.0574713	0.0588235	0.0645161	0.1071429	0.0015	0.0015	0.0909091	0.0	0.0636364	
sterne sp.	0.0131579	0.0	0.0	0.0	0.0	0.0	0.0	0.0	0.0	0.0	0.0	0.0	0.0	0.0	0.0	0.0	0.0	0.0083333	0.0	0.0047619	0.0	0.0	0.0	0.0	0.0091743	0.0	0.0077519	0.0057803	0.0098039	0.008	0.0015	0.0	0.0	0.0	0.0	0.021978	0.0015	0.0107527	0.0097087	0.0	0.0	0.0	0.0	0.0	0.0	0.0	0.0	0.0	
Grèbe castagneux	0.0789474	0.0	0.1470588	0.1016949	0.1282051	0.0980392	0.115942	0.09375	0.015873	0.030303	0.0	0.0103093	0.0166667	0.0	0.0192308	0.0095238	0.0103093	0.0015	0.0081967	0.0015	0.0123457	0.015873	0.0104167	0.0625	0.0091743	0.023622	0.0155039	0.0462428	0.0490196	0.024	0.0566038	0.0543478	0.0333333	0.0227273	0.0823529	0.1208791	0.1	0.0860215	0.0485437	0.1264368	0.1470588	0.2258065	0.1071429	0.1176471	0.1363636	0.1212121	0.0526316	0.2	
Grèbe esclavon	0.0131579	0.0	0.0	0.0169492	0.0	0.0	0.0	0.0	0.0015	0.0	0.0	0.0	0.0	0.0	0.0	0.0	0.0	0.0	0.0	0.0	0.0	0.0	0.0	0.0	0.0	0.0	0.0	0.0	0.0	0.0	0.0	0.0	0.0	0.0	0.0	0.0	0.0	0.0	0.0	0.0	0.0	0.0	0.0	0.0015	0.0	0.0	0.0	0.0	
Grèbe jougris	0.0	0.0	0.0	0.0	0.0	0.0	0.0	0.0	0.0	0.0	0.0	0.0	0.0	0.0	0.0	0.0	0.0	0.0	0.0	0.0	0.0	0.0	0.0	0.0	0.0	0.0	0.0	0.0	0.0	0.0	0.0	0.0	0.0	0.0	0.0	0.0	0.0	0.0	0.0	0.0	0.0	0.0	0.0	0.0	0.0	0.0	0.0	0.0090909	
Grèbe huppé	0.1578947	0.0	0.0882353	0.1186441	0.1538462	0.1176471	0.173913	0.140625	0.1587302	0.0909091	0.0015	0.1546392	0.0583333	0.0612245	0.0288462	0.0380952	0.0309278	0.0083333	0.0163934	0.0142857	0.0185185	0.047619	0.03125	0.0	0.0091743	0.0314961	0.0077519	0.0289017	0.0490196	0.008	0.0471698	0.0543478	0.05	0.0227273	0.0470588	0.010989	0.0714286	0.0645161	0.0679612	0.091954	0.1176471	0.1612903	0.1071429	0.0015	0.1363636	0.1818182	0.1052632	0.2727273	
Grèbe à cou noir	0.0131579	0.0	0.0	0.0169492	0.0	0.0015	0.0	0.0	0.047619	0.0	0.0	0.0	0.0	0.0	0.0	0.0	0.0	0.0	0.0	0.0	0.0	0.0	0.0	0.0	0.0	0.0	0.0	0.0	0.0	0.0	0.0	0.0	0.0	0.0	0.0117647	0.0	0.0	0.0	0.0	0.0	0.0	0.0	0.0	0.0	0.0	0.0	0.0	0.0181818	
Grèbe esclavon ou G. à cou noir	0.0	0.0	0.0	0.0	0.0	0.0	0.0	0.0	0.0	0.0	0.0	0.0	0.0	0.0	0.0	0.0	0.0	0.0	0.0	0.0	0.0	0.0	0.0	0.0	0.0	0.0	0.0	0.0	0.0	0.0	0.0	0.0	0.0	0.0	0.0	0.0	0.0015	0.0	0.0	0.0	0.0	0.0	0.0	0.0	0.0	0.0	0.0	0.0	
Plongeon catmarin	0.0657895	0.0	0.0	0.0677966	0.1025641	0.0392157	0.057971	0.0625	0.031746	0.0015	0.0015	0.0103093	0.0	0.0	0.0	0.0095238	0.0	0.0015	0.0081967	0.0	0.0	0.0	0.0	0.0	0.0	0.0	0.0	0.0	0.0	0.0	0.0	0.0	0.0	0.0	0.0	0.0	0.0	0.0107527	0.0	0.0015	0.0015	0.0015	0.0	0.0015	0.0454545	0.030303	0.0526316	0.0363636	
Plongeon arctique	0.0263158	0.0	0.0	0.0169492	0.0	0.0196078	0.0	0.0	0.0	0.0015	0.0	0.0206186	0.0	0.0	0.0	0.0	0.0	0.0	0.0	0.0	0.0	0.0	0.0	0.0	0.0	0.0	0.0	0.0	0.0	0.0	0.0	0.0	0.0	0.0	0.0	0.0	0.0	0.0	0.0	0.0	0.0	0.0	0.0	0.0015	0.0454545	0.0	0.0	0.0181818	
Plongeon imbrin	0.0	0.0	0.0	0.0	0.0	0.0	0.0015	0.0	0.0	0.0	0.0	0.0	0.0	0.0	0.0	0.0	0.0	0.0	0.0	0.0	0.0	0.0	0.0	0.0	0.0	0.0	0.0	0.0	0.0	0.0	0.0	0.0	0.0	0.0	0.0	0.0	0.0	0.0	0.0	0.0	0.0	0.0322581	0.0	0.0	0.0	0.030303	0.0	0.0015	
plongeon sp.	0.0789474	0.0	0.0	0.0	0.0	0.0	0.0	0.0	0.0	0.0	0.0	0.0	0.0	0.0	0.0	0.0	0.0	0.0	0.0	0.0	0.0	0.0	0.0	0.0	0.0	0.0	0.0	0.0	0.0	0.0	0.0	0.0	0.0	0.0	0.0	0.0	0.0	0.0	0.0	0.0	0.0	0.0	0.0	0.0	0.0	0.030303	0.0	0.0181818	
Fulmar boréal	0.0263158	0.0	0.0	0.0169492	0.025641	0.0	0.0289855	0.03125	0.047619	0.030303	0.0	0.0206186	0.0333333	0.0102041	0.0096154	0.0	0.0206186	0.0015	0.0081967	0.0142857	0.0185185	0.0079365	0.0104167	0.0015	0.0015	0.015748	0.0077519	0.0115607	0.0	0.0	0.0188679	0.0015	0.0	0.0015	0.0117647	0.0	0.0	0.0	0.0097087	0.0	0.0	0.0	0.0	0.0	0.0454545	0.030303	0.0	0.0181818	
Puffin fuligineux	0.0	0.0	0.0	0.0	0.0	0.0	0.0	0.0	0.0	0.0	0.0	0.0	0.0	0.0	0.0	0.0	0.0	0.0	0.0	0.0	0.0	0.0	0.0	0.0	0.0	0.0	0.0	0.0	0.0	0.0	0.0	0.0015	0.0	0.0	0.0	0.0	0.0	0.0	0.0	0.0	0.0015	0.0	0.0	0.0	0.0	0.0	0.0	0.0	
Puffin des Anglais	0.0	0.0	0.0	0.0	0.0	0.0	0.0	0.0	0.0	0.0	0.0	0.0	0.0	0.0	0.0	0.0	0.0	0.0	0.0	0.0	0.0	0.0	0.0	0.0	0.0	0.0	0.0015	0.0	0.0	0.008	0.009434	0.0015	0.0	0.0	0.0	0.0	0.0	0.0	0.0	0.0	0.0	0.0	0.0	0.0	0.0	0.0	0.0	0.0	
Puffin des Baléares	0.0	0.0	0.0	0.0	0.0	0.0	0.0	0.0	0.0	0.0	0.0	0.0	0.0	0.0	0.0	0.0	0.0	0.0	0.0	0.0	0.0	0.0	0.0	0.0	0.0	0.0	0.0	0.0	0.0	0.0	0.0	0.0015	0.0	0.0	0.0	0.0	0.0	0.0	0.0	0.0114943	0.0	0.0	0.0	0.0	0.0	0.0	0.0	0.0	
Cigogne noire	0.0	0.0	0.0015	0.0	0.0	0.0	0.0	0.0	0.0	0.0	0.0	0.0	0.0	0.0	0.0	0.0	0.0015	0.0	0.0	0.0	0.0	0.0	0.0	0.0	0.0	0.0	0.0077519	0.0015	0.0015	0.0	0.0015	0.0	0.0	0.0	0.0	0.0	0.0	0.0	0.0	0.0	0.0	0.0	0.0	0.0	0.0	0.0	0.0	0.0090909	
Cigogne blanche	0.0015	0.0416667	0.0294118	0.0015	0.0015	0.0196078	0.057971	0.015625	0.031746	0.0606061	0.025	0.0309278	0.025	0.0204082	0.0192308	0.047619	0.0412371	0.025	0.0015	0.0333333	0.0185185	0.0396825	0.0208333	0.05	0.0550459	0.023622	0.0465116	0.0289017	0.0196078	0.016	0.0188679	0.0326087	0.0333333	0.0015	0.0117647	0.0015	0.0	0.0107527	0.0	0.0015	0.0	0.0	0.0	0.0	0.0	0.030303	0.0526316	0.0363636	
Fou de Bassan	0.1052632	0.0	0.0588235	0.1016949	0.1282051	0.1176471	0.1014493	0.125	0.1111111	0.0909091	0.025	0.0824742	0.1166667	0.0510204	0.0288462	0.0	0.0103093	0.0015	0.0081967	0.0333333	0.0123457	0.0015	0.0104167	0.0125	0.0091743	0.0393701	0.0077519	0.0404624	0.0588235	0.04	0.0566038	0.0434783	0.0333333	0.0909091	0.0588235	0.0879121	0.0428571	0.1505376	0.1359223	0.1034483	0.1470588	0.0322581	0.0	0.0015	0.0454545	0.1212121	0.0526316	0.0818182	
Grand Cormoran	0.3684211	0.0416667	0.1764706	0.220339	0.2307692	0.2156863	0.3478261	0.265625	0.3968254	0.1515152	0.225	0.2268041	0.2916667	0.1938776	0.2596154	0.1619048	0.2164948	0.1833333	0.1967213	0.2238095	0.1790123	0.2539683	0.2083333	0.15625	0.2018349	0.2047244	0.1782946	0.2890173	0.3333333	0.296	0.3679245	0.3478261	0.2666667	0.2045455	0.2941176	0.4285714	0.3	0.3870968	0.3300971	0.3333333	0.3529412	0.3225806	0.3214286	0.1176471	0.3181818	0.2727273	0.2105263	0.4909091	
Cormoran huppé	0.0263158	0.0	0.0	0.0	0.025641	0.0196078	0.0144928	0.03125	0.031746	0.0	0.0	0.0412371	0.0166667	0.0102041	0.0	0.0	0.0206186	0.0083333	0.0163934	0.0	0.0123457	0.0	0.0015	0.0125	0.0275229	0.023622	0.0077519	0.0057803	0.0098039	0.032	0.0015	0.0434783	0.0666667	0.0227273	0.0235294	0.021978	0.0	0.0322581	0.038835	0.0229885	0.0294118	0.0	0.0357143	0.0015	0.0	0.0	0.0	0.0272727	
Grand Cormoran ou C. huppé	0.0	0.0	0.0	0.0	0.0	0.0	0.0144928	0.0	0.0	0.0	0.0	0.0	0.0	0.0	0.0	0.0	0.0	0.0	0.0	0.0	0.0	0.0	0.0	0.0	0.0	0.0	0.0	0.0	0.0	0.0	0.0	0.0	0.0	0.0	0.0	0.0	0.0	0.0	0.0	0.0	0.0	0.0	0.0	0.0	0.0	0.0	0.0	0.0	
cormoran sp.	0.0015	0.0	0.0	0.0	0.0	0.0	0.0	0.0	0.0	0.0	0.0	0.0103093	0.0	0.0	0.0	0.0	0.0	0.0	0.0015	0.0	0.0	0.0079365	0.0	0.0	0.0	0.0	0.0232558	0.0057803	0.0	0.008	0.0	0.0	0.0	0.0227273	0.0	0.021978	0.0	0.0	0.0	0.0015	0.0588235	0.0	0.0	0.0	0.0	0.0	0.0	0.0	
Spatule blanche	0.0526316	0.0	0.1176471	0.0169492	0.0512821	0.0392157	0.0144928	0.046875	0.0	0.0606061	0.05	0.0309278	0.0416667	0.0015	0.0096154	0.0190476	0.0103093	0.0166667	0.0163934	0.0015	0.0	0.0	0.0104167	0.00625	0.0	0.0015	0.0077519	0.0115607	0.0294118	0.024	0.0188679	0.1521739	0.05	0.0	0.0588235	0.0769231	0.1	0.0645161	0.038835	0.0574713	0.2058824	0.1290323	0.0357143	0.0	0.0	0.0	0.0015	0.0272727	
Butor étoilé	0.0	0.0	0.0	0.0	0.0	0.0	0.0	0.0	0.0	0.0	0.0	0.0	0.0	0.0	0.0	0.0	0.0206186	0.0	0.0	0.0	0.0	0.0	0.0	0.0	0.0	0.0	0.0	0.0	0.0	0.0	0.0	0.0	0.0	0.0	0.0	0.0	0.0	0.0	0.0	0.0	0.0	0.0	0.0	0.0	0.0	0.0	0.0	0.0	
Bihoreau gris	0.0131579	0.0	0.0	0.0	0.0	0.0	0.0	0.0	0.0	0.0	0.0	0.0	0.0015	0.0	0.0	0.0	0.0	0.0	0.0	0.0	0.0	0.0	0.0	0.0	0.0	0.007874	0.0	0.0	0.0	0.0	0.0	0.0	0.0	0.0	0.0	0.0	0.0015	0.0	0.0	0.0	0.0	0.0	0.0	0.0	0.0	0.0	0.0	0.0	
Aigrette garzette	0.1447368	0.1666667	0.1176471	0.1864407	0.2051282	0.1176471	0.2028986	0.140625	0.1111111	0.1515152	0.15	0.1546392	0.1333333	0.1938776	0.1153846	0.0857143	0.1134021	0.1583333	0.1639344	0.1	0.117284	0.1746032	0.1458333	0.1	0.1100917	0.1338583	0.1627907	0.2196532	0.2058824	0.224	0.2641509	0.4021739	0.2833333	0.1363636	0.2470588	0.3736264	0.2857143	0.2580645	0.184466	0.2643678	0.4117647	0.483871	0.2142857	0.0588235	0.1818182	0.1818182	0.2105263	0.3363636	
Héron garde-boeufs	0.0015	0.0416667	0.0	0.0	0.0015	0.0196078	0.0289855	0.015625	0.015873	0.030303	0.025	0.0206186	0.025	0.0015	0.0096154	0.0095238	0.0	0.0083333	0.0015	0.0047619	0.0	0.0079365	0.0104167	0.0125	0.0091743	0.0314961	0.0155039	0.017341	0.0196078	0.008	0.0283019	0.0108696	0.0	0.0015	0.0352941	0.0659341	0.0142857	0.0015	0.0015	0.0229885	0.0	0.0	0.0357143	0.0588235	0.0454545	0.030303	0.0	0.0090909	
Grande Aigrette	0.0015	0.0833333	0.0	0.0508475	0.0769231	0.0196078	0.0434783	0.0	0.1269841	0.0606061	0.0	0.0309278	0.025	0.0204082	0.0096154	0.047619	0.0103093	0.0583333	0.0081967	0.0095238	0.0185185	0.0	0.0208333	0.01875	0.0	0.007874	0.0232558	0.017341	0.0294118	0.024	0.0283019	0.0326087	0.0333333	0.0454545	0.0352941	0.032967	0.0285714	0.0215054	0.038835	0.091954	0.0294118	0.0322581	0.0357143	0.0	0.0	0.0909091	0.0	0.0181818	
Héron cendré	0.1315789	0.125	0.1176471	0.0677966	0.2051282	0.1372549	0.0724638	0.0625	0.0634921	0.0606061	0.05	0.0515464	0.0916667	0.1020408	0.1442308	0.0952381	0.1134021	0.1333333	0.0655738	0.0761905	0.0802469	0.1269841	0.125	0.0625	0.1009174	0.0866142	0.1162791	0.1040462	0.0980392	0.144	0.1320755	0.2282609	0.1	0.1590909	0.1764706	0.2197802	0.2	0.1935484	0.1359223	0.2183908	0.2941176	0.4516129	0.1428571	0.1176471	0.1363636	0.1818182	0.0526316	0.2454545	
Héron pourpré	0.0	0.0	0.0	0.0	0.0	0.0	0.0	0.0	0.0	0.0	0.0	0.0	0.0	0.0	0.0	0.0	0.0	0.0	0.0	0.0	0.0	0.0	0.0	0.0	0.0	0.0	0.0	0.0	0.0	0.008	0.0	0.0	0.0	0.0	0.0	0.010989	0.0	0.0	0.0	0.0	0.0	0.0	0.0	0.0	0.0	0.0	0.0	0.0	
ardeidé sp.	0.0	0.0	0.0	0.0	0.0	0.0	0.0	0.0	0.0	0.0	0.0	0.0	0.0	0.0	0.0	0.0	0.0	0.0	0.0	0.0	0.0	0.0	0.0	0.0	0.0	0.0	0.0155039	0.0	0.0	0.0	0.0	0.0	0.0	0.0	0.0	0.010989	0.0	0.0	0.0	0.0	0.0	0.0	0.0	0.0	0.0	0.0	0.0	0.0	
Balbuzard pêcheur	0.0	0.0	0.0	0.0	0.0	0.0	0.0	0.0	0.0	0.0	0.0	0.0	0.0	0.0015	0.0	0.0	0.0	0.0	0.0	0.0	0.0	0.0	0.0	0.0	0.0	0.0	0.0	0.0	0.0	0.0	0.0015	0.076087	0.0166667	0.0909091	0.0352941	0.0549451	0.0285714	0.0107527	0.0097087	0.0	0.0294118	0.0322581	0.0	0.0	0.0	0.0	0.0526316	0.0	
Élanion blanc	0.0	0.0	0.0	0.0	0.0	0.0	0.0	0.0	0.0	0.0	0.0	0.0	0.0	0.0	0.0	0.0	0.0	0.0	0.0	0.0	0.0	0.0	0.0	0.0	0.0	0.0	0.0	0.0	0.0	0.0	0.0	0.0	0.0	0.0	0.0	0.0	0.0	0.0	0.0	0.0	0.0	0.0	0.0	0.0	0.0	0.0	0.0	0.0090909	
Bondrée apivore	0.0	0.0	0.0	0.0	0.0	0.0	0.0	0.0	0.0	0.0	0.0	0.0	0.0	0.0	0.0	0.0	0.0015	0.0	0.0015	0.0015	0.0061728	0.0238095	0.0	0.0	0.0	0.015748	0.0015	0.0057803	0.0015	0.016	0.0015	0.0015	0.0	0.0227273	0.0117647	0.010989	0.0	0.0	0.0	0.0	0.0	0.0	0.0	0.0	0.0	0.0	0.0	0.0	
Épervier d'Europe	0.0526316	0.0416667	0.0015	0.0508475	0.025641	0.0392157	0.057971	0.015625	0.015873	0.0606061	0.075	0.0721649	0.0166667	0.0306122	0.0096154	0.0285714	0.0103093	0.0166667	0.0245902	0.0142857	0.0246914	0.0238095	0.0	0.00625	0.0	0.0	0.0232558	0.0115607	0.0784314	0.032	0.0943396	0.0652174	0.0666667	0.0454545	0.0235294	0.010989	0.0285714	0.0645161	0.0485437	0.045977	0.0294118	0.0967742	0.0714286	0.1764706	0.0909091	0.0606061	0.1052632	0.0545455	
Autour des palombes	0.0	0.0	0.0	0.0	0.0	0.0	0.0	0.0	0.0015	0.0	0.0	0.0	0.0	0.0	0.0	0.0015	0.0	0.0	0.0	0.0	0.0	0.0	0.0	0.0	0.0	0.0	0.0	0.0	0.0	0.0	0.0	0.0	0.0	0.0	0.0	0.0	0.0	0.0	0.0	0.0	0.0	0.0	0.0	0.0	0.0	0.0	0.0	0.0	
Busard des roseaux	0.0131579	0.0833333	0.0	0.0	0.0015	0.0015	0.0289855	0.015625	0.015873	0.030303	0.0	0.0103093	0.0083333	0.0204082	0.0015	0.0380952	0.0309278	0.0083333	0.0	0.0047619	0.0123457	0.015873	0.0208333	0.0015	0.0015	0.007874	0.0	0.0015	0.0196078	0.048	0.009434	0.0326087	0.0015	0.0	0.0235294	0.0015	0.0	0.0	0.0	0.0114943	0.0294118	0.0	0.0	0.0015	0.0	0.030303	0.0	0.0181818	
Busard Saint-Martin	0.0131579	0.0416667	0.0	0.0	0.0	0.0015	0.0	0.0015	0.015873	0.0	0.0	0.0	0.0	0.0	0.0192308	0.0015	0.0103093	0.0	0.0	0.0047619	0.0	0.0	0.0104167	0.0	0.0	0.015748	0.0077519	0.0	0.0098039	0.0015	0.009434	0.0	0.0166667	0.0	0.0015	0.0	0.0	0.0015	0.0	0.0	0.0	0.0322581	0.0714286	0.0015	0.0	0.030303	0.0015	0.0363636	
Busard cendré	0.0	0.0	0.0	0.0	0.0	0.0	0.0	0.0	0.0	0.0	0.0	0.0	0.0	0.0	0.0	0.0	0.0	0.0	0.0015	0.0047619	0.0	0.0	0.0	0.0	0.0	0.0	0.0	0.0	0.0	0.0015	0.0	0.0	0.0	0.0	0.0	0.0	0.0	0.0	0.0	0.0	0.0	0.0	0.0	0.0	0.0	0.0	0.0	0.0	
busard sp.	0.0	0.0	0.0	0.0	0.0	0.0	0.0	0.0	0.0	0.0	0.0	0.0	0.0	0.0	0.0	0.0	0.0	0.0	0.0	0.0	0.0	0.0	0.0	0.0	0.0	0.0	0.0	0.0057803	0.0	0.0	0.0	0.0	0.0	0.0	0.0	0.0	0.0	0.0	0.0	0.0	0.0	0.0	0.0	0.0	0.0	0.0	0.0	0.0	
Milan royal	0.0	0.0	0.0	0.0	0.0	0.0	0.0015	0.0	0.0	0.0	0.0	0.0	0.0	0.0	0.0	0.0	0.0	0.0	0.0	0.0	0.0	0.0	0.0	0.0	0.0	0.0	0.0	0.0	0.0	0.008	0.0	0.0	0.0	0.0	0.0	0.0	0.0	0.0	0.0015	0.0	0.0	0.0	0.0	0.0	0.0	0.0	0.0	0.0	
Milan noir	0.0	0.0	0.0	0.0	0.0	0.0	0.0	0.0	0.0	0.0	0.0	0.0	0.0083333	0.0102041	0.0	0.0	0.0103093	0.0015	0.0015	0.0047619	0.0015	0.0	0.0104167	0.0	0.0275229	0.0	0.0015	0.0	0.0	0.0	0.0	0.0	0.0	0.0	0.0	0.0	0.0	0.0	0.0	0.0	0.0	0.0	0.0	0.0	0.0	0.0	0.0	0.0	
Milan royal ou M. noir	0.0	0.0	0.0	0.0	0.0	0.0	0.0	0.0	0.0	0.0	0.0	0.0	0.0	0.0	0.0	0.0	0.0015	0.0	0.0	0.0	0.0	0.0	0.0	0.0	0.0	0.0	0.0	0.0	0.0	0.0	0.0	0.0	0.0	0.0	0.0	0.0	0.0	0.0	0.0	0.0	0.0	0.0	0.0	0.0	0.0	0.0	0.0	0.0	
Pygargue à queue blanche	0.0015	0.0	0.0	0.0	0.0	0.0	0.0	0.0	0.0	0.0	0.0	0.0	0.0	0.0	0.0	0.0	0.0	0.0	0.0	0.0	0.0	0.0	0.0	0.0	0.0	0.0	0.0	0.0	0.0	0.0	0.0	0.0	0.0	0.0	0.0	0.0	0.0	0.0	0.0	0.0	0.0	0.0	0.0	0.0	0.0	0.030303	0.0015	0.0181818	
Buse pattue	0.0015	0.0	0.0	0.0	0.0015	0.0	0.0289855	0.0015	0.031746	0.030303	0.0	0.0	0.0	0.0	0.0	0.0	0.0	0.0	0.0	0.0	0.0	0.0	0.0	0.0	0.0	0.0	0.0	0.0	0.0	0.0	0.0	0.0	0.0	0.0	0.0	0.0	0.0	0.0	0.0	0.0	0.0	0.0	0.0	0.0	0.0	0.0	0.0	0.0	
Buse variable	0.1447368	0.0416667	0.0588235	0.0338983	0.0512821	0.1764706	0.1449275	0.15625	0.1269841	0.1212121	0.2	0.1752577	0.175	0.0612245	0.1153846	0.0952381	0.1030928	0.0833333	0.0819672	0.0761905	0.0679012	0.0555556	0.125	0.0375	0.0642202	0.1259843	0.1860465	0.1618497	0.0980392	0.16	0.1603774	0.0869565	0.0166667	0.1136364	0.0941176	0.0989011	0.1	0.1612903	0.1262136	0.1149425	0.0588235	0.0645161	0.1071429	0.1176471	0.1818182	0.1515152	0.1052632	0.1	
Buteo sp.	0.0	0.0	0.0	0.0	0.0015	0.0	0.0144928	0.0	0.0	0.0	0.0	0.0	0.0	0.0	0.0	0.0	0.0	0.0	0.0	0.0	0.0	0.0	0.0	0.0	0.0	0.0	0.0	0.0	0.0	0.0	0.0	0.0	0.0	0.0	0.0	0.0	0.0	0.0	0.0	0.0	0.0	0.0	0.0	0.0	0.0	0.0	0.0	0.0	
rapace sp.	0.0	0.0	0.0	0.0	0.0	0.0	0.0	0.0	0.0	0.0	0.0	0.0	0.0	0.0	0.0	0.0	0.0103093	0.0083333	0.0	0.0	0.0	0.0	0.0	0.00625	0.0	0.0	0.0155039	0.0	0.0	0.0	0.0	0.0108696	0.0	0.0	0.0	0.0015	0.0	0.0	0.0	0.0	0.0	0.0	0.0	0.0	0.0	0.0	0.0	0.0	
Effraie des clochers	0.0	0.0	0.0	0.0	0.025641	0.0	0.0015	0.0	0.0015	0.0	0.0	0.0	0.0166667	0.0	0.0015	0.0095238	0.0015	0.0	0.0	0.0047619	0.0015	0.0	0.0	0.0015	0.0	0.007874	0.0077519	0.0057803	0.0	0.0015	0.0377358	0.0108696	0.0	0.0	0.0015	0.010989	0.0	0.0015	0.0	0.0	0.0	0.0	0.0015	0.0	0.0454545	0.0015	0.0	0.0	
Chevêche d'Athéna	0.0131579	0.0	0.0294118	0.0	0.025641	0.0	0.0	0.0	0.0	0.0	0.0	0.0103093	0.0416667	0.0204082	0.0	0.0015	0.0103093	0.0083333	0.0163934	0.0047619	0.0061728	0.0079365	0.03125	0.0015	0.0	0.0	0.0310078	0.0289017	0.0098039	0.016	0.0283019	0.0217391	0.0	0.0	0.0	0.0015	0.0	0.0015	0.0015	0.0015	0.0015	0.0	0.0	0.0	0.0	0.0	0.0	0.0090909	
Chouette hulotte	0.0015	0.0	0.0	0.0	0.0	0.0015	0.0289855	0.046875	0.015873	0.0	0.0	0.0103093	0.0166667	0.0204082	0.0096154	0.0	0.0103093	0.0083333	0.0163934	0.0047619	0.0185185	0.015873	0.0104167	0.00625	0.0	0.0015	0.0155039	0.0057803	0.0098039	0.024	0.0283019	0.0015	0.0015	0.0	0.0117647	0.010989	0.0015	0.0215054	0.0291262	0.0114943	0.0	0.0322581	0.0357143	0.0	0.0	0.0	0.0	0.0015	
Hibou moyen-duc	0.0	0.0	0.0	0.0	0.025641	0.0	0.0	0.0	0.0	0.0	0.0	0.0103093	0.0	0.0	0.0	0.0	0.0	0.0	0.0	0.0	0.0061728	0.0	0.0	0.0	0.0	0.0	0.0	0.0	0.0	0.008	0.0	0.0	0.0	0.0	0.0	0.0	0.0	0.0	0.0	0.0	0.0	0.0	0.0	0.0	0.0	0.0	0.0	0.0	
Hibou des marais	0.0	0.0	0.0	0.0169492	0.0015	0.0	0.0	0.0	0.015873	0.0	0.0015	0.0103093	0.0	0.0	0.0	0.0	0.0	0.0	0.0	0.0	0.0	0.0	0.0	0.0	0.0	0.0	0.0	0.0	0.0	0.0	0.0	0.0	0.0	0.0	0.0	0.0	0.0	0.0	0.0	0.0	0.0015	0.0	0.0	0.0	0.0	0.0	0.0	0.0015	
Strigiformes sp.	0.0	0.0	0.0	0.0	0.0	0.0	0.0	0.0	0.0	0.0	0.0	0.0	0.0	0.0	0.0	0.0	0.0	0.0	0.0	0.0	0.0	0.0	0.0	0.0	0.0	0.0	0.0	0.0	0.0	0.0	0.0015	0.0	0.0	0.0	0.0	0.0	0.0	0.0	0.0	0.0	0.0	0.0	0.0	0.0	0.0	0.0	0.0	0.0	
Huppe fasciée	0.0	0.0	0.0	0.0	0.0	0.0	0.0	0.0	0.0	0.0	0.0015	0.0	0.0083333	0.0	0.0	0.0015	0.0	0.0	0.0015	0.0095238	0.0	0.0	0.0	0.0	0.0	0.0	0.0	0.0057803	0.0015	0.0	0.0	0.0	0.0	0.0	0.0	0.0	0.0	0.0	0.0	0.0	0.0	0.0	0.0	0.0	0.0	0.0	0.0	0.0	
Martin-pêcheur d'Europe	0.0526316	0.1666667	0.0294118	0.0847458	0.1025641	0.0392157	0.0434783	0.03125	0.031746	0.030303	0.0	0.0	0.0083333	0.0204082	0.0015	0.0	0.0103093	0.025	0.0245902	0.0	0.0	0.0079365	0.0	0.0125	0.0091743	0.0	0.0155039	0.0346821	0.0490196	0.112	0.1037736	0.1521739	0.0166667	0.0909091	0.0352941	0.1318681	0.0857143	0.0967742	0.038835	0.045977	0.2352941	0.1935484	0.1071429	0.0588235	0.1363636	0.1212121	0.0526316	0.1545455	
Torcol fourmilier	0.0	0.0	0.0	0.0	0.0	0.0	0.0	0.0	0.0	0.0	0.0	0.0	0.0	0.0	0.0	0.0	0.0	0.0	0.0	0.0	0.0	0.0	0.0	0.0	0.0	0.0	0.0	0.0	0.0	0.0	0.0	0.0	0.0	0.0	0.0	0.010989	0.0015	0.0	0.0	0.0	0.0	0.0	0.0	0.0	0.0	0.0	0.0	0.0	
Pic mar	0.0131579	0.0	0.0	0.0	0.0	0.0	0.0	0.015625	0.0	0.030303	0.025	0.0206186	0.0083333	0.0	0.0	0.0095238	0.0	0.0	0.0	0.0015	0.0061728	0.0	0.0104167	0.00625	0.0	0.0	0.0077519	0.0115607	0.0	0.0	0.009434	0.0108696	0.0	0.0	0.0	0.0	0.0	0.0	0.0	0.0114943	0.0	0.0	0.0	0.0	0.0	0.030303	0.0	0.0090909	
Pic épeiche	0.0789474	0.0	0.0294118	0.0169492	0.0512821	0.1176471	0.0289855	0.15625	0.0952381	0.0606061	0.1	0.0721649	0.0416667	0.0015	0.0384615	0.047619	0.0206186	0.0166667	0.0737705	0.0238095	0.0493827	0.015873	0.0416667	0.03125	0.0	0.023622	0.0775194	0.0520231	0.0196078	0.04	0.0849057	0.0326087	0.0	0.0454545	0.0470588	0.043956	0.0428571	0.0860215	0.1165049	0.0804598	0.0294118	0.0	0.0357143	0.1176471	0.1363636	0.0606061	0.1578947	0.0454545	
Dendrocopos sp.	0.0	0.0	0.0	0.0	0.0	0.0	0.0	0.0	0.0	0.0	0.0	0.0	0.0	0.0	0.0	0.0	0.0	0.0	0.0	0.0047619	0.0	0.0	0.0	0.0	0.0	0.0	0.0	0.0057803	0.0	0.0	0.0	0.0	0.0	0.0	0.0	0.0	0.0	0.0	0.0	0.0	0.0	0.0	0.0	0.0	0.0	0.0	0.0	0.0	
Pic épeichette	0.0	0.0	0.0	0.0	0.0	0.0196078	0.0	0.015625	0.0	0.0	0.025	0.0103093	0.0333333	0.0	0.0015	0.0	0.0	0.0	0.0015	0.0095238	0.0123457	0.0	0.0	0.0	0.0	0.0	0.0077519	0.0057803	0.0196078	0.0	0.0188679	0.0	0.0	0.0	0.0	0.0	0.0	0.0107527	0.0097087	0.0015	0.0	0.0	0.0	0.0	0.0	0.0	0.0	0.0	
Pic cendré	0.0	0.0	0.0	0.0	0.0	0.0	0.0	0.0	0.0	0.0	0.0	0.0	0.0	0.0	0.0	0.0	0.0	0.0	0.0	0.0	0.0	0.0	0.0	0.0	0.0	0.0	0.0	0.0	0.0	0.0	0.0	0.0	0.0	0.0	0.0117647	0.0	0.0	0.0	0.0	0.0	0.0	0.0	0.0	0.0	0.0	0.0	0.0	0.0	
Pic vert	0.0526316	0.0	0.0588235	0.0508475	0.0512821	0.1372549	0.057971	0.1875	0.1111111	0.0909091	0.125	0.0618557	0.025	0.0612245	0.0769231	0.0666667	0.0412371	0.0666667	0.0655738	0.0619048	0.0555556	0.031746	0.0520833	0.03125	0.0183486	0.0787402	0.1395349	0.132948	0.0392157	0.072	0.1226415	0.0217391	0.05	0.0909091	0.0588235	0.0549451	0.0571429	0.0967742	0.0679612	0.0804598	0.0015	0.0322581	0.0714286	0.0588235	0.0909091	0.0909091	0.0	0.0818182	
Pic noir	0.0263158	0.0	0.0	0.0	0.0	0.0392157	0.0289855	0.0	0.015873	0.0	0.025	0.0206186	0.0166667	0.0	0.0192308	0.0190476	0.0103093	0.0	0.0081967	0.0	0.0061728	0.0	0.0	0.0	0.0	0.0	0.0077519	0.0	0.0	0.0015	0.009434	0.0015	0.0	0.0	0.0	0.0	0.0	0.0	0.0	0.0	0.0	0.0	0.0	0.0	0.0	0.0	0.0	0.0090909	
pic sp.	0.0	0.0	0.0	0.0	0.0	0.0	0.0	0.0	0.0	0.0	0.0	0.0	0.0	0.0	0.0	0.0	0.0	0.0	0.0	0.0	0.0	0.0	0.0	0.0	0.0	0.007874	0.0	0.0	0.0	0.0	0.0	0.0	0.0	0.0	0.0	0.0	0.0	0.0	0.0	0.0	0.0	0.0	0.0	0.0	0.0	0.0	0.0	0.0	
Faucon crécerelle	0.0789474	0.125	0.0588235	0.0338983	0.0015	0.0980392	0.115942	0.046875	0.0952381	0.030303	0.125	0.1443299	0.1583333	0.122449	0.1634615	0.1142857	0.1030928	0.1083333	0.0901639	0.152381	0.1358025	0.1190476	0.1666667	0.0875	0.0825688	0.0944882	0.1162791	0.0924855	0.1568627	0.168	0.1603774	0.1413043	0.1166667	0.1136364	0.1411765	0.1758242	0.1571429	0.1827957	0.1747573	0.1609195	0.1764706	0.1935484	0.0714286	0.1764706	0.0909091	0.1212121	0.2105263	0.1272727	
Faucon émerillon	0.0131579	0.0	0.0	0.0	0.0	0.0	0.0	0.0	0.0	0.0	0.0	0.0	0.0	0.0	0.0	0.0	0.0	0.0	0.0	0.0047619	0.0	0.0	0.0	0.0	0.0	0.0	0.0	0.0	0.0	0.0	0.0	0.0	0.0	0.0	0.0	0.0	0.0	0.0	0.0	0.0344828	0.0294118	0.0	0.0	0.0588235	0.0	0.0	0.0	0.0090909	
Faucon hobereau	0.0	0.0	0.0	0.0	0.0	0.0	0.0	0.0	0.0	0.0	0.0	0.0	0.0	0.0	0.0096154	0.0095238	0.0	0.0083333	0.0	0.0095238	0.0	0.0238095	0.0015	0.0	0.0	0.007874	0.0077519	0.0115607	0.0196078	0.0	0.0377358	0.0108696	0.0	0.0	0.0235294	0.043956	0.0	0.0215054	0.0097087	0.0	0.0	0.0	0.0	0.0	0.0	0.0	0.0	0.0	
Faucon pèlerin	0.0263158	0.0833333	0.0	0.0015	0.0512821	0.0	0.0144928	0.015625	0.015873	0.0015	0.0	0.0206186	0.0333333	0.0	0.0015	0.0	0.0206186	0.0	0.0015	0.0047619	0.0	0.0079365	0.0015	0.0015	0.0091743	0.023622	0.0077519	0.0057803	0.0392157	0.016	0.0	0.0	0.0	0.0015	0.0015	0.032967	0.0142857	0.0215054	0.0194175	0.0114943	0.0588235	0.0	0.0	0.0015	0.0015	0.0015	0.0015	0.0015	
Falco sp.	0.0	0.0	0.0	0.0	0.0	0.0	0.0	0.0	0.0	0.0	0.0	0.0	0.0	0.0	0.0	0.0	0.0	0.0	0.0	0.0	0.0061728	0.0	0.0	0.0	0.0	0.0	0.0	0.0057803	0.0	0.008	0.0	0.0	0.0	0.0	0.0	0.010989	0.0	0.0	0.0	0.0	0.0	0.0	0.0	0.0	0.0	0.0	0.0	0.0	
rapace diurne sp.	0.0	0.0	0.0	0.0	0.0	0.0	0.0	0.0	0.0	0.0	0.0	0.0	0.0	0.0	0.0	0.0	0.0	0.0	0.0	0.0	0.0	0.0	0.0	0.0	0.0	0.007874	0.0	0.0	0.0	0.0	0.0	0.0	0.0	0.0	0.0	0.0	0.0	0.0	0.0	0.0	0.0	0.0	0.0	0.0	0.0	0.0	0.0	0.0	
Perruche à collier	0.0	0.0	0.0	0.0	0.0	0.0	0.0	0.0	0.0	0.0	0.0	0.0	0.0	0.0	0.0	0.0	0.0	0.0	0.0	0.0	0.0	0.0	0.0	0.0	0.0	0.0	0.0	0.0	0.0	0.0	0.0	0.0	0.0	0.0	0.0	0.0	0.0015	0.0	0.0	0.0	0.0	0.0	0.0	0.0	0.0	0.0	0.0	0.0	
Loriot d'Europe	0.0	0.0	0.0	0.0	0.0	0.0	0.0	0.0	0.0	0.0	0.0	0.0	0.0	0.0	0.0	0.0	0.0	0.0015	0.0	0.0047619	0.0061728	0.0079365	0.0015	0.00625	0.0091743	0.0	0.0	0.0	0.0	0.0	0.0	0.0	0.0	0.0	0.0	0.0	0.0	0.0	0.0	0.0	0.0	0.0	0.0	0.0	0.0	0.0	0.0	0.0	
Pie-grièche écorcheur	0.0	0.0	0.0	0.0	0.0	0.0	0.0	0.0	0.0	0.0	0.0	0.0	0.0	0.0	0.0	0.0	0.0	0.0	0.0015	0.0142857	0.0185185	0.0396825	0.0015	0.0125	0.0091743	0.007874	0.0	0.017341	0.0098039	0.008	0.0	0.0108696	0.0	0.0	0.0	0.0	0.0	0.0	0.0	0.0	0.0	0.0	0.0	0.0	0.0	0.0	0.0	0.0	
Pie-grièche grise	0.0	0.0	0.0	0.0	0.0	0.0	0.0	0.0	0.0	0.0	0.0	0.0	0.0	0.0	0.0	0.0	0.0	0.0	0.0	0.0	0.0	0.0	0.0	0.0	0.0	0.0	0.0	0.0	0.0	0.0	0.0	0.0	0.0	0.0	0.0	0.0	0.0	0.0	0.0	0.0	0.0	0.0	0.0	0.0	0.0	0.0	0.0	0.0090909	
Geai des chênes	0.0394737	0.0	0.0588235	0.0508475	0.0	0.1372549	0.0724638	0.0625	0.015873	0.0	0.05	0.0206186	0.025	0.0408163	0.0480769	0.0190476	0.0	0.05	0.0245902	0.0428571	0.037037	0.031746	0.0520833	0.03125	0.0183486	0.0393701	0.0232558	0.0231214	0.0098039	0.04	0.0471698	0.0	0.0166667	0.0015	0.0117647	0.043956	0.1428571	0.0752688	0.0582524	0.0804598	0.0294118	0.0	0.0357143	0.0588235	0.2272727	0.1818182	0.0526316	0.1090909	
Pie bavarde	0.3157895	0.4166667	0.3823529	0.440678	0.3076923	0.3137255	0.3188406	0.3125	0.3809524	0.3939394	0.35	0.3917526	0.375	0.3877551	0.3461538	0.3809524	0.3402062	0.3083333	0.3442623	0.3904762	0.2716049	0.3650794	0.3333333	0.2	0.2110092	0.1889764	0.1782946	0.2369942	0.2352941	0.208	0.2735849	0.2282609	0.1833333	0.2954545	0.2117647	0.3296703	0.2285714	0.311828	0.3106796	0.3218391	0.3529412	0.2903226	0.2142857	0.3529412	0.3181818	0.3030303	0.5263158	0.2909091	
Choucas des tours	0.1578947	0.1666667	0.2058824	0.220339	0.1025641	0.1764706	0.1449275	0.140625	0.1428571	0.1515152	0.325	0.2268041	0.1833333	0.1530612	0.2596154	0.2095238	0.2474227	0.2416667	0.1721311	0.2666667	0.154321	0.2301587	0.2083333	0.125	0.0825688	0.0629921	0.0775194	0.0462428	0.1078431	0.056	0.1132075	0.0869565	0.0166667	0.1136364	0.0588235	0.1648352	0.1428571	0.0967742	0.1359223	0.1954023	0.2647059	0.2903226	0.1428571	0.4117647	0.1818182	0.1515152	0.4210526	0.0727273	
Corbeau freux	0.0131579	0.0	0.0015	0.0	0.0	0.0	0.0289855	0.03125	0.031746	0.0	0.025	0.0412371	0.0	0.0015	0.0096154	0.0285714	0.0309278	0.0083333	0.0163934	0.0238095	0.0308642	0.0079365	0.0104167	0.0125	0.0091743	0.0	0.0155039	0.0	0.0	0.032	0.009434	0.0	0.0166667	0.0227273	0.0235294	0.010989	0.0428571	0.0015	0.0194175	0.045977	0.0294118	0.0	0.0714286	0.0588235	0.0454545	0.030303	0.0	0.0090909	
Corneille noire	0.5789474	0.5	0.5294118	0.6101695	0.4615385	0.5490196	0.4782609	0.515625	0.5873016	0.4545455	0.625	0.5773196	0.525	0.4285714	0.4807692	0.4952381	0.4948454	0.3583333	0.3606557	0.4285714	0.3703704	0.3412698	0.3541667	0.3125	0.3302752	0.3307087	0.4186047	0.4277457	0.3431373	0.368	0.3490566	0.25	0.3166667	0.5	0.4470588	0.4505495	0.3857143	0.5483871	0.5631068	0.5977011	0.5	0.483871	0.5	0.6470588	0.5454545	0.5757576	0.6842105	0.4818182	
corneille sp.	0.0	0.0	0.0	0.0	0.0	0.0	0.0144928	0.0	0.0	0.0	0.0	0.0	0.0166667	0.0	0.0	0.0	0.0	0.0	0.0	0.0	0.0	0.0	0.0104167	0.00625	0.0	0.0	0.0077519	0.0	0.0	0.0	0.0	0.0	0.0	0.0	0.0	0.0	0.0	0.0107527	0.0097087	0.0	0.0	0.0	0.0	0.0	0.0	0.0	0.0	0.0	
Grand Corbeau	0.0	0.0	0.0	0.0	0.0	0.0	0.0	0.0	0.0	0.0	0.025	0.0206186	0.0166667	0.0102041	0.0288462	0.0	0.0	0.025	0.0327869	0.0142857	0.0246914	0.015873	0.03125	0.0125	0.0091743	0.015748	0.0155039	0.0115607	0.0098039	0.008	0.009434	0.0217391	0.0015	0.0015	0.0117647	0.021978	0.0428571	0.0107527	0.0097087	0.0229885	0.0	0.0322581	0.0	0.0	0.0	0.0	0.0	0.0	
Mésange noire	0.0	0.0416667	0.0	0.0	0.0	0.0	0.0434783	0.0	0.0	0.0	0.025	0.0103093	0.0166667	0.0	0.0096154	0.0	0.0	0.0333333	0.0081967	0.0047619	0.0	0.0	0.0	0.0125	0.0	0.007874	0.0155039	0.0057803	0.0	0.0015	0.0	0.0	0.0	0.0	0.0	0.0	0.0	0.0	0.0	0.0	0.0	0.0	0.0	0.0	0.0	0.0909091	0.0	0.0090909	
Mésange huppée	0.0	0.0	0.0588235	0.0169492	0.025641	0.0	0.0144928	0.0015	0.015873	0.0	0.075	0.0	0.0166667	0.0102041	0.0	0.0095238	0.0103093	0.025	0.0015	0.0015	0.0061728	0.0079365	0.0	0.00625	0.0275229	0.023622	0.0	0.0057803	0.0	0.0015	0.0015	0.0108696	0.0	0.0	0.0	0.0	0.0142857	0.0	0.0097087	0.0	0.0	0.0322581	0.0	0.1176471	0.0	0.0606061	0.0	0.0090909	
Mésange nonnette	0.0	0.0416667	0.0882353	0.0169492	0.0	0.0392157	0.0144928	0.0625	0.0634921	0.030303	0.05	0.0206186	0.025	0.0102041	0.0384615	0.0380952	0.0103093	0.0166667	0.0081967	0.0190476	0.0	0.0079365	0.0104167	0.0125	0.0	0.0	0.0077519	0.017341	0.0	0.008	0.0188679	0.0217391	0.0	0.0454545	0.0117647	0.0	0.0015	0.0107527	0.0291262	0.0229885	0.0	0.0	0.0	0.0	0.0454545	0.0606061	0.0	0.0015	
Mésange boréale	0.0	0.0	0.0	0.0	0.0	0.0	0.0	0.0	0.0	0.0	0.0	0.0	0.0	0.0	0.0	0.0	0.0	0.0	0.0	0.0	0.0	0.0	0.0	0.0	0.0	0.0	0.0	0.0	0.0	0.0	0.0	0.0	0.0	0.0	0.0	0.0	0.0	0.0	0.0	0.0	0.0	0.0	0.0	0.0	0.0	0.0	0.0526316	0.0	
Mésange nonnette ou M. boréale	0.0	0.0	0.0	0.0	0.0	0.0196078	0.0	0.0	0.0	0.0	0.0	0.0	0.0	0.0	0.0	0.0	0.0	0.0	0.0015	0.0	0.0	0.0	0.0	0.0	0.0	0.0	0.0	0.0	0.0	0.0	0.0	0.0	0.0	0.0	0.0	0.0	0.0	0.0	0.0	0.0	0.0	0.0	0.0	0.0	0.0	0.0	0.0	0.0	
Mésange bleue	0.3421053	0.4166667	0.4117647	0.3559322	0.2820513	0.4509804	0.4202899	0.46875	0.4126984	0.4242424	0.525	0.3195876	0.3083333	0.3571429	0.3557692	0.3333333	0.2783505	0.3333333	0.3278689	0.3	0.1728395	0.2222222	0.1875	0.14375	0.1192661	0.0787402	0.1317829	0.1676301	0.2254902	0.232	0.2169811	0.1956522	0.1833333	0.2954545	0.2352941	0.1648352	0.2	0.2258065	0.2038835	0.3103448	0.2647059	0.3225806	0.2857143	0.4705882	0.4090909	0.3636364	0.5263158	0.3363636	
Mésange charbonnière	0.3552632	0.4166667	0.3823529	0.4067797	0.3333333	0.4117647	0.4782609	0.484375	0.3174603	0.3939394	0.575	0.3917526	0.2916667	0.2857143	0.3269231	0.3714286	0.2680412	0.2916667	0.3196721	0.2714286	0.1790123	0.1984127	0.1770833	0.09375	0.1284404	0.1574803	0.1317829	0.1387283	0.1470588	0.184	0.2358491	0.1413043	0.1333333	0.1818182	0.2	0.2087912	0.2285714	0.2473118	0.3300971	0.2873563	0.2058824	0.2580645	0.1071429	0.4705882	0.3181818	0.2727273	0.3684211	0.3181818	
Alouette lulu	0.0	0.0	0.0294118	0.0	0.0	0.0	0.0	0.0	0.0	0.0	0.0	0.0	0.0	0.0	0.0	0.0	0.0	0.0	0.0	0.0047619	0.0061728	0.0	0.0	0.0	0.0	0.0	0.0	0.0057803	0.0	0.0	0.0	0.0	0.0	0.0	0.0	0.0	0.0	0.0	0.0	0.0114943	0.0	0.0	0.0	0.0	0.0	0.0	0.0	0.0	
Alouette des champs	0.0394737	0.0	0.0	0.0169492	0.025641	0.0784314	0.0724638	0.09375	0.0793651	0.0	0.0015	0.0927835	0.1083333	0.0612245	0.0961538	0.0190476	0.0927835	0.0416667	0.0655738	0.0904762	0.1111111	0.047619	0.09375	0.05625	0.0458716	0.0629921	0.0775194	0.0867052	0.0294118	0.016	0.009434	0.0108696	0.0	0.0227273	0.0	0.0015	0.0285714	0.0645161	0.0679612	0.0804598	0.0588235	0.0015	0.0714286	0.0588235	0.0454545	0.0606061	0.0015	0.0363636	
Cochevis huppé	0.0	0.0	0.0	0.0	0.0	0.0	0.0	0.0	0.0	0.0	0.0	0.0	0.0	0.0	0.0	0.0	0.0	0.0	0.0	0.0	0.0	0.0	0.0	0.0	0.0	0.0	0.0	0.0	0.0	0.0	0.0	0.0	0.0	0.0	0.0117647	0.0	0.0	0.0	0.0	0.0	0.0	0.0	0.0	0.0	0.0	0.0	0.0	0.0	
Alouette haussecol	0.0131579	0.0	0.0	0.0	0.0	0.0	0.0	0.0	0.0	0.0	0.0	0.0	0.0	0.0	0.0	0.0	0.0	0.0	0.0	0.0	0.0	0.0	0.0	0.0	0.0	0.0	0.0	0.0	0.0	0.0	0.0	0.0	0.0	0.0	0.0	0.0	0.0	0.0	0.0	0.0	0.0	0.0	0.0	0.0	0.0	0.0	0.0	0.0	
alaudidé sp.	0.0	0.0	0.0	0.0	0.0	0.0	0.0	0.0	0.0	0.0	0.0	0.0	0.0	0.0	0.0	0.0	0.0	0.0083333	0.0	0.0	0.0	0.0	0.0	0.0	0.0	0.0	0.0	0.0	0.0	0.0	0.0	0.0	0.0	0.0	0.0	0.0	0.0	0.0	0.0	0.0	0.0	0.0	0.0	0.0	0.0	0.0	0.0	0.0015	
Panure à moustaches	0.0	0.0	0.0	0.0	0.0	0.0	0.0	0.0	0.0	0.0	0.0	0.0	0.0083333	0.0	0.0	0.0	0.0103093	0.0	0.0	0.0	0.0	0.0	0.0	0.0	0.0	0.0	0.0	0.0	0.0	0.008	0.009434	0.0	0.0	0.0	0.0	0.0	0.0	0.0	0.0	0.0	0.0294118	0.0	0.0	0.0	0.0	0.0	0.0	0.0	
Cisticole des joncs	0.0526316	0.0	0.0	0.0	0.025641	0.0015	0.0434783	0.03125	0.015873	0.0	0.0015	0.0618557	0.1416667	0.122449	0.0480769	0.0952381	0.0618557	0.125	0.0983607	0.0809524	0.1049383	0.1031746	0.0833333	0.09375	0.0825688	0.1574803	0.1162791	0.2427746	0.3039216	0.208	0.1415094	0.1413043	0.0833333	0.0681818	0.0117647	0.021978	0.0	0.0322581	0.0291262	0.0229885	0.0588235	0.0322581	0.0357143	0.0588235	0.0454545	0.0	0.0015	0.0090909	
Hypolaïs polyglotte	0.0	0.0	0.0	0.0	0.0	0.0	0.0	0.0	0.0	0.0	0.0	0.0	0.0	0.0	0.0	0.0	0.0103093	0.1	0.1311475	0.0666667	0.0432099	0.0952381	0.0625	0.0375	0.0275229	0.0472441	0.0310078	0.0346821	0.0294118	0.0	0.0377358	0.0	0.0	0.0	0.0	0.0	0.0	0.0	0.0	0.0	0.0	0.0	0.0	0.0	0.0	0.0	0.0	0.0	
Phragmite des joncs	0.0	0.0	0.0	0.0	0.0	0.0	0.0	0.0	0.0	0.0	0.0	0.0	0.05	0.0204082	0.0961538	0.0761905	0.0515464	0.075	0.0409836	0.0428571	0.0493827	0.0396825	0.03125	0.025	0.0015	0.015748	0.0077519	0.0231214	0.0294118	0.016	0.009434	0.0217391	0.0	0.0	0.0	0.0	0.0	0.0	0.0	0.0	0.0	0.0	0.0	0.0	0.0	0.0	0.0	0.0	
Rousserolle verderolle	0.0	0.0	0.0	0.0	0.0	0.0	0.0	0.0	0.0	0.0	0.0	0.0	0.0	0.0	0.0	0.0	0.0	0.0166667	0.0015	0.0428571	0.0308642	0.031746	0.0	0.0	0.0091743	0.007874	0.0	0.0	0.0196078	0.016	0.009434	0.0	0.0	0.0	0.0	0.0	0.0	0.0	0.0	0.0	0.0	0.0	0.0	0.0	0.0	0.0	0.0	0.0	
Rousserolle effarvatte	0.0	0.0	0.0	0.0	0.0	0.0	0.0	0.0	0.0	0.0	0.0	0.0	0.0	0.0102041	0.0192308	0.0666667	0.0206186	0.075	0.0491803	0.0333333	0.0246914	0.047619	0.0520833	0.01875	0.0091743	0.0314961	0.0077519	0.0231214	0.0392157	0.032	0.009434	0.0108696	0.0	0.0	0.0117647	0.0	0.0	0.0	0.0	0.0	0.0	0.0	0.0	0.0	0.0	0.0	0.0	0.0	
Rousserolle verderolle ou R. effarvatte	0.0	0.0	0.0	0.0	0.0	0.0	0.0	0.0	0.0	0.0	0.0	0.0	0.0	0.0	0.0	0.0	0.0	0.0	0.0	0.0	0.0	0.0079365	0.0	0.0	0.0	0.0	0.0	0.0	0.0098039	0.0	0.0	0.0	0.0	0.0	0.0	0.0	0.0	0.0	0.0	0.0	0.0	0.0	0.0	0.0	0.0	0.0	0.0	0.0	
Acrocephalus sp.	0.0	0.0	0.0	0.0	0.0	0.0	0.0	0.0	0.0	0.0	0.0	0.0	0.0	0.0	0.0	0.0	0.0	0.0	0.0	0.0	0.0	0.0	0.0	0.0	0.0	0.0	0.0	0.0	0.0015	0.0	0.0	0.0	0.0	0.0	0.0	0.0	0.0	0.0	0.0	0.0	0.0	0.0	0.0	0.0	0.0	0.0	0.0	0.0	
Locustelle luscinioïde	0.0	0.0	0.0	0.0	0.0	0.0	0.0	0.0	0.0	0.0	0.0	0.0	0.0	0.0102041	0.0096154	0.0	0.0	0.0	0.0015	0.0	0.0	0.0	0.0	0.0	0.0	0.0	0.0	0.0	0.0	0.0	0.0	0.0	0.0	0.0	0.0	0.0	0.0	0.0	0.0	0.0	0.0	0.0	0.0	0.0	0.0	0.0	0.0	0.0	
Locustelle tachetée	0.0	0.0	0.0	0.0	0.0	0.0	0.0	0.0	0.0	0.0	0.0	0.0	0.0	0.0102041	0.0288462	0.0	0.0103093	0.0166667	0.0	0.0047619	0.0	0.0	0.0	0.00625	0.0	0.0	0.0	0.0115607	0.0098039	0.008	0.0	0.0	0.0	0.0	0.0	0.0	0.0	0.0	0.0	0.0	0.0	0.0	0.0	0.0	0.0	0.0	0.0	0.0	
Hirondelle de rivage	0.0	0.0	0.0	0.0	0.0	0.0	0.0	0.0	0.0	0.0	0.0015	0.0	0.075	0.0015	0.0192308	0.047619	0.0103093	0.0083333	0.0245902	0.0333333	0.0432099	0.031746	0.0208333	0.01875	0.0015	0.015748	0.0155039	0.0346821	0.0294118	0.024	0.009434	0.0217391	0.0166667	0.0227273	0.0	0.0	0.0142857	0.0107527	0.0	0.0	0.0	0.0	0.0	0.0	0.0	0.0	0.0	0.0	
Hirondelle rustique	0.0	0.0	0.0	0.0	0.0	0.0	0.0	0.0	0.0	0.0	0.0	0.0721649	0.275	0.2857143	0.2596154	0.3238095	0.4329897	0.4	0.3278689	0.3380952	0.2716049	0.2539683	0.25	0.36875	0.3119266	0.3700787	0.2790698	0.5491329	0.5784314	0.488	0.3867925	0.2608696	0.25	0.2954545	0.1882353	0.1648352	0.0571429	0.0107527	0.0291262	0.0114943	0.0	0.0	0.0	0.0	0.0	0.0	0.0	0.0	
Hirondelle de fenêtre	0.0	0.0	0.0	0.0	0.0	0.0	0.0	0.0	0.015873	0.0	0.0	0.0	0.0416667	0.122449	0.0576923	0.1904762	0.1546392	0.1166667	0.1639344	0.2	0.1666667	0.2222222	0.2083333	0.26875	0.2293578	0.1653543	0.2790698	0.283237	0.3431373	0.384	0.3679245	0.2282609	0.2666667	0.1136364	0.0705882	0.0549451	0.0142857	0.0107527	0.0	0.0	0.0	0.0	0.0	0.0	0.0	0.0	0.0	0.0	
hirondelle sp.	0.0	0.0	0.0	0.0	0.0	0.0	0.0	0.0	0.0	0.0	0.0	0.0	0.0	0.0102041	0.0	0.0	0.0	0.0083333	0.0	0.0	0.0	0.0	0.0	0.0	0.0091743	0.007874	0.0232558	0.017341	0.0	0.008	0.0	0.0	0.0	0.0227273	0.0	0.010989	0.0	0.0	0.0	0.0	0.0	0.0	0.0	0.0	0.0	0.0	0.0	0.0	
Pouillot siffleur	0.0	0.0	0.0	0.0	0.0	0.0	0.0	0.0	0.0	0.0	0.0	0.0	0.0	0.0	0.0	0.0	0.0	0.0	0.0	0.0047619	0.0	0.0	0.0104167	0.0	0.0	0.007874	0.0	0.0	0.0	0.0	0.0	0.0	0.0	0.0	0.0	0.0	0.0	0.0	0.0	0.0	0.0	0.0	0.0	0.0	0.0	0.0	0.0	0.0	
Pouillot à grands sourcils	0.0	0.0	0.0	0.0	0.0	0.0	0.0	0.0	0.0	0.0	0.0	0.0	0.0	0.0	0.0	0.0	0.0	0.0	0.0	0.0	0.0	0.0	0.0	0.0	0.0	0.0	0.0	0.0	0.0	0.0	0.0	0.0	0.0	0.0	0.0	0.0	0.0	0.0015	0.0	0.0	0.0	0.0	0.0	0.0	0.0015	0.0	0.0	0.0	
Pouillot fitis	0.0	0.0	0.0	0.0	0.0	0.0	0.0	0.0	0.0	0.0	0.0	0.0309278	0.0333333	0.0204082	0.0576923	0.0190476	0.0103093	0.0166667	0.0245902	0.0095238	0.0061728	0.015873	0.0208333	0.0125	0.0091743	0.007874	0.0077519	0.017341	0.0392157	0.016	0.009434	0.0326087	0.0166667	0.0681818	0.0	0.043956	0.0285714	0.0107527	0.0	0.0	0.0	0.0	0.0	0.0	0.0	0.0	0.0	0.0	
Pouillot véloce	0.1052632	0.0833333	0.0588235	0.1355932	0.0	0.0784314	0.1449275	0.140625	0.2380952	0.4242424	0.375	0.5773196	0.525	0.4795918	0.3653846	0.4380952	0.4536082	0.4166667	0.4098361	0.3761905	0.2654321	0.3968254	0.3541667	0.40625	0.266055	0.2440945	0.3178295	0.1676301	0.2352941	0.232	0.2641509	0.1413043	0.0666667	0.2272727	0.1882353	0.2967033	0.1428571	0.1290323	0.2135922	0.2068966	0.1176471	0.2258065	0.0357143	0.0	0.0	0.1818182	0.1578947	0.0545455	
Pouillot ibérique	0.0	0.0	0.0	0.0	0.0	0.0	0.0	0.0	0.0	0.0	0.0	0.0	0.0	0.0	0.0	0.0	0.0	0.0	0.0	0.0047619	0.0	0.0	0.0	0.0	0.0	0.0	0.0	0.0	0.0	0.0	0.0	0.0	0.0	0.0	0.0	0.0	0.0	0.0	0.0	0.0	0.0	0.0	0.0	0.0	0.0	0.0	0.0	0.0	
pouillot sp.	0.0	0.0	0.0	0.0	0.0	0.0	0.0	0.0	0.0	0.0	0.0	0.0	0.0	0.0	0.0	0.0	0.0	0.0	0.0	0.0	0.0	0.0	0.0	0.0	0.0	0.0	0.0	0.0	0.0	0.0	0.0	0.0108696	0.0	0.0	0.0	0.010989	0.0	0.0	0.0	0.0	0.0	0.0	0.0	0.0	0.0	0.0	0.0	0.0	
Bouscarle de Cetti	0.0131579	0.0833333	0.0015	0.0169492	0.0512821	0.0015	0.057971	0.0625	0.0793651	0.0606061	0.05	0.0721649	0.1583333	0.0816327	0.0769231	0.0952381	0.1030928	0.125	0.0983607	0.0904762	0.0555556	0.1111111	0.0416667	0.03125	0.0183486	0.0314961	0.0155039	0.0346821	0.0392157	0.008	0.0	0.0434783	0.0015	0.0909091	0.0470588	0.1318681	0.0285714	0.0430108	0.0679612	0.137931	0.0882353	0.1612903	0.1428571	0.0015	0.0015	0.0909091	0.0526316	0.0181818	
Orite à longue queue	0.1578947	0.2083333	0.1470588	0.1016949	0.1538462	0.0588235	0.1594203	0.125	0.0793651	0.0909091	0.1	0.0515464	0.0666667	0.0102041	0.0288462	0.0666667	0.0721649	0.0333333	0.0819672	0.0380952	0.0432099	0.047619	0.0208333	0.0375	0.0183486	0.023622	0.0387597	0.0289017	0.0196078	0.056	0.0377358	0.0108696	0.05	0.0454545	0.0470588	0.0659341	0.0857143	0.1612903	0.1165049	0.183908	0.1176471	0.1935484	0.1428571	0.0588235	0.0454545	0.1818182	0.0526316	0.0818182	
Fauvette à tête noire	0.0131579	0.0	0.0294118	0.0508475	0.0	0.0196078	0.0434783	0.09375	0.0952381	0.1515152	0.1	0.1958763	0.275	0.3061224	0.2884615	0.352381	0.3195876	0.325	0.2704918	0.2809524	0.1975309	0.2142857	0.25	0.275	0.1926606	0.2204724	0.255814	0.2427746	0.0882353	0.096	0.0849057	0.0652174	0.0166667	0.0909091	0.0823529	0.0879121	0.0714286	0.0430108	0.0485437	0.0574713	0.0294118	0.0645161	0.0357143	0.1176471	0.0	0.0909091	0.1052632	0.0090909	
Fauvette des jardins	0.0	0.0	0.0	0.0	0.0	0.0	0.0	0.0	0.0	0.0	0.0	0.0	0.0	0.0	0.0096154	0.0571429	0.0515464	0.0916667	0.0737705	0.0238095	0.037037	0.0634921	0.0520833	0.05	0.0183486	0.0472441	0.0155039	0.017341	0.0196078	0.008	0.0	0.0	0.0	0.0	0.0	0.010989	0.0	0.0	0.0	0.0	0.0	0.0	0.0	0.0	0.0	0.0	0.0	0.0	
Fauvette babillarde	0.0	0.0	0.0	0.0	0.0	0.0	0.0	0.0	0.0	0.0	0.0	0.0	0.0	0.0	0.0	0.0285714	0.0	0.0	0.0081967	0.0	0.0061728	0.0079365	0.0104167	0.00625	0.0183486	0.0	0.0	0.0	0.0	0.008	0.0	0.0	0.0	0.0	0.0	0.0	0.0	0.0107527	0.0	0.0	0.0	0.0	0.0	0.0	0.0	0.0	0.0	0.0	
Fauvette grisette	0.0	0.0	0.0	0.0	0.0	0.0	0.0	0.0	0.0	0.0	0.0	0.0	0.025	0.0306122	0.0480769	0.0666667	0.1134021	0.125	0.1147541	0.1047619	0.0740741	0.1111111	0.09375	0.08125	0.0825688	0.0629921	0.0232558	0.0231214	0.0294118	0.024	0.009434	0.0	0.0166667	0.0	0.0	0.0	0.0	0.0	0.0	0.0	0.0	0.0	0.0	0.0	0.0	0.0	0.0	0.0	
Fauvette pitchou	0.0	0.0	0.0	0.0	0.0	0.0	0.0	0.0	0.0	0.0	0.0	0.0	0.0	0.0	0.0	0.0	0.0	0.0	0.0	0.0	0.0	0.0	0.0	0.0	0.0	0.0	0.0	0.0	0.0	0.0	0.0	0.0	0.0	0.0227273	0.0	0.0	0.0	0.0	0.0	0.0	0.0	0.0	0.0	0.0	0.0	0.0	0.0	0.0	
Passeriformes sp. (fauvette de l'ancien monde sp.)	0.0	0.0	0.0	0.0	0.0	0.0	0.0	0.0	0.0	0.0	0.0	0.0	0.0	0.0	0.0	0.0	0.0	0.0	0.0	0.0	0.0	0.0	0.0	0.0	0.0	0.0	0.0	0.0	0.0098039	0.0	0.0	0.0	0.0	0.0	0.0	0.0	0.0	0.0	0.0	0.0	0.0	0.0	0.0	0.0	0.0	0.0	0.0	0.0	
Roitelet huppé	0.0921053	0.0416667	0.1470588	0.1355932	0.0769231	0.0588235	0.0434783	0.0625	0.0793651	0.030303	0.175	0.0309278	0.0	0.0102041	0.0	0.0285714	0.0103093	0.0083333	0.0081967	0.0015	0.0015	0.015873	0.0208333	0.00625	0.0091743	0.015748	0.0	0.0115607	0.0196078	0.0	0.0283019	0.0108696	0.0166667	0.1136364	0.0117647	0.010989	0.0142857	0.0967742	0.184466	0.1264368	0.0588235	0.0967742	0.0714286	0.1176471	0.1818182	0.1818182	0.0526316	0.0818182	
Roitelet à triple bandeau	0.0789474	0.0	0.0588235	0.0508475	0.0512821	0.0588235	0.0724638	0.125	0.0793651	0.1212121	0.025	0.0515464	0.0333333	0.0306122	0.0192308	0.0190476	0.0103093	0.0015	0.0015	0.0095238	0.0246914	0.0238095	0.0104167	0.00625	0.0	0.0015	0.0015	0.017341	0.0098039	0.032	0.0188679	0.0434783	0.0666667	0.0454545	0.0588235	0.021978	0.0714286	0.0967742	0.1067961	0.1034483	0.0015	0.0645161	0.0357143	0.0	0.1363636	0.1212121	0.0	0.0181818	
Roitelet huppé ou R. à triple bandeau	0.0	0.0	0.0	0.0	0.0	0.0	0.0	0.015625	0.015873	0.0	0.0	0.0	0.0	0.0	0.0	0.0	0.0	0.0	0.0015	0.0	0.0	0.0	0.0	0.0	0.0	0.007874	0.0	0.0057803	0.0	0.0	0.0	0.0	0.0	0.0	0.0	0.0	0.0	0.0	0.0	0.0	0.0	0.0	0.0	0.0	0.0	0.0	0.0	0.0015	
Sittelle torchepot	0.0263158	0.0	0.0	0.0338983	0.0	0.0588235	0.0434783	0.03125	0.015873	0.0606061	0.05	0.0206186	0.0015	0.0015	0.0288462	0.047619	0.0206186	0.0	0.0163934	0.0095238	0.0015	0.015873	0.0104167	0.0125	0.0	0.0	0.0310078	0.0115607	0.0	0.008	0.009434	0.0108696	0.0	0.0	0.0117647	0.0	0.0428571	0.0107527	0.0194175	0.0689655	0.0	0.0	0.0357143	0.0588235	0.0454545	0.030303	0.0	0.0015	
Grimpereau des jardins	0.0526316	0.0	0.0588235	0.0508475	0.0512821	0.0392157	0.1014493	0.125	0.047619	0.1212121	0.1	0.0618557	0.0333333	0.0510204	0.0288462	0.0285714	0.0309278	0.0583333	0.0409836	0.0333333	0.0679012	0.0634921	0.0625	0.05	0.0366972	0.0393701	0.0620155	0.0520231	0.0294118	0.048	0.1037736	0.0326087	0.1166667	0.0454545	0.0588235	0.043956	0.0714286	0.0430108	0.038835	0.0689655	0.0	0.0	0.0357143	0.0588235	0.0909091	0.030303	0.0526316	0.0727273	
Grimpereau des bois ou G. des jardins	0.0	0.0	0.0	0.0	0.0	0.0	0.0	0.0	0.0	0.030303	0.0	0.0	0.0	0.0	0.0096154	0.0	0.0	0.0	0.0015	0.0047619	0.0	0.0079365	0.0	0.0	0.0	0.007874	0.0232558	0.0057803	0.0	0.008	0.009434	0.0	0.0	0.0	0.0	0.0	0.0	0.0	0.0	0.0	0.0	0.0	0.0	0.0	0.0	0.0	0.0	0.0	
Troglodyte mignon	0.3026316	0.0833333	0.1470588	0.1694915	0.2051282	0.372549	0.3768116	0.484375	0.3174603	0.3333333	0.425	0.3608247	0.4583333	0.3877551	0.2788462	0.3047619	0.3092784	0.2833333	0.3770492	0.3095238	0.2345679	0.3174603	0.2916667	0.38125	0.2201835	0.1811024	0.2713178	0.265896	0.2254902	0.24	0.254717	0.1521739	0.05	0.0909091	0.0941176	0.1758242	0.1285714	0.2258065	0.2524272	0.2988506	0.1176471	0.2580645	0.2857143	0.1176471	0.2272727	0.3030303	0.2631579	0.3181818	
Étourneau sansonnet	0.2368421	0.2916667	0.3823529	0.3050847	0.2820513	0.3529412	0.3768116	0.359375	0.2539683	0.2121212	0.525	0.257732	0.3166667	0.255102	0.2692308	0.3904762	0.4020619	0.3666667	0.2704918	0.3238095	0.2901235	0.2142857	0.3020833	0.20625	0.1926606	0.2047244	0.2015504	0.2254335	0.2156863	0.2	0.2830189	0.2391304	0.25	0.2727273	0.3529412	0.3406593	0.2	0.3333333	0.3009709	0.3908046	0.2352941	0.4516129	0.2857143	0.4117647	0.2272727	0.3636364	0.3157895	0.1909091	
Grive draine	0.0131579	0.0	0.0588235	0.0169492	0.0769231	0.0784314	0.0434783	0.15625	0.0952381	0.030303	0.075	0.0515464	0.05	0.0102041	0.0384615	0.0571429	0.0515464	0.0083333	0.0409836	0.0238095	0.037037	0.0555556	0.0416667	0.01875	0.0458716	0.0314961	0.0232558	0.0231214	0.0294118	0.008	0.0566038	0.0	0.0166667	0.0	0.0235294	0.032967	0.0	0.0322581	0.0194175	0.0804598	0.0294118	0.0	0.0015	0.0	0.0454545	0.0606061	0.0526316	0.0272727	
Grive musicienne	0.0789474	0.0833333	0.0882353	0.1525424	0.0769231	0.1960784	0.2463768	0.25	0.1587302	0.1212121	0.225	0.1546392	0.1916667	0.0918367	0.1442308	0.1904762	0.1443299	0.25	0.1885246	0.2238095	0.154321	0.2063492	0.1979167	0.2875	0.1192661	0.1496063	0.2015504	0.0924855	0.0392157	0.048	0.0188679	0.0326087	0.0333333	0.0227273	0.0117647	0.021978	0.0571429	0.0322581	0.0970874	0.0689655	0.0882353	0.0645161	0.1785714	0.1176471	0.1363636	0.1212121	0.0	0.1090909	
Grive mauvis	0.1184211	0.0416667	0.1470588	0.0169492	0.025641	0.0784314	0.0724638	0.078125	0.0634921	0.0909091	0.15	0.0721649	0.0	0.0015	0.0	0.0095238	0.0	0.0	0.0	0.0	0.0	0.0	0.0	0.0	0.0	0.0	0.0	0.0	0.0	0.0	0.0	0.0	0.0	0.0	0.0	0.0	0.0142857	0.0537634	0.0194175	0.0804598	0.0294118	0.0322581	0.0357143	0.0588235	0.1363636	0.0606061	0.1578947	0.0636364	
Merle noir	0.4605263	0.375	0.4411765	0.4237288	0.3846154	0.5882353	0.4492754	0.53125	0.6031746	0.6060606	0.7	0.556701	0.6666667	0.5918367	0.5576923	0.7142857	0.6597938	0.6833333	0.6229508	0.6238095	0.5679012	0.6428571	0.59375	0.6	0.4220183	0.480315	0.5426357	0.3468208	0.3235294	0.272	0.2830189	0.2608696	0.2	0.2727273	0.2470588	0.2197802	0.1571429	0.2473118	0.2815534	0.4367816	0.3823529	0.516129	0.4642857	0.7647059	0.6363636	0.6060606	0.6315789	0.4363636	
Grive litorne	0.0263158	0.0	0.0	0.0	0.025641	0.0	0.0015	0.03125	0.0015	0.0	0.025	0.0	0.0	0.0	0.0015	0.0015	0.0	0.0	0.0	0.0	0.0	0.0	0.0	0.0	0.0	0.0	0.0	0.0	0.0	0.0	0.0	0.0	0.0	0.0	0.0	0.0	0.0	0.0107527	0.0	0.0114943	0.0	0.0	0.0357143	0.0	0.0	0.0	0.0	0.0272727	
Merle à plastron	0.0	0.0	0.0	0.0	0.0	0.0	0.0	0.0	0.0	0.0	0.0	0.0	0.0	0.0	0.0	0.0	0.0	0.0	0.0	0.0	0.0	0.0	0.0	0.0	0.0	0.0	0.0	0.0	0.0	0.0	0.0	0.0	0.0	0.0	0.0	0.0	0.0142857	0.0	0.0	0.0	0.0	0.0	0.0357143	0.0	0.0	0.0	0.0	0.0	
Turdus sp.	0.0	0.0	0.0	0.0	0.0	0.0	0.0	0.015625	0.0	0.0	0.0	0.0	0.0	0.0	0.0	0.0	0.0	0.0	0.0	0.0	0.0	0.0	0.0	0.0	0.0	0.0	0.0	0.0057803	0.0	0.0	0.0	0.0	0.0	0.0	0.0	0.0	0.0	0.0215054	0.0	0.0	0.0	0.0	0.0	0.0	0.0	0.0	0.0	0.0	
Gobemouche gris	0.0	0.0	0.0	0.0	0.0	0.0	0.0	0.0	0.0	0.0	0.0	0.0	0.0	0.0	0.0	0.0	0.0103093	0.0583333	0.0491803	0.0571429	0.0555556	0.0714286	0.0416667	0.075	0.0733945	0.0787402	0.0697674	0.0809249	0.0686275	0.048	0.0471698	0.0652174	0.05	0.0	0.0235294	0.0	0.0	0.0430108	0.0679612	0.0	0.0	0.0	0.0	0.0	0.0	0.0	0.0	0.0	
Rougegorge familier	0.4868421	0.5833333	0.4117647	0.5932203	0.5384615	0.5294118	0.5217391	0.640625	0.4920635	0.5454545	0.5	0.4845361	0.4833333	0.4285714	0.3365385	0.3047619	0.443299	0.5166667	0.3196721	0.4047619	0.308642	0.3571429	0.28125	0.2625	0.2201835	0.2125984	0.2015504	0.2254335	0.2156863	0.2	0.245283	0.2391304	0.1666667	0.3409091	0.4235294	0.4065934	0.4285714	0.5591398	0.5242718	0.5862069	0.6176471	0.6451613	0.5357143	0.7058824	0.4545455	0.6060606	0.5263158	0.4545455	
Rossignol philomèle	0.0	0.0	0.0	0.0	0.0	0.0	0.0	0.0	0.0	0.0	0.0	0.0	0.0083333	0.0306122	0.0480769	0.047619	0.0206186	0.0333333	0.0409836	0.0095238	0.0	0.0238095	0.0104167	0.0125	0.0091743	0.007874	0.0	0.0	0.0	0.008	0.009434	0.0	0.0166667	0.0	0.0	0.0	0.0	0.0	0.0	0.0	0.0	0.0	0.0	0.0	0.0	0.0	0.0	0.0	
Gorgebleue à miroir	0.0	0.0	0.0	0.0	0.0	0.0	0.0	0.0	0.0	0.0	0.0	0.0	0.0083333	0.0102041	0.0015	0.0	0.0	0.0166667	0.0	0.0142857	0.0	0.0	0.0	0.0	0.0	0.0	0.0077519	0.0	0.0	0.008	0.0	0.0	0.0	0.0	0.0117647	0.0	0.0	0.0	0.0	0.0	0.0	0.0	0.0	0.0	0.0	0.0	0.0	0.0	
Gobemouche noir	0.0	0.0	0.0	0.0	0.0	0.0	0.0	0.0	0.0	0.0	0.0	0.0	0.0	0.0102041	0.0	0.0	0.0103093	0.0	0.0	0.0	0.0	0.0	0.0	0.0	0.0	0.0	0.0	0.0	0.0	0.0	0.0015	0.0	0.0166667	0.0	0.0	0.0	0.0	0.0	0.0194175	0.0	0.0	0.0	0.0	0.0	0.0	0.0	0.0	0.0	
Rougequeue à front blanc	0.0	0.0	0.0	0.0	0.0	0.0	0.0	0.0	0.0	0.0	0.0	0.0	0.0	0.0102041	0.0769231	0.0285714	0.0412371	0.0333333	0.0163934	0.0238095	0.037037	0.015873	0.03125	0.0125	0.0091743	0.015748	0.0077519	0.0115607	0.0098039	0.0015	0.0	0.0	0.0	0.0	0.0117647	0.010989	0.0428571	0.0	0.0	0.0114943	0.0	0.0	0.0	0.0	0.0	0.0	0.0	0.0	
Rougequeue noir	0.0	0.0	0.0	0.0	0.0	0.0	0.0144928	0.015625	0.015873	0.0606061	0.0	0.0515464	0.0666667	0.0510204	0.0480769	0.0380952	0.0721649	0.0416667	0.0491803	0.0571429	0.0308642	0.0634921	0.0729167	0.11875	0.0733945	0.015748	0.0465116	0.0346821	0.0490196	0.016	0.0377358	0.0015	0.0333333	0.0454545	0.0117647	0.0769231	0.0428571	0.0645161	0.0194175	0.0229885	0.0	0.0	0.0	0.0	0.0454545	0.030303	0.0526316	0.0181818	
rougequeue sp.	0.0	0.0	0.0	0.0	0.0	0.0	0.0	0.0	0.0	0.0	0.0	0.0	0.0	0.0	0.0	0.0	0.0	0.0	0.0	0.0	0.0	0.0079365	0.0	0.0	0.0	0.0	0.0	0.0	0.0	0.0	0.0	0.0	0.0	0.0	0.0	0.0	0.0	0.0	0.0	0.0	0.0	0.0	0.0	0.0	0.0	0.0	0.0	0.0	
Tarier des prés	0.0	0.0	0.0	0.0	0.0	0.0	0.0	0.0	0.0	0.0	0.0	0.0	0.0	0.0	0.0096154	0.0015	0.0206186	0.0083333	0.0081967	0.0	0.0	0.0	0.0	0.0	0.0	0.0	0.0	0.0057803	0.0	0.008	0.009434	0.0108696	0.0	0.0	0.0117647	0.0	0.0	0.0	0.0	0.0	0.0	0.0	0.0	0.0	0.0	0.0	0.0	0.0	
Tarier pâtre	0.1052632	0.0416667	0.0	0.0338983	0.0512821	0.0196078	0.115942	0.046875	0.0793651	0.030303	0.0015	0.0309278	0.0666667	0.0306122	0.0384615	0.0285714	0.0412371	0.0333333	0.0327869	0.0285714	0.0061728	0.047619	0.0625	0.01875	0.0275229	0.0314961	0.0310078	0.0404624	0.0196078	0.024	0.0283019	0.0326087	0.0333333	0.0454545	0.0352941	0.021978	0.0428571	0.0537634	0.0582524	0.0689655	0.2058824	0.2580645	0.0357143	0.1176471	0.0909091	0.0909091	0.1052632	0.1454545	
Traquet motteux	0.0	0.0	0.0	0.0	0.0	0.0	0.0	0.0	0.0	0.0	0.0015	0.0015	0.0833333	0.0408163	0.0192308	0.0190476	0.0515464	0.025	0.0081967	0.0047619	0.0123457	0.0079365	0.0104167	0.00625	0.0	0.0	0.0	0.0057803	0.0	0.0	0.0283019	0.0869565	0.0166667	0.0454545	0.0352941	0.010989	0.0	0.0107527	0.0194175	0.0114943	0.0	0.0	0.0	0.0	0.0	0.0	0.0	0.0	
Accenteur mouchet	0.1710526	0.375	0.2647059	0.3389831	0.3589744	0.3529412	0.3768116	0.421875	0.3809524	0.4242424	0.3	0.3608247	0.2666667	0.1734694	0.25	0.3047619	0.2783505	0.2083333	0.3032787	0.2333333	0.1666667	0.2142857	0.1875	0.10625	0.0642202	0.0866142	0.0697674	0.0693642	0.127451	0.056	0.0660377	0.0869565	0.0166667	0.1818182	0.1058824	0.1098901	0.0857143	0.2258065	0.2427184	0.3333333	0.2941176	0.4193548	0.25	0.4117647	0.0909091	0.2424242	0.3684211	0.2636364	
Moineau domestique	0.3684211	0.2083333	0.2058824	0.1864407	0.2307692	0.3333333	0.3478261	0.28125	0.3492063	0.3939394	0.4	0.4123711	0.425	0.3877551	0.3846154	0.4761905	0.3402062	0.3833333	0.3934426	0.4857143	0.4135802	0.3968254	0.4270833	0.40625	0.4036697	0.3937008	0.4496124	0.5202312	0.4313725	0.352	0.4245283	0.25	0.4166667	0.3409091	0.3176471	0.3956044	0.2	0.4193548	0.4368932	0.2873563	0.2941176	0.2580645	0.1071429	0.1764706	0.2272727	0.2424242	0.2105263	0.3363636	
Moineau friquet	0.0	0.0	0.0294118	0.0169492	0.0	0.0	0.0	0.0	0.0	0.0	0.0	0.0	0.0	0.0	0.0	0.0	0.0206186	0.0166667	0.0015	0.0	0.0	0.015873	0.0	0.00625	0.0	0.0	0.0	0.0015	0.0	0.0	0.0	0.0	0.0	0.0	0.0	0.0	0.0	0.0	0.0	0.0	0.0	0.0	0.0	0.0	0.0	0.0	0.0	0.0	
Bergeronnette des ruisseaux	0.0263158	0.0416667	0.0294118	0.0	0.0	0.0196078	0.0724638	0.078125	0.0634921	0.0	0.0	0.0206186	0.025	0.0204082	0.0288462	0.0952381	0.0103093	0.0416667	0.0015	0.0428571	0.0123457	0.0555556	0.03125	0.0375	0.0366972	0.0472441	0.0155039	0.0231214	0.0294118	0.016	0.0188679	0.0326087	0.0166667	0.0227273	0.0235294	0.021978	0.0714286	0.1612903	0.1067961	0.1034483	0.1764706	0.0322581	0.0714286	0.0588235	0.0454545	0.0606061	0.0526316	0.0545455	
Bergeronnette printanière	0.0	0.0	0.0	0.0	0.0	0.0	0.0	0.0	0.0	0.0	0.0	0.0103093	0.025	0.0306122	0.0096154	0.0190476	0.0103093	0.0333333	0.0491803	0.047619	0.0308642	0.0079365	0.0729167	0.025	0.0183486	0.023622	0.0155039	0.0115607	0.0392157	0.072	0.0283019	0.0434783	0.05	0.0227273	0.0015	0.0	0.0	0.0	0.0097087	0.0	0.0	0.0	0.0	0.0	0.0	0.0	0.0	0.0	
Bergeronnette grise	0.1315789	0.0416667	0.0882353	0.1525424	0.1025641	0.1568627	0.1594203	0.125	0.2380952	0.2121212	0.275	0.2886598	0.2916667	0.2653061	0.1730769	0.1904762	0.257732	0.3166667	0.1885246	0.252381	0.1358025	0.2777778	0.3645833	0.25625	0.2201835	0.3070866	0.1705426	0.2774566	0.2745098	0.256	0.1981132	0.2065217	0.2333333	0.0909091	0.2	0.2307692	0.2428571	0.3870968	0.3592233	0.2873563	0.2941176	0.1290323	0.1071429	0.1764706	0.1363636	0.1818182	0.2105263	0.1909091	
bergeronette sp.	0.0	0.0	0.0	0.0	0.0	0.0	0.0	0.015625	0.0	0.0	0.0	0.0	0.0	0.0	0.0	0.0	0.0	0.0083333	0.0081967	0.0015	0.0	0.0	0.0104167	0.0	0.0	0.0	0.0	0.0	0.0	0.0	0.0	0.0	0.0	0.0	0.0	0.010989	0.0	0.0107527	0.0	0.0	0.0	0.0	0.0	0.0	0.0	0.0	0.0	0.0090909	
Pipit farlouse	0.1184211	0.0416667	0.0	0.0508475	0.1025641	0.0392157	0.0724638	0.09375	0.0634921	0.0606061	0.025	0.0206186	0.125	0.1020408	0.0673077	0.0285714	0.0309278	0.1083333	0.0655738	0.0285714	0.0493827	0.047619	0.0416667	0.06875	0.0458716	0.0314961	0.0077519	0.0289017	0.0588235	0.016	0.009434	0.0652174	0.0333333	0.0227273	0.0117647	0.043956	0.1	0.2258065	0.2330097	0.183908	0.0882353	0.1612903	0.2857143	0.0588235	0.0454545	0.1212121	0.1578947	0.1181818	
Pipit des arbres	0.0	0.0	0.0	0.0	0.0	0.0	0.0	0.0	0.0	0.0	0.05	0.0309278	0.0083333	0.0015	0.0015	0.0190476	0.0103093	0.0083333	0.0	0.0190476	0.0308642	0.0015	0.0	0.0015	0.0	0.0	0.0	0.0057803	0.0	0.008	0.0015	0.0	0.0	0.0	0.0	0.0	0.0015	0.0	0.0	0.0114943	0.0	0.0	0.0	0.0	0.0	0.0	0.0	0.0	
Pipit spioncelle	0.0	0.0	0.0	0.0508475	0.0	0.0	0.0289855	0.015625	0.015873	0.0	0.0	0.0	0.0	0.0	0.0	0.0	0.0	0.0	0.0	0.0	0.0	0.0	0.0	0.0	0.0	0.0	0.0	0.0	0.0	0.0	0.0	0.0	0.0	0.0	0.0	0.0	0.0	0.0107527	0.0097087	0.0229885	0.0015	0.0645161	0.0	0.0	0.0	0.0606061	0.0	0.0181818	
Pipit farlouse ou P. spioncelle	0.0	0.0	0.0	0.0	0.0	0.0	0.0	0.0	0.0	0.0	0.0	0.0	0.0	0.0	0.0	0.0	0.0	0.0	0.0	0.0	0.0	0.0	0.0	0.0	0.0	0.0	0.0	0.0	0.0	0.0	0.0	0.0	0.0	0.0	0.0	0.0	0.0	0.0107527	0.0	0.0	0.0294118	0.0	0.0	0.0	0.0	0.0	0.0	0.0	
Pipit maritime	0.0657895	0.0	0.0	0.0	0.025641	0.0196078	0.0434783	0.0015	0.015873	0.0	0.0	0.0	0.0	0.0	0.0	0.0	0.0	0.0083333	0.0	0.0	0.0	0.0079365	0.0015	0.0015	0.0091743	0.0	0.0	0.0	0.0	0.0	0.0	0.0	0.0	0.0	0.0	0.010989	0.0	0.0215054	0.0582524	0.0344828	0.0882353	0.0322581	0.0	0.0015	0.0	0.0	0.0	0.0545455	
Anthus sp.	0.0	0.0	0.0	0.0	0.0	0.0	0.0	0.0	0.0	0.0	0.0	0.0	0.0083333	0.0	0.0	0.0	0.0	0.0	0.0	0.0	0.0	0.0	0.0	0.0	0.0	0.0	0.0077519	0.0	0.0	0.0	0.0	0.0	0.0	0.0	0.0117647	0.0	0.0	0.0107527	0.0	0.0	0.0	0.0	0.0	0.0	0.0	0.0	0.0	0.0181818	
Pinson des arbres	0.3157895	0.5833333	0.4411765	0.4067797	0.3589744	0.4509804	0.5362319	0.515625	0.6031746	0.5454545	0.65	0.4845361	0.5166667	0.4591837	0.4519231	0.447619	0.4536082	0.425	0.442623	0.4904762	0.3888889	0.4365079	0.4791667	0.3875	0.440367	0.4330709	0.4263566	0.3294798	0.245098	0.16	0.2264151	0.173913	0.1166667	0.25	0.1058824	0.1538462	0.2285714	0.311828	0.3592233	0.3333333	0.2352941	0.4516129	0.4285714	0.7647059	0.4545455	0.4242424	0.5789474	0.4181818	
Pinson du Nord	0.0	0.0	0.0	0.0	0.0	0.0015	0.0	0.0	0.0	0.0	0.0	0.0103093	0.0	0.0	0.0	0.0	0.0	0.0	0.0	0.0	0.0	0.0	0.0	0.0	0.0	0.0	0.0	0.0	0.0	0.0	0.0	0.0	0.0	0.0	0.0	0.0	0.0	0.0107527	0.0097087	0.0015	0.0294118	0.0322581	0.0	0.0588235	0.0	0.030303	0.0	0.0090909	
Grosbec casse-noyaux	0.0394737	0.0416667	0.0	0.0169492	0.0	0.0	0.0	0.078125	0.015873	0.030303	0.025	0.0309278	0.0	0.0	0.0	0.0	0.0	0.0	0.0081967	0.0047619	0.0	0.0	0.0104167	0.0	0.0	0.0	0.0077519	0.0	0.0098039	0.016	0.0	0.0108696	0.0	0.0	0.0015	0.0	0.0142857	0.0322581	0.0582524	0.045977	0.0294118	0.0	0.0357143	0.0	0.0	0.0	0.0	0.0272727	
Bouvreuil pivoine	0.0263158	0.0	0.0015	0.0	0.0	0.0392157	0.0869565	0.078125	0.0	0.0	0.05	0.0206186	0.0583333	0.0408163	0.0384615	0.0190476	0.0309278	0.025	0.057377	0.0333333	0.0432099	0.0634921	0.0104167	0.025	0.0091743	0.015748	0.0387597	0.0346821	0.0392157	0.032	0.0188679	0.0	0.0	0.0	0.0	0.010989	0.0142857	0.0215054	0.038835	0.045977	0.0588235	0.0322581	0.0	0.0	0.1363636	0.0	0.0526316	0.0363636	
Verdier d'Europe	0.0789474	0.125	0.0882353	0.1016949	0.1282051	0.0588235	0.1594203	0.203125	0.2063492	0.1818182	0.275	0.2474227	0.225	0.1836735	0.1826923	0.2190476	0.1752577	0.1416667	0.1721311	0.1714286	0.0987654	0.1507937	0.1666667	0.14375	0.146789	0.1653543	0.1472868	0.1676301	0.1470588	0.056	0.0943396	0.0326087	0.0166667	0.0681818	0.0470588	0.021978	0.0714286	0.0215054	0.0679612	0.091954	0.0588235	0.0967742	0.1428571	0.3529412	0.1818182	0.1818182	0.2631579	0.0909091	
Linotte mélodieuse	0.0657895	0.0416667	0.0015	0.0338983	0.025641	0.0196078	0.0434783	0.0625	0.0634921	0.1212121	0.15	0.2268041	0.3333333	0.2346939	0.4423077	0.352381	0.3608247	0.2833333	0.2377049	0.2666667	0.2098765	0.3174603	0.3125	0.25625	0.1926606	0.2440945	0.1937984	0.3236994	0.3529412	0.264	0.2264151	0.076087	0.0166667	0.1136364	0.0823529	0.1098901	0.0714286	0.0967742	0.1359223	0.1149425	0.0294118	0.0322581	0.0	0.0588235	0.0	0.0909091	0.0	0.0636364	
Sizerin flammé	0.0	0.0	0.0	0.0	0.0	0.0	0.0	0.0	0.0	0.0	0.025	0.0	0.0	0.0	0.0	0.0	0.0	0.0	0.0	0.0	0.0	0.0	0.0	0.0	0.0	0.0	0.0	0.0	0.0	0.0	0.0	0.0	0.0	0.0	0.0	0.0	0.0	0.0	0.0	0.0	0.0	0.0	0.0	0.0	0.0	0.0	0.0	0.0	
Bec-croisé des sapins	0.0	0.0	0.0	0.0169492	0.0	0.0	0.0	0.0	0.0	0.0	0.0	0.0	0.0	0.0	0.0	0.0	0.0	0.0	0.0	0.0	0.0061728	0.0	0.0	0.0	0.0	0.0	0.0	0.0	0.0	0.0	0.0	0.0	0.0	0.0	0.0	0.0	0.0	0.0	0.0	0.0	0.0	0.0	0.0	0.0	0.0	0.0	0.0	0.0	
Chardonneret élégant	0.0789474	0.0416667	0.0588235	0.0677966	0.0769231	0.0980392	0.0869565	0.125	0.1746032	0.1818182	0.375	0.257732	0.2416667	0.2346939	0.3269231	0.3142857	0.2783505	0.2583333	0.204918	0.2380952	0.1728395	0.3015873	0.3333333	0.2375	0.2293578	0.2283465	0.248062	0.2947977	0.2843137	0.192	0.254717	0.2065217	0.1666667	0.1818182	0.1411765	0.1318681	0.0714286	0.1290323	0.0970874	0.1149425	0.0588235	0.1935484	0.0357143	0.1176471	0.1363636	0.0606061	0.0526316	0.1	
Serin cini	0.0263158	0.0	0.0015	0.0	0.0	0.0	0.0144928	0.0	0.0015	0.0909091	0.075	0.1340206	0.0583333	0.0510204	0.0192308	0.047619	0.0618557	0.0833333	0.0491803	0.047619	0.037037	0.0793651	0.09375	0.04375	0.0458716	0.0787402	0.0620155	0.0520231	0.0490196	0.0	0.0188679	0.0	0.0	0.0	0.0117647	0.021978	0.0	0.0107527	0.0194175	0.0344828	0.0	0.0	0.0	0.0	0.0	0.0	0.0	0.0272727	
Tarin des aulnes	0.0131579	0.0	0.0	0.0	0.025641	0.0588235	0.0289855	0.03125	0.047619	0.0015	0.025	0.0103093	0.0	0.0015	0.0	0.0	0.0103093	0.0	0.0081967	0.0	0.0	0.0	0.0	0.0	0.0	0.007874	0.0	0.0015	0.0	0.0	0.0	0.0	0.0	0.0	0.0	0.0	0.0142857	0.0215054	0.038835	0.0574713	0.0015	0.0967742	0.0714286	0.0	0.0	0.0	0.0	0.0090909	
Bruant des neiges	0.0	0.0	0.0	0.0	0.0	0.0	0.0	0.0	0.0	0.0	0.0	0.0	0.0083333	0.0	0.0	0.0	0.0	0.0	0.0	0.0	0.0	0.0	0.0	0.0	0.0	0.0	0.0	0.0	0.0	0.0	0.0	0.0	0.0	0.0	0.0	0.0	0.0	0.0	0.0	0.0	0.0	0.0	0.0	0.0	0.0	0.0	0.0	0.0	
Bruant proyer	0.0	0.0	0.0	0.0	0.0	0.0196078	0.0	0.015625	0.0	0.0	0.0	0.0	0.0166667	0.0015	0.0015	0.0095238	0.0309278	0.025	0.0163934	0.0285714	0.0185185	0.015873	0.0104167	0.0125	0.0091743	0.015748	0.0077519	0.0115607	0.0	0.0	0.0	0.0	0.0	0.0	0.0	0.0015	0.0	0.0	0.0097087	0.0	0.0	0.0	0.0	0.0	0.0	0.0	0.0	0.0	
Bruant zizi	0.0131579	0.0	0.0	0.0	0.0	0.0196078	0.0289855	0.09375	0.0015	0.030303	0.025	0.0412371	0.0333333	0.0204082	0.0096154	0.0190476	0.0	0.0083333	0.0	0.0190476	0.0123457	0.0015	0.0416667	0.0015	0.0091743	0.0314961	0.0155039	0.0462428	0.0294118	0.04	0.0188679	0.0	0.0	0.0015	0.0	0.0	0.0	0.0107527	0.0194175	0.0229885	0.0015	0.0	0.0	0.0588235	0.0454545	0.0606061	0.0	0.0181818	
Bruant jaune	0.0394737	0.0	0.0	0.0	0.0	0.0	0.0144928	0.03125	0.0	0.0015	0.0	0.0206186	0.0083333	0.0102041	0.0288462	0.047619	0.0206186	0.0083333	0.0081967	0.0095238	0.0185185	0.0015	0.03125	0.025	0.0275229	0.0551181	0.0465116	0.0057803	0.0392157	0.0	0.0	0.0108696	0.0166667	0.0	0.0117647	0.010989	0.0142857	0.0107527	0.0291262	0.0229885	0.0	0.0	0.0	0.1176471	0.0	0.0	0.0	0.0181818	
Bruant ortolan	0.0	0.0	0.0	0.0	0.0	0.0	0.0	0.0	0.0	0.0	0.0	0.0	0.0	0.0	0.0	0.0	0.0	0.0	0.0	0.0	0.0	0.0	0.0	0.0	0.0	0.0	0.0	0.0	0.0	0.0	0.0	0.0108696	0.0	0.0	0.0	0.0	0.0	0.0	0.0	0.0	0.0	0.0	0.0	0.0	0.0	0.0	0.0	0.0	
Bruant des roseaux	0.0263158	0.0	0.0	0.0508475	0.0512821	0.0588235	0.0289855	0.03125	0.015873	0.0	0.025	0.0	0.0083333	0.0102041	0.0384615	0.0380952	0.0206186	0.0333333	0.0081967	0.0285714	0.0185185	0.0079365	0.0	0.0125	0.0	0.007874	0.0077519	0.0	0.0294118	0.016	0.009434	0.0434783	0.0	0.0227273	0.0	0.0	0.0	0.0215054	0.0291262	0.0344828	0.1470588	0.1290323	0.0714286	0.0	0.0	0.0606061	0.0	0.0272727	
passereau sp.	0.0	0.0	0.0	0.0	0.0	0.0	0.0	0.109375	0.031746	0.0	0.0	0.0	0.0166667	0.0306122	0.0096154	0.0095238	0.0206186	0.0	0.0081967	0.0142857	0.0	0.015873	0.0	0.0	0.0	0.0	0.0775194	0.0404624	0.0	0.008	0.0	0.0	0.0	0.0454545	0.0	0.010989	0.0	0.0107527	0.0	0.0	0.0294118	0.0	0.0	0.0	0.0	0.0	0.0	0.0090909	
oiseau sp.	0.0	0.0	0.0	0.0	0.0	0.0	0.0	0.0	0.0	0.0	0.0	0.0	0.0	0.0	0.0	0.0	0.0	0.0	0.0	0.0	0.0	0.0	0.0	0.0	0.0	0.0	0.0	0.0	0.0	0.0	0.0	0.0	0.0	0.0	0.0	0.010989	0.0	0.0	0.0	0.0	0.0	0.0	0.0	0.0	0.0	0.0	0.0	0.0	

