









Frequency of observations in the selected location(s).:
Number of taxa: 	270

	Jan				Feb				Mar				Apr				May				Jun				Jul				Aug				Sep				Oct				Nov				Dec				
Sample Size:	265.0	206.0	12.0	4.0	14.0	7.0	8.0	15.0	2.0	10.0	4.0	41.0	39.0	67.0	80.0	119.0	162.0	109.0	81.0	154.0	71.0	98.0	49.0	76.0	81.0	124.0	71.0	125.0	112.0	73.0	103.0	130.0	79.0	75.0	127.0	90.0	63.0	33.0	20.0	42.0	25.0	15.0	15.0	18.0	13.0	10.0	24.0	95.0	

Tadorne de Belon	0.0377358	0.0485437	0.0833333	0.0	0.0015	0.0	0.25	0.0666667	0.0	0.0	0.0	0.0015	0.0512821	0.0298507	0.05	0.092437	0.0061728	0.0091743	0.0123457	0.038961	0.028169	0.0102041	0.0204082	0.0	0.037037	0.016129	0.0140845	0.032	0.0	0.0136986	0.0	0.0015	0.0253165	0.0	0.0015	0.0015	0.0	0.0	0.0	0.0	0.0	0.0	0.0666667	0.0	0.1538462	0.1	0.0	0.0105263	
Sarcelle d'été	0.0	0.0	0.0	0.0	0.0	0.0	0.0	0.0666667	0.0	0.0	0.0	0.0	0.0512821	0.0597015	0.0125	0.0	0.0	0.0	0.0	0.0	0.0	0.0	0.0	0.0	0.0	0.0	0.0	0.0	0.0	0.0	0.0097087	0.0076923	0.0	0.0	0.007874	0.0	0.0	0.0	0.0	0.0	0.0	0.0	0.0	0.0	0.0	0.0	0.0	0.0	
Canard souchet	0.0037736	0.0097087	0.0	0.0	0.0	0.0	0.0	0.0	0.0	0.0	0.0	0.0	0.025641	0.0149254	0.025	0.0	0.0	0.0	0.0	0.0	0.0	0.0	0.0	0.0	0.0	0.0	0.0	0.0	0.0	0.0	0.0015	0.0076923	0.0	0.0015	0.0	0.0111111	0.0	0.0	0.0015	0.0	0.0	0.0	0.0	0.0	0.0769231	0.1	0.0833333	0.0	
Canard chipeau	0.0037736	0.0048544	0.0	0.0	0.0	0.0	0.0	0.0	0.0	0.0	0.0	0.0	0.0	0.0	0.0	0.0	0.0	0.0	0.0	0.0	0.0	0.0	0.0	0.0	0.0	0.0	0.0	0.0	0.0	0.0	0.0	0.0	0.0	0.0	0.0	0.0015	0.0	0.0	0.0	0.0	0.0	0.0	0.0	0.0	0.0	0.0	0.0	0.0	
Canard siffleur	0.0	0.0	0.0	0.25	0.0714286	0.0	0.0	0.0666667	0.0	0.0	0.0	0.0	0.0	0.0149254	0.0	0.0	0.0	0.0	0.0	0.0	0.0	0.0	0.0	0.0	0.0	0.0	0.0	0.0	0.0	0.0	0.0	0.0	0.0	0.0	0.0	0.0	0.0	0.0	0.0	0.0	0.0	0.0	0.0	0.0	0.1538462	0.0	0.0	0.0	
Canard colvert	0.0528302	0.0728155	0.25	0.0	0.0015	0.0	0.125	0.0666667	0.0	0.1	0.0	0.0015	0.0769231	0.0447761	0.1	0.0336134	0.0123457	0.0550459	0.0246914	0.012987	0.0422535	0.0510204	0.0	0.0263158	0.0617284	0.0403226	0.0140845	0.048	0.0089286	0.0	0.038835	0.0307692	0.0506329	0.04	0.0708661	0.0888889	0.031746	0.0606061	0.05	0.047619	0.0	0.0	0.0666667	0.0	0.1538462	0.3	0.1666667	0.0210526	
Canard pilet	0.0075472	0.0097087	0.0	0.0	0.0	0.0	0.0	0.0	0.0	0.0	0.0	0.0	0.0	0.0	0.0	0.0	0.0	0.0	0.0	0.0	0.0	0.0	0.0	0.0	0.0	0.0	0.0	0.0	0.0	0.0	0.0	0.0	0.0	0.0	0.0	0.0	0.0	0.0	0.0	0.0	0.0	0.0	0.0	0.0	0.0	0.0	0.0	0.0	
Sarcelle d'hiver	0.0226415	0.0339806	0.0	0.25	0.0714286	0.0	0.0015	0.0666667	0.0	0.0	0.0	0.0243902	0.025641	0.0298507	0.0375	0.0	0.0	0.0	0.0	0.0	0.0	0.0	0.0	0.0	0.0	0.0	0.0	0.0	0.0	0.0	0.0291262	0.0153846	0.0126582	0.0266667	0.0314961	0.0333333	0.0	0.0	0.0	0.0	0.0	0.0	0.0	0.0	0.0	0.0015	0.125	0.0421053	
anatidé sp. (canard barboteur sp.)	0.0	0.0	0.0	0.0	0.0	0.0	0.0	0.0	0.0	0.0	0.0	0.0	0.0	0.0	0.0	0.0	0.0	0.0	0.0	0.0	0.0	0.0	0.0	0.0	0.0	0.0	0.0	0.0	0.0	0.0	0.0	0.0	0.0	0.0	0.0	0.0111111	0.0	0.0	0.0	0.0	0.0	0.0	0.0	0.0	0.0	0.0	0.0	0.0	
Nette rousse	0.0	0.0	0.0	0.0	0.0	0.0	0.0	0.0	0.0	0.0	0.0	0.0015	0.025641	0.0	0.025	0.0	0.0	0.0	0.0123457	0.0	0.0	0.0	0.0	0.0	0.0123457	0.0	0.0	0.016	0.0	0.0136986	0.0	0.0015	0.0	0.0	0.0	0.0	0.0	0.0	0.0	0.0	0.0	0.0	0.0	0.0	0.0	0.0	0.0	0.0	
Fuligule milouin	0.0	0.0	0.0	0.25	0.0	0.0	0.0	0.0	0.0	0.0	0.0	0.0	0.0	0.0	0.0	0.0	0.0	0.0091743	0.0	0.0	0.0	0.0	0.0	0.0	0.0	0.0	0.0	0.0015	0.0	0.0	0.0097087	0.0153846	0.0	0.0	0.0	0.0	0.0	0.0	0.0	0.0	0.0	0.0	0.0	0.0	0.0	0.0	0.0	0.0	
Fuligule nyroca	0.0	0.0	0.0	0.0	0.0	0.0	0.0	0.0	0.0	0.0	0.0	0.0	0.025641	0.0	0.0	0.0	0.0	0.0	0.0	0.0	0.0	0.0	0.0	0.0	0.0	0.0	0.0	0.0	0.0	0.0	0.0	0.0	0.0	0.0133333	0.0	0.0	0.0	0.0	0.0	0.0	0.0	0.0	0.0	0.0	0.0	0.0	0.0	0.0	
Fuligule morillon	0.0037736	0.0	0.0	0.0	0.0	0.0	0.0	0.0	0.0	0.0	0.0	0.0	0.0	0.0	0.0	0.0	0.0	0.0	0.0	0.0	0.0	0.0	0.0	0.0	0.0	0.0	0.0	0.0	0.0	0.0	0.0	0.0	0.0	0.0	0.0	0.0	0.0	0.0	0.0	0.0	0.0	0.0	0.0	0.0	0.0	0.0	0.0	0.0	
anatidé sp. (canard sp.)	0.0	0.0	0.0	0.0	0.0	0.0	0.0	0.0	0.0	0.0	0.0	0.0	0.0	0.0	0.0	0.0	0.0	0.0	0.0	0.0	0.0	0.0	0.0	0.0	0.0	0.0	0.0	0.0	0.0	0.0	0.0	0.0	0.0126582	0.0	0.0	0.0	0.0	0.0	0.0	0.0	0.0	0.0	0.0	0.0	0.0	0.0	0.0	0.0	
Colin de Californie	0.0	0.0	0.0	0.0	0.0	0.0	0.0	0.0	0.0	0.0	0.0	0.0	0.0	0.0	0.0	0.0	0.0	0.0	0.0	0.0	0.0	0.0	0.0	0.0	0.0	0.0	0.0	0.0	0.0	0.0015	0.0	0.0	0.0	0.0	0.0	0.0	0.0	0.0	0.0	0.0	0.0	0.0	0.0	0.0	0.0	0.0	0.0	0.0	
Faisan de Colchide	0.0	0.0	0.0	0.0	0.0	0.0	0.0	0.0	0.0	0.0	0.0	0.0	0.0	0.0149254	0.0	0.0	0.0	0.0091743	0.0	0.0	0.0	0.0	0.0	0.0	0.0246914	0.0403226	0.0	0.0	0.0	0.0	0.0	0.0	0.0	0.0133333	0.0	0.0	0.0	0.0	0.0	0.0	0.0	0.0	0.0	0.0	0.0	0.0	0.0	0.0	
Caille des blés	0.0	0.0	0.0	0.0	0.0	0.0	0.0	0.0	0.0	0.0	0.0	0.0	0.0	0.0	0.0	0.0	0.0	0.0	0.0123457	0.0015	0.0015	0.0204082	0.0204082	0.0131579	0.0123457	0.0015	0.028169	0.024	0.0	0.0	0.0	0.0	0.0	0.0	0.0	0.0	0.0	0.0	0.0	0.0	0.0	0.0	0.0	0.0	0.0	0.0	0.0	0.0	
Perdrix rouge	0.0	0.0048544	0.0	0.0	0.0	0.0	0.125	0.0	0.0	0.0	0.0	0.0243902	0.025641	0.0447761	0.05	0.0168067	0.0123457	0.0183486	0.0123457	0.0454545	0.0140845	0.0204082	0.0015	0.0	0.0123457	0.0080645	0.028169	0.008	0.0089286	0.0273973	0.0194175	0.0461538	0.0126582	0.0133333	0.023622	0.0222222	0.047619	0.030303	0.1	0.047619	0.0	0.0	0.0	0.0015	0.0769231	0.0015	0.0015	0.0015	
Pigeon biset	0.0339623	0.0436893	0.0833333	0.25	0.0714286	0.0015	0.125	0.0666667	0.0	0.3	0.25	0.195122	0.2051282	0.1641791	0.0875	0.1428571	0.117284	0.0825688	0.1234568	0.0909091	0.1408451	0.1530612	0.0612245	0.1710526	0.1358025	0.1774194	0.1408451	0.152	0.125	0.0684932	0.0873786	0.2076923	0.1392405	0.0933333	0.0944882	0.1111111	0.1269841	0.1515152	0.25	0.1428571	0.0	0.0666667	0.0666667	0.0555556	0.1538462	0.2	0.125	0.0736842	
Pigeon colombin	0.0	0.0	0.0	0.0	0.0	0.0	0.0	0.0	0.0	0.0	0.0	0.0	0.0	0.0	0.0	0.0	0.0	0.0	0.0	0.0	0.0	0.0	0.0	0.0	0.0	0.0	0.0	0.0	0.0	0.0	0.0	0.0076923	0.0126582	0.0	0.015748	0.0	0.015873	0.0	0.0	0.0952381	0.0	0.0	0.0	0.0	0.0	0.0	0.0416667	0.0	
Pigeon ramier	0.0679245	0.0776699	0.0833333	0.0015	0.0015	0.0015	0.125	0.0666667	0.0	0.2	0.0	0.1707317	0.1025641	0.1492537	0.075	0.092437	0.0679012	0.0366972	0.0740741	0.1038961	0.056338	0.0816327	0.0816327	0.1052632	0.0864198	0.0645161	0.028169	0.08	0.0267857	0.0410959	0.1067961	0.0923077	0.0759494	0.0266667	0.0708661	0.0444444	0.0634921	0.2121212	0.45	0.2380952	0.12	0.1333333	0.2	0.0555556	0.0769231	0.0015	0.125	0.0421053	
Columba sp.	0.0	0.0	0.0	0.0	0.0	0.0	0.0	0.0	0.0	0.0	0.0	0.0	0.0	0.0	0.0	0.0	0.0	0.0	0.0	0.0	0.0	0.0	0.0	0.0	0.0	0.0	0.0	0.0	0.0	0.0	0.0	0.0	0.0	0.0133333	0.0	0.0	0.0	0.0	0.0	0.0	0.0	0.0	0.0	0.0	0.0	0.0	0.0	0.0	
Tourterelle des bois	0.0	0.0	0.0	0.0	0.0	0.0	0.0	0.0	0.0	0.0	0.0	0.0	0.0	0.0149254	0.0125	0.0672269	0.0555556	0.1376147	0.1111111	0.0714286	0.0704225	0.0306122	0.0612245	0.1447368	0.1358025	0.0806452	0.0422535	0.0015	0.0089286	0.0136986	0.0015	0.0461538	0.0126582	0.0015	0.007874	0.0111111	0.0015	0.0	0.0015	0.0	0.0	0.0	0.0	0.0	0.0	0.0	0.0	0.0	
Tourterelle turque	0.1773585	0.1262136	0.0833333	0.25	0.1428571	0.2857143	0.0015	0.2666667	0.0	0.4	0.25	0.3658537	0.3846154	0.4179104	0.4625	0.3445378	0.2592593	0.3577982	0.4197531	0.2662338	0.3239437	0.3265306	0.1836735	0.3815789	0.2962963	0.3387097	0.2112676	0.296	0.1785714	0.2739726	0.2524272	0.3	0.2531646	0.2933333	0.2204724	0.1777778	0.1428571	0.3636364	0.15	0.3095238	0.32	0.3333333	0.2666667	0.2777778	0.2307692	0.2	0.0833333	0.2210526	
Streptopelia sp.	0.0	0.0	0.0	0.0	0.0	0.0	0.0	0.0	0.0	0.0	0.0	0.0	0.0	0.0	0.0	0.0	0.0	0.0	0.0	0.0	0.0	0.0	0.0	0.0	0.0	0.0	0.0	0.0	0.0	0.0	0.0	0.0015	0.0	0.0	0.0	0.0	0.0	0.0	0.0	0.0	0.0	0.0	0.0	0.0	0.0	0.0	0.0	0.0	
Coucou gris	0.0	0.0	0.0	0.0	0.0	0.0	0.0	0.0	0.0	0.0	0.0	0.0	0.0	0.0746269	0.1125	0.1428571	0.1234568	0.1743119	0.1358025	0.2012987	0.1267606	0.0510204	0.0816327	0.0657895	0.037037	0.0080645	0.0	0.0	0.0	0.0	0.0	0.0	0.0	0.0	0.0	0.0	0.0	0.0	0.0	0.0	0.0	0.0	0.0	0.0	0.0	0.0	0.0	0.0	
Engoulevent d'Europe	0.0	0.0	0.0	0.0	0.0	0.0	0.0	0.0	0.0	0.0	0.0	0.0	0.0	0.0	0.0	0.0084034	0.0061728	0.0015	0.0123457	0.0194805	0.028169	0.0408163	0.0612245	0.0131579	0.0617284	0.0483871	0.0140845	0.0015	0.0089286	0.0136986	0.0097087	0.0307692	0.0015	0.0133333	0.0015	0.0015	0.0	0.0	0.0	0.0	0.0	0.0	0.0	0.0	0.0	0.0	0.0	0.0	
Martinet à ventre blanc	0.0	0.0	0.0	0.0	0.0	0.0	0.0	0.0	0.0	0.0	0.0015	0.0243902	0.1282051	0.0447761	0.075	0.1428571	0.0987654	0.0642202	0.1358025	0.1168831	0.0985915	0.0918367	0.1632653	0.1052632	0.1111111	0.1693548	0.1126761	0.104	0.0535714	0.0821918	0.0485437	0.0846154	0.0253165	0.0266667	0.015748	0.0222222	0.015873	0.0	0.1	0.0	0.0	0.0	0.0	0.0	0.0	0.0	0.0	0.0	
Martinet noir	0.0	0.0	0.0	0.0	0.0	0.0	0.0	0.0	0.0	0.0	0.0	0.0	0.0015	0.358209	0.2375	0.3529412	0.2839506	0.3486239	0.2962963	0.2857143	0.3380282	0.377551	0.1632653	0.3289474	0.2345679	0.2258065	0.1690141	0.152	0.0892857	0.0821918	0.0679612	0.0615385	0.0253165	0.0133333	0.007874	0.0222222	0.0	0.0	0.0	0.0	0.0	0.0	0.0	0.0	0.0	0.0	0.0	0.0	
Martinet pâle	0.0	0.0	0.0	0.0	0.0	0.0	0.0	0.0	0.0	0.0	0.0	0.0	0.0	0.0015	0.025	0.0756303	0.0308642	0.0091743	0.0617284	0.0519481	0.056338	0.0102041	0.0015	0.0657895	0.037037	0.0483871	0.0422535	0.04	0.0892857	0.0684932	0.0485437	0.0384615	0.0379747	0.04	0.023622	0.0	0.047619	0.0	0.0015	0.0	0.0	0.0	0.0	0.0	0.0	0.0	0.0	0.0	
Martinet noir ou M. pâle	0.0	0.0	0.0	0.0	0.0	0.0	0.0	0.0	0.0	0.0	0.0	0.0015	0.025641	0.0	0.0	0.0084034	0.0	0.0	0.0	0.0064935	0.0422535	0.0102041	0.0408163	0.0131579	0.0123457	0.016129	0.0	0.008	0.0178571	0.0	0.0	0.0076923	0.0126582	0.0	0.0	0.0	0.0	0.0	0.0	0.0	0.0	0.0	0.0	0.0	0.0	0.0	0.0	0.0	
Apus ou Tachymarptis sp.	0.0	0.0	0.0	0.0	0.0	0.0	0.0	0.0	0.0	0.0	0.0	0.0	0.0	0.0	0.0	0.0	0.0	0.0	0.0	0.0	0.0	0.0	0.0	0.0	0.0	0.0015	0.0	0.0	0.0	0.0136986	0.0097087	0.0076923	0.0126582	0.0	0.007874	0.0111111	0.0	0.0	0.0	0.0	0.04	0.0	0.0	0.0	0.0	0.0	0.0	0.0	
apodidé sp.	0.0	0.0	0.0	0.0	0.0	0.0	0.0	0.0	0.0	0.0	0.0	0.0243902	0.0	0.0	0.0	0.0	0.0	0.0	0.0	0.0	0.0	0.0102041	0.0	0.0	0.0015	0.0080645	0.0	0.0	0.0	0.0	0.0	0.0	0.0	0.0	0.007874	0.0111111	0.0	0.0	0.0	0.0	0.0	0.0	0.0	0.0	0.0	0.0	0.0	0.0	
Râle d'eau	0.0188679	0.0145631	0.0	0.25	0.0	0.0	0.0015	0.0	0.0	0.0	0.0	0.0	0.0	0.0	0.0015	0.0	0.0	0.0091743	0.0	0.0	0.0	0.0	0.0	0.0	0.0123457	0.0	0.0140845	0.0015	0.0	0.0	0.0194175	0.0153846	0.0253165	0.0266667	0.023622	0.0111111	0.0	0.1212121	0.0015	0.0714286	0.0	0.0	0.0	0.0	0.0015	0.0	0.0	0.0	
Marouette ponctuée	0.0	0.0	0.0	0.0	0.0	0.0	0.0	0.0	0.0	0.0	0.0	0.0	0.0	0.0	0.0125	0.0	0.0	0.0	0.0	0.0	0.0	0.0	0.0	0.0	0.0	0.0	0.0	0.0	0.0	0.0	0.0	0.0	0.0	0.0	0.0	0.0	0.0	0.0	0.0	0.0	0.0	0.0	0.0	0.0	0.0	0.0	0.0	0.0	
Gallinule africaine	0.0	0.0	0.0	0.0	0.0	0.0	0.0	0.0	0.0	0.2	0.0	0.0	0.0	0.0	0.0	0.0	0.0	0.0	0.0	0.0	0.0	0.0	0.0	0.0	0.0	0.0	0.0	0.0	0.0	0.0	0.0	0.0	0.0	0.0	0.0	0.0	0.0	0.0	0.0	0.0	0.0	0.0	0.0	0.0	0.0	0.0	0.0	0.0	
Gallinule poule-d'eau	0.0377358	0.0533981	0.0	0.25	0.0015	0.1428571	0.0015	0.0	0.0	0.3	0.0	0.0243902	0.0769231	0.1044776	0.05	0.0336134	0.0246914	0.0550459	0.0246914	0.012987	0.0422535	0.0306122	0.0	0.0263158	0.0864198	0.016129	0.0140845	0.056	0.0178571	0.0	0.038835	0.0230769	0.0379747	0.0533333	0.0629921	0.0333333	0.0952381	0.0909091	0.05	0.0714286	0.04	0.0	0.0	0.0555556	0.2307692	0.4	0.1666667	0.0631579	
Foulque macroule	0.045283	0.0485437	0.1666667	0.25	0.0714286	0.1428571	0.125	0.0666667	0.0	0.1	0.0	0.0243902	0.0769231	0.1641791	0.1875	0.0420168	0.0308642	0.0917431	0.0617284	0.0324675	0.0704225	0.0408163	0.0	0.0657895	0.0617284	0.0322581	0.0140845	0.048	0.0089286	0.0136986	0.0485437	0.0230769	0.0	0.0666667	0.023622	0.0444444	0.031746	0.030303	0.0	0.0714286	0.0	0.0	0.0	0.0555556	0.1538462	0.1	0.125	0.0210526	
Marouette poussin	0.0	0.0	0.0	0.0	0.0	0.0	0.0	0.0	0.0	0.0	0.0	0.0	0.0	0.0	0.0	0.0084034	0.0	0.0	0.0	0.0	0.0	0.0	0.0	0.0	0.0	0.0	0.0	0.0	0.0	0.0	0.0	0.0	0.0	0.0	0.0	0.0	0.0	0.0	0.0	0.0	0.0	0.0	0.0	0.0	0.0	0.0	0.0	0.0	
Grue cendrée	0.0	0.0048544	0.0	0.0	0.0	0.0	0.0	0.0	0.0	0.0	0.0	0.0	0.0	0.0	0.0	0.0	0.0	0.0	0.0	0.0	0.0	0.0	0.0	0.0	0.0	0.0	0.0	0.0	0.0	0.0	0.0	0.0	0.0	0.0	0.0	0.0	0.0	0.0	0.0	0.0	0.04	0.0015	0.0	0.0	0.0	0.0	0.0	0.0	
Oedicnème criard	0.0	0.0	0.0	0.0	0.0	0.0	0.0	0.0	0.0	0.0	0.0	0.0243902	0.0015	0.0015	0.0	0.0	0.0	0.0091743	0.0123457	0.0015	0.0140845	0.0	0.0	0.0015	0.0015	0.0080645	0.0140845	0.0015	0.0089286	0.0	0.0097087	0.0076923	0.0126582	0.0	0.007874	0.0111111	0.0	0.0	0.0	0.0	0.0	0.0	0.0	0.0	0.0	0.0	0.0	0.0	
Échasse blanche	0.0	0.0	0.0	0.0	0.0	0.0	0.0	0.0	0.0	0.0	0.0	0.0243902	0.025641	0.0597015	0.1125	0.1092437	0.0185185	0.0091743	0.0123457	0.0194805	0.056338	0.0204082	0.0204082	0.0263158	0.0246914	0.0322581	0.0704225	0.104	0.0178571	0.0410959	0.0776699	0.0153846	0.0379747	0.0133333	0.0	0.0015	0.015873	0.030303	0.0	0.0	0.0	0.0	0.0	0.0	0.0	0.0	0.0	0.0	
Avocette élégante	0.0	0.0	0.0	0.0	0.0	0.0	0.0	0.0	0.0	0.0	0.0	0.0	0.0	0.0015	0.0	0.0	0.0	0.0	0.0	0.0	0.0	0.0	0.0	0.0	0.0	0.0	0.0	0.0	0.0	0.0136986	0.0097087	0.0076923	0.0	0.0	0.0	0.0	0.0	0.0	0.0	0.0015	0.0	0.0	0.0	0.0	0.0	0.0	0.0	0.0	
Huîtrier pie	0.0	0.0	0.0	0.0	0.0	0.0	0.0	0.0	0.5	0.0	0.0	0.0	0.0769231	0.0149254	0.0125	0.0084034	0.0	0.0	0.0015	0.0	0.0	0.0	0.0	0.0	0.0	0.0	0.0140845	0.0	0.0	0.0	0.0	0.0	0.0	0.0	0.0	0.0	0.0	0.0	0.0	0.0	0.0	0.0	0.0	0.0	0.0	0.0	0.0	0.0	
Pluvier argenté	0.0	0.0	0.0	0.0	0.0	0.0	0.0	0.0	0.0	0.0	0.0	0.0	0.0	0.0	0.0	0.0	0.0	0.0	0.0	0.0	0.0	0.0	0.0	0.0	0.0	0.0	0.0	0.0	0.0	0.0	0.0	0.0	0.0	0.0	0.0	0.0111111	0.0	0.0	0.0	0.0	0.0	0.0	0.0	0.0	0.0	0.0	0.0	0.0	
Guignard d’Eurasie	0.0	0.0	0.0	0.0	0.0	0.0	0.0	0.0	0.0	0.0	0.0	0.0	0.0	0.0	0.0	0.0	0.0	0.0	0.0	0.0	0.0	0.0	0.0	0.0	0.0	0.0	0.0	0.0	0.0	0.0	0.0	0.0015	0.0253165	0.0	0.0	0.0	0.0	0.0	0.0	0.0	0.0	0.0	0.0	0.0	0.0	0.0	0.0	0.0	
Grand Gravelot	0.0	0.0	0.0	0.0	0.0	0.0	0.0	0.0	0.0	0.0	0.0	0.0243902	0.0	0.0149254	0.0	0.0084034	0.0	0.0642202	0.0123457	0.0064935	0.0	0.0	0.0	0.0	0.0	0.0	0.0	0.0	0.0	0.0	0.0	0.0076923	0.0	0.0133333	0.007874	0.0111111	0.0	0.0	0.0015	0.0	0.0	0.0	0.0	0.0	0.0	0.0	0.0	0.0	
Petit Gravelot	0.0	0.0	0.0	0.0	0.0	0.0	0.0	0.0	0.0	0.0015	0.0	0.0	0.0769231	0.0597015	0.0875	0.1008403	0.037037	0.0642202	0.0617284	0.012987	0.0	0.0306122	0.0204082	0.0657895	0.0123457	0.0080645	0.056338	0.024	0.0089286	0.0	0.0097087	0.0	0.0126582	0.0	0.0	0.0	0.0	0.0	0.0	0.0	0.0	0.0	0.0	0.0	0.0	0.0	0.0	0.0	
Vanneau huppé	0.0415094	0.0339806	0.0	0.0	0.0	0.0	0.125	0.0	0.0	0.0	0.0	0.0	0.0	0.0	0.0	0.0084034	0.0	0.0	0.0	0.0	0.0	0.0	0.0	0.0	0.0	0.0	0.0	0.0	0.0	0.0	0.0	0.0	0.0	0.0	0.0	0.0	0.0	0.0015	0.0015	0.0238095	0.04	0.0	0.0666667	0.0	0.1538462	0.0	0.0416667	0.0015	
Gravelot à collier interrompu	0.0	0.0	0.0	0.0	0.0	0.0	0.0	0.0	0.0	0.0	0.0	0.0	0.025641	0.0015	0.0	0.0	0.0	0.0	0.0	0.0	0.0	0.0	0.0	0.0	0.0	0.0	0.0	0.0	0.0	0.0	0.0	0.0	0.0	0.0	0.0	0.0	0.0	0.0	0.0	0.0	0.0	0.0	0.0	0.0	0.0	0.0	0.0	0.0	
Charadriidae sp.	0.0	0.0	0.0	0.0	0.0	0.0	0.0	0.0	0.0	0.0	0.0	0.0	0.0	0.0	0.0	0.0	0.0	0.0	0.0	0.0	0.0	0.0	0.0	0.0	0.0	0.0	0.0	0.0	0.0	0.0	0.0	0.0	0.0	0.0	0.0	0.0	0.0	0.0	0.0	0.0	0.0	0.0	0.0	0.0	0.0	0.0	0.0416667	0.0	
Courlis corlieu	0.0	0.0	0.0	0.0	0.0	0.0	0.0	0.0	0.0	0.0	0.0	0.0	0.0	0.0	0.0	0.0084034	0.0	0.0	0.0	0.0	0.0	0.0	0.0	0.0	0.0	0.0	0.0	0.0	0.0	0.0	0.0	0.0	0.0126582	0.0	0.0	0.0	0.0	0.0	0.0	0.0	0.0	0.0	0.0	0.0	0.0	0.0	0.0	0.0	
Courlis cendré	0.0	0.0	0.0	0.0	0.0	0.0	0.0	0.0	0.0	0.0	0.0015	0.0	0.0	0.0015	0.0	0.0	0.0	0.0	0.0	0.0	0.0	0.0	0.0	0.0	0.0	0.0	0.0	0.0	0.0	0.0	0.0	0.0	0.0	0.0	0.0	0.0	0.0	0.0	0.0015	0.0	0.0	0.0	0.0	0.0	0.0	0.0	0.0	0.0	
Bécassine sourde	0.0	0.0	0.0	0.0	0.0	0.0	0.0015	0.0	0.0	0.0	0.0	0.0	0.0	0.0	0.0	0.0	0.0	0.0	0.0	0.0	0.0	0.0	0.0	0.0	0.0	0.0	0.0	0.0	0.0	0.0	0.0	0.0	0.0	0.0	0.0	0.0	0.0	0.0	0.0	0.0	0.0	0.0	0.0	0.0	0.0	0.0	0.0	0.0	
Bécasse des bois	0.0	0.0	0.0	0.0	0.0	0.0	0.0	0.0	0.0	0.0	0.0	0.0	0.0	0.0	0.0	0.0	0.0	0.0	0.0	0.0	0.0	0.0	0.0	0.0	0.0	0.0	0.0	0.0	0.0	0.0	0.0	0.0	0.0	0.0	0.0	0.0	0.0	0.0	0.0	0.0238095	0.0	0.0	0.0	0.0	0.0	0.0	0.0	0.0	
Bécassine des marais	0.0226415	0.0097087	0.0	0.0	0.0	0.0	0.125	0.0	0.0	0.0	0.0	0.0243902	0.0	0.0298507	0.0125	0.0	0.0	0.0091743	0.0	0.0	0.0	0.0	0.0	0.0	0.0	0.0	0.0	0.0	0.0	0.0	0.0097087	0.0	0.0	0.04	0.015748	0.0	0.015873	0.0	0.05	0.0	0.04	0.0	0.0666667	0.0	0.0	0.0015	0.125	0.0210526	
Chevalier guignette	0.1018868	0.1019417	0.0833333	0.0	0.0714286	0.0	0.25	0.0666667	0.0	0.0	0.0	0.0243902	0.025641	0.0597015	0.0875	0.1260504	0.0555556	0.0917431	0.0	0.0	0.0	0.0	0.0	0.0	0.0123457	0.016129	0.0704225	0.12	0.0446429	0.0410959	0.0679612	0.0230769	0.0886076	0.0933333	0.0314961	0.1111111	0.0634921	0.1212121	0.05	0.047619	0.24	0.0	0.1333333	0.0555556	0.3846154	0.5	0.2916667	0.0736842	
Chevalier culblanc	0.0037736	0.0	0.0	0.0	0.0	0.0	0.0	0.0	0.0	0.1	0.0	0.0243902	0.0512821	0.0298507	0.025	0.0	0.0	0.0	0.0	0.0015	0.0	0.0	0.0	0.0015	0.0015	0.0080645	0.028169	0.008	0.0	0.0015	0.0194175	0.0153846	0.0253165	0.0	0.015748	0.0111111	0.015873	0.0	0.0	0.0	0.0	0.0	0.0666667	0.0	0.0	0.0	0.0	0.0	
Chevalier sylvain	0.0	0.0	0.0	0.0	0.0	0.0	0.0	0.0	0.0	0.0	0.0	0.0	0.025641	0.0746269	0.075	0.092437	0.0185185	0.0091743	0.0	0.0	0.0	0.0	0.0	0.0	0.0	0.0015	0.0422535	0.048	0.0	0.0	0.0291262	0.0153846	0.0126582	0.0	0.0	0.0111111	0.0	0.0	0.0	0.0	0.0	0.0	0.0	0.0	0.0	0.0	0.0	0.0	
Chevalier gambette	0.0	0.0	0.0	0.0	0.0	0.0	0.0	0.0	0.0	0.0	0.0	0.0	0.0	0.0	0.0125	0.0	0.0185185	0.0275229	0.0	0.0064935	0.0	0.0	0.0	0.0	0.0	0.0	0.0140845	0.008	0.0	0.0015	0.0194175	0.0076923	0.0	0.0	0.0015	0.0	0.0	0.0	0.0	0.0	0.0	0.0	0.0	0.0	0.0	0.0	0.0	0.0	
Chevalier arlequin	0.0075472	0.0	0.0	0.0	0.0	0.0	0.0	0.0	0.0	0.0	0.0	0.0	0.0	0.0149254	0.0125	0.0084034	0.0015	0.0	0.0	0.0	0.0	0.0	0.0	0.0	0.0	0.0	0.0	0.0	0.0	0.0	0.0	0.0	0.0253165	0.0	0.0	0.0	0.0	0.0	0.0	0.0	0.0	0.0	0.0	0.0	0.0	0.0	0.0	0.0	
Chevalier aboyeur	0.0490566	0.038835	0.0833333	0.0	0.0714286	0.0	0.125	0.0	0.5	0.0	0.0	0.0	0.0	0.0149254	0.075	0.0756303	0.0061728	0.0183486	0.0	0.0	0.0	0.0	0.0	0.0	0.0	0.0	0.028169	0.04	0.0089286	0.0136986	0.0679612	0.0076923	0.0379747	0.0266667	0.023622	0.0666667	0.047619	0.1212121	0.05	0.0	0.16	0.0	0.1333333	0.0555556	0.3076923	0.1	0.125	0.0526316	
Tournepierre à collier	0.0	0.0	0.0	0.0	0.0	0.0	0.0	0.0	0.0	0.0	0.0	0.0	0.0	0.0	0.0	0.0	0.0	0.0	0.0	0.0	0.0	0.0	0.0	0.0	0.0	0.0	0.0	0.0	0.0089286	0.0	0.0	0.0	0.0	0.0	0.0015	0.0	0.0	0.0	0.0	0.0	0.0	0.0	0.0	0.0	0.0	0.0	0.0	0.0	
Combattant varié	0.0	0.0	0.0	0.0	0.0	0.0	0.0	0.0	0.0	0.0	0.0	0.0	0.0	0.0149254	0.0	0.0252101	0.0	0.0275229	0.0	0.0	0.0	0.0	0.0	0.0	0.0	0.0	0.0	0.0	0.0	0.0015	0.0	0.0	0.0	0.0	0.0	0.0	0.0	0.0	0.0	0.0	0.0	0.0	0.0	0.0	0.0	0.0	0.0	0.0	
Bécasseau cocorli	0.0	0.0	0.0	0.0	0.0	0.0	0.0	0.0	0.0	0.0	0.0	0.0	0.0	0.0	0.0	0.0168067	0.0123457	0.0275229	0.0015	0.0	0.0	0.0	0.0	0.0	0.0	0.0	0.0	0.016	0.0	0.0136986	0.0	0.0	0.0253165	0.0	0.0	0.0111111	0.0	0.0	0.0	0.0	0.0	0.0	0.0	0.0	0.0	0.0	0.0	0.0	
Bécasseau de Temminck	0.0	0.0	0.0	0.0	0.0	0.0	0.0	0.0	0.0	0.0	0.0	0.0	0.0	0.0	0.0	0.0252101	0.0	0.0	0.0	0.0	0.0	0.0	0.0	0.0	0.0	0.0	0.0	0.0	0.0	0.0	0.0	0.0	0.0126582	0.0	0.0	0.0	0.0	0.0	0.0	0.0	0.0	0.0	0.0	0.0	0.0	0.0	0.0	0.0	
Bécasseau sanderling	0.0	0.0	0.0	0.0	0.0	0.0	0.0	0.0	0.0	0.0	0.0	0.0	0.0	0.0	0.0125	0.0	0.0	0.0091743	0.0123457	0.0	0.0	0.0	0.0	0.0	0.0	0.0	0.0	0.0	0.0	0.0	0.0	0.0	0.0	0.0	0.0	0.0	0.0	0.0	0.0	0.0	0.0	0.0	0.0	0.0	0.0	0.0	0.0	0.0	
Bécasseau variable	0.0188679	0.0097087	0.0833333	0.0	0.0	0.0	0.125	0.0	0.0	0.0	0.0	0.0	0.0	0.0149254	0.0125	0.0	0.0	0.0	0.0	0.0	0.0	0.0	0.0	0.0	0.0	0.0	0.0	0.0	0.0	0.0015	0.0	0.0153846	0.0	0.0	0.0	0.0111111	0.0	0.0	0.0	0.0238095	0.0	0.0	0.0666667	0.0	0.0769231	0.0	0.0	0.0	
Bécasseau minute	0.0	0.0	0.0	0.0	0.0	0.0	0.0	0.0	0.0	0.0	0.0	0.0	0.025641	0.0	0.0	0.0084034	0.0061728	0.0366972	0.0015	0.0	0.0140845	0.0	0.0	0.0	0.0	0.0	0.0015	0.016	0.0178571	0.0015	0.0097087	0.0153846	0.0	0.0	0.0	0.0111111	0.0	0.0	0.0	0.0	0.0	0.0	0.0	0.0	0.0	0.0	0.0	0.0	
Glaréole à collier	0.0	0.0	0.0	0.0	0.0	0.0	0.0	0.0	0.0	0.0	0.0	0.0	0.0	0.0	0.0	0.0	0.0	0.0091743	0.0	0.0	0.0	0.0	0.0	0.0	0.0	0.0	0.0	0.0	0.0	0.0	0.0	0.0	0.0	0.0	0.0	0.0	0.0	0.0	0.0	0.0	0.0	0.0	0.0	0.0	0.0	0.0	0.0	0.0	
limicole sp.	0.0	0.0	0.0	0.0	0.0	0.0	0.0	0.0	0.0	0.0	0.0	0.0	0.0	0.0	0.0	0.0	0.0	0.0	0.0	0.0	0.0	0.0	0.0	0.0	0.0	0.0	0.0	0.0	0.0	0.0	0.0	0.0	0.0	0.0	0.0	0.0	0.015873	0.0	0.0	0.0	0.0	0.0	0.0	0.0	0.0	0.0	0.0	0.0	
Pingouin torda	0.0	0.0048544	0.0	0.0	0.0	0.0	0.0	0.0	0.0	0.0	0.0	0.0	0.0	0.0	0.0	0.0	0.0	0.0	0.0	0.0	0.0	0.0	0.0	0.0	0.0	0.0	0.0	0.0	0.0	0.0	0.0	0.0	0.0	0.0	0.0	0.0	0.0	0.0	0.0	0.0	0.0	0.0	0.0	0.0015	0.0015	0.0	0.0	0.0	
Goéland railleur	0.0075472	0.0048544	0.0	0.0	0.0714286	0.0	0.125	0.0	0.0	0.0	0.0	0.0487805	0.0512821	0.0	0.0	0.0084034	0.0	0.0	0.0015	0.0	0.0140845	0.0	0.0	0.0015	0.0	0.0	0.0	0.016	0.0	0.0	0.0	0.0	0.0	0.0133333	0.0	0.0111111	0.0	0.030303	0.05	0.0	0.0	0.0	0.0	0.0	0.0	0.0	0.0	0.0	
Mouette rieuse	0.1056604	0.1019417	0.1666667	0.25	0.0714286	0.1428571	0.25	0.1333333	1.0	0.2	0.0	0.1219512	0.0	0.0149254	0.025	0.0336134	0.0123457	0.0275229	0.0246914	0.0064935	0.0	0.0	0.0	0.0394737	0.0123457	0.0483871	0.056338	0.08	0.0446429	0.0273973	0.0679612	0.0384615	0.0886076	0.0133333	0.0314961	0.1444444	0.0952381	0.2424242	0.1	0.1190476	0.2	0.0	0.1333333	0.1666667	0.3846154	0.4	0.25	0.1052632	
Goéland d'Audouin	0.0	0.0048544	0.0	0.0	0.0	0.0	0.0015	0.0666667	0.5	0.2	0.25	0.1219512	0.0769231	0.1044776	0.0875	0.1008403	0.0617284	0.1009174	0.1234568	0.0649351	0.056338	0.0612245	0.0408163	0.1842105	0.1358025	0.0967742	0.0985915	0.04	0.0357143	0.0273973	0.0291262	0.0769231	0.0253165	0.08	0.023622	0.0444444	0.0793651	0.0606061	0.05	0.0714286	0.0015	0.0	0.0	0.0	0.0	0.0	0.0	0.0	
Mouette mélanocéphale	0.0	0.0	0.0	0.0	0.0	0.0	0.0	0.0	0.0	0.2	0.0	0.0	0.0	0.0298507	0.0125	0.0168067	0.0	0.0091743	0.0	0.0064935	0.0	0.0015	0.0	0.0	0.0123457	0.0	0.0	0.016	0.0089286	0.0	0.0	0.0	0.0	0.0	0.0	0.0	0.0	0.0	0.0015	0.0	0.0	0.0	0.0	0.0	0.0	0.0	0.0	0.0	
Goéland leucophée	0.4264151	0.2864078	0.6666667	0.0015	0.2142857	0.1428571	0.25	0.4666667	0.5	0.7	0.25	0.3658537	0.6666667	0.4626866	0.55	0.4705882	0.3580247	0.4220183	0.5432099	0.3961039	0.5633803	0.4081633	0.3877551	0.4078947	0.3703704	0.2983871	0.3943662	0.32	0.2410714	0.2191781	0.2427184	0.3692308	0.3544304	0.28	0.1889764	0.2888889	0.3174603	0.4848485	0.45	0.3809524	0.32	0.0	0.2666667	0.2222222	0.5384615	0.7	0.4166667	0.3368421	
Goéland brun	0.0	0.0	0.0	0.0	0.0	0.0	0.0	0.0	0.0	0.1	0.0	0.0487805	0.025641	0.0149254	0.0125	0.0	0.0	0.0	0.0	0.012987	0.0	0.0	0.0	0.0	0.0	0.0	0.0	0.0	0.0	0.0	0.0	0.0	0.0	0.0	0.0015	0.0222222	0.015873	0.030303	0.05	0.0	0.0	0.0	0.0	0.0	0.0	0.0	0.0	0.0	
goéland sp. (Larus sp.)	0.0	0.0	0.0	0.0	0.0	0.0	0.0	0.0	0.0	0.0	0.0	0.0	0.0	0.0	0.0	0.0084034	0.0	0.0	0.0	0.0064935	0.0	0.0102041	0.0	0.0	0.0	0.0080645	0.0	0.0	0.0	0.0	0.0	0.0	0.0	0.0	0.0	0.0111111	0.0	0.0	0.0	0.0	0.0	0.0	0.0	0.0	0.0	0.0	0.0	0.0	
goéland ou mouette sp.	0.0	0.0	0.0	0.0	0.0	0.0	0.0	0.0	0.0	0.0	0.0	0.0243902	0.0	0.0015	0.0	0.0	0.0	0.0	0.0	0.0	0.0	0.0	0.0	0.0	0.0	0.0	0.0140845	0.0015	0.0	0.0	0.0097087	0.0	0.0	0.0133333	0.015748	0.0111111	0.015873	0.0	0.0	0.0	0.04	0.0	0.0	0.0	0.0	0.0	0.0	0.0	
Sterne hansel	0.0	0.0	0.0	0.0	0.0	0.0	0.0	0.0	0.0	0.0	0.0	0.0	0.0	0.0	0.0	0.0	0.0	0.0183486	0.0123457	0.0064935	0.0	0.0	0.0	0.0	0.0	0.0	0.0	0.0	0.0	0.0	0.0	0.0	0.0	0.0	0.0	0.0	0.0	0.0	0.0	0.0	0.0	0.0	0.0	0.0	0.0	0.0	0.0	0.0	
Guifette moustac	0.0	0.0	0.0	0.0	0.0	0.0	0.0	0.0	0.0	0.0	0.0	0.0	0.0	0.0015	0.0	0.0	0.0	0.0	0.0	0.0	0.0	0.0	0.0	0.0	0.0	0.0	0.0	0.0	0.0	0.0	0.0	0.0	0.0	0.0	0.0	0.0	0.0	0.0	0.0	0.0	0.0	0.0	0.0	0.0	0.0	0.0	0.0	0.0	
Sterne pierregarin	0.0	0.0	0.0	0.0	0.0	0.0	0.0	0.0	0.0	0.0	0.0	0.0	0.0	0.0	0.0125	0.0168067	0.0185185	0.0091743	0.0123457	0.0	0.028169	0.0015	0.0	0.0131579	0.0	0.0080645	0.0140845	0.008	0.0089286	0.0	0.0	0.0	0.0	0.0	0.007874	0.0	0.0	0.0	0.0	0.0	0.0	0.0	0.0	0.0	0.0	0.0	0.0	0.0	
Sterne caugek	0.0113208	0.0048544	0.0015	0.0015	0.0	0.0	0.125	0.0	0.0	0.1	0.0	0.0015	0.0	0.0015	0.0125	0.0	0.0061728	0.0	0.0123457	0.0	0.0140845	0.0015	0.0	0.0	0.0	0.0	0.0	0.0015	0.0	0.0	0.0	0.0	0.0	0.0	0.0	0.0	0.0	0.030303	0.0	0.0	0.0	0.0	0.0	0.0	0.0769231	0.0	0.0416667	0.0210526	
sterne sp.	0.0	0.0	0.0	0.0	0.0	0.0	0.0	0.0	0.0	0.0	0.0	0.0	0.0	0.0	0.0125	0.0	0.0	0.0	0.0	0.0064935	0.0	0.0	0.0	0.0	0.0	0.0	0.028169	0.0	0.0	0.0	0.0	0.0	0.0	0.0	0.0	0.0	0.0	0.0	0.0	0.0	0.0	0.0	0.0	0.0	0.0	0.0	0.0	0.0	
Flamant rose	0.1358491	0.1601942	0.0833333	0.0	0.0714286	0.0	0.25	0.0666667	0.5	0.0	0.0	0.0243902	0.0512821	0.0	0.0625	0.1008403	0.0123457	0.0	0.037037	0.038961	0.0422535	0.0102041	0.0	0.0015	0.0123457	0.0241935	0.0140845	0.008	0.0	0.0136986	0.0194175	0.0076923	0.0253165	0.04	0.0314961	0.0888889	0.0793651	0.1212121	0.15	0.047619	0.08	0.0	0.1333333	0.1111111	0.5384615	0.3	0.2083333	0.0526316	
Grèbe castagneux	0.090566	0.0825243	0.0	0.25	0.0015	0.0	0.125	0.0666667	0.0	0.1	0.0	0.0243902	0.0512821	0.0298507	0.075	0.0168067	0.0123457	0.0366972	0.0617284	0.0194805	0.028169	0.0306122	0.0	0.0263158	0.0740741	0.0403226	0.028169	0.056	0.0089286	0.0136986	0.0194175	0.0230769	0.0886076	0.0933333	0.0472441	0.0666667	0.031746	0.0909091	0.0015	0.0952381	0.08	0.0	0.0666667	0.2777778	0.1538462	0.3	0.0416667	0.0210526	
Grèbe huppé	0.0226415	0.0194175	0.0	0.0	0.0	0.0	0.0015	0.0	0.0	0.0	0.0	0.0	0.0	0.0	0.0015	0.0168067	0.0061728	0.0	0.0	0.0015	0.0	0.0	0.0	0.0	0.0	0.0080645	0.0	0.0015	0.0	0.0	0.0	0.0	0.0	0.0	0.0	0.0	0.0	0.0	0.0	0.0	0.0	0.0	0.0	0.0	0.0	0.0	0.0416667	0.0105263	
Grèbe à cou noir	0.0150943	0.0	0.0	0.0	0.0	0.0	0.0	0.0	0.0	0.0	0.0	0.0	0.0	0.0	0.0	0.0	0.0	0.0	0.0	0.0	0.0	0.0	0.0	0.0	0.0	0.0	0.0	0.0	0.0	0.0	0.0	0.0	0.0	0.0	0.0015	0.0015	0.0	0.0	0.0	0.0	0.0	0.0	0.0	0.0555556	0.0	0.1	0.0	0.0105263	
Océanite tempête	0.0	0.0	0.0	0.0	0.0	0.0	0.0	0.0	0.0	0.0	0.0	0.0	0.0	0.0	0.0015	0.0	0.0	0.0	0.0	0.0015	0.0	0.0	0.0	0.0	0.0	0.0	0.0140845	0.0	0.0	0.0	0.0	0.0153846	0.0	0.0	0.0015	0.0	0.0	0.0	0.0	0.0	0.0	0.0	0.0	0.0	0.0	0.0	0.0	0.0	
Puffin de Scopoli	0.0	0.0	0.0	0.0	0.0	0.0	0.0	0.0	0.0	0.0	0.0015	0.0015	0.1538462	0.0597015	0.0625	0.1008403	0.0555556	0.0275229	0.0246914	0.0519481	0.056338	0.0306122	0.122449	0.0394737	0.0246914	0.0403226	0.084507	0.072	0.0535714	0.0821918	0.0582524	0.0846154	0.0506329	0.04	0.0393701	0.0555556	0.0793651	0.0606061	0.3	0.0015	0.0	0.0	0.0	0.0	0.0	0.0	0.0	0.0	
Puffin cendré ou P. de Scopoli	0.0	0.0	0.0	0.0	0.0	0.0	0.0	0.0	0.0	0.0	0.0	0.0	0.0	0.0	0.0	0.0084034	0.0061728	0.0	0.0	0.0	0.0	0.0	0.0	0.0	0.0	0.0	0.0	0.0	0.0	0.0	0.0	0.0	0.0	0.0	0.0	0.0111111	0.0	0.0	0.0	0.0	0.0	0.0	0.0	0.0	0.0	0.0	0.0	0.0	
Puffin yelkouan	0.0	0.0048544	0.0	0.0	0.0	0.0	0.125	0.0	0.0	0.0	0.0015	0.0015	0.0769231	0.0447761	0.0625	0.0672269	0.037037	0.0366972	0.0864198	0.038961	0.028169	0.0015	0.0204082	0.0131579	0.0123457	0.0322581	0.0140845	0.016	0.0089286	0.0015	0.0015	0.0015	0.0253165	0.0015	0.007874	0.0111111	0.015873	0.0015	0.0	0.0238095	0.0	0.0	0.0	0.0	0.0	0.0	0.0	0.0	
Puffin yelkouan ou P. des Baléares	0.0	0.0	0.0	0.0	0.0	0.0	0.0	0.0	0.0	0.0	0.0	0.0	0.025641	0.0149254	0.0015	0.0	0.0	0.0	0.0	0.0	0.0	0.0	0.0	0.0	0.0	0.0	0.0	0.0	0.0	0.0	0.0097087	0.0	0.0	0.0	0.0	0.0	0.0	0.0	0.0	0.0	0.0	0.0	0.0	0.0	0.0	0.0	0.0	0.0	
Calonectris, Ardenna ou Puffinus sp.	0.0	0.0048544	0.0	0.0	0.0	0.0	0.0	0.0	0.0	0.0	0.0	0.0	0.025641	0.0	0.0	0.0	0.0061728	0.0	0.0123457	0.0	0.0	0.0	0.0	0.0131579	0.0	0.0	0.0140845	0.016	0.0	0.0	0.0	0.0	0.0	0.0	0.0	0.0	0.0	0.0	0.0015	0.0	0.0	0.0	0.0	0.0	0.0	0.0	0.0	0.0	
Cigogne blanche	0.0	0.0	0.0	0.0	0.0	0.0	0.0	0.0	0.0	0.0015	0.0	0.0	0.0	0.0	0.0	0.0084034	0.0	0.0	0.0	0.0	0.0	0.0	0.0	0.0	0.0	0.0	0.0	0.0	0.0	0.0	0.0	0.0	0.0	0.0	0.0	0.0	0.0	0.0	0.0	0.0	0.0	0.0	0.0	0.0	0.0	0.0	0.0	0.0	
Fou de Bassan	0.0	0.0	0.0	0.0	0.0	0.0	0.0	0.0	0.0	0.0	0.0	0.0015	0.0	0.0	0.0	0.0084034	0.0	0.0	0.0	0.0	0.0	0.0	0.0	0.0	0.0	0.0	0.0	0.0	0.0	0.0	0.0015	0.0	0.0	0.0	0.0	0.0	0.0	0.0	0.0	0.0	0.0	0.0	0.0	0.0	0.0	0.0	0.0	0.0	
Grand Cormoran	0.1886792	0.1407767	0.1666667	0.25	0.0015	0.0	0.25	0.2	0.0	0.2	0.0	0.1219512	0.0769231	0.119403	0.1	0.0420168	0.0123457	0.0458716	0.037037	0.025974	0.0015	0.0306122	0.0204082	0.0	0.0	0.0080645	0.0140845	0.04	0.0357143	0.0	0.0291262	0.0230769	0.0253165	0.0533333	0.0708661	0.1111111	0.1904762	0.3333333	0.2	0.1904762	0.16	0.0	0.2	0.2222222	0.3076923	0.5	0.375	0.1473684	
Cormoran huppé	0.0981132	0.0436893	0.0015	0.25	0.0015	0.0	0.125	0.1333333	0.0	0.1	0.25	0.0731707	0.2564103	0.1492537	0.1625	0.2352941	0.1481481	0.1009174	0.1604938	0.1168831	0.1126761	0.1122449	0.1428571	0.2105263	0.0987654	0.1048387	0.1126761	0.056	0.1160714	0.109589	0.0582524	0.1076923	0.1518987	0.1466667	0.0787402	0.0777778	0.1111111	0.1515152	0.2	0.1190476	0.08	0.0	0.0666667	0.0555556	0.0769231	0.0015	0.0833333	0.1052632	
cormoran sp.	0.0	0.0	0.0	0.0	0.0	0.0	0.0	0.0	0.0	0.0	0.0	0.0	0.025641	0.0	0.0	0.0	0.0	0.0	0.0	0.0	0.0	0.0	0.0204082	0.0	0.0	0.0	0.0140845	0.0	0.0	0.0	0.0	0.0	0.0	0.0266667	0.0	0.0015	0.0	0.0	0.0	0.0	0.04	0.0	0.0	0.0	0.0	0.0	0.0	0.0	
Ibis falcinelle	0.0	0.0	0.0	0.0	0.0	0.0	0.0	0.0	0.0	0.0	0.0	0.0	0.0	0.0895522	0.0375	0.0084034	0.0	0.0	0.0	0.0	0.0140845	0.0	0.0	0.0131579	0.0	0.0	0.0	0.0	0.0	0.0	0.0	0.0	0.0	0.0	0.0	0.0	0.0	0.0	0.0	0.0	0.0	0.0	0.0	0.0	0.0	0.0	0.0	0.0	
Ibis sacré	0.0	0.0	0.0	0.0	0.0	0.0	0.0	0.0	0.0	0.0	0.0	0.0	0.0	0.0	0.0	0.0	0.0	0.0	0.0	0.0	0.0	0.0	0.0	0.0	0.0	0.0	0.0	0.0	0.0	0.0	0.0	0.0	0.0	0.0	0.0	0.0	0.0	0.0	0.0	0.0	0.0	0.0	0.0	0.0	0.0769231	0.0	0.0	0.0	
Ibis chauve	0.0037736	0.0048544	0.0	0.0	0.0	0.0	0.125	0.0	0.0	0.0	0.0	0.0	0.0	0.0	0.0	0.0	0.0	0.0	0.0	0.0	0.0	0.0	0.0	0.0	0.0	0.0	0.0	0.0	0.0	0.0	0.0	0.0	0.0	0.0	0.0	0.0	0.0	0.0	0.0	0.0	0.0	0.0	0.0	0.0	0.0	0.0	0.0	0.0	
Blongios nain	0.0	0.0	0.0	0.0	0.0	0.0	0.0	0.0	0.0	0.0	0.0	0.0	0.0	0.0	0.0	0.0	0.0	0.0	0.0	0.0	0.0	0.0	0.0	0.0	0.0	0.0015	0.0	0.0	0.0	0.0	0.0	0.0153846	0.0	0.0	0.0	0.0	0.0	0.0	0.0	0.0	0.0	0.0	0.0	0.0	0.0	0.0	0.0	0.0	
Bihoreau gris	0.0	0.0	0.0	0.0	0.0	0.0	0.0	0.0	0.0	0.0	0.0	0.0	0.025641	0.0015	0.0	0.0084034	0.0061728	0.0	0.0	0.0064935	0.0140845	0.0	0.0	0.0	0.0246914	0.016129	0.0	0.0015	0.0	0.0	0.0	0.0076923	0.0126582	0.0	0.015748	0.0111111	0.0	0.0	0.0	0.0238095	0.0	0.0	0.0	0.0	0.0	0.0	0.0	0.0	
Aigrette garzette	0.1886792	0.1407767	0.25	0.0	0.1428571	0.0015	0.25	0.2	0.5	0.1	0.0	0.0487805	0.0769231	0.1343284	0.225	0.1344538	0.0740741	0.146789	0.0740741	0.0714286	0.1267606	0.0510204	0.0204082	0.0394737	0.0864198	0.0806452	0.084507	0.128	0.0267857	0.0684932	0.1262136	0.0615385	0.1265823	0.1066667	0.1102362	0.1888889	0.1587302	0.1818182	0.05	0.1904762	0.2	0.0	0.1333333	0.1666667	0.5384615	0.8	0.375	0.1368421	
Hybride Aigrette garzette x A. des récifs	0.0	0.0	0.0	0.0	0.0015	0.0	0.0	0.0	0.0	0.0	0.0	0.0	0.0	0.0	0.0	0.0	0.0	0.0	0.0	0.0	0.0	0.0	0.0	0.0	0.0	0.0	0.0	0.008	0.0	0.0	0.0	0.0	0.0	0.0	0.0	0.0	0.0	0.0	0.0	0.0	0.0	0.0	0.0	0.0555556	0.0	0.0	0.0416667	0.0	
Crabier chevelu	0.0	0.0	0.0	0.0	0.0	0.0	0.0	0.0	0.0	0.0	0.0	0.0	0.0	0.0298507	0.1	0.0168067	0.0123457	0.0183486	0.0123457	0.0	0.0140845	0.0204082	0.0	0.0	0.0	0.0080645	0.0015	0.008	0.0	0.0	0.0	0.0	0.0126582	0.0	0.0	0.0	0.0	0.0	0.0	0.0	0.0	0.0	0.0	0.0	0.0	0.0	0.0	0.0	
Héron garde-boeufs	0.0150943	0.0291262	0.0833333	0.0015	0.0	0.0	0.0	0.0	0.0015	0.2	0.0	0.0015	0.0769231	0.1044776	0.125	0.0336134	0.0123457	0.0458716	0.0246914	0.025974	0.0422535	0.0204082	0.0204082	0.0131579	0.0123457	0.0322581	0.0422535	0.04	0.0089286	0.0015	0.0679612	0.0538462	0.0015	0.0533333	0.0472441	0.0666667	0.015873	0.0606061	0.0015	0.0952381	0.0	0.0	0.0666667	0.0555556	0.0769231	0.1	0.0833333	0.0421053	
Grande Aigrette	0.0943396	0.0728155	0.1666667	0.0	0.0714286	0.0	0.25	0.0666667	0.5	0.1	0.25	0.0	0.0	0.0	0.0375	0.0168067	0.0246914	0.0183486	0.0493827	0.012987	0.0	0.0	0.0	0.0015	0.0123457	0.0	0.0140845	0.0	0.0	0.0273973	0.0097087	0.0153846	0.0379747	0.0133333	0.007874	0.1	0.0634921	0.1515152	0.05	0.0714286	0.0	0.0	0.1333333	0.1666667	0.3846154	0.3	0.1666667	0.0421053	
Héron cendré	0.1622642	0.1407767	0.4166667	0.0	0.2142857	0.0	0.25	0.0666667	0.0	0.0015	0.25	0.0487805	0.025641	0.0746269	0.05	0.0504202	0.0432099	0.0366972	0.0740741	0.0194805	0.0704225	0.0015	0.0015	0.0131579	0.1111111	0.0322581	0.084507	0.104	0.0089286	0.0273973	0.1067961	0.0615385	0.1518987	0.0933333	0.1259843	0.1555556	0.1587302	0.1818182	0.15	0.0952381	0.16	0.0	0.2	0.2222222	0.5384615	0.7	0.25	0.1157895	
Héron pourpré	0.0	0.0	0.0	0.0	0.0	0.0	0.0	0.0	0.0	0.0	0.0	0.0	0.0	0.0597015	0.0125	0.0084034	0.0015	0.0091743	0.0123457	0.0	0.0	0.0	0.0	0.0	0.0123457	0.0	0.0	0.016	0.0	0.0	0.0	0.0	0.0015	0.0	0.0	0.0111111	0.0	0.0	0.0	0.0	0.0	0.0	0.0	0.0	0.0	0.0	0.0	0.0	
ardeidé sp.	0.0	0.0	0.0	0.0	0.0	0.0	0.0	0.0	0.0	0.0	0.0	0.0	0.0	0.0	0.0	0.0	0.0	0.0	0.0	0.0	0.0	0.0	0.0	0.0	0.0	0.0	0.0	0.0	0.0089286	0.0	0.0	0.0	0.0	0.0	0.0	0.0	0.0	0.0	0.0	0.0	0.0	0.0	0.0	0.0	0.0	0.0	0.0	0.0	
Pélican gris	0.0150943	0.0097087	0.0	0.0	0.0	0.0	0.0	0.0	0.0	0.0	0.0	0.0	0.0	0.0	0.0	0.0	0.0	0.0	0.0	0.0	0.0	0.0102041	0.0204082	0.0	0.0123457	0.0	0.0	0.024	0.0089286	0.0015	0.0	0.0	0.0	0.0	0.0	0.0555556	0.0	0.0	0.0	0.047619	0.08	0.0	0.0	0.0555556	0.1538462	0.2	0.0833333	0.0	
Balbuzard pêcheur	0.0075472	0.0436893	0.0	0.0	0.0714286	0.0015	0.0015	0.0	0.0	0.0	0.0	0.0731707	0.0769231	0.0149254	0.0125	0.0420168	0.0493827	0.0091743	0.0617284	0.0194805	0.0422535	0.0204082	0.0408163	0.0526316	0.0	0.016129	0.0015	0.016	0.0089286	0.0	0.0194175	0.0076923	0.0253165	0.0133333	0.0393701	0.0666667	0.031746	0.0	0.0015	0.0	0.04	0.0	0.0666667	0.0555556	0.0769231	0.0	0.0416667	0.0105263	
Gypaète barbu	0.0	0.0	0.0	0.0	0.0	0.0	0.0	0.0	0.0	0.0	0.0	0.0	0.0	0.0	0.0	0.0084034	0.0	0.0015	0.0	0.012987	0.0	0.0102041	0.0	0.0	0.0015	0.0080645	0.0	0.0015	0.0015	0.0136986	0.0	0.0	0.0126582	0.0133333	0.015748	0.0111111	0.0	0.0	0.05	0.0	0.0	0.0	0.0	0.0	0.0	0.0	0.0	0.0	
Bondrée apivore	0.0	0.0	0.0	0.0	0.0	0.0	0.0	0.0	0.0	0.0	0.0	0.0	0.0	0.0	0.0	0.0336134	0.0123457	0.0	0.0123457	0.0064935	0.0	0.0204082	0.0015	0.0131579	0.0	0.0080645	0.0140845	0.008	0.0	0.0273973	0.0	0.0153846	0.0253165	0.0533333	0.0551181	0.0555556	0.047619	0.0	0.0	0.0238095	0.0	0.0	0.0	0.0	0.0	0.0	0.0	0.0	
Circaète Jean-le-Blanc	0.0	0.0	0.0	0.0	0.0	0.0	0.0	0.0	0.0	0.0	0.0	0.0243902	0.0	0.0	0.0	0.0	0.0	0.0	0.0	0.0	0.0	0.0	0.0	0.0	0.0	0.0	0.0	0.0	0.0	0.0	0.0	0.0	0.0	0.0	0.0	0.0111111	0.0	0.0	0.0	0.0	0.0	0.0	0.0	0.0	0.0	0.0	0.0	0.0	
Aigle botté	0.0	0.0	0.0	0.0	0.0	0.0	0.0	0.0	0.0	0.0	0.0	0.0	0.0	0.0	0.0	0.0	0.0015	0.0091743	0.0	0.0	0.0	0.0	0.0	0.0	0.0	0.0	0.0	0.0	0.0	0.0	0.0	0.0076923	0.0126582	0.0	0.0	0.0	0.015873	0.0	0.0	0.0714286	0.0	0.0	0.0	0.0	0.0	0.0	0.0	0.0	
Aigle royal	0.0	0.0	0.0015	0.0	0.0	0.0	0.0	0.0	0.0	0.0	0.0	0.0243902	0.025641	0.0298507	0.0	0.0084034	0.0185185	0.0091743	0.0123457	0.025974	0.0	0.0	0.0015	0.0015	0.0123457	0.0080645	0.0140845	0.008	0.0178571	0.0	0.0194175	0.0153846	0.0379747	0.0015	0.007874	0.0222222	0.0	0.0	0.05	0.0238095	0.0	0.0	0.0	0.0	0.0015	0.0	0.0	0.0015	
Aquila sp.	0.0	0.0	0.0	0.0	0.0	0.0	0.0	0.0	0.0	0.0	0.0	0.0	0.0	0.0	0.0	0.0	0.0	0.0	0.0	0.0	0.0	0.0	0.0	0.0	0.0	0.0	0.0140845	0.0	0.0	0.0	0.0	0.0	0.0	0.0	0.0	0.0	0.0	0.0	0.0	0.0	0.0	0.0	0.0	0.0	0.0	0.0	0.0	0.0	
Épervier d'Europe	0.0150943	0.0097087	0.0	0.0	0.0	0.0	0.0	0.0	0.0	0.0	0.0	0.0243902	0.025641	0.0149254	0.025	0.0420168	0.0185185	0.0091743	0.0246914	0.0324675	0.0	0.0306122	0.0015	0.0263158	0.0015	0.016129	0.0140845	0.016	0.0089286	0.0	0.0194175	0.0230769	0.0253165	0.1066667	0.0629921	0.0333333	0.0634921	0.030303	0.0	0.0238095	0.0	0.0	0.2666667	0.0555556	0.0	0.0	0.0	0.0	
Autour des palombes	0.0	0.0	0.0	0.0	0.0	0.0	0.0	0.0	0.0	0.0	0.0	0.0	0.0	0.0149254	0.0015	0.0	0.0061728	0.0	0.0	0.0064935	0.0	0.0	0.0	0.0	0.0	0.0	0.0	0.0	0.0	0.0	0.0	0.0153846	0.0253165	0.0266667	0.023622	0.0111111	0.0	0.0	0.0015	0.0	0.0	0.0	0.0	0.0	0.0	0.0	0.0	0.0	
Aerospiza, Tachyspiza, Accipiter ou Astur sp.	0.0	0.0	0.0	0.0	0.0	0.0	0.0	0.0	0.0	0.0	0.0	0.0	0.0	0.0	0.0	0.0	0.0	0.0	0.0	0.0	0.0	0.0	0.0	0.0	0.0	0.0	0.0	0.0	0.0	0.0	0.0	0.0	0.0	0.0	0.007874	0.0	0.0	0.0	0.0	0.0	0.0	0.0	0.0	0.0	0.0	0.0	0.0	0.0	
Busard des roseaux	0.0150943	0.038835	0.0833333	0.0	0.0	0.0	0.0	0.0	0.0	0.1	0.0	0.0243902	0.1025641	0.0447761	0.05	0.0756303	0.0061728	0.0183486	0.0123457	0.0064935	0.0140845	0.0204082	0.0015	0.0131579	0.0015	0.0080645	0.0	0.0015	0.0	0.0136986	0.0291262	0.0384615	0.0759494	0.12	0.0708661	0.0777778	0.047619	0.0606061	0.15	0.0	0.0	0.0	0.0	0.0	0.0769231	0.0	0.1666667	0.0	
Busard Saint-Martin	0.0037736	0.0	0.0	0.0	0.0	0.0	0.0	0.0	0.0	0.0	0.0	0.0	0.0	0.0	0.0	0.0	0.0	0.0	0.0	0.0	0.0	0.0	0.0	0.0	0.0	0.0	0.0	0.0	0.0	0.0	0.0	0.0	0.0	0.0	0.0	0.0	0.0	0.030303	0.0015	0.0	0.0	0.0	0.0	0.0	0.0	0.0	0.0833333	0.0	
Busard cendré	0.0	0.0	0.0	0.0	0.0	0.0	0.0	0.0	0.0	0.0	0.0	0.0	0.0	0.0	0.0125	0.0084034	0.0	0.0	0.0	0.0	0.0	0.0	0.0	0.0	0.0	0.0	0.0	0.0	0.0	0.0	0.0	0.0	0.0	0.0	0.0	0.0	0.0	0.0	0.0	0.0	0.0	0.0	0.0	0.0	0.0	0.0	0.0	0.0	
busard sp.	0.0	0.0	0.0	0.0	0.0	0.0	0.0	0.0	0.0	0.0	0.0	0.0	0.0	0.0	0.0	0.0	0.0	0.0	0.0	0.0	0.0	0.0	0.0	0.0	0.0	0.0	0.0	0.0	0.0	0.0	0.0	0.0	0.0	0.0	0.0015	0.0	0.0	0.0	0.0	0.0	0.0	0.0	0.0	0.0	0.0	0.0	0.0	0.0	
Milan royal	0.0830189	0.092233	0.0833333	0.25	0.3571429	0.1428571	0.375	0.2666667	0.0	0.4	0.25	0.4146341	0.2051282	0.3880597	0.35	0.3361345	0.2037037	0.3027523	0.2962963	0.2467532	0.2253521	0.244898	0.1632653	0.25	0.1851852	0.1935484	0.084507	0.16	0.1339286	0.109589	0.1067961	0.2461538	0.1139241	0.3333333	0.2204724	0.2444444	0.2698413	0.2727273	0.2	0.4047619	0.08	0.1333333	0.2	0.0555556	0.3076923	0.0015	0.1666667	0.0842105	
Milan noir	0.0	0.0	0.0	0.0	0.0	0.0	0.0	0.0	0.0	0.0	0.0	0.0243902	0.0	0.0	0.0	0.0084034	0.0	0.0015	0.0	0.0064935	0.0	0.0	0.0015	0.0	0.0	0.0	0.0	0.0	0.0	0.0	0.0	0.0076923	0.0253165	0.0	0.0	0.0	0.0	0.0	0.0	0.0	0.0	0.0	0.0	0.0	0.0	0.0	0.0	0.0	
Milan royal ou M. noir	0.0	0.0	0.0	0.0	0.0	0.0	0.0	0.0	0.0	0.0	0.0	0.0243902	0.0	0.0	0.0	0.0	0.0	0.0	0.0	0.0	0.0	0.0	0.0	0.0	0.0	0.0	0.0	0.0	0.0	0.0	0.0	0.0	0.0126582	0.0	0.0015	0.0	0.0	0.0	0.0	0.0	0.0	0.0	0.0	0.0	0.0	0.0	0.0	0.0	
Buse variable	0.0566038	0.038835	0.0833333	0.25	0.0015	0.1428571	0.0015	0.1333333	0.0	0.1	0.25	0.2195122	0.1025641	0.1343284	0.1	0.1176471	0.1111111	0.1559633	0.1481481	0.1103896	0.0704225	0.0408163	0.0204082	0.1447368	0.1358025	0.0806452	0.0985915	0.12	0.0178571	0.0821918	0.0776699	0.1461538	0.1012658	0.1866667	0.1181102	0.1111111	0.1587302	0.0909091	0.05	0.2380952	0.08	0.0666667	0.2666667	0.1111111	0.3846154	0.1	0.0833333	0.0421053	
rapace sp.	0.0	0.0	0.0	0.0	0.0	0.0	0.0	0.0	0.0	0.0	0.0	0.0243902	0.0	0.0	0.0	0.0	0.0	0.0	0.0	0.0	0.0	0.0	0.0	0.0	0.0	0.0	0.0	0.0	0.0	0.0	0.0	0.0076923	0.0	0.0	0.0	0.0	0.0	0.0	0.0	0.0	0.0	0.0	0.0	0.0	0.0	0.0	0.0	0.0	
Effraie des clochers	0.0015	0.0015	0.0	0.0	0.0	0.0	0.0	0.0	0.0	0.0	0.0	0.0	0.0	0.0015	0.0	0.0015	0.0015	0.0	0.0015	0.0064935	0.0015	0.0102041	0.0015	0.0015	0.0123457	0.0015	0.0015	0.0	0.0	0.0015	0.0	0.0153846	0.0	0.0133333	0.0	0.0015	0.015873	0.0	0.0	0.0952381	0.04	0.0	0.0	0.0015	0.0	0.0	0.0	0.0	
Petit-duc scops	0.0015	0.0	0.0015	0.0	0.0	0.1428571	0.0015	0.0	0.0	0.0	0.0	0.0731707	0.025641	0.0149254	0.0375	0.0840336	0.0185185	0.0366972	0.0617284	0.0584416	0.056338	0.0612245	0.0408163	0.0657895	0.0987654	0.0887097	0.0704225	0.024	0.0357143	0.0273973	0.0097087	0.0307692	0.0506329	0.0266667	0.015748	0.0444444	0.015873	0.030303	0.05	0.0952381	0.04	0.0	0.0	0.0	0.0	0.0	0.0	0.0105263	
Hibou moyen-duc	0.0	0.0	0.0	0.0	0.0	0.0	0.0	0.0	0.0	0.0	0.0	0.0	0.0	0.0	0.0	0.0	0.0	0.0	0.0	0.0064935	0.0	0.0	0.0	0.0	0.0	0.0	0.0	0.0	0.0	0.0	0.0	0.0	0.0	0.0	0.0	0.0	0.0	0.0	0.0	0.0	0.0	0.0	0.0	0.0	0.0	0.0	0.0	0.0	
Hibou des marais	0.0	0.0	0.0	0.0	0.0	0.0	0.0	0.0	0.0	0.0	0.0	0.0	0.0	0.0	0.0	0.0084034	0.0	0.0	0.0	0.0	0.0	0.0	0.0	0.0	0.0	0.0	0.0	0.0	0.0	0.0	0.0	0.0	0.0	0.0	0.0	0.0	0.0	0.0	0.0	0.0	0.0	0.0	0.0	0.0	0.0	0.0	0.0	0.0	
Huppe fasciée	0.0	0.0	0.0	0.0	0.0	0.0	0.0	0.0	0.0	0.0	0.0	0.0243902	0.025641	0.0298507	0.0	0.0588235	0.0493827	0.0642202	0.0617284	0.025974	0.028169	0.0204082	0.0	0.0394737	0.0123457	0.0015	0.0704225	0.024	0.0089286	0.0015	0.0291262	0.0384615	0.0126582	0.0133333	0.007874	0.0	0.031746	0.0	0.0	0.0	0.0	0.0	0.0	0.0	0.0	0.0	0.0833333	0.0	
Guêpier d'Europe	0.0	0.0	0.0	0.0	0.0	0.0	0.0	0.0	0.0	0.0	0.0	0.0	0.0	0.0015	0.025	0.1764706	0.1666667	0.1834862	0.1728395	0.0584416	0.0704225	0.1020408	0.0612245	0.1052632	0.1728395	0.1129032	0.1126761	0.112	0.0357143	0.0547945	0.038835	0.0384615	0.2025316	0.0666667	0.1023622	0.0111111	0.0	0.0	0.0	0.0	0.0	0.0	0.0	0.0	0.0	0.0	0.0	0.0	
Martin-pêcheur d'Europe	0.0943396	0.0728155	0.0	0.0015	0.0714286	0.0	0.0015	0.0	0.0	0.1	0.0	0.0	0.0	0.0	0.0	0.0	0.0	0.0	0.0	0.0	0.0	0.0	0.0015	0.0	0.0123457	0.0	0.0140845	0.008	0.0178571	0.0273973	0.0582524	0.0384615	0.0759494	0.04	0.0551181	0.1111111	0.0	0.1515152	0.0015	0.0714286	0.2	0.0	0.0666667	0.2777778	0.3846154	0.5	0.3333333	0.0736842	
Rollier d'Europe	0.0	0.0	0.0	0.0	0.0	0.0	0.0	0.0	0.0	0.0	0.0	0.0	0.0	0.0	0.0	0.0	0.0015	0.0091743	0.0246914	0.0	0.0	0.0	0.0	0.0	0.0	0.0	0.0	0.0	0.0	0.0	0.0	0.0	0.0	0.0	0.0	0.0	0.0	0.0	0.0	0.0	0.0	0.0	0.0	0.0	0.0	0.0	0.0	0.0	
Torcol fourmilier	0.0	0.0	0.0	0.0	0.0	0.0	0.0	0.0	0.0	0.0	0.0	0.0	0.0	0.0298507	0.0	0.0084034	0.0123457	0.0183486	0.0246914	0.025974	0.0140845	0.0	0.0015	0.0131579	0.0	0.016129	0.0140845	0.0	0.0	0.0	0.0	0.0	0.0	0.0	0.0	0.0111111	0.0	0.0	0.0	0.0	0.0	0.0	0.0	0.0	0.0	0.0	0.0	0.0	
Pic épeiche	0.1962264	0.0873786	0.0015	0.0015	0.2857143	0.0015	0.5	0.0666667	0.0	0.1	0.25	0.195122	0.1282051	0.2686567	0.125	0.2352941	0.2160494	0.1834862	0.2098765	0.2467532	0.1126761	0.1326531	0.1632653	0.1973684	0.1358025	0.25	0.2112676	0.312	0.2857143	0.1780822	0.2815534	0.2	0.2405063	0.36	0.1574803	0.2111111	0.1428571	0.3030303	0.2	0.1428571	0.16	0.4	0.2	0.3333333	0.2307692	0.1	0.1666667	0.1473684	
Faucon crécerellette	0.0	0.0	0.0	0.0	0.0	0.0	0.0	0.0	0.0	0.0	0.0	0.0	0.0	0.0149254	0.0	0.0084034	0.0	0.0	0.037037	0.0	0.0	0.0	0.0	0.0	0.0	0.0	0.0	0.0	0.0	0.0	0.0	0.0	0.0	0.0	0.0	0.0	0.0	0.0	0.0	0.0	0.0	0.0	0.0	0.0	0.0	0.0	0.0	0.0	
Faucon crécerelle	0.0679245	0.0582524	0.0833333	0.0	0.0	0.0	0.125	0.0	0.0	0.3	0.0	0.097561	0.2307692	0.2835821	0.3	0.2521008	0.0802469	0.1100917	0.1234568	0.1298701	0.1690141	0.122449	0.0612245	0.1315789	0.1604938	0.0887097	0.0422535	0.104	0.0625	0.0684932	0.0582524	0.1076923	0.1012658	0.2266667	0.0944882	0.1555556	0.2857143	0.1515152	0.4	0.2380952	0.12	0.0	0.2	0.1111111	0.1538462	0.1	0.2083333	0.0736842	
Faucon crécerellette ou F. crécerelle	0.0	0.0	0.0	0.0	0.0	0.0	0.0	0.0	0.0	0.0	0.0	0.0	0.025641	0.0	0.0	0.0084034	0.0	0.0	0.0	0.0	0.0	0.0	0.0	0.0	0.0	0.0	0.0	0.0	0.0	0.0	0.0	0.0076923	0.0	0.0	0.007874	0.0	0.0	0.0	0.0	0.0	0.0	0.0	0.0	0.0	0.0	0.0	0.0	0.0	
Faucon kobez	0.0	0.0	0.0	0.0	0.0	0.0	0.0	0.0	0.0	0.0	0.0	0.0	0.0	0.0	0.0	0.0168067	0.0	0.0091743	0.0123457	0.0	0.0	0.0	0.0	0.0	0.0	0.0	0.0	0.0	0.0	0.0	0.0	0.0	0.0	0.0	0.0	0.0	0.0	0.0	0.0	0.0	0.0	0.0	0.0	0.0	0.0	0.0	0.0	0.0	
Faucon d'Éléonore	0.0	0.0	0.0	0.0	0.0	0.0	0.0	0.0	0.0	0.0	0.0	0.0	0.0	0.0	0.0125	0.0252101	0.0	0.0	0.0123457	0.0	0.0	0.0015	0.0	0.0131579	0.0	0.0015	0.0140845	0.0	0.0089286	0.0	0.0015	0.0153846	0.0015	0.0266667	0.015748	0.0222222	0.031746	0.0015	0.0	0.0	0.0	0.0	0.0	0.0	0.0	0.0	0.0	0.0	
Faucon émerillon	0.0	0.0	0.0	0.0	0.0	0.0	0.0	0.0	0.0	0.0	0.0	0.0	0.0	0.0	0.0	0.0	0.0	0.0	0.0	0.0	0.0	0.0	0.0	0.0	0.0	0.0	0.0	0.0	0.0	0.0	0.0	0.0	0.0	0.0	0.0	0.0	0.0	0.0	0.0015	0.0238095	0.0	0.0	0.0	0.0	0.0	0.0	0.0	0.0	
Faucon hobereau	0.0	0.0	0.0	0.0	0.0	0.0	0.0	0.0	0.0	0.0	0.0	0.0	0.0	0.0	0.0125	0.0168067	0.0123457	0.0091743	0.0123457	0.0	0.0422535	0.0102041	0.0	0.0131579	0.0123457	0.016129	0.0140845	0.016	0.0	0.0273973	0.0097087	0.0076923	0.0253165	0.0	0.023622	0.0111111	0.015873	0.0	0.05	0.0	0.0	0.0	0.0	0.0	0.0	0.0	0.0	0.0	
Faucon pèlerin	0.0264151	0.0048544	0.0833333	0.0	0.0	0.0	0.0	0.0	0.0	0.0	0.0015	0.0	0.025641	0.0149254	0.0375	0.0420168	0.037037	0.0366972	0.037037	0.025974	0.0140845	0.0306122	0.0408163	0.0131579	0.0123457	0.016129	0.0140845	0.032	0.0178571	0.0015	0.0194175	0.0307692	0.0126582	0.04	0.015748	0.0444444	0.0952381	0.0	0.05	0.0714286	0.0015	0.0	0.0	0.0	0.0	0.0015	0.0416667	0.0	
Falco sp.	0.0	0.0	0.0	0.0	0.0	0.0	0.0	0.0	0.0	0.0	0.0	0.0	0.0	0.0	0.0	0.0084034	0.0061728	0.0091743	0.0	0.0064935	0.0	0.0	0.0	0.0	0.0	0.0	0.0	0.0	0.0089286	0.0	0.0	0.0	0.0	0.0	0.007874	0.0	0.015873	0.0	0.0	0.0	0.0	0.0	0.0	0.0	0.0	0.0	0.0	0.0	
rapace diurne sp.	0.0	0.0	0.0	0.0	0.0	0.0	0.0	0.0	0.0	0.0	0.0	0.0	0.0	0.0	0.0	0.0	0.0	0.0	0.0	0.0	0.0	0.0	0.0	0.0	0.0	0.0	0.0	0.0	0.0	0.0	0.0	0.0	0.0126582	0.0133333	0.0	0.0	0.0	0.0	0.0	0.0	0.0	0.0	0.0	0.0	0.0	0.0	0.0	0.0	
Loriot d'Europe	0.0	0.0	0.0	0.0	0.0	0.0	0.0	0.0	0.0	0.0	0.0	0.0	0.0	0.0	0.0125	0.0	0.0123457	0.0275229	0.0	0.012987	0.0	0.0102041	0.0	0.0131579	0.0	0.0	0.0	0.0	0.0	0.0	0.0	0.0	0.0	0.0	0.0	0.0	0.0	0.0	0.0	0.0	0.0	0.0	0.0	0.0	0.0	0.0	0.0	0.0	
Pie-grièche écorcheur	0.0	0.0	0.0	0.0	0.0	0.0	0.0	0.0	0.0	0.0	0.0	0.0	0.0	0.0	0.0	0.0168067	0.0123457	0.0275229	0.0617284	0.0714286	0.0	0.0102041	0.0	0.0131579	0.0	0.0080645	0.056338	0.024	0.0267857	0.0	0.0194175	0.0153846	0.0126582	0.0	0.0	0.0	0.0	0.0	0.0	0.0	0.0	0.0	0.0	0.0	0.0	0.0	0.0	0.0	
Pie-grièche à tête rousse	0.0	0.0	0.0	0.0	0.0	0.0	0.0	0.0	0.0	0.0	0.0	0.0	0.0	0.0149254	0.0125	0.0504202	0.0185185	0.0550459	0.0246914	0.0064935	0.0140845	0.0204082	0.0015	0.0015	0.0123457	0.0080645	0.028169	0.0	0.0089286	0.0273973	0.038835	0.0153846	0.0	0.0	0.0	0.0	0.0	0.0	0.0	0.0	0.0	0.0	0.0	0.0	0.0	0.0	0.0	0.0	
Laniidés sp.	0.0	0.0	0.0	0.0	0.0	0.0	0.0	0.0	0.0	0.0	0.0	0.0	0.0	0.0	0.0	0.0	0.0015	0.0	0.0	0.0	0.0	0.0	0.0	0.0	0.0	0.0	0.0	0.0	0.0	0.0	0.0	0.0	0.0	0.0	0.0	0.0	0.0	0.0	0.0	0.0	0.0	0.0	0.0	0.0	0.0	0.0	0.0	0.0	
Geai des chênes	0.1886792	0.131068	0.0833333	0.25	0.0714286	0.2857143	0.25	0.0666667	0.0	0.1	0.0015	0.195122	0.2307692	0.2238806	0.1375	0.1932773	0.1851852	0.1559633	0.1728395	0.2207792	0.1830986	0.2857143	0.1428571	0.3289474	0.308642	0.3951613	0.3943662	0.368	0.2589286	0.2328767	0.2912621	0.2769231	0.2151899	0.4933333	0.4094488	0.2777778	0.2222222	0.3636364	0.25	0.2380952	0.12	0.6	0.2	0.2777778	0.2307692	0.1	0.125	0.2210526	
Pie bavarde	0.0	0.0	0.0	0.0	0.0	0.0	0.0	0.0	0.0	0.0	0.0	0.0	0.0	0.0	0.0	0.0	0.0	0.0	0.0	0.0	0.0	0.0	0.0	0.0	0.0	0.0	0.0	0.0	0.0	0.0	0.0	0.0	0.0	0.0	0.0	0.0	0.0	0.0	0.0	0.0	0.0	0.0	0.0	0.0	0.0769231	0.0	0.0	0.0	
Crave à bec rouge	0.0	0.0	0.0	0.0	0.0	0.0	0.0	0.0	0.0	0.1	0.0	0.0	0.0	0.0	0.0	0.0084034	0.0	0.0	0.0	0.0	0.0	0.0	0.0	0.0	0.0	0.0	0.0	0.0	0.0	0.0	0.0	0.0	0.0	0.0	0.0	0.0	0.0	0.0	0.0	0.0	0.0	0.0	0.0	0.0	0.0	0.0	0.0	0.0	
Chocard à bec jaune	0.0	0.0	0.0	0.0	0.0	0.0	0.0	0.0666667	0.0	0.0	0.0	0.0	0.025641	0.0149254	0.0015	0.0252101	0.0123457	0.0	0.0617284	0.025974	0.0140845	0.0102041	0.0204082	0.0	0.0	0.0241935	0.028169	0.008	0.0	0.0015	0.0097087	0.0153846	0.0253165	0.0533333	0.007874	0.0222222	0.015873	0.0	0.1	0.0238095	0.0	0.0	0.0	0.0	0.0769231	0.0	0.0	0.0	
Choucas des tours	0.0188679	0.0048544	0.0	0.0	0.0714286	0.0	0.0015	0.0	0.0	0.1	0.0015	0.0243902	0.025641	0.0597015	0.025	0.0252101	0.0246914	0.0275229	0.0493827	0.025974	0.084507	0.0306122	0.0204082	0.0263158	0.037037	0.0403226	0.028169	0.024	0.0089286	0.0	0.0194175	0.0230769	0.0379747	0.0266667	0.023622	0.0333333	0.047619	0.0606061	0.1	0.0238095	0.04	0.0	0.0	0.0	0.0	0.0	0.0416667	0.0	
Corneille mantelée	0.4943396	0.4126214	0.4166667	0.5	0.4285714	0.2857143	0.375	0.4	1.0	0.7	0.25	0.3902439	0.5641026	0.4925373	0.575	0.5042017	0.3209877	0.3944954	0.4938272	0.3376623	0.3802817	0.4285714	0.1632653	0.4605263	0.4197531	0.4193548	0.3239437	0.32	0.2589286	0.260274	0.2912621	0.3461538	0.3544304	0.48	0.3779528	0.3444444	0.3809524	0.6363636	0.5	0.4285714	0.52	0.4	0.7333333	0.5	0.6923077	0.8	0.4583333	0.3894737	
corneille sp.	0.0	0.0	0.0	0.0	0.0	0.0	0.0	0.0	0.0	0.0	0.0	0.0	0.0	0.0	0.0	0.0	0.0	0.0	0.0	0.0	0.0	0.0	0.0	0.0	0.0	0.0	0.0	0.0	0.0	0.0	0.0	0.0	0.0126582	0.0	0.0	0.0	0.0	0.0	0.0	0.0	0.0	0.0	0.0	0.0	0.0	0.0	0.0	0.0	
Grand Corbeau	0.0490566	0.0679612	0.0015	0.25	0.0015	0.1428571	0.5	0.1333333	0.0	0.1	0.5	0.195122	0.3333333	0.2985075	0.1875	0.302521	0.2592593	0.2293578	0.2222222	0.2792208	0.1267606	0.1632653	0.1836735	0.0657895	0.1728395	0.1774194	0.1549296	0.232	0.1875	0.109589	0.1262136	0.2307692	0.2405063	0.3733333	0.2204724	0.2	0.2539683	0.1818182	0.25	0.1666667	0.04	0.0	0.0666667	0.0555556	0.2307692	0.1	0.0833333	0.0631579	
corneille ou corbeau sp.	0.0	0.0	0.0	0.0	0.0	0.0	0.0	0.0	0.0	0.0	0.0	0.0	0.0	0.0	0.0	0.0	0.0	0.0	0.0	0.0	0.0	0.0	0.0	0.0	0.0	0.0	0.0	0.0	0.0089286	0.0	0.0	0.0	0.0	0.0	0.0	0.0	0.0	0.0	0.0	0.0	0.0	0.0	0.0	0.0	0.0	0.0	0.0	0.0	
corvidé sp.	0.0	0.0	0.0	0.0	0.0	0.0	0.0	0.0	0.0	0.0	0.0	0.0	0.0	0.0	0.0	0.0	0.0	0.0	0.0	0.0	0.0	0.0	0.0	0.0	0.0	0.0	0.0	0.0	0.0	0.0	0.0	0.0	0.0	0.0	0.0	0.0111111	0.0	0.0	0.0	0.0	0.0	0.0	0.0	0.0	0.0	0.0	0.0	0.0	
Mésange noire	0.0188679	0.0970874	0.0	0.25	0.2857143	0.1428571	0.375	0.2	0.0	0.1	0.5	0.2439024	0.025641	0.2686567	0.15	0.1680672	0.2777778	0.2110092	0.0864198	0.2337662	0.0985915	0.1020408	0.1428571	0.0921053	0.1851852	0.2016129	0.1549296	0.152	0.1517857	0.109589	0.1941748	0.1230769	0.2025316	0.28	0.1259843	0.1222222	0.0952381	0.2121212	0.15	0.0952381	0.16	0.2	0.0666667	0.0555556	0.2307692	0.1	0.0416667	0.0210526	
Mésange bleue	0.3132075	0.2135922	0.1666667	0.25	0.1428571	0.2857143	0.5	0.3333333	0.0	0.4	0.5	0.2439024	0.2564103	0.4029851	0.3125	0.3445378	0.345679	0.293578	0.1604938	0.2207792	0.1408451	0.2755102	0.122449	0.2894737	0.2592593	0.4032258	0.1549296	0.224	0.2142857	0.260274	0.368932	0.2384615	0.2405063	0.4	0.3307087	0.3111111	0.2539683	0.3333333	0.3	0.2619048	0.32	0.7333333	0.3333333	0.2777778	0.1538462	0.1	0.125	0.3052632	
Mésange charbonnière	0.2150943	0.2427184	0.0833333	0.5	0.3571429	0.0015	0.625	0.2666667	0.0	0.5	0.75	0.4878049	0.3846154	0.4328358	0.3625	0.3109244	0.3888889	0.4036697	0.3333333	0.4220779	0.1971831	0.2959184	0.2040816	0.1973684	0.1604938	0.25	0.1830986	0.264	0.2142857	0.2328767	0.2718447	0.2307692	0.2405063	0.36	0.3543307	0.2777778	0.2063492	0.4242424	0.25	0.2619048	0.36	0.4666667	0.6	0.2777778	0.3846154	0.3	0.125	0.2421053	
Rémiz penduline	0.0	0.0	0.0	0.0	0.0	0.0	0.0	0.0	0.0	0.0	0.0	0.0	0.0	0.0	0.0	0.0	0.0061728	0.0	0.0	0.0	0.0	0.0	0.0	0.0	0.0	0.0	0.0	0.0	0.0	0.0	0.0	0.0	0.0	0.0	0.0	0.0	0.0	0.0	0.0	0.0	0.0	0.0	0.0	0.0	0.0	0.0	0.0	0.0	
Alouette lulu	0.0075472	0.0048544	0.0	0.0	0.0	0.0015	0.0015	0.0	0.0	0.0	0.25	0.0243902	0.025641	0.1343284	0.0375	0.0504202	0.0617284	0.0275229	0.0864198	0.0649351	0.028169	0.0306122	0.0816327	0.0394737	0.0617284	0.016129	0.0140845	0.008	0.0089286	0.0410959	0.0194175	0.0230769	0.0015	0.04	0.0866142	0.0333333	0.031746	0.030303	0.0015	0.0714286	0.0	0.0	0.0	0.0	0.0769231	0.0	0.0	0.0	
Alouette des champs	0.0113208	0.0048544	0.0	0.0	0.0	0.0015	0.0015	0.0	0.0	0.0	0.0	0.0	0.0	0.0149254	0.0125	0.0168067	0.0061728	0.0	0.037037	0.012987	0.0015	0.0102041	0.0204082	0.0015	0.0	0.0	0.0140845	0.008	0.0	0.0	0.0	0.0	0.0	0.0	0.0	0.0111111	0.015873	0.0909091	0.0	0.0952381	0.0	0.0	0.2666667	0.0	0.0015	0.1	0.0	0.0	
Alouette calandrelle	0.0	0.0	0.0	0.0	0.0	0.0	0.0	0.0	0.0	0.0	0.0	0.0	0.0	0.0	0.0125	0.0	0.0	0.0	0.0	0.0	0.0	0.0	0.0	0.0015	0.0123457	0.0	0.0	0.0	0.0	0.0	0.0	0.0015	0.0	0.0	0.0	0.0	0.0	0.0	0.0	0.0	0.0	0.0	0.0	0.0	0.0	0.0	0.0	0.0	
alaudidé sp.	0.0	0.0	0.0	0.0	0.0	0.0	0.0	0.0	0.0	0.0	0.0	0.0	0.0	0.0	0.0	0.0	0.0	0.0	0.0	0.0	0.0	0.0	0.0	0.0	0.0123457	0.0	0.0	0.0	0.0	0.0	0.0	0.0	0.0	0.0	0.0	0.0	0.0	0.0	0.0	0.0	0.0	0.0	0.0	0.0	0.0	0.0	0.0	0.0	
Cisticole des joncs	0.0226415	0.0097087	0.0	0.0	0.0714286	0.0	0.0	0.0	0.0	0.0015	0.0	0.0243902	0.0512821	0.0746269	0.0375	0.0840336	0.0185185	0.0642202	0.0493827	0.012987	0.0704225	0.0510204	0.0204082	0.0263158	0.0864198	0.016129	0.056338	0.04	0.0178571	0.0	0.0485437	0.0461538	0.0506329	0.0133333	0.023622	0.0111111	0.0	0.0606061	0.0015	0.0238095	0.04	0.0	0.0666667	0.0555556	0.2307692	0.1	0.0	0.0	
Hypolaïs pâle	0.0	0.0	0.0	0.0	0.0	0.0	0.0	0.0	0.0	0.0	0.0	0.0	0.0	0.0	0.0	0.0	0.0	0.0	0.0	0.0	0.0	0.0	0.0	0.0	0.0	0.0	0.0	0.0	0.0	0.0	0.0	0.0	0.0	0.0	0.0	0.0	0.0	0.0	0.0015	0.0	0.0	0.0	0.0	0.0	0.0	0.0	0.0	0.0	
Hypolaïs polyglotte	0.0	0.0	0.0	0.0	0.0	0.0	0.0	0.0	0.0	0.0	0.0	0.0	0.0	0.0	0.0	0.0	0.0015	0.0	0.0	0.0	0.0	0.0	0.0	0.0	0.0	0.0	0.0	0.0	0.0	0.0	0.0	0.0	0.0	0.0	0.0	0.0	0.0	0.0	0.0	0.0	0.0	0.0	0.0	0.0	0.0	0.0	0.0	0.0	
Hypolaïs ictérine	0.0	0.0	0.0	0.0	0.0	0.0	0.0	0.0	0.0	0.0	0.0	0.0	0.0	0.0	0.0	0.0084034	0.0	0.0	0.0015	0.0	0.0	0.0	0.0	0.0	0.0	0.0	0.0	0.0	0.0	0.0	0.0	0.0	0.0	0.0	0.0	0.0	0.0	0.0	0.0	0.0	0.0	0.0	0.0	0.0	0.0	0.0	0.0	0.0	
Lusciniole à moustaches	0.0	0.0	0.0	0.0	0.0015	0.0	0.0	0.0	0.0	0.0	0.0	0.0	0.0	0.0	0.0	0.0	0.0	0.0	0.0	0.0	0.0	0.0	0.0	0.0	0.0123457	0.0015	0.0	0.0	0.0	0.0	0.0015	0.0015	0.0	0.0	0.0	0.0	0.0	0.030303	0.0	0.0	0.0	0.0	0.0	0.0	0.0015	0.0015	0.0	0.0	
Phragmite des joncs	0.0	0.0	0.0	0.0	0.0	0.0	0.0	0.0	0.0	0.0	0.0	0.0	0.0	0.0	0.0015	0.0084034	0.0	0.0	0.0	0.0	0.0	0.0	0.0	0.0	0.0	0.0	0.0	0.0	0.0	0.0	0.0	0.0	0.0	0.0	0.0	0.0	0.0	0.0	0.0	0.0	0.0	0.0	0.0	0.0	0.0	0.0	0.0	0.0	
Rousserolle isabelle	0.0	0.0	0.0	0.0	0.0	0.0	0.0	0.0	0.0	0.0	0.0	0.0	0.0	0.0	0.0	0.0	0.0	0.0	0.0	0.0	0.0	0.0	0.0	0.0	0.0	0.0	0.0	0.0	0.0	0.0	0.0	0.0	0.0	0.0	0.0	0.0	0.0	0.0	0.0	0.0238095	0.0	0.0	0.0	0.0	0.0	0.0	0.0	0.0	
Rousserolle effarvatte	0.0	0.0	0.0	0.0	0.0	0.0	0.0	0.0	0.0	0.0	0.0	0.0	0.0	0.0447761	0.0125	0.0252101	0.0061728	0.0825688	0.037037	0.025974	0.0140845	0.0510204	0.0204082	0.0263158	0.0493827	0.016129	0.0140845	0.016	0.0178571	0.0	0.0097087	0.0230769	0.0126582	0.0	0.007874	0.0	0.0	0.0	0.0	0.0	0.0	0.0	0.0	0.0	0.0	0.0	0.0	0.0	
Rousserolle turdoïde	0.0	0.0	0.0	0.0	0.0	0.0	0.0	0.0	0.0	0.0	0.0	0.0	0.0	0.0149254	0.0125	0.0252101	0.0061728	0.0458716	0.0123457	0.0	0.0015	0.0102041	0.0	0.0	0.0	0.0	0.0	0.0	0.0	0.0	0.0	0.0015	0.0	0.0	0.0	0.0	0.0	0.0	0.0	0.0	0.0	0.0	0.0	0.0	0.0	0.0	0.0	0.0	
Hirondelle de rivage	0.0	0.0	0.0	0.0	0.0	0.0	0.0	0.0	0.0	0.0	0.0	0.0	0.025641	0.0447761	0.05	0.0252101	0.0061728	0.0183486	0.0123457	0.0	0.0	0.0102041	0.0	0.0015	0.0	0.0	0.0	0.0	0.0	0.0	0.0	0.0076923	0.0379747	0.04	0.007874	0.0	0.0	0.0	0.0	0.0	0.0	0.0	0.0	0.0	0.0	0.0	0.0	0.0	
Hirondelle de rochers	0.0075472	0.0242718	0.0	0.0	0.0714286	0.2857143	0.0	0.0	0.0	0.3	0.5	0.0731707	0.1025641	0.0895522	0.075	0.1008403	0.0987654	0.0458716	0.1234568	0.0974026	0.0422535	0.0612245	0.0816327	0.0526316	0.0617284	0.0403226	0.0704225	0.064	0.0357143	0.0136986	0.1165049	0.0384615	0.1139241	0.12	0.0787402	0.0333333	0.0634921	0.1818182	0.15	0.0952381	0.04	0.0	0.0	0.0555556	0.0769231	0.0	0.0	0.0105263	
Hirondelle rustique	0.0	0.0	0.0	0.0	0.0	0.0	0.0	0.0	0.0015	0.3	0.0	0.097561	0.2820513	0.3134328	0.3625	0.3445378	0.1851852	0.2844037	0.3209877	0.1688312	0.2676056	0.1938776	0.0816327	0.2105263	0.2716049	0.1774194	0.2535211	0.208	0.2053571	0.2328767	0.3009709	0.1846154	0.1012658	0.1333333	0.2125984	0.1888889	0.0952381	0.0606061	0.2	0.047619	0.0	0.0	0.0	0.0	0.0	0.0	0.0	0.0	
Hirondelle de fenêtre	0.0	0.0	0.0	0.0	0.0	0.0	0.0	0.0	0.0	0.2	0.0	0.097561	0.1794872	0.238806	0.15	0.2521008	0.191358	0.2110092	0.308642	0.2272727	0.2816901	0.2244898	0.0408163	0.25	0.2098765	0.1854839	0.2394366	0.24	0.1875	0.2465753	0.2038835	0.1384615	0.164557	0.1333333	0.1811024	0.0888889	0.1269841	0.030303	0.0015	0.0238095	0.0	0.0	0.0	0.0	0.0	0.0	0.0	0.0	
Hirondelle rousseline	0.0	0.0	0.0	0.0	0.0	0.0	0.0	0.0	0.0	0.0	0.0	0.0243902	0.0	0.0	0.0125	0.0	0.0	0.0015	0.0123457	0.0015	0.0140845	0.0	0.0	0.0	0.0	0.0015	0.0	0.0015	0.0	0.0	0.0	0.0015	0.0	0.0	0.0	0.0015	0.0	0.0	0.0	0.0	0.0	0.0	0.0	0.0	0.0	0.0	0.0	0.0	
hirondelle sp.	0.0	0.0	0.0	0.0	0.0	0.0	0.0	0.0	0.0	0.0	0.0	0.0487805	0.0	0.0	0.0	0.0084034	0.0	0.0	0.0	0.0	0.0	0.0	0.0	0.0	0.0	0.0	0.0140845	0.0015	0.0	0.0	0.0	0.0	0.0	0.0133333	0.007874	0.0	0.0	0.0	0.0	0.0	0.0	0.0	0.0	0.0	0.0	0.0	0.0	0.0	
Pouillot siffleur	0.0	0.0	0.0	0.0	0.0	0.0	0.0	0.0	0.0	0.0	0.0	0.0	0.0	0.0	0.0	0.0	0.0123457	0.0015	0.0	0.0	0.0	0.0	0.0	0.0	0.0	0.0	0.0	0.0	0.0	0.0	0.0	0.0	0.0	0.0	0.0	0.0	0.0	0.0	0.0	0.0	0.0	0.0	0.0	0.0	0.0	0.0	0.0	0.0	
Pouillot à grands sourcils	0.0	0.0	0.0	0.0	0.0	0.0	0.0	0.0	0.0	0.0	0.0	0.0	0.0	0.0	0.0	0.0	0.0	0.0	0.0	0.0	0.0	0.0	0.0	0.0	0.0	0.0	0.0	0.0	0.0	0.0	0.0	0.0	0.0	0.0	0.0	0.0	0.0	0.0	0.0	0.0	0.0	0.0	0.0	0.0015	0.0	0.0	0.0	0.0	
Pouillot fitis	0.0	0.0	0.0	0.0	0.0	0.0	0.0	0.0	0.0	0.0	0.0	0.0243902	0.0	0.0447761	0.025	0.0	0.0061728	0.0015	0.0	0.0	0.0	0.0	0.0	0.0	0.0	0.0	0.0	0.0	0.0	0.0	0.0097087	0.0	0.0126582	0.0133333	0.0	0.0	0.015873	0.0015	0.05	0.0	0.0	0.0	0.0	0.0	0.0	0.0	0.0	0.0	
Pouillot véloce	0.2943396	0.2087379	0.0833333	0.0015	0.1428571	0.0015	0.25	0.1333333	0.0	0.4	0.0	0.0243902	0.0769231	0.0746269	0.0125	0.0336134	0.0246914	0.0091743	0.0123457	0.0324675	0.028169	0.0102041	0.0612245	0.0015	0.0740741	0.0015	0.0	0.008	0.0	0.0	0.0	0.0076923	0.0	0.0	0.007874	0.0222222	0.0634921	0.0909091	0.2	0.2380952	0.4	0.6	0.7333333	0.5	0.5384615	0.3	0.2916667	0.2526316	
pouillot sp.	0.0	0.0	0.0	0.0	0.0	0.0	0.0	0.0	0.0	0.0	0.0	0.0	0.0	0.0	0.0	0.0	0.0	0.0	0.0	0.0	0.0	0.0	0.0	0.0	0.0	0.0	0.0	0.0	0.0	0.0	0.0	0.0076923	0.0	0.0	0.0	0.0	0.0	0.0	0.0	0.0	0.0	0.0	0.0	0.0	0.0	0.0	0.0	0.0	
Bouscarle de Cetti	0.0603774	0.0194175	0.0	0.0	0.0714286	0.0015	0.0015	0.0666667	0.0	0.3	0.0	0.097561	0.2307692	0.238806	0.25	0.1848739	0.0802469	0.1926606	0.2098765	0.1168831	0.1126761	0.1326531	0.0204082	0.0921053	0.0617284	0.0241935	0.028169	0.008	0.0357143	0.0273973	0.0194175	0.0846154	0.1139241	0.1466667	0.0551181	0.0666667	0.0793651	0.1818182	0.0015	0.0952381	0.04	0.0	0.0666667	0.0555556	0.1538462	0.0	0.0	0.0210526	
Orite à longue queue	0.1283019	0.092233	0.0833333	0.0015	0.0714286	0.0	0.0015	0.0666667	0.0	0.1	0.0015	0.097561	0.1025641	0.238806	0.1875	0.1092437	0.1790123	0.2018349	0.1234568	0.1168831	0.0422535	0.0612245	0.0408163	0.1578947	0.0493827	0.1370968	0.0985915	0.168	0.1160714	0.1232877	0.1165049	0.1230769	0.164557	0.1066667	0.1496063	0.1777778	0.1269841	0.1818182	0.1	0.1904762	0.36	0.5333333	0.4666667	0.1111111	0.1538462	0.1	0.0833333	0.1684211	
Fauvette à tête noire	0.245283	0.2669903	0.25	0.5	0.0714286	0.0015	0.125	0.2	0.0	0.5	0.0	0.2195122	0.2820513	0.3731343	0.2875	0.2605042	0.3580247	0.4036697	0.2839506	0.3311688	0.3098592	0.3265306	0.2040816	0.3684211	0.3333333	0.3870968	0.3380282	0.352	0.2857143	0.2739726	0.2718447	0.1538462	0.1518987	0.0933333	0.1417323	0.1444444	0.0952381	0.3333333	0.1	0.2142857	0.32	0.5333333	0.2666667	0.2777778	0.2307692	0.1	0.1666667	0.3052632	
Fauvette des jardins	0.0	0.0	0.0	0.0	0.0	0.0	0.0	0.0	0.0	0.0	0.0	0.0	0.0	0.0	0.0	0.0	0.0	0.0	0.0	0.0	0.0	0.0	0.0	0.0	0.0	0.0	0.0	0.0	0.0	0.0	0.0	0.0	0.0253165	0.0266667	0.007874	0.0	0.0	0.0	0.0	0.0	0.0	0.0	0.0	0.0	0.0	0.0	0.0	0.0	
Fauvette mélanocéphale	0.5207547	0.3883495	0.25	0.25	0.2142857	0.1428571	0.375	0.0666667	0.0	0.5	0.0015	0.1219512	0.6666667	0.358209	0.4125	0.3781513	0.3333333	0.293578	0.3703704	0.3116883	0.3239437	0.3367347	0.1632653	0.3552632	0.1481481	0.1935484	0.2394366	0.344	0.3214286	0.3150685	0.3883495	0.3153846	0.3544304	0.36	0.3937008	0.3555556	0.3968254	0.4545455	0.45	0.452381	0.56	0.6	0.6666667	0.6111111	0.7692308	0.8	0.4166667	0.6105263	
Fauvette de Moltoni	0.0	0.0	0.0	0.0	0.0	0.0	0.0	0.0	0.0	0.0	0.0	0.0	0.0	0.0	0.05	0.0756303	0.0308642	0.0642202	0.0246914	0.0324675	0.0422535	0.0306122	0.0204082	0.0657895	0.0246914	0.0645161	0.056338	0.056	0.0446429	0.0273973	0.1067961	0.0538462	0.0379747	0.04	0.0	0.0015	0.031746	0.0	0.0	0.0	0.0	0.0	0.0	0.0	0.0	0.0	0.0	0.0	
Fauvette passerinette	0.0	0.0	0.0	0.0	0.0	0.0	0.0	0.0	0.0	0.0	0.0	0.0	0.0	0.0015	0.0	0.0	0.0	0.0	0.0	0.0	0.0	0.0	0.0	0.0	0.0	0.0	0.0	0.0	0.0	0.0	0.0	0.0	0.0	0.0	0.0	0.0	0.0	0.0	0.0	0.0	0.0	0.0	0.0	0.0	0.0	0.0	0.0	0.0	
Fauvette de Moltoni, F. passerinette ou F. des Balkans	0.0	0.0	0.0	0.0	0.0	0.0	0.0	0.0	0.0	0.0	0.0	0.0	0.0	0.0	0.0	0.0	0.0	0.0	0.0	0.0	0.0	0.0	0.0	0.0	0.0	0.0	0.0	0.0	0.0	0.0	0.0	0.0	0.0	0.0	0.0	0.0015	0.0	0.0	0.0	0.0	0.0	0.0	0.0	0.0	0.0	0.0	0.0	0.0	
Fauvette grisette	0.0	0.0	0.0	0.0	0.0	0.0	0.0	0.0	0.0	0.0	0.0	0.0243902	0.0	0.0149254	0.0	0.0	0.0061728	0.0275229	0.0123457	0.0	0.0	0.0	0.0	0.0	0.0	0.0	0.0	0.0	0.0	0.0	0.0	0.0	0.0	0.0	0.0	0.0	0.0	0.0	0.0	0.0	0.0	0.0	0.0	0.0	0.0	0.0	0.0	0.0	
Fauvette sarde	0.0	0.0	0.0	0.0	0.0	0.0	0.0	0.0	0.0	0.1	0.0	0.0243902	0.025641	0.0597015	0.0375	0.0168067	0.0246914	0.0275229	0.0015	0.025974	0.0140845	0.0204082	0.0408163	0.0394737	0.0246914	0.0564516	0.0704225	0.056	0.0357143	0.0136986	0.0015	0.0615385	0.0	0.04	0.007874	0.0222222	0.015873	0.0	0.1	0.0238095	0.0	0.0	0.0	0.0	0.0	0.0	0.0	0.0105263	
Fauvette pitchou	0.0113208	0.038835	0.0833333	0.0	0.0015	0.0	0.0	0.0	0.0	0.1	0.0	0.0015	0.0512821	0.0298507	0.0375	0.0168067	0.0246914	0.0275229	0.0617284	0.025974	0.0	0.0102041	0.0408163	0.0921053	0.0123457	0.0483871	0.0015	0.04	0.0357143	0.0136986	0.038835	0.0461538	0.0253165	0.0933333	0.023622	0.0444444	0.1428571	0.0606061	0.05	0.0714286	0.0015	0.0	0.0666667	0.0	0.0015	0.0	0.0015	0.0421053	
Sylvia ou Curruca sp.	0.0	0.0	0.0	0.0	0.0	0.0	0.0	0.0	0.0	0.0	0.0	0.0	0.0	0.0	0.0	0.0	0.0123457	0.0	0.0	0.0064935	0.0	0.0	0.0	0.0	0.0	0.0	0.0140845	0.008	0.0089286	0.0	0.0	0.0076923	0.0126582	0.0	0.0	0.0	0.0	0.0	0.0	0.0	0.04	0.0	0.0	0.0	0.0	0.0	0.0	0.0	
Roitelet huppé	0.0075472	0.0194175	0.0	0.0	0.0015	0.0	0.0	0.0	0.0	0.0	0.25	0.0243902	0.025641	0.0597015	0.0125	0.0252101	0.0493827	0.0366972	0.0246914	0.0454545	0.0	0.0204082	0.0	0.0394737	0.037037	0.0322581	0.028169	0.072	0.0267857	0.0273973	0.0194175	0.0461538	0.0126582	0.04	0.0708661	0.0333333	0.031746	0.0606061	0.05	0.0714286	0.0	0.0	0.0	0.0555556	0.0	0.0	0.0	0.0105263	
Roitelet à triple bandeau	0.0264151	0.038835	0.0	0.0	0.0015	0.0015	0.0	0.0	0.0	0.1	0.0	0.1219512	0.0769231	0.1343284	0.0875	0.1092437	0.2962963	0.1743119	0.0987654	0.1948052	0.084507	0.0510204	0.0612245	0.1184211	0.037037	0.0645161	0.056338	0.064	0.0625	0.0136986	0.1165049	0.0846154	0.0759494	0.2266667	0.0708661	0.1222222	0.0634921	0.1515152	0.1	0.047619	0.12	0.5333333	0.0666667	0.1111111	0.0769231	0.1	0.0416667	0.0526316	
Roitelet huppé ou R. à triple bandeau	0.0	0.0	0.0	0.0	0.0	0.0	0.0	0.0	0.0	0.0	0.0	0.0243902	0.0	0.0	0.0	0.0	0.0	0.0	0.0	0.0	0.0	0.0	0.0	0.0	0.0	0.0080645	0.0	0.0	0.0	0.0136986	0.0	0.0	0.0	0.0	0.007874	0.0	0.0	0.0	0.0	0.0	0.0	0.0	0.0	0.0	0.0	0.0	0.0	0.0	
Tichodrome échelette	0.0	0.0	0.0	0.0	0.0	0.0	0.0	0.0	0.0	0.0	0.0	0.0	0.0	0.0	0.0	0.0	0.0	0.0	0.0	0.0	0.0	0.0	0.0	0.0	0.0	0.0015	0.0	0.0	0.0	0.0	0.0	0.0076923	0.0	0.0	0.0	0.0	0.0	0.0	0.0	0.0	0.0	0.0	0.0	0.0	0.0	0.0	0.0	0.0	
Sittelle corse	0.0	0.0097087	0.0	0.0	0.0015	0.0	0.0	0.0	0.0	0.0	0.25	0.0243902	0.0015	0.0447761	0.0375	0.0420168	0.0493827	0.0366972	0.0246914	0.0714286	0.0140845	0.0204082	0.0408163	0.0131579	0.037037	0.0483871	0.028169	0.032	0.0178571	0.0136986	0.038835	0.0230769	0.0379747	0.0266667	0.015748	0.0222222	0.031746	0.030303	0.1	0.047619	0.04	0.0	0.0	0.0555556	0.0769231	0.0	0.0	0.0	
Grimpereau des bois	0.0037736	0.0145631	0.0	0.0	0.0	0.0	0.0	0.0	0.0	0.0	0.25	0.0015	0.0015	0.0746269	0.0125	0.0672269	0.0308642	0.0183486	0.0493827	0.0714286	0.0140845	0.0204082	0.0204082	0.0131579	0.0015	0.0967742	0.0422535	0.072	0.0535714	0.0547945	0.0582524	0.0692308	0.0253165	0.08	0.0472441	0.0333333	0.031746	0.0909091	0.15	0.0714286	0.0	0.0	0.0	0.0555556	0.0	0.0	0.0	0.0	
Troglodyte mignon	0.0188679	0.0145631	0.0015	0.0015	0.0015	0.1428571	0.0	0.0	0.0	0.0	0.0	0.097561	0.0769231	0.119403	0.1	0.0672269	0.1049383	0.0917431	0.0864198	0.1298701	0.0704225	0.0510204	0.1020408	0.0789474	0.0617284	0.0645161	0.056338	0.056	0.0089286	0.0410959	0.0485437	0.0692308	0.0506329	0.1333333	0.0393701	0.0666667	0.031746	0.2121212	0.2	0.1666667	0.04	0.0	0.0	0.0555556	0.0769231	0.0	0.0	0.0015	
Cincle plongeur	0.0	0.0	0.0	0.0	0.0	0.0	0.0015	0.0	0.0	0.0	0.0	0.0015	0.0	0.0149254	0.0	0.0084034	0.0123457	0.0	0.0	0.0064935	0.0	0.0	0.0015	0.0015	0.0	0.0015	0.0140845	0.016	0.0015	0.0	0.0	0.0015	0.0	0.0133333	0.0015	0.0111111	0.0015	0.0	0.0	0.0	0.0	0.0	0.0	0.0	0.0	0.0	0.0	0.0015	
Étourneau sansonnet	0.1169811	0.0485437	0.0833333	0.0015	0.2142857	0.2857143	0.125	0.0	0.5	0.2	0.25	0.0243902	0.0	0.0447761	0.0015	0.0084034	0.0	0.0015	0.0	0.0	0.0	0.0	0.0204082	0.0	0.0123457	0.0	0.0	0.016	0.0	0.0136986	0.0	0.0	0.0126582	0.0133333	0.0472441	0.0555556	0.0793651	0.030303	0.15	0.1904762	0.24	0.3333333	0.2666667	0.2222222	0.6153846	0.6	0.3333333	0.0736842	
Étourneau unicolore	0.2	0.1699029	0.0833333	0.25	0.0714286	0.0	0.0	0.0	0.0	0.3	0.0015	0.1463415	0.1794872	0.2089552	0.175	0.2941176	0.117284	0.1926606	0.2222222	0.1428571	0.2394366	0.255102	0.0612245	0.1710526	0.1728395	0.1532258	0.2112676	0.144	0.0892857	0.0684932	0.1456311	0.1692308	0.164557	0.1866667	0.1968504	0.1888889	0.1111111	0.2727273	0.1	0.0714286	0.12	0.3333333	0.1333333	0.1666667	0.4615385	0.5	0.2916667	0.1368421	
Étourneau sansonnet ou É. unicolore	0.1207547	0.092233	0.0	0.0	0.0	0.0	0.0	0.0	0.0	0.0	0.0	0.0	0.025641	0.0015	0.0	0.0084034	0.0061728	0.0	0.0	0.0	0.0	0.0102041	0.0612245	0.0	0.0	0.0	0.0	0.0	0.0089286	0.0136986	0.0	0.0076923	0.0126582	0.0133333	0.0	0.0222222	0.0634921	0.0	0.0	0.0	0.12	0.0	0.1333333	0.0555556	0.2307692	0.0	0.0	0.0842105	
Grive draine	0.0075472	0.0145631	0.0	0.0	0.0	0.1428571	0.0	0.0	0.0	0.0	0.0015	0.0015	0.0015	0.0447761	0.0375	0.0420168	0.0493827	0.0642202	0.0493827	0.0584416	0.0140845	0.0204082	0.122449	0.0394737	0.0123457	0.0403226	0.0140845	0.024	0.0267857	0.0136986	0.0097087	0.0076923	0.0	0.0015	0.015748	0.0015	0.0	0.0606061	0.1	0.0714286	0.0	0.0	0.0	0.0555556	0.0769231	0.0	0.0	0.0	
Grive musicienne	0.1509434	0.1213592	0.1666667	0.25	0.0714286	0.0	0.125	0.1333333	0.0	0.3	0.0	0.0243902	0.0	0.0447761	0.05	0.0168067	0.0185185	0.0	0.0	0.0194805	0.0	0.0	0.0	0.0	0.0	0.0	0.0	0.0	0.0	0.0	0.0	0.0	0.0	0.0	0.0	0.0	0.0	0.1212121	0.3	0.1428571	0.16	0.0015	0.0	0.1111111	0.0769231	0.1	0.0	0.1894737	
Grive mauvis	0.0037736	0.0	0.0015	0.0	0.0	0.0	0.0	0.0	0.0	0.0	0.0	0.0	0.0	0.0	0.0	0.0	0.0	0.0	0.0	0.0	0.0	0.0	0.0	0.0	0.0	0.0	0.0	0.0	0.0	0.0	0.0	0.0	0.0	0.0	0.0	0.0	0.0	0.0	0.0	0.0	0.04	0.0015	0.0015	0.0	0.0	0.0	0.0	0.0	
Merle noir	0.2792453	0.2572816	0.25	0.25	0.0714286	0.2857143	0.5	0.3333333	0.0	0.5	0.25	0.3414634	0.3846154	0.5074627	0.425	0.3445378	0.3950617	0.5779817	0.617284	0.5	0.4788732	0.5204082	0.2857143	0.4078947	0.2962963	0.233871	0.2676056	0.216	0.1160714	0.1232877	0.1941748	0.1615385	0.164557	0.2533333	0.1732283	0.0666667	0.1111111	0.1818182	0.35	0.1904762	0.08	0.2	0.0666667	0.1111111	0.3846154	0.2	0.125	0.3157895	
Gobemouche gris	0.0	0.0	0.0	0.0	0.0	0.0	0.0	0.0	0.0	0.0	0.0	0.0	0.0	0.0	0.0	0.0168067	0.0617284	0.146789	0.2098765	0.2727273	0.2253521	0.2244898	0.1428571	0.2368421	0.3703704	0.483871	0.3380282	0.408	0.3392857	0.2876712	0.3495146	0.2538462	0.3417722	0.2666667	0.0944882	0.0444444	0.047619	0.030303	0.0	0.0	0.0	0.0	0.0	0.0	0.0	0.0	0.0	0.0	
Rougegorge familier	0.6830189	0.5339806	0.4166667	0.25	0.2857143	0.5714286	0.875	0.4666667	0.5	0.5	0.25	0.3414634	0.2564103	0.238806	0.15	0.1512605	0.3703704	0.2385321	0.2469136	0.2272727	0.1971831	0.244898	0.1428571	0.1052632	0.1234568	0.0967742	0.084507	0.16	0.0535714	0.0410959	0.1553398	0.0538462	0.0759494	0.1466667	0.1417323	0.2333333	0.3492063	0.4242424	0.6	0.6666667	0.96	0.9333333	0.8	0.5555556	0.6923077	0.7	0.5	0.7052632	
Rossignol philomèle	0.0	0.0	0.0	0.0	0.0	0.0	0.0	0.0	0.0	0.0	0.0	0.0	0.0	0.0597015	0.0625	0.1932773	0.0617284	0.2201835	0.1728395	0.1038961	0.1690141	0.1326531	0.0408163	0.0789474	0.037037	0.0080645	0.0140845	0.0	0.0	0.0136986	0.0097087	0.0230769	0.0126582	0.0133333	0.0015	0.0	0.0	0.0	0.0	0.0	0.0	0.0	0.0	0.0	0.0	0.0	0.0	0.0	
Gobemouche noir	0.0	0.0	0.0	0.0	0.0	0.0	0.0	0.0	0.0	0.0	0.0	0.0	0.0	0.0149254	0.0125	0.0168067	0.0185185	0.0091743	0.037037	0.0	0.0	0.0	0.0	0.0	0.0	0.0	0.0	0.0	0.0	0.0	0.0	0.0015	0.0	0.0	0.0015	0.0	0.0	0.0	0.0	0.0	0.0	0.0	0.0	0.0	0.0	0.0	0.0	0.0	
Gobemouche à collier	0.0	0.0	0.0	0.0	0.0	0.0	0.0	0.0	0.0	0.0	0.0	0.0	0.0	0.0015	0.0	0.0168067	0.0061728	0.0	0.0	0.0	0.0	0.0	0.0	0.0	0.0	0.0	0.0	0.0	0.0	0.0	0.0	0.0	0.0	0.0	0.0	0.0	0.0	0.0	0.0	0.0	0.0	0.0	0.0	0.0	0.0	0.0	0.0	0.0	
Rougequeue à front blanc	0.0	0.0	0.0	0.0	0.0	0.0	0.0	0.0	0.0	0.0	0.0	0.0015	0.0	0.0298507	0.05	0.0168067	0.0123457	0.0	0.0	0.0	0.0	0.0	0.0	0.0	0.0	0.0	0.0	0.0	0.0	0.0	0.0	0.0	0.0015	0.0	0.0015	0.0	0.031746	0.0	0.0015	0.0238095	0.0	0.0	0.0	0.0	0.0	0.0	0.0	0.0	
Rougequeue noir	0.2264151	0.1456311	0.3333333	0.25	0.2857143	0.4285714	0.25	0.2	0.5	0.5	0.25	0.0487805	0.025641	0.0298507	0.025	0.0	0.0061728	0.0	0.0123457	0.0064935	0.0	0.0306122	0.0204082	0.0015	0.0	0.0015	0.0140845	0.008	0.0	0.0	0.0	0.0	0.0	0.0	0.0	0.0111111	0.0015	0.0	0.4	0.2380952	0.76	0.5333333	0.4	0.2777778	0.8461538	0.6	0.4583333	0.1789474	
Monticole de roche	0.0	0.0	0.0	0.0	0.0	0.0	0.0	0.0	0.0	0.0	0.0	0.0	0.0	0.0149254	0.0	0.0	0.0	0.0	0.0	0.0	0.0	0.0	0.0	0.0	0.0	0.0	0.0	0.0	0.0	0.0	0.0	0.0076923	0.0	0.0	0.0	0.0	0.0	0.0	0.0	0.0	0.0	0.0	0.0	0.0	0.0	0.0	0.0	0.0	
Monticole bleu	0.0037736	0.0097087	0.0	0.0	0.0	0.0	0.0	0.0	0.0	0.1	0.0	0.0015	0.0512821	0.0447761	0.0015	0.0588235	0.0246914	0.0091743	0.0493827	0.0324675	0.028169	0.0204082	0.0408163	0.0131579	0.0246914	0.016129	0.0140845	0.024	0.0089286	0.0	0.0194175	0.0307692	0.0253165	0.0266667	0.015748	0.0555556	0.1111111	0.0606061	0.25	0.0714286	0.04	0.0	0.0666667	0.0	0.0	0.0	0.0833333	0.0105263	
Tarier des prés	0.0	0.0	0.0	0.0	0.0	0.0	0.0	0.0	0.0	0.0	0.0	0.0243902	0.0015	0.0298507	0.0375	0.0420168	0.0061728	0.0366972	0.0	0.0015	0.0	0.0	0.0	0.0	0.0	0.0	0.0	0.0	0.0015	0.0	0.0	0.0	0.0253165	0.0133333	0.0	0.0111111	0.015873	0.0	0.0	0.0238095	0.0	0.0	0.0	0.0	0.0	0.0	0.0	0.0	
Tarier pâtre	0.1283019	0.0776699	0.1666667	0.0015	0.2857143	0.2857143	0.25	0.0666667	0.5	0.4	0.0	0.0487805	0.0769231	0.1343284	0.0125	0.092437	0.0308642	0.0825688	0.0493827	0.0454545	0.056338	0.0408163	0.0612245	0.0	0.0740741	0.0241935	0.0422535	0.032	0.0178571	0.0273973	0.0291262	0.0461538	0.0506329	0.0666667	0.0393701	0.0666667	0.1269841	0.1212121	0.35	0.2142857	0.04	0.0	0.1333333	0.1666667	0.4615385	0.4	0.25	0.1368421	
Traquet motteux	0.0	0.0	0.0	0.0	0.0	0.0	0.0	0.0	0.0	0.0	0.0	0.0243902	0.025641	0.0298507	0.0625	0.0840336	0.0185185	0.0183486	0.0493827	0.025974	0.0015	0.0102041	0.0204082	0.0	0.0	0.0	0.0140845	0.016	0.0	0.0	0.0	0.0538462	0.0759494	0.16	0.0393701	0.0777778	0.0952381	0.0	0.1	0.0	0.0	0.0	0.0	0.0	0.0	0.0	0.0	0.0	
Accenteur alpin	0.0	0.0	0.0	0.0015	0.0	0.0	0.0	0.0	0.0	0.1	0.25	0.0	0.025641	0.0	0.0015	0.0	0.0	0.0	0.0246914	0.0064935	0.0	0.0015	0.0	0.0131579	0.0	0.0	0.0015	0.008	0.0	0.0	0.0015	0.0076923	0.0	0.0015	0.0015	0.0	0.0	0.030303	0.0	0.0015	0.0	0.0	0.0	0.0	0.0	0.0	0.0	0.0	
Accenteur mouchet	0.1584906	0.1650485	0.1666667	0.0	0.0015	0.2857143	0.0	0.0	0.0	0.0	0.0	0.0243902	0.0	0.0	0.0125	0.0	0.0061728	0.0	0.0	0.0	0.0	0.0	0.0	0.0	0.0	0.0	0.0	0.0	0.0	0.0	0.0	0.0	0.0	0.0	0.0	0.0111111	0.0	0.0	0.0015	0.0952381	0.04	0.0	0.3333333	0.2222222	0.3076923	0.1	0.125	0.2736842	
Moineau domestique	0.0	0.0	0.0	0.0	0.0	0.0	0.0	0.0	0.0	0.0	0.0	0.0	0.0	0.0	0.0125	0.0	0.0	0.0	0.0	0.0	0.0	0.0	0.0	0.0	0.0	0.0	0.0	0.0	0.0	0.0	0.0	0.0	0.0	0.0	0.0	0.0	0.0	0.0	0.0	0.0	0.0	0.0	0.0	0.0	0.0	0.0	0.0	0.0	
Moineau cisalpin	0.0981132	0.0970874	0.25	0.0	0.2142857	0.1428571	0.125	0.2	0.0	0.4	0.0015	0.2926829	0.2820513	0.238806	0.3	0.3781513	0.1728395	0.2477064	0.3209877	0.1753247	0.2816901	0.3877551	0.122449	0.4868421	0.3580247	0.233871	0.2957746	0.152	0.1428571	0.109589	0.1359223	0.1923077	0.1139241	0.24	0.2047244	0.1333333	0.1269841	0.3333333	0.05	0.2619048	0.12	0.0	0.0666667	0.1666667	0.2307692	0.3	0.125	0.1052632	
Hybride Moineau domestique x M. cisalpin	0.0	0.0	0.0	0.0	0.0	0.0	0.0	0.0	0.0	0.0	0.0	0.0	0.0	0.0	0.0	0.0	0.0	0.0	0.0	0.0	0.0	0.0015	0.0	0.0	0.0	0.0	0.0	0.0	0.0	0.0	0.0	0.0	0.0126582	0.0	0.0	0.0	0.0	0.0	0.0	0.0	0.0	0.0	0.0	0.0	0.0	0.0	0.0	0.0	
Moineau domestique ou M. cisalpin	0.0	0.0	0.0	0.0	0.0	0.0	0.0	0.0	0.0	0.0	0.0	0.0	0.025641	0.0	0.0	0.0084034	0.0	0.0	0.0	0.0	0.0	0.0	0.0	0.0	0.0	0.0	0.0	0.0	0.0	0.0	0.0	0.0	0.0	0.0133333	0.0	0.0	0.0	0.0	0.0	0.0	0.0	0.0	0.0	0.0	0.0	0.0	0.0	0.0	
Moineau espagnol	0.0	0.0	0.0	0.0	0.0	0.0	0.0	0.0	0.0	0.0	0.0	0.0	0.0	0.0015	0.0	0.0084034	0.0015	0.0183486	0.0	0.0015	0.0015	0.0015	0.0	0.0131579	0.0	0.0	0.0140845	0.0	0.0	0.0015	0.0	0.0	0.0	0.0015	0.0	0.0	0.0	0.0	0.0	0.0	0.0	0.0	0.0	0.0	0.0	0.0	0.0	0.0	
Hybride Moineau cisalpin x M. espagnol	0.0	0.0	0.0	0.0	0.0	0.0	0.0	0.0	0.0	0.0	0.0	0.0	0.0	0.0	0.0	0.0084034	0.0061728	0.0091743	0.0	0.0	0.0015	0.0102041	0.0	0.0	0.0	0.0	0.0140845	0.0	0.0	0.0015	0.0	0.0	0.0015	0.0	0.0	0.0	0.0	0.0	0.0	0.0015	0.0015	0.0	0.0	0.0	0.0	0.0	0.0	0.0	
Moineau friquet	0.0	0.0	0.0	0.0	0.0	0.0	0.0015	0.0666667	0.0	0.1	0.0	0.0243902	0.0	0.0149254	0.0125	0.0420168	0.0185185	0.0183486	0.0123457	0.0064935	0.0422535	0.0102041	0.0204082	0.0	0.0	0.0	0.0	0.0015	0.0089286	0.0	0.0	0.0076923	0.0253165	0.0	0.0	0.0222222	0.0	0.0606061	0.0015	0.0	0.0	0.0	0.0	0.0	0.0	0.0	0.0	0.0	
Passer sp.	0.0	0.0	0.0	0.0	0.0	0.0	0.0	0.0	0.0	0.0	0.0	0.0	0.0	0.0	0.0125	0.0	0.0	0.0	0.0	0.0	0.0	0.0	0.0	0.0	0.0	0.0	0.0	0.0	0.0	0.0	0.0	0.0	0.0	0.0	0.0	0.0	0.0	0.0	0.05	0.0	0.0	0.0	0.0	0.0	0.0	0.0	0.0	0.0	
Moineau soulcie	0.0	0.0	0.0015	0.0	0.0	0.0	0.0	0.0	0.0	0.0015	0.0	0.0	0.0	0.0	0.0	0.0084034	0.0	0.0015	0.0	0.0064935	0.0140845	0.0	0.0	0.0131579	0.0015	0.0	0.0	0.0	0.0015	0.0	0.0	0.0076923	0.0	0.0	0.007874	0.0	0.015873	0.0	0.0015	0.0	0.0	0.0	0.0	0.0	0.0	0.0	0.0	0.0	
Bergeronnette des ruisseaux	0.0490566	0.0242718	0.0015	0.0015	0.0015	0.0015	0.0015	0.0	0.0	0.2	0.0	0.097561	0.0	0.0895522	0.0625	0.0252101	0.0740741	0.0366972	0.0617284	0.0519481	0.0140845	0.0510204	0.0408163	0.0131579	0.037037	0.0645161	0.028169	0.056	0.0015	0.0273973	0.0485437	0.0153846	0.0632911	0.0666667	0.0944882	0.0777778	0.0634921	0.3333333	0.1	0.1904762	0.12	0.0	0.0	0.1111111	0.2307692	0.1	0.0416667	0.0526316	
Bergeronnette printanière	0.0	0.0	0.0	0.0	0.0	0.0	0.0	0.0	0.0	0.0	0.0	0.0243902	0.0769231	0.0447761	0.0625	0.0756303	0.0185185	0.0825688	0.0123457	0.0064935	0.028169	0.0	0.0	0.0	0.0	0.0	0.0	0.0	0.0	0.0	0.0291262	0.0384615	0.1012658	0.0666667	0.0866142	0.1333333	0.0952381	0.0015	0.0	0.0	0.0	0.0	0.0	0.0	0.0	0.0	0.0	0.0	
Bergeronnette grise	0.1698113	0.1407767	0.1666667	0.0	0.2857143	0.1428571	0.25	0.0666667	0.0	0.4	0.0	0.0243902	0.0512821	0.0597015	0.0375	0.0084034	0.0185185	0.0	0.0	0.0	0.0	0.0	0.0	0.0	0.0	0.0015	0.0	0.0	0.0089286	0.0	0.0	0.0076923	0.0015	0.0	0.007874	0.0444444	0.015873	0.1212121	0.2	0.2380952	0.24	0.5333333	0.1333333	0.2222222	0.3076923	0.4	0.3333333	0.1894737	
bergeronette sp.	0.0	0.0	0.0	0.0	0.0	0.0	0.0	0.0	0.0	0.0	0.0	0.0	0.0	0.0	0.0	0.0	0.0	0.0	0.0	0.0	0.0	0.0	0.0	0.0	0.0	0.0	0.0	0.0	0.0	0.0	0.0	0.0	0.0	0.0	0.0	0.0	0.0	0.0	0.0	0.0	0.04	0.0	0.0	0.0	0.0	0.0	0.0	0.0	
Pipit rousseline	0.0	0.0	0.0	0.0	0.0	0.0	0.0	0.0	0.0	0.0	0.0	0.0	0.0	0.0	0.0125	0.0420168	0.0123457	0.0091743	0.0123457	0.012987	0.0140845	0.0306122	0.0408163	0.0131579	0.0123457	0.0015	0.0140845	0.016	0.0015	0.0136986	0.0	0.0230769	0.0126582	0.0133333	0.007874	0.0015	0.015873	0.0	0.0	0.0	0.0	0.0	0.0	0.0	0.0	0.0	0.0	0.0	
Pipit farlouse	0.0603774	0.0242718	0.0833333	0.0015	0.0714286	0.0015	0.0015	0.0	0.0	0.2	0.25	0.0243902	0.0512821	0.0895522	0.0125	0.0084034	0.0	0.0	0.0	0.0	0.0	0.0	0.0	0.0	0.0	0.0	0.0	0.0	0.0	0.0	0.0	0.0	0.0	0.0	0.0	0.0111111	0.0	0.0	0.15	0.1190476	0.04	0.2	0.2666667	0.1666667	0.2307692	0.4	0.0416667	0.0105263	
Pipit des arbres	0.0	0.0	0.0	0.0	0.0	0.0	0.0	0.0	0.0	0.0	0.0	0.0731707	0.025641	0.0015	0.025	0.0	0.0	0.0	0.0	0.0	0.0	0.0	0.0	0.0	0.0	0.0	0.0	0.0	0.0	0.0	0.0	0.0	0.0506329	0.0133333	0.0314961	0.0222222	0.015873	0.0	0.0	0.0238095	0.0	0.0	0.0	0.0	0.0	0.0	0.0	0.0	
Pipit à gorge rousse	0.0	0.0	0.0	0.0	0.0	0.0	0.0	0.0	0.0	0.0	0.0	0.0	0.0	0.0	0.0	0.0	0.0061728	0.0	0.0	0.0	0.0	0.0	0.0	0.0	0.0	0.0	0.0	0.0	0.0	0.0	0.0	0.0	0.0	0.0	0.0	0.0	0.0	0.0	0.0	0.0	0.0	0.0	0.0	0.0	0.0	0.0	0.0	0.0	
Pipit spioncelle	0.0830189	0.0679612	0.0833333	0.0	0.0714286	0.0015	0.25	0.0666667	0.0	0.3	0.0	0.0243902	0.0	0.0298507	0.0015	0.0336134	0.0185185	0.0	0.0493827	0.012987	0.0140845	0.0102041	0.0204082	0.0015	0.0	0.0	0.0140845	0.016	0.0	0.0	0.0	0.0230769	0.0253165	0.04	0.007874	0.0333333	0.0	0.1212121	0.05	0.0714286	0.04	0.0	0.1333333	0.0	0.0769231	0.1	0.1666667	0.0210526	
Pinson des arbres	0.509434	0.3737864	0.3333333	0.25	0.5714286	0.1428571	0.25	0.4	0.0	0.5	0.5	0.3170732	0.2820513	0.4925373	0.375	0.4621849	0.382716	0.4495413	0.382716	0.487013	0.4788732	0.3979592	0.2857143	0.3026316	0.2222222	0.2822581	0.2112676	0.264	0.125	0.2054795	0.2912621	0.2538462	0.2911392	0.3466667	0.3307087	0.1222222	0.1746032	0.2727273	0.35	0.4047619	0.44	0.6	0.7333333	0.3888889	0.6153846	0.3	0.1666667	0.5052632	
Pinson du Nord	0.0	0.0048544	0.0	0.0	0.0	0.0	0.0	0.0	0.0	0.0	0.0	0.0	0.0	0.0	0.0	0.0	0.0	0.0	0.0	0.0	0.0	0.0	0.0	0.0	0.0	0.0	0.0	0.0	0.0	0.0	0.0	0.0	0.0	0.0	0.0	0.0	0.0	0.0	0.0015	0.0	0.04	0.0	0.0	0.0	0.0	0.0	0.0	0.0105263	
Grosbec casse-noyaux	0.0	0.0048544	0.0	0.0	0.0	0.0015	0.0	0.0	0.0	0.0015	0.0015	0.0243902	0.0	0.0015	0.0	0.0084034	0.0061728	0.0	0.0	0.0064935	0.0	0.0306122	0.0	0.0015	0.0	0.016129	0.0	0.016	0.0	0.0	0.0097087	0.0769231	0.0	0.0	0.0	0.0015	0.015873	0.030303	0.0	0.0714286	0.04	0.0	0.0	0.0	0.0015	0.1	0.0	0.0	
Verdier d'Europe	0.045283	0.0194175	0.0015	0.0	0.1428571	0.0015	0.125	0.2	0.0	0.7	0.0015	0.2439024	0.3846154	0.358209	0.3125	0.3613445	0.1851852	0.2568807	0.3209877	0.2532468	0.2816901	0.3061224	0.2040816	0.3421053	0.2222222	0.25	0.1549296	0.128	0.0446429	0.0958904	0.038835	0.1	0.0759494	0.04	0.0393701	0.0555556	0.047619	0.1818182	0.15	0.1666667	0.0	0.0	0.1333333	0.0	0.1538462	0.1	0.0416667	0.0210526	
Linotte mélodieuse	0.0490566	0.0097087	0.0	0.0	0.0	0.1428571	0.125	0.0	0.0	0.2	0.0	0.0243902	0.0512821	0.1044776	0.075	0.0588235	0.0185185	0.0550459	0.0246914	0.0194805	0.0140845	0.0306122	0.0204082	0.0263158	0.0	0.0	0.028169	0.016	0.0089286	0.0015	0.0	0.0307692	0.0	0.0	0.007874	0.0222222	0.047619	0.030303	0.2	0.0714286	0.04	0.0	0.0666667	0.0	0.0769231	0.0	0.0416667	0.0315789	
Bec-croisé des sapins	0.0075472	0.0436893	0.0	0.0	0.0714286	0.0	0.0	0.0	0.0	0.0	0.25	0.0015	0.0015	0.0447761	0.025	0.0252101	0.037037	0.0091743	0.037037	0.0454545	0.028169	0.0102041	0.0612245	0.0263158	0.037037	0.0403226	0.0422535	0.064	0.0446429	0.0410959	0.0291262	0.0307692	0.0126582	0.0666667	0.0314961	0.0444444	0.047619	0.0606061	0.05	0.047619	0.04	0.0	0.0	0.0555556	0.0769231	0.0	0.0	0.0	
Chardonneret élégant	0.1358491	0.0825243	0.0833333	0.0	0.1428571	0.1428571	0.125	0.1333333	0.0	0.3	0.0	0.2439024	0.4102564	0.358209	0.4375	0.4201681	0.2962963	0.3486239	0.4197531	0.2922078	0.3239437	0.2959184	0.2244898	0.3026316	0.3333333	0.2580645	0.2112676	0.128	0.125	0.0547945	0.1262136	0.1230769	0.0632911	0.0533333	0.0708661	0.0333333	0.0793651	0.2424242	0.25	0.1666667	0.12	0.4	0.4	0.0	0.2307692	0.4	0.0416667	0.1368421	
Venturon corse	0.0075472	0.0097087	0.0015	0.0	0.0714286	0.0015	0.25	0.2	0.0	0.0	0.25	0.097561	0.1025641	0.238806	0.1	0.1176471	0.1234568	0.0458716	0.1234568	0.1233766	0.0422535	0.1020408	0.122449	0.0263158	0.0864198	0.0645161	0.0985915	0.12	0.0446429	0.0410959	0.0776699	0.0615385	0.0759494	0.08	0.0629921	0.0333333	0.031746	0.1212121	0.1	0.0238095	0.04	0.0	0.0	0.0	0.0769231	0.0015	0.0416667	0.0210526	
Serin cini	0.0528302	0.0097087	0.0015	0.0	0.0714286	0.1428571	0.0015	0.1333333	0.0	0.4	0.25	0.1463415	0.1794872	0.2089552	0.0875	0.1344538	0.0740741	0.1559633	0.0740741	0.1103896	0.0704225	0.1428571	0.1020408	0.0657895	0.0864198	0.0806452	0.028169	0.024	0.0267857	0.0273973	0.0194175	0.0230769	0.0126582	0.0	0.0015	0.0111111	0.031746	0.0909091	0.0015	0.0714286	0.08	0.0	0.2666667	0.0	0.0769231	0.0	0.0	0.0210526	
Tarin des aulnes	0.0792453	0.0582524	0.0015	0.25	0.0714286	0.0	0.125	0.1333333	0.0	0.1	0.5	0.0	0.0	0.0	0.0	0.0168067	0.0123457	0.0	0.0123457	0.0	0.0	0.0	0.0	0.0	0.0	0.0	0.0	0.0	0.0	0.0	0.0	0.0	0.0	0.0	0.0	0.0	0.015873	0.0015	0.05	0.047619	0.0	0.0	0.0666667	0.0555556	0.0015	0.1	0.0	0.0736842	
fringillidé sp.	0.0	0.0	0.0	0.0	0.0	0.0	0.0	0.0	0.0	0.0	0.0	0.0	0.0	0.0	0.0	0.0	0.0	0.0	0.0	0.0	0.0	0.0	0.0	0.0	0.0	0.0	0.0	0.0	0.0	0.0	0.0	0.0	0.0015	0.0	0.0	0.0	0.0	0.0	0.0	0.0	0.0	0.0	0.0	0.0	0.0	0.0	0.0	0.0	
Bruant mélanocéphale	0.0	0.0	0.0	0.0	0.0	0.0	0.0	0.0	0.0	0.0	0.0	0.0	0.0	0.0	0.0	0.0	0.0	0.0	0.0	0.0	0.0	0.0	0.0	0.0	0.0	0.0	0.0	0.0	0.0	0.0	0.0	0.0	0.0	0.0015	0.007874	0.0	0.0	0.0	0.0	0.0	0.0	0.0	0.0	0.0	0.0	0.0	0.0	0.0	
Bruant proyer	0.0	0.0	0.0	0.0	0.0	0.0	0.125	0.0	0.0015	0.2	0.0015	0.0	0.0769231	0.1044776	0.075	0.1176471	0.0246914	0.1009174	0.0864198	0.0779221	0.0704225	0.0714286	0.0	0.0131579	0.0246914	0.0080645	0.0015	0.016	0.0	0.0	0.0	0.0	0.0015	0.0	0.0	0.0	0.031746	0.030303	0.0015	0.047619	0.0	0.0	0.1333333	0.0	0.0	0.0	0.0	0.0	
Bruant zizi	0.1132075	0.1067961	0.0833333	0.0015	0.0015	0.2857143	0.125	0.0	0.0	0.2	0.25	0.195122	0.0769231	0.1492537	0.1	0.0756303	0.0925926	0.1743119	0.1851852	0.2597403	0.084507	0.1632653	0.1632653	0.1578947	0.1358025	0.1532258	0.0985915	0.104	0.0625	0.0547945	0.0679612	0.1	0.0632911	0.1333333	0.0866142	0.1	0.1428571	0.1212121	0.15	0.1904762	0.16	0.2666667	0.2666667	0.0555556	0.4615385	0.2	0.0833333	0.1368421	
Bruant des roseaux	0.0188679	0.0048544	0.0	0.0	0.0	0.0	0.0	0.0	0.0	0.1	0.0	0.0	0.0	0.0	0.0	0.0	0.0	0.0	0.0	0.0	0.0	0.0	0.0	0.0	0.0	0.0	0.0	0.0	0.0	0.0	0.0	0.0	0.0	0.0	0.0	0.0	0.0	0.0	0.0015	0.0	0.0	0.0	0.0	0.0	0.0	0.0	0.0	0.0	
passereau sp.	0.0	0.0	0.0	0.0	0.0	0.0	0.0	0.0	0.0	0.0	0.0	0.0731707	0.0	0.0	0.0	0.0168067	0.0	0.0091743	0.0123457	0.0	0.0	0.0	0.0	0.0	0.0	0.0	0.0	0.0	0.0	0.0	0.0	0.0076923	0.0126582	0.0133333	0.015748	0.0222222	0.0	0.0	0.0	0.0	0.0	0.0	0.0	0.0	0.0	0.0	0.0015	0.0	

