









Frequency of observations in the selected location(s).:
Number of taxa: 	277

	Jan				Feb				Mar				Apr				May				Jun				Jul				Aug				Sep				Oct				Nov				Dec				
Sample Size:	320.0	14.0	14.0	18.0	13.0	23.0	54.0	17.0	22.0	8.0	23.0	95.0	217.0	99.0	111.0	80.0	88.0	64.0	52.0	108.0	70.0	50.0	29.0	25.0	53.0	95.0	113.0	174.0	157.0	119.0	108.0	50.0	19.0	16.0	22.0	28.0	6.0	6.0	8.0	18.0	8.0	9.0	3.0	15.0	3.0	4.0	6.0	279.0	

Oie à tête barrée	0.0	0.0	0.0	0.0	0.0	0.0	0.0	0.0	0.0	0.0	0.0	0.0	0.0	0.0	0.009009	0.0	0.0	0.046875	0.0	0.0	0.0	0.0	0.0	0.0	0.0	0.0	0.0	0.0	0.0	0.0	0.0	0.0	0.0	0.0	0.0	0.0	0.0	0.0	0.0	0.0	0.0	0.0	0.0	0.0	0.0	0.0	0.0	0.0	
Oie cendrée	0.0	0.0	0.0	0.0	0.0	0.0	0.0	0.0	0.0	0.0	0.0	0.0	0.0	0.0	0.0	0.0	0.0	0.0	0.0	0.0	0.0	0.0	0.0	0.0	0.0	0.0	0.0	0.0	0.0	0.0	0.0	0.0	0.0	0.0	0.0	0.0	0.0	0.1666667	0.0015	0.0	0.0	0.0	0.0	0.0015	0.0	0.0	0.0	0.0	
Bernache nonnette	0.0	0.0015	0.0	0.0	0.0	0.0	0.0	0.0588235	0.0	0.0	0.0	0.0	0.0	0.0	0.0	0.0	0.0	0.0	0.0	0.0	0.0	0.0	0.0	0.0	0.0	0.0	0.0	0.0	0.0	0.0	0.0	0.0	0.0	0.0	0.0	0.0	0.0	0.0	0.0	0.0	0.0	0.0	0.0	0.0	0.0	0.0	0.0	0.0	
Bernache de Hutchins	0.0	0.0015	0.0	0.0	0.0	0.0	0.0	0.0	0.0	0.0	0.0	0.0	0.0	0.0	0.0	0.0	0.0	0.0	0.0	0.0	0.0	0.0	0.0	0.0	0.0	0.0	0.0	0.0	0.0	0.0	0.0	0.0	0.0	0.0	0.0	0.0	0.0	0.0	0.0	0.0	0.0	0.0	0.0	0.0	0.0	0.0	0.0	0.0	
Bernache du Canada	0.028125	0.0015	0.0714286	0.0	0.0015	0.0434783	0.0740741	0.1176471	0.0	0.25	0.0869565	0.0736842	0.0552995	0.1010101	0.018018	0.0125	0.0454545	0.109375	0.0384615	0.0277778	0.0	0.02	0.0	0.0	0.0188679	0.0210526	0.0176991	0.0114943	0.0318471	0.0252101	0.0462963	0.02	0.0	0.0	0.0	0.0	0.0	0.0	0.0	0.0	0.0	0.0	0.0	0.0	0.0	0.0	0.0	0.0179211	
Cygne tuberculé	0.0	0.0015	0.0714286	0.0	0.0	0.0	0.0	0.0	0.0	0.0	0.0015	0.0	0.0	0.010101	0.0	0.0	0.0	0.0	0.0	0.0	0.0	0.0	0.0	0.0	0.0	0.0105263	0.0	0.0	0.0063694	0.0084034	0.0	0.0	0.0	0.0	0.0454545	0.0	0.0	0.0	0.0	0.0	0.0	0.0	0.0	0.0	0.0	0.0	0.0	0.0071685	
Cygne de Bewick	0.0	0.0015	0.0	0.0	0.0	0.0	0.0	0.0	0.0454545	0.0	0.0	0.0	0.0	0.0	0.0	0.0	0.0	0.0	0.0	0.0	0.0	0.0	0.0	0.0	0.0	0.0	0.0	0.0	0.0	0.0	0.0	0.0	0.0	0.0	0.0	0.0	0.0	0.0	0.0	0.0	0.0	0.0	0.0	0.0	0.0	0.0	0.0	0.0	
Ouette d'Égypte	0.0	0.0	0.0	0.0	0.0	0.0	0.0	0.0	0.0	0.0	0.0	0.0	0.0	0.0	0.0	0.0	0.0	0.0	0.0	0.0	0.0	0.0	0.0	0.0	0.0	0.0	0.0	0.0	0.0	0.0	0.0	0.0	0.0	0.0	0.0	0.0	0.0	0.0	0.0	0.0	0.0	0.0	0.0	0.0015	0.0	0.0	0.0	0.0	
Tadorne de Belon	0.009375	0.0015	0.0	0.0	0.0	0.0434783	0.0185185	0.0588235	0.0	0.0	0.0434783	0.0	0.0046083	0.0	0.0015	0.0	0.0	0.0	0.0	0.0	0.0	0.0	0.0	0.0	0.0	0.0	0.0	0.0	0.0	0.0	0.0092593	0.0	0.0	0.0	0.0	0.0	0.0	0.0	0.0015	0.0	0.0	0.0	0.0	0.0015	0.0	0.0	0.0	0.0035842	
Canard musqué	0.0	0.0	0.0	0.0	0.0	0.0	0.0185185	0.0	0.0	0.0	0.0	0.0	0.0	0.0	0.0	0.0	0.0	0.0	0.0	0.0	0.0	0.0	0.0	0.0	0.0	0.0	0.0	0.0	0.0	0.0	0.0	0.0	0.0	0.0	0.0	0.0	0.0	0.0	0.0	0.0	0.0	0.0	0.0	0.0	0.0	0.0	0.0	0.0	
Canard à collier noir	0.0	0.0	0.0	0.0	0.0	0.0	0.0	0.0	0.0	0.0	0.0	0.0	0.0	0.0	0.0	0.0	0.0	0.0	0.0	0.0	0.0	0.0	0.0	0.0	0.0	0.0	0.0	0.0	0.0	0.0	0.0	0.0	0.0	0.0015	0.0	0.0	0.0	0.0	0.0	0.0	0.0	0.0	0.0	0.0	0.0	0.0	0.0	0.0	
Sarcelle d'été	0.0	0.0	0.0	0.0	0.0	0.0	0.0	0.0	0.0	0.0	0.0	0.0	0.0	0.010101	0.0	0.0	0.0	0.0	0.0	0.0092593	0.0	0.0	0.0	0.0	0.0	0.0	0.0	0.0	0.0	0.0168067	0.0185185	0.0	0.0526316	0.0	0.0	0.0	0.0	0.0	0.0	0.0	0.0	0.0	0.0	0.0	0.0	0.0	0.0	0.0	
Canard souchet	0.0125	0.0	0.0015	0.0	0.0	0.0	0.037037	0.0	0.0	0.0	0.0	0.0	0.0046083	0.0	0.009009	0.0	0.0	0.0	0.0	0.0	0.0	0.0	0.0	0.0	0.0	0.0	0.0	0.0	0.0	0.0	0.0	0.02	0.0	0.0	0.0015	0.0	0.0	0.0	0.0	0.0015	0.0	0.2222222	0.0	0.0	0.0	0.0	0.0	0.0143369	
Canard chipeau	0.04375	0.0714286	0.0	0.0	0.0	0.0434783	0.037037	0.1176471	0.0	0.0	0.0	0.0210526	0.0138249	0.010101	0.0	0.0	0.0	0.0	0.0	0.0	0.0	0.0	0.0	0.0	0.0	0.0	0.0	0.0	0.0	0.0	0.0185185	0.0	0.0	0.0	0.0	0.0	0.0	0.0	0.0	0.1111111	0.0	0.1111111	0.0	0.0666667	0.0	0.0	0.0	0.0394265	
Canard siffleur	0.00625	0.0015	0.0	0.0	0.0	0.0	0.0	0.0	0.0	0.0	0.0	0.0	0.0	0.0	0.0	0.0	0.0	0.0	0.0	0.0	0.0	0.0	0.0	0.0	0.0	0.0	0.0	0.0	0.0	0.0	0.0	0.0	0.0	0.0	0.0	0.0	0.0	0.0	0.0	0.0	0.0	0.0	0.0	0.0666667	0.0	0.0015	0.0	0.0	
Canard colvert	0.14375	0.2142857	0.1428571	0.1666667	0.0769231	0.0869565	0.2407407	0.4117647	0.4090909	0.5	0.4782609	0.2421053	0.1428571	0.1515152	0.0990991	0.175	0.1363636	0.203125	0.1923077	0.0740741	0.0857143	0.14	0.1034483	0.08	0.0943396	0.0736842	0.1238938	0.0689655	0.0955414	0.092437	0.0555556	0.06	0.3157895	0.1875	0.0909091	0.1428571	0.1666667	0.0015	0.25	0.1666667	0.0015	0.3333333	0.0	0.0666667	0.0	0.25	0.1666667	0.1648746	
Canard pilet	0.00625	0.0	0.0	0.0	0.0	0.0	0.0	0.0	0.0	0.0	0.0	0.0	0.0046083	0.0	0.0	0.0	0.0	0.0	0.0	0.0	0.0	0.0	0.0	0.0	0.0	0.0	0.0	0.0	0.0	0.0	0.0	0.0	0.0	0.0	0.0	0.0	0.0	0.0	0.0	0.0	0.0	0.0	0.0	0.0	0.0	0.0	0.0	0.0	
Sarcelle d'hiver	0.04375	0.0015	0.0714286	0.0	0.0	0.1304348	0.037037	0.1764706	0.0454545	0.125	0.0434783	0.0105263	0.0230415	0.010101	0.0	0.0	0.0	0.0	0.0	0.0	0.0	0.0	0.0	0.0	0.0	0.0	0.0	0.0	0.0	0.0168067	0.037037	0.02	0.0526316	0.0625	0.0015	0.0	0.1666667	0.0015	0.0	0.0	0.0	0.1111111	0.0	0.0015	0.0	0.0	0.1666667	0.0537634	
Nette rousse	0.003125	0.0	0.0	0.0	0.0	0.0434783	0.037037	0.1176471	0.0	0.0	0.0	0.0526316	0.0414747	0.0505051	0.018018	0.0015	0.0340909	0.078125	0.0	0.0092593	0.0	0.0	0.0	0.0	0.0	0.0105263	0.0088496	0.0	0.0063694	0.0084034	0.0092593	0.02	0.0	0.0	0.0	0.0	0.0	0.0	0.0	0.1111111	0.0	0.0	0.0	0.0666667	0.0	0.0	0.0	0.0107527	
Fuligule milouin	0.01875	0.0015	0.0	0.0	0.0	0.0	0.0	0.0588235	0.0	0.0	0.0	0.0	0.0092166	0.0	0.009009	0.0	0.0	0.015625	0.0	0.0	0.0	0.0	0.0	0.0	0.0	0.0	0.0	0.0	0.0	0.0	0.0092593	0.0	0.0	0.0625	0.0	0.0	0.0	0.0	0.0	0.0555556	0.0	0.0	0.0015	0.0666667	0.0	0.0	0.0	0.0071685	
Fuligule morillon	0.009375	0.0714286	0.0	0.0	0.0	0.0	0.0	0.0	0.0	0.0	0.0	0.0	0.0	0.0	0.0	0.0	0.0	0.0	0.0	0.0	0.0	0.0	0.0	0.0	0.0	0.0	0.0	0.0	0.0	0.0015	0.0	0.0	0.0	0.0	0.0	0.0	0.0	0.0	0.0	0.0	0.0	0.0	0.0	0.0666667	0.0	0.0	0.0	0.0	
Macreuse brune	0.0	0.0	0.0	0.0	0.0	0.0	0.0185185	0.0588235	0.0	0.0	0.0	0.0	0.0	0.0	0.0	0.0	0.0	0.0	0.0	0.0	0.0	0.0	0.0	0.0	0.0	0.0	0.0	0.0	0.0	0.0	0.0	0.0	0.0	0.0	0.0	0.0	0.0	0.0	0.0	0.0	0.0	0.0	0.0	0.0015	0.0	0.0	0.0	0.0	
Garrot à oeil d'or	0.0	0.0	0.0	0.0	0.0	0.0	0.0	0.0	0.0	0.0	0.0	0.0	0.0	0.0	0.0	0.0	0.0	0.0	0.0	0.0	0.0	0.0	0.0	0.0	0.0	0.0	0.0	0.0	0.0	0.0	0.0	0.0	0.0	0.0	0.0	0.0	0.0	0.0	0.0	0.0	0.0	0.0	0.0	0.0	0.0015	0.0	0.0	0.0	
Harle bièvre	0.0	0.0	0.0	0.0	0.0	0.0	0.0	0.0	0.0	0.0	0.0	0.0	0.0	0.0	0.0	0.0	0.0	0.0	0.0	0.0	0.0	0.0	0.0	0.0	0.0	0.0	0.0	0.0	0.0	0.0	0.0	0.0	0.0	0.0	0.0	0.0	0.0	0.0	0.0	0.0015	0.0	0.0	0.0	0.0	0.0	0.0	0.0	0.0071685	
anatidé sp. (canard sp.)	0.0	0.0	0.0	0.0	0.0	0.0	0.0	0.0	0.0	0.0	0.0	0.0	0.0	0.0	0.0	0.0	0.0	0.0	0.0	0.0	0.0	0.0	0.0	0.0	0.0	0.0	0.0	0.0	0.0063694	0.0	0.0	0.0	0.0	0.0	0.0	0.0	0.0	0.0	0.0	0.0	0.0	0.0	0.0	0.0	0.0	0.0	0.0	0.0	
Perdrix grise	0.0	0.0	0.0	0.0	0.0	0.0015	0.0	0.0	0.0	0.0	0.0015	0.0	0.0	0.0	0.0	0.0	0.0	0.0	0.0	0.0	0.0	0.0	0.0	0.0	0.0	0.0	0.0	0.0	0.0015	0.0	0.0	0.0	0.0	0.0	0.0	0.0	0.0	0.0	0.0	0.0	0.25	0.0	0.0015	0.0	0.0	0.0	0.0	0.0	
Faisan vénéré	0.0	0.0	0.0	0.0	0.0	0.0	0.0	0.0	0.0	0.0	0.0	0.0	0.0	0.0	0.0	0.0	0.0	0.0	0.0	0.0	0.0	0.0	0.0	0.0	0.0	0.0	0.0088496	0.0	0.0	0.0	0.0	0.0	0.0	0.0	0.0	0.0	0.0	0.0	0.0	0.0	0.0	0.0	0.0	0.0	0.0	0.0	0.0	0.0	
Faisan de Colchide	0.00625	0.0	0.0	0.0	0.0	0.0	0.0	0.0	0.0	0.0	0.0434783	0.0105263	0.0092166	0.0	0.0015	0.0125	0.0015	0.015625	0.0192308	0.0092593	0.0142857	0.0	0.0	0.0	0.0	0.0	0.0	0.0	0.0	0.0	0.0092593	0.0	0.0	0.0	0.0	0.0357143	0.0	0.1666667	0.0	0.0	0.0	0.0	0.0	0.0	0.0015	0.0	0.0	0.0071685	
Caille des blés	0.0	0.0	0.0	0.0	0.0	0.0	0.0	0.0	0.0	0.0	0.0	0.0	0.0	0.0	0.0	0.0	0.0	0.0015	0.0015	0.0015	0.0428571	0.0015	0.0344828	0.12	0.0566038	0.0015	0.0	0.0	0.0063694	0.0	0.0	0.0	0.0	0.0	0.0015	0.0	0.0	0.0	0.0	0.0	0.0	0.0	0.0	0.0	0.0	0.0	0.0	0.0	
Perdrix rouge	0.00625	0.0	0.0	0.0	0.0	0.0015	0.0	0.0	0.0	0.0	0.0	0.0	0.0046083	0.0	0.0	0.0125	0.0015	0.0	0.0	0.0	0.0	0.0	0.0	0.0	0.0	0.0	0.0	0.0	0.0	0.0	0.0	0.0	0.0	0.0015	0.0	0.0	0.0	0.0	0.0	0.0015	0.0	0.0	0.0	0.0666667	0.0	0.0	0.0	0.0	
Pigeon biset	0.040625	0.1428571	0.1428571	0.1111111	0.0	0.0434783	0.1296296	0.1764706	0.1363636	0.125	0.0015	0.0315789	0.0460829	0.0505051	0.036036	0.0375	0.0340909	0.046875	0.1153846	0.1203704	0.0285714	0.02	0.1034483	0.16	0.1886792	0.0631579	0.0973451	0.0747126	0.0382166	0.092437	0.1018519	0.18	0.1052632	0.0015	0.0454545	0.0357143	0.1666667	0.1666667	0.125	0.2222222	0.375	0.0015	0.0	0.1333333	0.0	0.0	0.0	0.0179211	
Pigeon colombin	0.003125	0.0	0.0	0.0	0.0	0.0	0.037037	0.0	0.0	0.0015	0.0015	0.0315789	0.0138249	0.0	0.009009	0.0125	0.0	0.046875	0.0384615	0.0092593	0.0142857	0.0015	0.0344828	0.04	0.0188679	0.0105263	0.0176991	0.0057471	0.0063694	0.0084034	0.0	0.0	0.0015	0.0	0.0	0.0	0.0	0.0	0.125	0.0015	0.0	0.0	0.0	0.0	0.0	0.0	0.0	0.0035842	
Pigeon ramier	0.24375	0.4285714	0.2857143	0.2222222	0.3846154	0.4347826	0.462963	0.6470588	0.5909091	0.375	0.6521739	0.7368421	0.5437788	0.5555556	0.5675676	0.6625	0.5	0.484375	0.6153846	0.6481481	0.5	0.5	0.3448276	0.48	0.5471698	0.4947368	0.6460177	0.6321839	0.4713376	0.5798319	0.6388889	0.54	0.3684211	0.5	0.2727273	0.2142857	0.5	0.1666667	0.5	0.2777778	0.5	0.5555556	0.0	0.2	0.0	0.25	0.1666667	0.2508961	
Tourterelle des bois	0.0	0.0	0.0	0.0	0.0	0.0	0.0	0.0	0.0	0.0	0.0015	0.0	0.0	0.0	0.0	0.0125	0.0568182	0.078125	0.1346154	0.0555556	0.0428571	0.18	0.1034483	0.04	0.0188679	0.0210526	0.0265487	0.0344828	0.0127389	0.0252101	0.0185185	0.0	0.0	0.0	0.0	0.0	0.0	0.0	0.0	0.0	0.0	0.0	0.0	0.0	0.0	0.0	0.0	0.0	
Tourterelle turque	0.06875	0.3571429	0.1428571	0.2222222	0.3076923	0.1304348	0.1111111	0.2352941	0.2272727	0.375	0.0434783	0.1263158	0.1428571	0.1919192	0.1801802	0.2875	0.2727273	0.1875	0.1730769	0.3611111	0.1857143	0.2	0.137931	0.2	0.3396226	0.2947368	0.2566372	0.2241379	0.1528662	0.0840336	0.2037037	0.28	0.1052632	0.375	0.1363636	0.0714286	0.0015	0.1666667	0.25	0.2777778	0.125	0.1111111	0.0	0.1333333	0.0	0.25	0.1666667	0.1003584	
columbidé sp.	0.0	0.0	0.0	0.0	0.0	0.0	0.0	0.0	0.0	0.0	0.0	0.0	0.0	0.0	0.0	0.0	0.0	0.0	0.0	0.0	0.0	0.0	0.0	0.0	0.0	0.0	0.0	0.0	0.0	0.0	0.0	0.02	0.0	0.0	0.0	0.0	0.0	0.0	0.0	0.0	0.0	0.0	0.0	0.0	0.0	0.0	0.0	0.0	
Coucou geai	0.0	0.0	0.0	0.0	0.0	0.0	0.0	0.0	0.0	0.0	0.0	0.0015	0.0	0.0	0.0	0.0	0.0	0.0	0.0	0.0	0.0	0.0	0.0	0.0	0.0	0.0	0.0	0.0	0.0	0.0	0.0	0.0	0.0	0.0	0.0	0.0	0.0	0.0	0.0	0.0	0.0	0.0	0.0	0.0	0.0	0.0	0.0	0.0	
Coucou gris	0.0	0.0	0.0	0.0	0.0	0.0	0.0	0.0	0.0	0.0	0.0	0.0842105	0.0737327	0.2828283	0.2882883	0.325	0.2840909	0.25	0.2115385	0.3333333	0.3285714	0.24	0.0344828	0.0015	0.0	0.0	0.0	0.0057471	0.0	0.0	0.0092593	0.0015	0.0	0.0015	0.0015	0.0	0.0	0.0	0.0	0.0	0.0	0.0	0.0	0.0	0.0	0.0	0.0	0.0	
Engoulevent d'Europe	0.0	0.0	0.0	0.0	0.0	0.0	0.0	0.0	0.0	0.0	0.0	0.0	0.0	0.0	0.0	0.0	0.0	0.0	0.0	0.0015	0.0	0.0	0.0015	0.0	0.0	0.0	0.0	0.0015	0.0	0.0	0.0	0.0	0.0	0.0	0.0	0.0	0.0	0.0	0.0	0.0	0.0	0.0	0.0	0.0	0.0	0.0	0.0	0.0	
Martinet à ventre blanc	0.0	0.0	0.0	0.0	0.0	0.0	0.0	0.0	0.0	0.0	0.0	0.0	0.0092166	0.0015	0.0015	0.0015	0.0	0.0	0.0192308	0.0185185	0.0	0.0015	0.0344828	0.0015	0.0	0.0	0.0	0.0057471	0.0	0.0	0.0015	0.0015	0.0	0.0	0.0	0.0	0.0	0.0	0.0	0.0	0.0	0.1111111	0.0	0.0	0.0	0.0	0.0	0.0	
Martinet noir	0.0	0.0	0.0	0.0	0.0	0.0	0.0	0.0	0.0	0.0	0.0	0.0	0.0	0.0	0.018018	0.0625	0.2045455	0.203125	0.4423077	0.5462963	0.4714286	0.42	0.3103448	0.32	0.6603774	0.5157895	0.3362832	0.1896552	0.0636943	0.0336134	0.0	0.0015	0.0	0.0	0.0	0.0357143	0.0	0.0	0.0	0.0	0.0	0.0	0.0	0.0	0.0	0.0	0.0	0.0	
Apus sp.	0.0	0.0	0.0	0.0	0.0	0.0	0.0	0.0	0.0	0.0	0.0	0.0	0.0	0.0	0.0	0.0015	0.0	0.0	0.0	0.0	0.0	0.0	0.0	0.0	0.0	0.0	0.0	0.0	0.0	0.0	0.0	0.0	0.0	0.0	0.0	0.0	0.0	0.0	0.0	0.0	0.0	0.0	0.0	0.0	0.0	0.0	0.0	0.0	
Apus ou Tachymarptis sp.	0.0	0.0	0.0	0.0	0.0	0.0	0.0	0.0	0.0	0.0	0.0	0.0	0.0	0.0	0.0	0.0	0.0113636	0.015625	0.0	0.0	0.0	0.0	0.0	0.0	0.0	0.0	0.0	0.0	0.0	0.0	0.0	0.0	0.0	0.0	0.0	0.0	0.0	0.0	0.0	0.0	0.0	0.0	0.0	0.0	0.0	0.0	0.0	0.0	
Râle d'eau	0.00625	0.0	0.0	0.0	0.0	0.0	0.0185185	0.0	0.0	0.0	0.0015	0.0	0.0	0.0	0.0	0.0	0.0	0.0	0.0	0.0	0.0	0.0015	0.0	0.0015	0.0	0.0	0.0088496	0.0	0.0063694	0.0	0.0	0.02	0.0	0.0	0.0909091	0.0357143	0.1666667	0.0	0.0	0.0015	0.0	0.0	0.0	0.0	0.0	0.0	0.0	0.0035842	
Marouette ponctuée	0.0	0.0	0.0	0.0	0.0	0.0	0.0	0.0	0.0	0.0	0.0	0.0	0.0046083	0.0	0.0	0.0	0.0	0.0	0.0	0.0	0.0	0.0	0.0	0.0	0.0	0.0	0.0	0.0	0.0	0.0	0.0	0.0	0.0	0.0	0.0	0.0015	0.0015	0.0	0.0	0.0	0.0	0.0	0.0	0.0	0.0	0.0	0.0	0.0	
Gallinule poule-d'eau	0.05	0.0714286	0.0015	0.0	0.0	0.173913	0.0925926	0.2352941	0.1363636	0.375	0.3043478	0.0736842	0.0460829	0.020202	0.0720721	0.125	0.0227273	0.078125	0.0576923	0.0555556	0.0285714	0.06	0.0	0.04	0.0	0.0015	0.0265487	0.0114943	0.0254777	0.0420168	0.037037	0.02	0.0015	0.125	0.0454545	0.0357143	0.5	0.1666667	0.25	0.1111111	0.0	0.3333333	0.0	0.0	0.0	0.0	0.0	0.0537634	
Foulque macroule	0.1	0.0015	0.0714286	0.0	0.0	0.0869565	0.1481481	0.2352941	0.0909091	0.375	0.3043478	0.0736842	0.0645161	0.040404	0.0720721	0.1125	0.125	0.109375	0.0769231	0.0648148	0.0285714	0.04	0.0	0.0	0.0188679	0.0105263	0.0176991	0.0114943	0.0318471	0.0336134	0.0648148	0.04	0.0526316	0.0625	0.0015	0.0357143	0.1666667	0.0	0.25	0.1111111	0.0	0.3333333	0.0	0.0666667	0.0	0.0	0.0	0.09319	
Grue cendrée	0.003125	0.0	0.0	0.0	0.0	0.0	0.0	0.0015	0.0	0.0	0.0015	0.0	0.0	0.0	0.0	0.0	0.0	0.0	0.0	0.0	0.0	0.0	0.0	0.0	0.0	0.0	0.0	0.0	0.0	0.0	0.0	0.0	0.0	0.0	0.0	0.0	0.0	0.0	0.0	0.0015	0.125	0.0015	0.0	0.0015	0.0	0.0	0.0015	0.0	
Oedicnème criard	0.0	0.0	0.0	0.0	0.0	0.0	0.0	0.0	0.0	0.0	0.0015	0.0	0.0046083	0.0	0.0	0.0	0.0015	0.0	0.0	0.0015	0.0	0.0	0.0015	0.0	0.0	0.0	0.0	0.0015	0.0	0.0	0.0	0.0	0.0	0.0	0.0	0.0	0.0	0.0	0.0	0.0	0.0	0.0	0.0	0.0	0.0	0.0	0.0	0.0	
Échasse blanche	0.0	0.0	0.0	0.0	0.0	0.0	0.0	0.0	0.0	0.0	0.0015	0.0105263	0.0	0.010101	0.0	0.0125	0.0	0.03125	0.0576923	0.0462963	0.0	0.0	0.0	0.0	0.0	0.0	0.0	0.0	0.0	0.0	0.0	0.0	0.0	0.0	0.0	0.0	0.0	0.0	0.0	0.0	0.0	0.0	0.0	0.0	0.0	0.0	0.0	0.0	
Avocette élégante	0.0	0.0	0.0	0.0	0.0	0.0	0.0	0.0	0.0	0.0	0.0	0.0	0.0	0.0	0.0	0.0	0.0	0.0	0.0	0.0	0.0	0.0	0.0	0.0	0.0015	0.0	0.0	0.0	0.0	0.0	0.0	0.0	0.0	0.0	0.0	0.0	0.0	0.0	0.0	0.0	0.0	0.0	0.0	0.0	0.0	0.0	0.0	0.0	
Pluvier doré	0.0	0.0	0.0	0.0	0.0	0.0	0.0	0.0	0.0	0.0	0.0	0.0	0.0	0.0	0.0	0.0	0.0	0.0	0.0	0.0	0.0	0.0	0.0	0.0	0.0	0.0	0.0	0.0	0.0	0.0	0.0	0.0	0.0	0.0	0.0	0.0357143	0.0	0.0	0.0	0.0	0.0	0.0	0.0	0.0	0.0	0.0	0.0	0.0	
Guignard d’Eurasie	0.0	0.0	0.0	0.0	0.0	0.0	0.0	0.0	0.0	0.0	0.0	0.0	0.0	0.0	0.0	0.0	0.0	0.0	0.0	0.0	0.0	0.0	0.0	0.0	0.0	0.0	0.0	0.0	0.0	0.0	0.0185185	0.0015	0.0	0.0	0.0	0.0	0.0	0.0	0.0	0.0	0.0	0.0	0.0	0.0	0.0	0.0	0.0	0.0	
Grand Gravelot	0.0	0.0	0.0	0.0	0.0	0.0	0.0	0.0	0.0	0.0	0.0	0.0	0.0	0.0	0.0	0.0	0.0	0.0	0.0	0.0	0.0	0.0	0.0	0.0	0.0	0.0	0.0	0.0	0.0	0.0	0.0	0.0	0.0015	0.0	0.0	0.0	0.0	0.0	0.0	0.0	0.0	0.0	0.0	0.0	0.0	0.0	0.0	0.0	
Petit Gravelot	0.0	0.0	0.0	0.0	0.0	0.0	0.0	0.0	0.0	0.0	0.0	0.0315789	0.0138249	0.010101	0.0	0.0	0.0113636	0.015625	0.0	0.0	0.0	0.02	0.0015	0.0	0.0	0.0015	0.0088496	0.0057471	0.0063694	0.0	0.0	0.0	0.0	0.0	0.0	0.0	0.0	0.0	0.0	0.0	0.0	0.0	0.0	0.0	0.0	0.0	0.0	0.0	
Vanneau huppé	0.0	0.0	0.0	0.0	0.0	0.0434783	0.037037	0.0	0.0	0.0	0.0434783	0.0105263	0.0	0.0	0.0	0.0375	0.0227273	0.015625	0.0	0.0092593	0.0142857	0.02	0.0	0.04	0.0	0.0	0.0088496	0.0	0.0015	0.0084034	0.0	0.0	0.0	0.0	0.0909091	0.0	0.0	0.0	0.0	0.0015	0.0	0.1111111	0.0	0.0666667	0.0	0.0	0.0	0.0035842	
Courlis corlieu	0.0	0.0	0.0	0.0	0.0	0.0	0.0	0.0	0.0	0.0	0.0	0.0	0.0	0.0	0.0	0.0	0.0	0.0	0.0	0.0	0.0	0.0	0.0	0.0	0.0	0.0	0.0	0.0	0.0015	0.0	0.0	0.0	0.0	0.0	0.0	0.0	0.0	0.0	0.0	0.0	0.0	0.0	0.0	0.0	0.0	0.0	0.0	0.0	
Courlis cendré	0.0	0.0	0.0	0.0	0.0	0.0	0.0	0.0	0.0	0.0015	0.0	0.0	0.0	0.0	0.0	0.0	0.0113636	0.015625	0.0	0.0	0.0	0.0	0.0	0.0	0.0	0.0	0.0	0.0	0.0	0.0	0.0	0.0	0.0	0.0	0.0015	0.0	0.0	0.0	0.0	0.0	0.0	0.0	0.0	0.0	0.0	0.0	0.0	0.0	
Barge à queue noire	0.0	0.0	0.0	0.0	0.0	0.0	0.0	0.0	0.0	0.0	0.0	0.0	0.0	0.0	0.0	0.0	0.0	0.0	0.0	0.0	0.0	0.0	0.0	0.0	0.0	0.0	0.0	0.0	0.0	0.0	0.0	0.0	0.0	0.0	0.0015	0.0	0.0	0.0	0.0	0.0	0.0	0.0	0.0	0.0	0.0	0.0	0.0	0.0	
Bécassine sourde	0.003125	0.0	0.0	0.0	0.0	0.0	0.0015	0.0	0.0	0.0	0.0	0.0105263	0.0092166	0.0	0.018018	0.0	0.0	0.0	0.0	0.0	0.0	0.0	0.0	0.0	0.0	0.0	0.0	0.0	0.0	0.0	0.0	0.0	0.0	0.0	0.0	0.0	0.0	0.0	0.0	0.0	0.0	0.0	0.0	0.0	0.0	0.0	0.0	0.0	
Bécasse des bois	0.003125	0.0	0.0	0.0	0.0769231	0.0	0.0	0.0	0.0	0.0	0.0	0.0105263	0.0	0.0	0.0	0.0	0.0	0.0	0.0	0.0	0.0	0.0	0.0015	0.0	0.0	0.0	0.0	0.0	0.0	0.0	0.0	0.0	0.0	0.0	0.0	0.0	0.0	0.0	0.0	0.0	0.0	0.1111111	0.0	0.0	0.0	0.0	0.0015	0.0	
Bécassine des marais	0.009375	0.0	0.0	0.0	0.0	0.0	0.0015	0.0	0.0015	0.0	0.1304348	0.0210526	0.0184332	0.010101	0.0	0.0	0.0	0.0	0.0	0.0	0.0	0.0	0.0	0.0	0.0	0.0	0.0	0.0	0.0063694	0.0084034	0.0185185	0.0	0.0526316	0.0625	0.0454545	0.0	0.0	0.0	0.125	0.0555556	0.0	0.0	0.0	0.0	0.0	0.0	0.0	0.0	
Chevalier guignette	0.003125	0.0	0.0	0.0	0.0	0.0	0.0	0.0	0.0	0.0	0.0	0.0	0.0092166	0.030303	0.0	0.025	0.0909091	0.078125	0.0192308	0.0	0.0	0.02	0.0344828	0.0	0.0188679	0.0210526	0.0353982	0.0287356	0.044586	0.0420168	0.0462963	0.0	0.1052632	0.0625	0.0	0.0	0.1666667	0.0	0.0	0.0555556	0.0	0.1111111	0.0	0.0	0.0	0.0	0.0	0.0179211	
Chevalier culblanc	0.00625	0.0	0.0	0.0	0.0	0.0	0.0	0.0588235	0.0	0.0	0.0869565	0.0210526	0.0276498	0.040404	0.009009	0.0	0.0	0.0	0.0	0.0	0.0	0.0	0.0015	0.0	0.0	0.0015	0.0088496	0.0229885	0.0254777	0.0252101	0.0648148	0.0	0.0526316	0.0625	0.0	0.0	0.1666667	0.0	0.125	0.0	0.0	0.1111111	0.0	0.0	0.0	0.0	0.0	0.0035842	
Chevalier sylvain	0.0	0.0	0.0	0.0	0.0	0.0	0.0	0.0	0.0	0.0	0.0	0.0	0.0	0.0015	0.0	0.0	0.0340909	0.0	0.0	0.0	0.0	0.0	0.0	0.0	0.0	0.0	0.0	0.0057471	0.0063694	0.0168067	0.037037	0.0	0.0526316	0.0	0.0	0.0	0.0	0.0	0.0	0.0	0.0	0.0	0.0	0.0	0.0	0.0	0.0	0.0	
Chevalier gambette	0.0	0.0	0.0	0.0	0.0	0.0	0.0	0.0	0.0	0.0	0.0	0.0	0.0046083	0.0	0.0	0.0	0.0113636	0.0	0.0	0.0	0.0	0.0	0.0	0.0	0.0	0.0	0.0	0.0	0.0	0.0	0.0	0.0	0.0	0.0	0.0	0.0	0.0	0.0	0.0	0.0	0.0	0.0	0.0	0.0	0.0	0.0	0.0	0.0	
Chevalier arlequin	0.0	0.0	0.0	0.0	0.0015	0.0	0.0	0.0	0.0	0.0	0.0	0.0	0.0	0.0	0.0015	0.0	0.0	0.0	0.0	0.0	0.0	0.0	0.0	0.0	0.0	0.0	0.0	0.0	0.0	0.0	0.0	0.0	0.0	0.0	0.0	0.0	0.0	0.0	0.0	0.0	0.0	0.0	0.0	0.0	0.0	0.0	0.0	0.0	
Chevalier aboyeur	0.0	0.0	0.0	0.0	0.0	0.0	0.0	0.0	0.0	0.0	0.0	0.0	0.0	0.0	0.0	0.0	0.0227273	0.0	0.0	0.0	0.0	0.0	0.0	0.0	0.0	0.0	0.0	0.0057471	0.0	0.0	0.0	0.0	0.0526316	0.0	0.0	0.0	0.0	0.0	0.0	0.0	0.0	0.0	0.0	0.0	0.0	0.0	0.0	0.0	
Combattant varié	0.0	0.0	0.0	0.0	0.0	0.0	0.0	0.0	0.0	0.0	0.0	0.0	0.0	0.0	0.0	0.0	0.0113636	0.0	0.0	0.0	0.0	0.0	0.0	0.0	0.0	0.0	0.0015	0.0	0.0	0.0	0.0	0.0	0.0	0.0	0.0	0.0	0.0	0.0	0.0	0.0	0.0	0.0	0.0	0.0	0.0	0.0	0.0	0.0	
Bécasseau cocorli	0.0	0.0	0.0	0.0	0.0	0.0	0.0	0.0	0.0	0.0	0.0	0.0	0.0	0.0	0.0	0.0	0.0	0.0	0.0	0.0	0.0	0.0	0.0	0.0	0.0	0.0	0.0	0.0	0.0	0.0	0.0	0.0	0.0526316	0.0	0.0	0.0	0.0	0.0	0.0	0.0	0.0	0.0	0.0	0.0	0.0	0.0	0.0	0.0	
Bécasseau de Temminck	0.0	0.0	0.0	0.0	0.0	0.0	0.0	0.0	0.0	0.0	0.0	0.0	0.0	0.0	0.0	0.0	0.0	0.0	0.0	0.0	0.0	0.0	0.0	0.0	0.0	0.0	0.0	0.0	0.0	0.0	0.0	0.0	0.0526316	0.0	0.0	0.0	0.0	0.0	0.0	0.0	0.0	0.0	0.0	0.0	0.0	0.0	0.0	0.0	
Bécasseau variable	0.0	0.0	0.0	0.0	0.0	0.0	0.0	0.0	0.0	0.0	0.0	0.0	0.0	0.0	0.0	0.0	0.0	0.0	0.0	0.0	0.0	0.0	0.0	0.0	0.0	0.0	0.0	0.0	0.0	0.0084034	0.0092593	0.0	0.0	0.0	0.0	0.0	0.1666667	0.0	0.0	0.0	0.0	0.0	0.0	0.0	0.0	0.0	0.0	0.0	
Bécasseau minute	0.0	0.0	0.0	0.0	0.0	0.0	0.0	0.0	0.0	0.0	0.0	0.0	0.0	0.0	0.0	0.0	0.0	0.0	0.0	0.0	0.0	0.0	0.0	0.0	0.0	0.0	0.0	0.0	0.0063694	0.0	0.0	0.0	0.0	0.0	0.0	0.0	0.0	0.0	0.0	0.0	0.0	0.0	0.0	0.0	0.0	0.0	0.0	0.0	
Mouette pygmée	0.0	0.0	0.0	0.0	0.0	0.0	0.0	0.0	0.0	0.0	0.0	0.0	0.0	0.0	0.0	0.0	0.0	0.0	0.0	0.0	0.0	0.0	0.0	0.0	0.0	0.0	0.0	0.0	0.0	0.0	0.0	0.0	0.0	0.0	0.0	0.0	0.0	0.0	0.0	0.0	0.0	0.1111111	0.0	0.0015	0.0	0.0	0.0	0.0	
Mouette tridactyle	0.0	0.0	0.0	0.0	0.0	0.0	0.0	0.0	0.0	0.0	0.0	0.0	0.0	0.0	0.0	0.0	0.0	0.0	0.0	0.0	0.0	0.0	0.0	0.0	0.0	0.0	0.0	0.0	0.0	0.0	0.0	0.0	0.0	0.0	0.0	0.0	0.0	0.0	0.0	0.0	0.0	0.0	0.0	0.0015	0.0	0.0	0.0	0.0	
Mouette rieuse	0.003125	0.0015	0.0	0.0	0.0	0.0	0.037037	0.0	0.0	0.0	0.0015	0.0526316	0.0184332	0.040404	0.0	0.0015	0.0454545	0.078125	0.0192308	0.0092593	0.0	0.02	0.0689655	0.0	0.0	0.0	0.0015	0.0	0.0127389	0.0	0.0277778	0.0015	0.0	0.0015	0.0	0.0357143	0.0	0.0	0.125	0.0	0.0	0.0	0.0	0.0	0.0	0.0	0.0	0.0035842	
Mouette mélanocéphale	0.0	0.0	0.0	0.0	0.0	0.0	0.0	0.0	0.0	0.0015	0.0	0.0	0.0	0.0	0.0	0.0	0.0	0.0	0.0	0.0	0.0	0.0	0.0	0.0	0.0	0.0015	0.0	0.0	0.0	0.0	0.0	0.0	0.0	0.0	0.0	0.0	0.0	0.0	0.0	0.0	0.0	0.0	0.0	0.0	0.0	0.0	0.0	0.0	
Goéland pontique	0.0	0.0	0.0	0.0015	0.0	0.0	0.0	0.0	0.0	0.0	0.0	0.0	0.0	0.0	0.0	0.0	0.0	0.0	0.0	0.0	0.0	0.0	0.0	0.0	0.0	0.0	0.0	0.0	0.0	0.0	0.0	0.0	0.0	0.0	0.0	0.0	0.0	0.0	0.0	0.0	0.0	0.0	0.0	0.0	0.0	0.0	0.0	0.0	
Goéland leucophée	0.046875	0.0714286	0.0714286	0.0	0.0769231	0.0434783	0.1111111	0.0588235	0.0454545	0.0015	0.0434783	0.0736842	0.0691244	0.040404	0.027027	0.0375	0.0568182	0.09375	0.0769231	0.0	0.0142857	0.02	0.0689655	0.04	0.0377358	0.0105263	0.0530973	0.0057471	0.0254777	0.0084034	0.0092593	0.02	0.0	0.0	0.0454545	0.0	0.0	0.0	0.0	0.0015	0.0	0.1111111	0.0	0.0666667	0.0015	0.0	0.0	0.0430108	
Goéland brun	0.0	0.0	0.0	0.0	0.0	0.0	0.0	0.0	0.0	0.125	0.0	0.0	0.0046083	0.0	0.0	0.0	0.0	0.0	0.0	0.0	0.0	0.0	0.0	0.0	0.0	0.0	0.0	0.0	0.0	0.0015	0.0	0.0	0.0	0.0	0.0	0.0	0.0	0.0	0.0	0.0	0.0	0.0	0.0	0.0	0.0	0.0	0.0	0.0	
goéland sp. (Larus sp.)	0.0	0.0	0.0	0.0	0.0	0.0	0.0	0.0	0.0	0.25	0.0	0.0	0.0	0.0	0.0	0.0	0.0	0.015625	0.0	0.0	0.0	0.0	0.0	0.0	0.0	0.0	0.0	0.0	0.0	0.0	0.0	0.02	0.0	0.0	0.0	0.0	0.0	0.0	0.0	0.0	0.0	0.0	0.0	0.0	0.0	0.0	0.0	0.0	
Guifette moustac	0.0	0.0	0.0	0.0	0.0	0.0	0.0	0.0	0.0	0.0	0.0	0.0	0.0	0.0	0.0	0.0	0.0113636	0.015625	0.0	0.0	0.0	0.0	0.0	0.0	0.0	0.0	0.0	0.0	0.0	0.0	0.0	0.0	0.0	0.0	0.0	0.0	0.0	0.0	0.0	0.0	0.0	0.0	0.0	0.0	0.0	0.0	0.0	0.0	
Guifette noire	0.0	0.0	0.0	0.0	0.0	0.0	0.0	0.0	0.0	0.0	0.0	0.0	0.0	0.0	0.0	0.0015	0.0113636	0.0	0.0	0.0	0.0	0.0	0.0	0.0	0.0	0.0	0.0	0.0	0.0	0.0	0.0092593	0.0	0.0	0.0	0.0454545	0.0	0.0	0.0	0.0	0.0	0.0	0.0	0.0	0.0	0.0	0.0	0.0	0.0	
Sterne arctique	0.0	0.0	0.0	0.0	0.0	0.0	0.0	0.0	0.0	0.0	0.0	0.0	0.0	0.0	0.0	0.0	0.0	0.0	0.0	0.0015	0.0	0.0	0.0	0.0	0.0	0.0	0.0	0.0	0.0	0.0	0.0	0.0	0.0	0.0	0.0	0.0	0.0	0.0	0.0	0.0	0.0	0.0	0.0	0.0	0.0	0.0	0.0	0.0	
Sterne pierregarin	0.0	0.0	0.0	0.0	0.0	0.0	0.0	0.0	0.0	0.0	0.0	0.0	0.0138249	0.040404	0.009009	0.0125	0.0681818	0.09375	0.0	0.0277778	0.0	0.1	0.0	0.04	0.0188679	0.0210526	0.0176991	0.0287356	0.0127389	0.0	0.0	0.0	0.0	0.0	0.0015	0.0	0.0	0.0	0.0	0.0	0.0	0.0	0.0	0.0	0.0	0.0	0.0	0.0	
Grèbe castagneux	0.00625	0.0	0.0714286	0.0	0.0	0.0	0.0555556	0.0	0.0	0.0	0.0	0.0	0.0015	0.0	0.0	0.0125	0.0	0.03125	0.0	0.0	0.0142857	0.0	0.0	0.0	0.0	0.0	0.0015	0.0	0.0	0.0084034	0.0	0.0	0.0	0.0	0.0	0.0	0.0	0.0	0.0	0.0	0.0	0.1111111	0.0	0.0666667	0.0	0.0	0.0	0.0071685	
Grèbe jougris	0.0	0.0	0.0	0.0	0.0	0.0	0.0185185	0.0	0.0	0.0	0.0	0.0	0.0	0.0	0.009009	0.0	0.0	0.0	0.0	0.0	0.0	0.0	0.0	0.0	0.0	0.0	0.0	0.0	0.0	0.0	0.0	0.0	0.0	0.0	0.0	0.0	0.0	0.0	0.0	0.0	0.0	0.0	0.0	0.0015	0.0	0.0	0.0	0.0	
Grèbe huppé	0.08125	0.0714286	0.0714286	0.0	0.0	0.0869565	0.0925926	0.3529412	0.0	0.375	0.173913	0.0736842	0.0599078	0.0505051	0.027027	0.0125	0.0909091	0.140625	0.0384615	0.0277778	0.0	0.02	0.0015	0.04	0.0188679	0.0315789	0.0353982	0.0287356	0.0382166	0.0252101	0.037037	0.06	0.0	0.0015	0.0454545	0.0357143	0.1666667	0.0	0.25	0.1111111	0.0	0.3333333	0.0	0.0666667	0.0	0.0	0.0	0.09319	
Grèbe à cou noir	0.0	0.0	0.0	0.0	0.0	0.0	0.0	0.0	0.0	0.0	0.0	0.0	0.0	0.0	0.0	0.0	0.0113636	0.0	0.0	0.0	0.0	0.0	0.0	0.0	0.0	0.0	0.0	0.0	0.0	0.0	0.0	0.0	0.0	0.0	0.0	0.0	0.0	0.0	0.0	0.0	0.0	0.0	0.0	0.0	0.0	0.0	0.0	0.0	
Plongeon catmarin	0.009375	0.0015	0.0	0.0	0.0	0.0	0.0185185	0.0	0.0	0.0	0.0	0.0	0.0	0.0	0.0	0.0	0.0	0.0	0.0	0.0	0.0	0.0	0.0	0.0	0.0	0.0	0.0	0.0	0.0	0.0	0.0	0.0	0.0	0.0	0.0	0.0	0.0	0.0	0.0	0.0	0.0	0.0015	0.0	0.0	0.0	0.0	0.0	0.0	
Plongeon arctique	0.0	0.0	0.0	0.0	0.0	0.0	0.0	0.0	0.0	0.0	0.0	0.0	0.0	0.0	0.0	0.0	0.0	0.0	0.0	0.0	0.0	0.0	0.0	0.0	0.0	0.0	0.0	0.0	0.0	0.0	0.0	0.0	0.0	0.0	0.0	0.0	0.0	0.0	0.0	0.0	0.0	0.0015	0.0	0.0666667	0.0	0.0	0.0	0.0	
Plongeon imbrin	0.0	0.0	0.0	0.0	0.0	0.0	0.0	0.0	0.0	0.0	0.0	0.0	0.0	0.0	0.0	0.0	0.0	0.0	0.0	0.0	0.0	0.0	0.0	0.0	0.0	0.0	0.0	0.0	0.0	0.0	0.0	0.0	0.0	0.0	0.0	0.0	0.0	0.0	0.0	0.0	0.0	0.0	0.0	0.0	0.0	0.0	0.0015	0.0	
Cigogne noire	0.0	0.0	0.0	0.0	0.0	0.0	0.0185185	0.0	0.0	0.0	0.0015	0.0	0.0	0.0	0.0	0.0125	0.0	0.0	0.0	0.0	0.0	0.0	0.0	0.0	0.0	0.0	0.0	0.0	0.0	0.0	0.0	0.0	0.0	0.0625	0.0	0.0	0.0015	0.0	0.0	0.0	0.0	0.0	0.0	0.0	0.0	0.0	0.0	0.0	
Cigogne blanche	0.0	0.0	0.0	0.0	0.0	0.0	0.0	0.0	0.0	0.0	0.0	0.0105263	0.0	0.0	0.0	0.0	0.0	0.0015	0.0192308	0.0	0.0	0.0	0.0	0.0	0.0	0.0	0.0015	0.0	0.0	0.0015	0.0	0.0015	0.0	0.0	0.0	0.0	0.0015	0.0	0.0	0.0	0.0	0.1111111	0.0	0.0	0.0	0.0	0.0	0.0	
Grand Cormoran	0.15625	0.0714286	0.0714286	0.0015	0.0769231	0.1304348	0.2037037	0.3529412	0.2272727	0.375	0.2173913	0.1578947	0.0829493	0.1010101	0.018018	0.0	0.0681818	0.078125	0.0384615	0.0185185	0.0	0.02	0.0	0.0	0.0377358	0.0105263	0.0265487	0.0172414	0.0382166	0.0336134	0.0277778	0.04	0.0526316	0.0625	0.0015	0.0714286	0.3333333	0.0015	0.375	0.2222222	0.125	0.3333333	0.0015	0.0666667	0.0	0.0	0.0	0.1792115	
Spatule blanche	0.0	0.0	0.0	0.0	0.0	0.0	0.0	0.0	0.0	0.0	0.0	0.0	0.0	0.0	0.0	0.0	0.0015	0.0	0.0	0.0	0.0	0.0	0.0	0.0	0.0	0.0	0.0015	0.0	0.0	0.0	0.0	0.0	0.0	0.0	0.0	0.0	0.0	0.0	0.0	0.0	0.0	0.0	0.0	0.0	0.0	0.0	0.0	0.0	
Butor étoilé	0.0	0.0	0.0	0.0	0.0	0.0	0.0	0.0015	0.0	0.0	0.0	0.0	0.0	0.0	0.0	0.0	0.0	0.0	0.0	0.0	0.0	0.0	0.0	0.0	0.0	0.0	0.0	0.0	0.0	0.0	0.0	0.0	0.0	0.0	0.0	0.0	0.0	0.0	0.0	0.0	0.0	0.0	0.0	0.0	0.0	0.0	0.0	0.0	
Blongios nain	0.0	0.0	0.0	0.0	0.0	0.0	0.0	0.0	0.0	0.0	0.0	0.0	0.0	0.0	0.0	0.0	0.0	0.0	0.0	0.0	0.0	0.0	0.0	0.0	0.0	0.0	0.0	0.0	0.0	0.0	0.0	0.0	0.0015	0.0015	0.0	0.0	0.0	0.0	0.0	0.0	0.0	0.0	0.0	0.0	0.0	0.0	0.0	0.0	
Bihoreau gris	0.0	0.0	0.0	0.0	0.0	0.0	0.0	0.0	0.0	0.0	0.0	0.0105263	0.0184332	0.0	0.0015	0.0	0.0113636	0.0	0.0	0.0185185	0.0	0.02	0.0015	0.0	0.0188679	0.0105263	0.0088496	0.0229885	0.0191083	0.0336134	0.0462963	0.02	0.0	0.0625	0.0	0.0	0.0	0.0	0.0	0.0	0.0	0.0	0.0	0.0	0.0	0.0	0.0	0.0	
Aigrette garzette	0.0	0.0	0.0	0.0	0.0	0.0434783	0.0	0.0	0.0	0.0	0.0	0.0210526	0.0092166	0.0	0.036036	0.1	0.0454545	0.078125	0.0576923	0.037037	0.0285714	0.04	0.0344828	0.0	0.0188679	0.0315789	0.0353982	0.0287356	0.0318471	0.0252101	0.0648148	0.0	0.0526316	0.0625	0.0	0.0357143	0.0	0.0	0.125	0.0	0.0	0.0	0.0	0.0	0.0	0.0	0.0	0.0107527	
Crabier chevelu	0.0	0.0	0.0	0.0	0.0	0.0	0.0	0.0	0.0	0.0	0.0	0.0	0.0	0.0	0.0	0.0	0.0	0.0	0.0	0.0	0.0	0.0	0.0	0.0	0.0188679	0.0	0.0	0.0	0.0	0.0	0.0	0.0	0.0	0.0	0.0	0.0	0.0	0.0	0.0	0.0	0.0	0.0	0.0	0.0	0.0	0.0	0.0	0.0	
Héron garde-boeufs	0.003125	0.0	0.0	0.0	0.0	0.0	0.0185185	0.0	0.0	0.0	0.0015	0.0631579	0.0230415	0.020202	0.0015	0.0015	0.0113636	0.015625	0.0	0.0	0.0015	0.0015	0.0	0.0	0.0015	0.0105263	0.0015	0.0015	0.0063694	0.0015	0.0092593	0.02	0.0	0.0015	0.0015	0.0	0.0	0.0015	0.0	0.0	0.0	0.0	0.0	0.0	0.0	0.0	0.0	0.0	
Grande Aigrette	0.08125	0.0714286	0.0714286	0.0015	0.0769231	0.1304348	0.0740741	0.1764706	0.0015	0.125	0.0869565	0.0526316	0.0184332	0.010101	0.018018	0.0375	0.0113636	0.03125	0.0192308	0.0092593	0.0	0.0015	0.0	0.0	0.0188679	0.0	0.0	0.0	0.0063694	0.0336134	0.0092593	0.0	0.1052632	0.0625	0.0	0.0	0.0015	0.0015	0.125	0.0015	0.125	0.0015	0.0015	0.0015	0.0015	0.0015	0.1666667	0.1075269	
Héron cendré	0.15	0.0714286	0.2142857	0.0015	0.1538462	0.0869565	0.1851852	0.2941176	0.1818182	0.375	0.173913	0.1368421	0.1105991	0.1111111	0.0720721	0.125	0.0681818	0.1875	0.1538462	0.0648148	0.0142857	0.1	0.1034483	0.12	0.0943396	0.0736842	0.0973451	0.0977011	0.1210191	0.0756303	0.1111111	0.14	0.2105263	0.1875	0.1818182	0.0714286	0.1666667	0.0015	0.25	0.1666667	0.125	0.4444444	0.0	0.1333333	0.0015	0.0	0.0015	0.1577061	
Héron pourpré	0.0	0.0	0.0	0.0	0.0	0.0	0.0	0.0	0.0	0.0	0.0	0.0	0.0	0.0	0.0	0.0	0.0	0.03125	0.0	0.0	0.0	0.0	0.0	0.0	0.0	0.0	0.0	0.0	0.0063694	0.0084034	0.0	0.0	0.0	0.0015	0.0454545	0.0	0.0	0.0	0.0	0.0	0.0	0.0	0.0	0.0	0.0	0.0	0.0	0.0	
Balbuzard pêcheur	0.0	0.0	0.0	0.0	0.0	0.0	0.0	0.0	0.0	0.0	0.0	0.0421053	0.0046083	0.010101	0.009009	0.0	0.0	0.0	0.0	0.0	0.0	0.0	0.0	0.0	0.0	0.0	0.0	0.0	0.0	0.0	0.0	0.0	0.0526316	0.0	0.0015	0.0714286	0.0	0.0	0.0	0.0	0.0	0.0	0.0	0.0	0.0	0.0	0.0	0.0	
Élanion blanc	0.0	0.0	0.0015	0.0	0.0	0.0	0.0	0.0	0.0	0.0	0.0	0.0	0.0	0.0	0.0	0.0	0.0015	0.0	0.0015	0.0	0.0	0.0	0.0	0.0	0.0	0.0	0.0	0.0	0.0	0.0	0.0	0.0	0.0	0.0	0.0454545	0.0	0.0015	0.0015	0.0015	0.0015	0.125	0.0015	0.0015	0.0015	0.0015	0.0	0.0	0.0035842	
Gypaète barbu	0.0	0.0	0.0	0.0	0.0	0.0	0.0	0.0	0.0	0.0	0.0	0.0	0.0	0.0	0.0	0.0	0.0	0.0	0.0	0.0	0.0	0.0	0.0	0.0	0.0	0.0	0.0	0.0	0.0	0.0	0.0015	0.0	0.0	0.0	0.0	0.0	0.0	0.0	0.0	0.0	0.0	0.0	0.0	0.0	0.0	0.0	0.0	0.0	
Percnoptère d'Égypte	0.0	0.0	0.0	0.0	0.0	0.0	0.0	0.0	0.0	0.0	0.0	0.0	0.0	0.0	0.0	0.0	0.0	0.0	0.0	0.0	0.0142857	0.0	0.0	0.0	0.0	0.0	0.0	0.0	0.0	0.0	0.0	0.0	0.0	0.0	0.0	0.0	0.0	0.0	0.0	0.0	0.0	0.0	0.0	0.0	0.0	0.0	0.0	0.0	
Bondrée apivore	0.0	0.0	0.0	0.0	0.0	0.0	0.0	0.0	0.0	0.0	0.0	0.0	0.0	0.0	0.0	0.0	0.0340909	0.0625	0.0192308	0.0092593	0.0428571	0.0015	0.0344828	0.04	0.0754717	0.0526316	0.0265487	0.0804598	0.044586	0.0420168	0.0925926	0.02	0.0	0.0	0.0	0.0	0.0	0.1666667	0.0	0.0	0.0	0.0	0.0	0.0	0.0	0.0	0.0	0.0	
Vautour moine	0.0	0.0	0.0	0.0	0.0	0.0	0.0	0.0	0.0	0.0	0.0	0.0	0.0	0.0	0.0	0.0	0.0	0.0	0.0	0.0015	0.0015	0.0	0.0	0.0	0.0	0.0	0.0	0.0	0.0	0.0	0.0	0.0	0.0015	0.0	0.0	0.0	0.0	0.0	0.0	0.0	0.0	0.0	0.0	0.0	0.0	0.0	0.0	0.0	
Vautour fauve	0.0	0.0	0.0	0.0	0.0	0.0	0.0	0.0	0.0	0.0	0.0	0.0	0.0	0.0	0.0	0.0	0.0	0.0	0.0192308	0.0015	0.0142857	0.02	0.0015	0.04	0.0015	0.0105263	0.0353982	0.0402299	0.0063694	0.0252101	0.0277778	0.02	0.1578947	0.0	0.1363636	0.0357143	0.0	0.0	0.0	0.0555556	0.0	0.0	0.0	0.0	0.0	0.0	0.0	0.0	
Circaète Jean-le-Blanc	0.0	0.0	0.0	0.0	0.0	0.0	0.0	0.0	0.0	0.0	0.0015	0.0105263	0.0046083	0.010101	0.009009	0.0125	0.0	0.0	0.0384615	0.0185185	0.0428571	0.02	0.0344828	0.04	0.0566038	0.0210526	0.0015	0.0344828	0.0063694	0.0015	0.0277778	0.0015	0.0526316	0.0625	0.0	0.0714286	0.0	0.0	0.0	0.0	0.0	0.0	0.0	0.0	0.0	0.0	0.0	0.0	
Aigle botté	0.0	0.0	0.0	0.0	0.0	0.0	0.0	0.0	0.0	0.0	0.0	0.0	0.0	0.0	0.0	0.0015	0.0	0.0	0.0192308	0.0	0.0142857	0.02	0.0344828	0.0015	0.0188679	0.0	0.0	0.0015	0.0	0.0084034	0.0185185	0.0	0.1052632	0.0	0.0	0.0	0.0	0.0	0.0	0.0	0.0	0.0	0.0	0.0	0.0	0.0	0.0	0.0	
Aigle royal	0.0	0.0	0.0	0.0	0.0015	0.0	0.0	0.0	0.0	0.0	0.0	0.0	0.0	0.0	0.0	0.0	0.0	0.0	0.0015	0.0	0.0	0.0015	0.0	0.0	0.0	0.0015	0.0	0.0	0.0	0.0	0.0092593	0.0	0.0	0.0	0.0	0.0	0.0	0.0	0.0	0.0	0.0	0.0	0.0	0.0	0.0	0.0	0.0	0.0	
Épervier d'Europe	0.009375	0.0714286	0.0	0.1111111	0.0	0.0015	0.037037	0.0015	0.0454545	0.0	0.0434783	0.0315789	0.0092166	0.0606061	0.0	0.0015	0.0113636	0.015625	0.0	0.0015	0.0	0.0015	0.0015	0.04	0.0377358	0.0	0.0	0.0229885	0.0254777	0.0336134	0.0555556	0.04	0.1578947	0.0	0.0909091	0.0357143	0.0015	0.1666667	0.0	0.0	0.0015	0.3333333	0.0	0.0666667	0.0	0.0	0.0	0.0179211	
Autour des palombes	0.0	0.0	0.0	0.0	0.0	0.0	0.037037	0.0	0.0	0.0	0.0434783	0.0210526	0.0046083	0.0	0.0	0.0	0.0113636	0.0	0.0384615	0.0	0.0	0.0	0.0	0.0	0.0	0.0	0.0	0.0	0.0063694	0.0	0.0092593	0.0	0.0	0.0	0.0	0.0	0.0	0.0	0.0	0.0	0.0	0.0	0.0	0.0	0.0	0.0	0.0	0.0035842	
Busard des roseaux	0.0	0.0	0.0	0.0	0.0	0.0	0.0	0.0	0.0	0.0	0.0434783	0.0015	0.0092166	0.0	0.0015	0.0	0.0015	0.0	0.0	0.0	0.0	0.0	0.0	0.0	0.0	0.0	0.0088496	0.0	0.0	0.0	0.0	0.02	0.0	0.0625	0.0454545	0.0357143	0.0	0.0	0.0	0.0555556	0.0	0.0	0.0	0.0	0.0	0.0	0.0	0.0	
Busard Saint-Martin	0.0	0.0	0.0	0.0	0.0	0.0	0.0	0.0	0.0	0.0015	0.0	0.0015	0.0	0.0015	0.0	0.0015	0.0113636	0.0	0.0192308	0.0015	0.0	0.0	0.0	0.0015	0.0	0.0	0.0	0.0057471	0.0063694	0.0	0.0	0.0	0.0	0.0625	0.0454545	0.0714286	0.0	0.0	0.0015	0.0015	0.0	0.0	0.0	0.0666667	0.0	0.0	0.0015	0.0035842	
Busard pâle	0.0	0.0	0.0	0.0	0.0	0.0	0.0	0.0	0.0	0.0	0.0	0.0	0.0	0.0	0.0015	0.0	0.0	0.0	0.0	0.0	0.0	0.0	0.0	0.0	0.0	0.0	0.0	0.0	0.0	0.0	0.0	0.0	0.0	0.0	0.0	0.0	0.0	0.0	0.0	0.0	0.0	0.0	0.0	0.0	0.0	0.0	0.0	0.0	
Busard cendré	0.0	0.0	0.0	0.0	0.0	0.0	0.0	0.0	0.0	0.0	0.0	0.0	0.0	0.0015	0.009009	0.025	0.0015	0.0015	0.0015	0.0185185	0.0	0.0	0.0344828	0.08	0.0015	0.0	0.0015	0.0	0.0063694	0.0	0.0092593	0.0015	0.0	0.0	0.0909091	0.0	0.0	0.0	0.0	0.0	0.0	0.0	0.0	0.0	0.0	0.0	0.0	0.0	
busard sp.	0.0	0.0	0.0	0.0	0.0	0.0	0.0	0.0	0.0	0.0	0.0	0.0	0.0	0.0	0.0	0.0015	0.0	0.0	0.0	0.0	0.0	0.0	0.0	0.0	0.0	0.0	0.0	0.0	0.0	0.0	0.0	0.0	0.0526316	0.0	0.0	0.0	0.0	0.0	0.0	0.0	0.0	0.0	0.0	0.0	0.0	0.0	0.0	0.0	
Milan royal	0.03125	0.1428571	0.0714286	0.0555556	0.1538462	0.3478261	0.2407407	0.2352941	0.2727273	0.125	0.173913	0.0947368	0.0737327	0.1212121	0.0720721	0.1	0.0568182	0.171875	0.0961538	0.1018519	0.1428571	0.14	0.0344828	0.12	0.2641509	0.1789474	0.0707965	0.091954	0.1146497	0.0672269	0.1018519	0.1	0.3684211	0.1875	0.2727273	0.25	0.3333333	0.3333333	0.125	0.3333333	0.25	0.1111111	0.0015	0.1333333	0.0015	0.0	0.0015	0.0143369	
Milan noir	0.0	0.0	0.0	0.0	0.0	0.0434783	0.0	0.0	0.0	0.25	0.1304348	0.2736842	0.2995392	0.1919192	0.1171171	0.125	0.1818182	0.15625	0.1346154	0.1574074	0.1857143	0.38	0.3448276	0.24	0.2075472	0.1263158	0.159292	0.1436782	0.0828025	0.0252101	0.0185185	0.02	0.0	0.0625	0.0	0.0015	0.0	0.0	0.0	0.0	0.0	0.0	0.0	0.0	0.0	0.0	0.0	0.0	
Milan royal ou M. noir	0.0	0.0	0.0	0.0	0.0	0.0	0.0	0.0	0.0	0.0	0.0	0.0	0.0	0.0	0.009009	0.0125	0.0	0.0015	0.0	0.0277778	0.0	0.0	0.0	0.0	0.0	0.0	0.0	0.0	0.0063694	0.0084034	0.0	0.0	0.0	0.0	0.0	0.0	0.0	0.0	0.0	0.0	0.0	0.0	0.0	0.0	0.0	0.0	0.0	0.0	
Buse pattue	0.0	0.0	0.0	0.0	0.0	0.0	0.0	0.0	0.0	0.0	0.0	0.0	0.0	0.0	0.0	0.0	0.0	0.0	0.0	0.0	0.0	0.0	0.0	0.0	0.0	0.0	0.0	0.0	0.0	0.0	0.0	0.0	0.0	0.0	0.0	0.0	0.0	0.0	0.0	0.0	0.0	0.0	0.0	0.0666667	0.0	0.0	0.0	0.0	
Buse variable	0.21875	0.3571429	0.2857143	0.1111111	0.4615385	0.5652174	0.537037	0.5294118	0.2727273	0.5	0.6956522	0.2315789	0.2119816	0.1515152	0.1621622	0.1625	0.2386364	0.25	0.3076923	0.25	0.2571429	0.2	0.1724138	0.2	0.2830189	0.2842105	0.2389381	0.2701149	0.1974522	0.2436975	0.3333333	0.2	0.3684211	0.3125	0.4090909	0.3928571	0.8333333	0.5	0.375	0.2777778	0.75	0.3333333	0.3333333	0.4	0.0015	0.25	0.3333333	0.2150538	
Buteo sp.	0.0	0.0	0.0	0.0	0.0	0.0	0.0	0.0	0.0	0.0	0.0	0.0	0.0	0.0	0.0	0.0	0.0	0.015625	0.0	0.0	0.0	0.0	0.0	0.0	0.0	0.0	0.0	0.0057471	0.0063694	0.0	0.0	0.0	0.0	0.0	0.0	0.0	0.0	0.0	0.0	0.0	0.0	0.0	0.0	0.0	0.0	0.0	0.0	0.0	
rapace sp.	0.0	0.0	0.0	0.0	0.0	0.0	0.0	0.0	0.0	0.0	0.0	0.0	0.0046083	0.0	0.0	0.0	0.0	0.0	0.0	0.0	0.0	0.0	0.0	0.0	0.0	0.0105263	0.0	0.0172414	0.0	0.0	0.0092593	0.0	0.0	0.0	0.0	0.0	0.0	0.0	0.0	0.0	0.0	0.0	0.0	0.0	0.0	0.0	0.0	0.0	
Effraie des clochers	0.0	0.0	0.0	0.0	0.0	0.0	0.0	0.0	0.0	0.0	0.0015	0.0	0.0	0.0	0.0	0.0	0.0	0.0	0.0	0.0	0.0	0.0	0.0	0.0	0.0	0.0	0.0	0.0	0.0	0.0	0.0	0.0	0.0	0.0	0.0	0.0	0.0	0.0	0.0	0.0	0.0	0.0	0.0	0.0	0.0	0.0	0.0	0.0	
Petit-duc scops	0.0	0.0	0.0	0.0	0.0	0.0	0.0	0.0	0.0	0.0	0.0	0.0	0.0	0.0	0.0	0.0	0.0	0.0015	0.0	0.0	0.0	0.0	0.0015	0.0	0.0	0.0	0.0	0.0	0.0	0.0	0.0	0.0	0.0	0.0	0.0	0.0	0.0	0.0	0.0	0.0	0.0	0.0	0.0	0.0	0.0	0.0	0.0	0.0	
Grand-duc d'Europe	0.0	0.0	0.0	0.0555556	0.0	0.0	0.0	0.0	0.0	0.0	0.0	0.0	0.0046083	0.0	0.0	0.0	0.0	0.0	0.0	0.0015	0.0	0.0	0.0	0.0	0.0	0.0	0.0	0.0	0.0063694	0.0	0.0	0.0	0.0	0.0	0.0	0.0	0.0015	0.0015	0.0	0.0015	0.0	0.2222222	0.0	0.0	0.0	0.0	0.0	0.0035842	
Chevêchette d'Europe	0.0	0.0	0.0	0.0	0.0	0.0	0.0	0.0	0.0	0.0	0.0	0.0	0.0	0.0	0.0	0.0	0.0	0.0	0.0	0.0	0.0	0.0	0.0	0.0	0.0	0.0	0.0	0.0	0.0	0.0	0.0	0.0	0.0	0.0	0.0	0.0	0.0	0.0	0.0	0.0	0.0	0.0	0.0	0.0	0.0	0.0	0.0	0.0035842	
Chevêche d'Athéna	0.0	0.0	0.0	0.0015	0.0	0.0	0.0	0.0	0.0	0.0015	0.0	0.0	0.0015	0.0	0.0	0.0	0.0	0.0	0.0	0.0015	0.0	0.0	0.0	0.0	0.0	0.0	0.0	0.0	0.0	0.0	0.0092593	0.0	0.0	0.0	0.0	0.0	0.0	0.0	0.0	0.0	0.0	0.1111111	0.0015	0.0	0.0	0.0	0.0	0.0	
Chouette hulotte	0.00625	0.0	0.0	0.0555556	0.0	0.0	0.0555556	0.0588235	0.0	0.0	0.0	0.0	0.0138249	0.0	0.027027	0.0375	0.0340909	0.015625	0.0576923	0.0185185	0.0142857	0.02	0.0	0.0015	0.0188679	0.0105263	0.0265487	0.0229885	0.0318471	0.0252101	0.037037	0.04	0.0015	0.0015	0.0015	0.0	0.0	0.0	0.0015	0.0555556	0.125	0.0	0.3333333	0.0	0.3333333	0.0	0.0	0.0071685	
Hibou moyen-duc	0.0	0.0	0.0	0.0	0.0	0.0	0.0	0.0	0.0	0.0	0.0	0.0	0.0	0.0	0.0	0.0	0.0113636	0.0	0.0192308	0.0015	0.0	0.0	0.0	0.0	0.0	0.0	0.0	0.0	0.0063694	0.0	0.0	0.0	0.0	0.0	0.0	0.0	0.0	0.0	0.0	0.0015	0.0	0.1111111	0.0	0.0	0.0	0.0	0.0	0.0071685	
Chouette de Tengmalm	0.0	0.0	0.0	0.0	0.0	0.0	0.0015	0.0	0.0	0.0	0.0	0.0	0.0	0.0	0.0	0.0	0.0113636	0.0	0.0192308	0.0	0.0	0.0	0.0	0.0	0.0	0.0	0.0	0.0	0.0	0.0	0.0	0.0	0.0	0.0	0.0	0.0	0.0	0.0	0.0	0.0	0.0	0.0	0.0	0.0	0.0	0.0	0.0	0.0	
Huppe fasciée	0.0	0.0	0.0	0.0	0.0	0.0	0.0	0.0	0.0	0.0	0.0	0.0210526	0.0138249	0.0015	0.027027	0.05	0.0227273	0.0015	0.0015	0.0092593	0.0015	0.02	0.0015	0.0	0.0188679	0.0015	0.0176991	0.0057471	0.0063694	0.0084034	0.0	0.0	0.0	0.0	0.0	0.0	0.0	0.0	0.0	0.0	0.0	0.0	0.0	0.0	0.0	0.0	0.0	0.0	
Guêpier d'Europe	0.0	0.0	0.0	0.0	0.0	0.0	0.0	0.0	0.0	0.0	0.0	0.0	0.0	0.0	0.0	0.0015	0.0113636	0.078125	0.0384615	0.0185185	0.0015	0.14	0.1724138	0.04	0.0	0.0105263	0.0265487	0.0172414	0.0382166	0.0336134	0.0462963	0.0015	0.0015	0.0015	0.0015	0.0	0.0	0.0	0.0	0.0	0.0	0.0	0.0	0.0	0.0	0.0	0.0	0.0	
Martin-pêcheur d'Europe	0.0375	0.0015	0.0	0.0	0.0	0.0869565	0.037037	0.0	0.0	0.0	0.0	0.0	0.0230415	0.0606061	0.009009	0.0	0.0113636	0.03125	0.0192308	0.0	0.0	0.04	0.137931	0.0	0.0188679	0.0105263	0.0353982	0.0287356	0.0382166	0.0756303	0.0833333	0.08	0.0526316	0.0625	0.0909091	0.0357143	0.3333333	0.1666667	0.25	0.1111111	0.0	0.3333333	0.0	0.0666667	0.0	0.0	0.0	0.0537634	
Rollier d'Europe	0.0	0.0	0.0	0.0	0.0	0.0	0.0	0.0	0.0	0.0	0.0	0.0	0.0	0.0	0.0	0.0	0.0	0.0	0.0	0.0	0.0	0.0	0.0	0.0	0.0	0.0	0.0	0.0	0.0	0.0015	0.0	0.0015	0.0	0.0	0.0	0.0	0.0	0.0	0.0	0.0	0.0	0.0	0.0	0.0	0.0	0.0	0.0	0.0	
Torcol fourmilier	0.0	0.0	0.0	0.0	0.0	0.0	0.0	0.0	0.0	0.0	0.0	0.0	0.0092166	0.030303	0.009009	0.0	0.0113636	0.015625	0.0	0.0	0.0	0.0	0.0	0.0	0.0	0.0105263	0.0	0.0057471	0.0	0.0084034	0.0185185	0.04	0.0	0.0	0.0	0.0	0.0	0.0	0.0	0.0	0.0	0.0	0.0	0.0	0.0	0.0	0.0	0.0	
Pic mar	0.00625	0.0015	0.0	0.0	0.0	0.0	0.0	0.0588235	0.0454545	0.0	0.0	0.0315789	0.0092166	0.010101	0.009009	0.0	0.0	0.0	0.0	0.0	0.0	0.02	0.0344828	0.04	0.0377358	0.0105263	0.0088496	0.0402299	0.0127389	0.0336134	0.0092593	0.0	0.0526316	0.0	0.0	0.0	0.0	0.0	0.125	0.0555556	0.0	0.1111111	0.0	0.0666667	0.0	0.25	0.1666667	0.0143369	
Pic épeiche	0.290625	0.0714286	0.1428571	0.1111111	0.2307692	0.2173913	0.1666667	0.3529412	0.2727273	0.0	0.173913	0.2842105	0.2304147	0.2828283	0.1801802	0.1125	0.2613636	0.140625	0.1538462	0.1203704	0.1142857	0.16	0.137931	0.08	0.2641509	0.1157895	0.1238938	0.1724138	0.1783439	0.2521008	0.2592593	0.22	0.1578947	0.3125	0.1818182	0.1071429	0.3333333	0.1666667	0.375	0.1666667	0.125	0.4444444	0.6666667	0.2	0.0	0.5	0.5	0.3261649	
Dendrocopos sp.	0.0	0.0	0.0	0.0	0.0	0.0	0.0	0.0	0.0	0.0	0.0	0.0	0.0	0.0	0.0	0.0	0.0	0.0	0.0	0.0	0.0	0.0	0.0	0.0	0.0	0.0	0.0088496	0.0057471	0.0127389	0.0	0.0	0.0	0.0	0.0	0.0	0.0	0.0	0.0	0.0	0.0	0.0	0.0	0.0	0.0	0.0	0.0	0.0	0.0	
Pic épeichette	0.009375	0.0	0.0	0.0	0.0	0.0434783	0.0185185	0.0588235	0.0454545	0.0	0.0434783	0.0631579	0.0368664	0.0606061	0.0630631	0.05	0.0	0.0	0.0192308	0.037037	0.0	0.0	0.0015	0.0	0.0	0.0	0.0088496	0.0402299	0.0127389	0.0168067	0.0277778	0.0	0.0526316	0.0625	0.0015	0.0	0.0	0.0	0.0	0.1111111	0.0	0.0	0.0	0.0	0.0	0.0	0.0	0.0286738	
Pic vert	0.13125	0.1428571	0.0714286	0.0555556	0.0769231	0.173913	0.1851852	0.2941176	0.1818182	0.0	0.0869565	0.3368421	0.2211982	0.2424242	0.1261261	0.1125	0.0909091	0.125	0.0769231	0.1481481	0.0571429	0.14	0.0	0.08	0.1509434	0.1368421	0.2300885	0.2011494	0.2229299	0.1932773	0.2685185	0.14	0.1578947	0.375	0.1818182	0.0714286	0.5	0.3333333	0.25	0.4444444	0.125	0.5555556	0.0	0.2	0.0	0.0	0.0	0.172043	
Pic noir	0.015625	0.0	0.0015	0.0	0.0769231	0.0434783	0.0555556	0.1176471	0.0454545	0.0	0.0	0.0526316	0.0276498	0.020202	0.027027	0.025	0.0227273	0.03125	0.0769231	0.037037	0.0428571	0.02	0.0	0.0	0.0188679	0.0105263	0.0088496	0.0287356	0.0254777	0.0336134	0.037037	0.02	0.1052632	0.0	0.0454545	0.0357143	0.0	0.0015	0.125	0.0	0.0015	0.3333333	0.0	0.0	0.0	0.0	0.0	0.0394265	
Faucon crécerelle	0.09375	0.0714286	0.2142857	0.1111111	0.0	0.0869565	0.1851852	0.2352941	0.0454545	0.25	0.2173913	0.0842105	0.1059908	0.0707071	0.1171171	0.0875	0.0795455	0.046875	0.1153846	0.1574074	0.1142857	0.14	0.2068966	0.16	0.2264151	0.1473684	0.0973451	0.1436782	0.1146497	0.1344538	0.2037037	0.2	0.3157895	0.1875	0.4090909	0.2142857	0.3333333	0.3333333	0.125	0.2222222	0.25	0.2222222	0.0	0.2	0.0015	0.0015	0.0015	0.0681004	
Faucon kobez	0.0	0.0	0.0	0.0	0.0	0.0	0.0	0.0	0.0	0.0	0.0	0.0	0.0	0.0	0.0	0.0	0.0	0.0	0.0015	0.0015	0.0	0.0	0.0	0.0	0.0	0.0	0.0	0.0	0.0	0.0	0.0	0.02	0.0	0.0	0.0	0.0	0.0	0.0	0.0	0.0	0.0	0.0	0.0	0.0	0.0	0.0	0.0	0.0	
Faucon émerillon	0.0	0.0	0.0714286	0.0	0.0	0.0	0.0	0.0	0.0	0.0	0.0015	0.0	0.0	0.0	0.0	0.0	0.0	0.0	0.0	0.0	0.0	0.0	0.0	0.0	0.0	0.0	0.0	0.0	0.0	0.0	0.0	0.0	0.0	0.0	0.0	0.0357143	0.0	0.0	0.0	0.0	0.0	0.0	0.0	0.0	0.0	0.0	0.0	0.0035842	
Faucon hobereau	0.0	0.0	0.0	0.0	0.0	0.0	0.0	0.0	0.0	0.0	0.0	0.0	0.0046083	0.0	0.0	0.0015	0.0	0.0	0.0	0.0092593	0.0285714	0.0015	0.0	0.0	0.0	0.0015	0.0	0.0	0.0127389	0.0084034	0.0092593	0.0	0.0526316	0.0625	0.0015	0.0357143	0.0	0.0	0.0	0.0	0.0	0.0	0.0	0.0	0.0	0.0	0.0	0.0	
Faucon pèlerin	0.003125	0.0	0.0	0.0	0.0	0.0434783	0.0185185	0.0588235	0.0	0.0	0.0	0.0105263	0.0	0.0	0.0	0.0015	0.0	0.0015	0.0	0.0015	0.0	0.0015	0.0344828	0.0015	0.0015	0.0015	0.0	0.0114943	0.0	0.0	0.0	0.0	0.0	0.0625	0.0	0.0	0.1666667	0.0	0.0	0.0015	0.0	0.0	0.0	0.0666667	0.3333333	0.0	0.0	0.0071685	
Falco sp.	0.0	0.0	0.0	0.0	0.0	0.0	0.0	0.0	0.0	0.0	0.0	0.0	0.0	0.0	0.0	0.0	0.0113636	0.015625	0.0	0.0	0.0	0.0	0.0	0.0	0.0	0.0	0.0088496	0.0	0.0	0.0	0.0092593	0.02	0.0	0.0015	0.0	0.0357143	0.0	0.0	0.0	0.0	0.0	0.0	0.0	0.0	0.0	0.0	0.0	0.0	
Calopsitte élégante	0.0	0.0	0.0	0.0	0.0	0.0	0.0	0.0	0.0	0.0	0.0	0.0	0.0	0.0	0.0	0.0015	0.0	0.0	0.0	0.0	0.0	0.0	0.0	0.0	0.0	0.0	0.0	0.0	0.0	0.0	0.0	0.0	0.0	0.0	0.0	0.0	0.0	0.0	0.0	0.0	0.0	0.0	0.0	0.0	0.0	0.0	0.0	0.0	
Loriot d'Europe	0.0	0.0	0.0	0.0	0.0	0.0	0.0	0.0	0.0	0.0	0.0	0.0	0.0	0.0	0.0	0.05	0.1136364	0.03125	0.0961538	0.0555556	0.0428571	0.08	0.1724138	0.04	0.0188679	0.0210526	0.0265487	0.0574713	0.0191083	0.0336134	0.0277778	0.0	0.0	0.0	0.0	0.0	0.0	0.0	0.0	0.0	0.0	0.0	0.0	0.0	0.0	0.0	0.0	0.0	
Pie-grièche écorcheur	0.0	0.0	0.0	0.0	0.0	0.0	0.0	0.0	0.0	0.0	0.0	0.0	0.0	0.0	0.0	0.0015	0.0568182	0.140625	0.2692308	0.2592593	0.2714286	0.24	0.1034483	0.08	0.2641509	0.2421053	0.2212389	0.2471264	0.1910828	0.1512605	0.1481481	0.18	0.1052632	0.0	0.0	0.0	0.0	0.0	0.0	0.0	0.0	0.0	0.0	0.0	0.0	0.0	0.0	0.0	
Pie-grièche grise	0.003125	0.1428571	0.0	0.0	0.1538462	0.0015	0.0015	0.0	0.0	0.0	0.0015	0.0105263	0.0046083	0.020202	0.009009	0.0	0.0	0.0	0.0	0.0	0.0285714	0.0015	0.0689655	0.0	0.0377358	0.0	0.0	0.0229885	0.0063694	0.0084034	0.0185185	0.0	0.0526316	0.0	0.0015	0.0714286	0.0	0.0	0.0015	0.0	0.125	0.0	0.3333333	0.0	0.0	0.25	0.0	0.0107527	
Geai des chênes	0.25625	0.0714286	0.1428571	0.1111111	0.3076923	0.3478261	0.3518519	0.1764706	0.1818182	0.0	0.173913	0.3473684	0.2073733	0.3535354	0.2252252	0.3375	0.2159091	0.328125	0.3269231	0.25	0.2571429	0.24	0.1724138	0.32	0.3396226	0.3894737	0.3539823	0.3735632	0.2929936	0.2605042	0.3888889	0.34	0.3684211	0.25	0.3181818	0.3571429	0.5	0.3333333	0.375	0.3888889	0.5	0.3333333	0.3333333	0.2666667	0.0	0.75	0.8333333	0.3548387	
Pie bavarde	0.290625	0.4285714	0.2142857	0.1666667	0.3076923	0.3478261	0.3148148	0.4117647	0.3181818	0.125	0.4782609	0.2105263	0.3133641	0.2222222	0.2522523	0.1625	0.2159091	0.171875	0.2884615	0.2592593	0.1571429	0.24	0.2068966	0.2	0.3018868	0.2842105	0.2035398	0.183908	0.1719745	0.1680672	0.2222222	0.16	0.2631579	0.375	0.5	0.1071429	0.3333333	0.1666667	0.5	0.4444444	0.625	0.4444444	0.3333333	0.6	0.3333333	0.75	0.3333333	0.3333333	
Cassenoix moucheté	0.0	0.0	0.0	0.0	0.0	0.0434783	0.0	0.0	0.0	0.0	0.0	0.0	0.0	0.0	0.0	0.0	0.0	0.0	0.0	0.0	0.0	0.0	0.0	0.0	0.0	0.0	0.0	0.0	0.0	0.0	0.0	0.0	0.0	0.0	0.0	0.0	0.0	0.0	0.0	0.0	0.0	0.0	0.0	0.0	0.0	0.0	0.0	0.0	
Crave à bec rouge	0.0	0.0	0.0	0.0	0.0	0.0	0.0	0.0	0.0	0.0	0.0	0.0	0.0	0.0	0.0	0.0	0.0	0.0	0.0	0.0	0.0	0.0	0.0	0.0	0.0188679	0.0	0.0	0.0	0.0	0.0	0.0	0.0	0.0	0.0	0.0	0.0	0.0	0.0	0.0	0.0	0.0	0.0	0.0	0.0	0.0	0.0	0.0	0.0	
Chocard à bec jaune	0.0	0.0	0.0	0.0	0.0	0.0	0.0	0.0	0.0	0.0	0.0	0.0	0.0	0.0	0.0	0.0	0.0	0.0	0.0	0.0	0.0	0.0	0.0	0.0	0.0	0.0	0.0	0.0	0.0	0.0	0.0	0.0	0.0	0.0	0.0	0.0	0.0	0.0015	0.0	0.0	0.0	0.0	0.0	0.0	0.0	0.0	0.0	0.0	
Choucas des tours	0.1375	0.0	0.0015	0.0555556	0.2307692	0.0869565	0.1296296	0.1764706	0.1363636	0.0	0.0015	0.0315789	0.0276498	0.030303	0.036036	0.05	0.0568182	0.09375	0.0769231	0.0925926	0.0857143	0.02	0.137931	0.04	0.0754717	0.0015	0.0088496	0.0229885	0.0254777	0.0588235	0.0277778	0.08	0.0	0.0625	0.1363636	0.1071429	0.3333333	0.1666667	0.25	0.3333333	0.125	0.5555556	0.3333333	0.2666667	0.0	0.25	0.0	0.1684588	
Corbeau freux	0.034375	0.0	0.1428571	0.0	0.0	0.0869565	0.0555556	0.1176471	0.0909091	0.0	0.0434783	0.0736842	0.0046083	0.010101	0.0810811	0.0625	0.0227273	0.015625	0.0384615	0.0185185	0.0015	0.1	0.0344828	0.0	0.0	0.0	0.0015	0.0114943	0.0063694	0.0588235	0.0092593	0.0015	0.0015	0.0625	0.0015	0.0	0.0	0.0	0.25	0.0015	0.0	0.0	0.0	0.0	0.0	0.0	0.0	0.0322581	
Corneille noire	0.571875	0.3571429	0.2857143	0.2777778	0.4615385	0.4782609	0.3703704	0.6470588	0.3181818	0.375	0.6086957	0.5052632	0.437788	0.4646465	0.4324324	0.55	0.4318182	0.390625	0.4038462	0.3425926	0.2714286	0.46	0.3448276	0.4	0.3584906	0.3473684	0.3893805	0.362069	0.2866242	0.2773109	0.3703704	0.42	0.3684211	0.3125	0.5	0.5	0.8333333	0.5	0.375	0.4444444	0.875	0.6666667	0.6666667	0.4666667	0.3333333	1.0	0.1666667	0.5197133	
corneille sp.	0.0	0.0	0.0	0.0	0.0	0.0	0.0	0.0	0.0	0.125	0.0	0.0	0.0	0.0	0.0	0.0	0.0	0.0	0.0	0.0	0.0	0.0	0.0	0.0	0.0	0.0	0.0015	0.0	0.0	0.0	0.0	0.0	0.0	0.0	0.0	0.0	0.0	0.0	0.0	0.0	0.0	0.0	0.0	0.0	0.0	0.0	0.0	0.0	
Grand Corbeau	0.04375	0.1428571	0.0	0.1666667	0.2307692	0.1304348	0.1111111	0.1176471	0.0015	0.0	0.0434783	0.0736842	0.0552995	0.010101	0.045045	0.0375	0.0227273	0.03125	0.1153846	0.0277778	0.0571429	0.02	0.0015	0.0015	0.1320755	0.0105263	0.0265487	0.0862069	0.0636943	0.0588235	0.0648148	0.04	0.1578947	0.0625	0.3181818	0.2142857	0.0	0.0015	0.125	0.2222222	0.125	0.3333333	0.3333333	0.2	0.0015	0.0	0.3333333	0.0430108	
Mésange noire	0.059375	0.0714286	0.0	0.0555556	0.3076923	0.1304348	0.1481481	0.0	0.1818182	0.0	0.0869565	0.1052632	0.0552995	0.1414141	0.2612613	0.075	0.0681818	0.15625	0.1153846	0.0740741	0.2	0.06	0.1034483	0.08	0.1132075	0.1157895	0.0619469	0.1264368	0.2038217	0.302521	0.1111111	0.1	0.2631579	0.1875	0.3181818	0.1785714	0.3333333	0.0	0.0	0.0015	0.125	0.2222222	0.3333333	0.2	0.0	0.25	0.1666667	0.1075269	
Mésange huppée	0.090625	0.0714286	0.2142857	0.0015	0.2307692	0.1304348	0.1111111	0.0	0.0454545	0.0	0.0434783	0.0631579	0.0276498	0.010101	0.0720721	0.05	0.0568182	0.046875	0.0384615	0.0185185	0.0015	0.04	0.1034483	0.04	0.1132075	0.0526316	0.0530973	0.0689655	0.1464968	0.2773109	0.0555556	0.04	0.1578947	0.125	0.0909091	0.1785714	0.3333333	0.0015	0.0	0.0015	0.0015	0.2222222	0.3333333	0.0666667	0.0	0.25	0.3333333	0.1111111	
Mésange nonnette	0.109375	0.2142857	0.0714286	0.1111111	0.1538462	0.2608696	0.1296296	0.2352941	0.1363636	0.0	0.0869565	0.0947368	0.0506912	0.0808081	0.1171171	0.025	0.1022727	0.0625	0.0576923	0.0925926	0.0571429	0.06	0.0689655	0.04	0.0943396	0.0842105	0.0707965	0.0689655	0.089172	0.1512605	0.1574074	0.16	0.1052632	0.25	0.2272727	0.1071429	0.0	0.0	0.0	0.0555556	0.25	0.2222222	0.6666667	0.3333333	0.0	0.75	0.6666667	0.1326165	
Mésange boréale	0.003125	0.0	0.0	0.0555556	0.0769231	0.0	0.0185185	0.0	0.0015	0.0	0.0	0.0105263	0.0	0.0	0.0	0.0	0.0	0.015625	0.0576923	0.0	0.0142857	0.0	0.0	0.0	0.0188679	0.0	0.0088496	0.0287356	0.0318471	0.092437	0.0185185	0.0015	0.1052632	0.0	0.0	0.0714286	0.0	0.0	0.125	0.0	0.0	0.1111111	0.3333333	0.0	0.0	0.0	0.0	0.0215054	
Mésange nonnette ou M. boréale	0.0	0.0	0.0	0.0	0.0	0.0	0.0015	0.0	0.0	0.0	0.0015	0.0	0.0	0.0	0.0	0.0	0.0	0.0	0.0	0.0	0.0	0.0	0.0	0.0	0.0188679	0.0210526	0.0619469	0.0689655	0.0382166	0.0	0.0462963	0.02	0.0	0.0	0.0015	0.0	0.0	0.0	0.0	0.0555556	0.0	0.0	0.0	0.0	0.0	0.0	0.0	0.0035842	
Mésange bleue	0.459375	0.5	0.3571429	0.3888889	0.6153846	0.6521739	0.5	0.5294118	0.5454545	0.375	0.1304348	0.6	0.5668203	0.5454545	0.4054054	0.3625	0.4545455	0.46875	0.4230769	0.3425926	0.1857143	0.36	0.2068966	0.24	0.3018868	0.3263158	0.3097345	0.3390805	0.343949	0.3781513	0.4074074	0.26	0.6315789	0.375	0.4090909	0.3214286	0.3333333	0.5	0.625	0.4444444	0.75	0.6666667	0.6666667	0.5333333	0.0	0.75	0.8333333	0.4982079	
Mésange charbonnière	0.634375	0.5714286	0.3571429	0.3888889	0.6153846	0.6086957	0.6296296	0.6470588	0.4545455	0.625	0.4782609	0.6947368	0.7004608	0.5757576	0.6666667	0.575	0.5681818	0.515625	0.5	0.3333333	0.3428571	0.46	0.2068966	0.32	0.4150943	0.4421053	0.4070796	0.408046	0.4140127	0.4369748	0.3888889	0.38	0.5263158	0.4375	0.5	0.4642857	0.5	0.6666667	1.0	0.3888889	0.875	0.7777778	0.6666667	0.4666667	0.3333333	1.0	0.6666667	0.6702509	
Rémiz penduline	0.0	0.0	0.0	0.0	0.0	0.0	0.0015	0.0	0.0	0.0	0.0	0.0	0.0	0.0	0.0	0.0	0.0	0.0	0.0	0.0	0.0	0.0	0.0	0.0	0.0	0.0	0.0	0.0	0.0	0.0	0.0	0.0	0.0	0.0	0.0	0.0	0.0	0.0	0.0	0.0	0.0	0.0	0.0	0.0	0.0	0.0	0.0	0.0	
Alouette lulu	0.015625	0.0	0.0	0.0	0.0769231	0.0015	0.0555556	0.1764706	0.0	0.0	0.0	0.0631579	0.1336406	0.0707071	0.1261261	0.075	0.0340909	0.09375	0.0576923	0.037037	0.1	0.08	0.0344828	0.04	0.0943396	0.0315789	0.0265487	0.0287356	0.0063694	0.0168067	0.0	0.0	0.0	0.0625	0.0454545	0.0357143	0.0015	0.0015	0.125	0.0	0.0	0.0	0.0	0.0666667	0.0	0.0	0.0	0.0071685	
Alouette des champs	0.065625	0.0015	0.0015	0.0	0.0	0.0015	0.0555556	0.1764706	0.0	0.125	0.173913	0.0526316	0.281106	0.0909091	0.1981982	0.0625	0.0795455	0.078125	0.1153846	0.0925926	0.1714286	0.12	0.3448276	0.32	0.1132075	0.0736842	0.0442478	0.0689655	0.0063694	0.0	0.0	0.0	0.0526316	0.0	0.0015	0.0714286	0.0	0.0	0.125	0.0555556	0.125	0.1111111	0.0	0.0666667	0.0	0.0	0.0	0.0394265	
Cisticole des joncs	0.0	0.0	0.0	0.0	0.0	0.0	0.0	0.0	0.0	0.0	0.0434783	0.0	0.0	0.0	0.027027	0.0375	0.0227273	0.0	0.0576923	0.0462963	0.0285714	0.02	0.0	0.0	0.0188679	0.0	0.0176991	0.0	0.0	0.0168067	0.0	0.0015	0.0015	0.0	0.0	0.0	0.0	0.0	0.0	0.0	0.0	0.0	0.0	0.0	0.0	0.0	0.0	0.0035842	
Hypolaïs polyglotte	0.0	0.0	0.0	0.0	0.0	0.0	0.0	0.0	0.0	0.0	0.0	0.0	0.0	0.0	0.0	0.0125	0.0227273	0.046875	0.0961538	0.1388889	0.0714286	0.1	0.0689655	0.04	0.0188679	0.0315789	0.0088496	0.0344828	0.0191083	0.0168067	0.0	0.02	0.0	0.0	0.0	0.0	0.0	0.0	0.0	0.0	0.0	0.0	0.0	0.0	0.0	0.0	0.0	0.0	
Phragmite des joncs	0.0	0.0	0.0	0.0	0.0	0.0	0.0	0.0	0.0	0.0	0.0	0.0	0.0046083	0.0	0.0	0.0015	0.0	0.0	0.0	0.0	0.0	0.0	0.0	0.0	0.0	0.0	0.0	0.0	0.0	0.0	0.0	0.0	0.0	0.0	0.0	0.0	0.0	0.0	0.0	0.0	0.0	0.0	0.0	0.0	0.0	0.0	0.0	0.0	
Rousserolle effarvatte	0.0	0.0	0.0	0.0	0.0	0.0	0.0	0.0	0.0	0.0	0.0	0.0	0.0	0.0	0.0	0.0	0.0227273	0.046875	0.0769231	0.0462963	0.0285714	0.02	0.0	0.0	0.0	0.0	0.0	0.0057471	0.0063694	0.0	0.0	0.02	0.0526316	0.0	0.0454545	0.0	0.0	0.0	0.0	0.0	0.0	0.0	0.0	0.0	0.0	0.0	0.0	0.0	
Rousserolle turdoïde	0.0	0.0	0.0	0.0	0.0	0.0	0.0	0.0	0.0	0.0	0.0	0.0	0.0	0.0	0.0	0.0	0.0	0.0	0.0	0.0	0.0	0.0	0.0015	0.0	0.0	0.0	0.0	0.0	0.0	0.0	0.0	0.0	0.0	0.0	0.0	0.0	0.0	0.0	0.0	0.0	0.0	0.0	0.0	0.0	0.0	0.0	0.0	0.0	
Locustelle tachetée	0.0	0.0	0.0	0.0	0.0	0.0	0.0	0.0	0.0	0.0	0.0	0.0	0.0	0.0	0.0	0.0	0.0	0.0	0.0015	0.0	0.0	0.0	0.0015	0.0	0.0	0.0	0.0	0.0057471	0.0	0.0	0.0	0.0	0.0	0.0	0.0015	0.0	0.0	0.0	0.0	0.0	0.0	0.0	0.0	0.0	0.0	0.0	0.0	0.0	
Hirondelle de rivage	0.0	0.0	0.0	0.0	0.0	0.0	0.0	0.0	0.0	0.0	0.0	0.0105263	0.0092166	0.0	0.0015	0.0	0.0568182	0.03125	0.0384615	0.0277778	0.0015	0.08	0.1034483	0.08	0.0	0.0105263	0.0176991	0.0229885	0.0127389	0.0	0.0092593	0.0	0.0	0.0	0.0454545	0.0	0.0	0.0	0.0	0.0	0.0	0.0	0.0	0.0	0.0	0.0	0.0	0.0	
Hirondelle de rochers	0.0	0.0	0.0	0.0	0.0	0.0	0.0	0.0	0.0909091	0.0	0.0015	0.0105263	0.0046083	0.0015	0.0015	0.0015	0.0113636	0.015625	0.0576923	0.0648148	0.0142857	0.04	0.1034483	0.04	0.0377358	0.0631579	0.0176991	0.0229885	0.0127389	0.0336134	0.037037	0.1	0.1052632	0.0625	0.0454545	0.1428571	0.0	0.0	0.0	0.0555556	0.0	0.0	0.0	0.0	0.0	0.0	0.0	0.0	
Hirondelle rustique	0.0	0.0	0.0	0.0	0.0	0.0	0.0	0.0	0.0	0.0	0.0	0.1263158	0.078341	0.1111111	0.1081081	0.325	0.3068182	0.296875	0.4038462	0.2777778	0.1285714	0.16	0.3448276	0.16	0.3584906	0.3368421	0.4159292	0.4367816	0.2929936	0.2016807	0.3611111	0.34	0.3157895	0.3125	0.1818182	0.1071429	0.1666667	0.0	0.0	0.0	0.0	0.0	0.0	0.0	0.0	0.0	0.0	0.0	
Hirondelle de fenêtre	0.0	0.0	0.0	0.0	0.0	0.0	0.0	0.0	0.0	0.0	0.0	0.0315789	0.0046083	0.0015	0.027027	0.0625	0.0795455	0.09375	0.2115385	0.1851852	0.1857143	0.08	0.137931	0.12	0.2830189	0.2842105	0.2654867	0.2528736	0.1719745	0.2016807	0.1944444	0.3	0.2631579	0.125	0.1363636	0.0714286	0.0	0.1666667	0.0	0.0	0.0	0.0	0.0	0.0	0.0	0.0	0.0	0.0	
hirondelle sp.	0.0	0.0	0.0	0.0	0.0	0.0	0.0	0.0	0.0	0.0	0.0	0.0	0.0	0.0	0.0	0.0	0.0	0.0	0.0	0.0	0.0	0.0	0.0	0.0	0.0	0.0	0.0	0.0	0.0063694	0.0	0.0	0.0	0.0015	0.0	0.0	0.0	0.1666667	0.0	0.0	0.0	0.0	0.0	0.0	0.0	0.0	0.0	0.0	0.0	
Pouillot siffleur	0.0	0.0	0.0	0.0	0.0	0.0	0.0	0.0	0.0	0.0	0.0	0.0	0.0046083	0.0	0.009009	0.025	0.0227273	0.015625	0.0	0.0185185	0.0571429	0.0015	0.0015	0.08	0.0	0.0105263	0.0	0.0114943	0.0063694	0.0	0.0	0.0	0.0	0.0	0.0	0.0	0.0	0.0	0.0	0.0	0.0	0.0	0.0	0.0	0.0	0.0	0.0	0.0	
Pouillot de Bonelli	0.0	0.0	0.0	0.0	0.0	0.0	0.0	0.0	0.0	0.0	0.0	0.0105263	0.0092166	0.010101	0.036036	0.075	0.0227273	0.015625	0.0	0.0092593	0.0142857	0.02	0.0015	0.0	0.0188679	0.0	0.0	0.0	0.0	0.0	0.0	0.0	0.0	0.0	0.0	0.0	0.0	0.0	0.0	0.0	0.0	0.0	0.0	0.0	0.0	0.0	0.0	0.0	
Pouillot à grands sourcils	0.0	0.0	0.0	0.0	0.0	0.0	0.0	0.0	0.0	0.0	0.0	0.0	0.0	0.0	0.0	0.0	0.0	0.0	0.0	0.0	0.0	0.0	0.0	0.0	0.0	0.0	0.0	0.0	0.0	0.0	0.0	0.0	0.0	0.0	0.0	0.0	0.0	0.0	0.0	0.0	0.0	0.0	0.0	0.0015	0.0	0.0	0.0	0.0	
Pouillot fitis	0.0	0.0	0.0	0.0	0.0	0.0	0.0	0.0	0.0	0.0	0.0	0.0947368	0.0460829	0.040404	0.0720721	0.0375	0.0568182	0.0	0.0192308	0.0092593	0.0	0.0	0.0689655	0.0	0.0	0.0	0.0	0.0172414	0.0191083	0.0168067	0.0462963	0.02	0.0526316	0.0	0.1363636	0.0357143	0.1666667	0.0	0.125	0.0555556	0.0	0.0	0.0	0.0	0.0	0.0	0.0	0.0	
Pouillot véloce	0.05	0.0	0.0714286	0.1111111	0.1538462	0.173913	0.0925926	0.2352941	0.1818182	0.375	0.5652174	0.6526316	0.562212	0.4848485	0.4414414	0.45	0.5	0.5	0.3846154	0.4074074	0.4714286	0.38	0.137931	0.48	0.4528302	0.3894737	0.2123894	0.2183908	0.4394904	0.5882353	0.287037	0.16	0.3157895	0.5625	0.5454545	0.4285714	0.6666667	0.3333333	0.5	0.4444444	0.125	0.3333333	0.0015	0.2	0.0	0.25	0.0	0.0752688	
Pouillot ibérique	0.0	0.0	0.0	0.0	0.0	0.0	0.0	0.0	0.0	0.0	0.0	0.0	0.0	0.0	0.0	0.0	0.0	0.0	0.0	0.0	0.0015	0.0	0.0	0.0	0.0	0.0	0.0	0.0	0.0	0.0	0.0	0.0	0.0	0.0	0.0	0.0	0.0	0.0	0.0	0.0	0.0	0.0	0.0	0.0	0.0	0.0	0.0	0.0	
pouillot sp.	0.0	0.0	0.0	0.0	0.0	0.0	0.0	0.0	0.0	0.0	0.0	0.0	0.0	0.010101	0.0	0.0125	0.0	0.0	0.0	0.0092593	0.0	0.0	0.0	0.0	0.0	0.0	0.0015	0.0517241	0.0063694	0.0084034	0.0462963	0.02	0.0	0.0	0.0	0.0	0.1666667	0.0	0.0	0.0	0.0	0.0	0.0	0.0	0.0	0.0	0.0	0.0	
Bouscarle de Cetti	0.0	0.0	0.0	0.0	0.0	0.0	0.0	0.1176471	0.0	0.0	0.1304348	0.0	0.0	0.010101	0.009009	0.05	0.0227273	0.03125	0.0576923	0.037037	0.0285714	0.02	0.0	0.0	0.0	0.0	0.0	0.0	0.0	0.0	0.0	0.02	0.0	0.0	0.0454545	0.0	0.0	0.0	0.125	0.0	0.0	0.0	0.0	0.0	0.0	0.0	0.0	0.0035842	
Orite à longue queue	0.196875	0.0714286	0.0	0.1666667	0.1538462	0.173913	0.2962963	0.5294118	0.1818182	0.5	0.173913	0.1894737	0.1152074	0.1515152	0.1531532	0.1875	0.2045455	0.140625	0.1346154	0.0555556	0.0571429	0.16	0.1034483	0.04	0.0566038	0.0421053	0.0707965	0.0862069	0.0828025	0.1092437	0.0833333	0.06	0.3157895	0.125	0.1363636	0.0714286	0.3333333	0.1666667	0.125	0.1666667	0.125	0.5555556	0.6666667	0.3333333	0.0	0.75	0.1666667	0.2150538	
Fauvette à tête noire	0.0	0.0	0.0	0.0	0.1538462	0.0	0.0015	0.0	0.1363636	0.0	0.0869565	0.4842105	0.6359447	0.5353535	0.5585586	0.625	0.6022727	0.609375	0.5384615	0.4907407	0.6285714	0.56	0.4827586	0.48	0.4716981	0.5473684	0.4070796	0.3045977	0.3630573	0.512605	0.2407407	0.2	0.3684211	0.3125	0.2272727	0.1428571	0.3333333	0.0	0.125	0.1111111	0.0	0.0	0.0	0.0	0.0	0.0	0.0	0.0143369	
Fauvette des jardins	0.0	0.0	0.0	0.0	0.0	0.0	0.0	0.0	0.0	0.0	0.0	0.0	0.0	0.0	0.0	0.0	0.0113636	0.0625	0.0192308	0.0462963	0.0285714	0.02	0.0015	0.08	0.0188679	0.0526316	0.0619469	0.0287356	0.0063694	0.0015	0.0	0.0	0.0	0.0	0.0015	0.0	0.1666667	0.0	0.0	0.0	0.0	0.0	0.0	0.0	0.0	0.0	0.0	0.0	
Fauvette babillarde	0.0	0.0	0.0	0.0	0.0	0.0	0.0	0.0	0.0	0.0	0.0	0.0	0.0	0.0	0.0	0.0	0.0	0.0	0.0	0.0	0.0	0.0015	0.0	0.0015	0.0188679	0.0	0.0	0.0	0.0	0.0	0.0	0.0	0.0	0.0	0.0	0.0	0.0	0.0	0.0	0.0	0.0	0.0	0.0	0.0	0.0	0.0	0.0	0.0	
Fauvette orphée	0.0	0.0	0.0	0.0	0.0	0.0	0.0	0.0	0.0	0.0	0.0	0.0	0.0	0.0	0.0	0.0	0.0	0.0	0.0	0.0	0.0	0.0	0.0344828	0.0	0.0	0.0	0.0	0.0	0.0	0.0	0.0	0.0	0.0	0.0	0.0	0.0	0.0	0.0	0.0	0.0	0.0	0.0	0.0	0.0	0.0	0.0	0.0	0.0	
Fauvette mélanocéphale	0.0	0.0	0.0	0.0	0.0	0.0	0.0	0.0	0.0	0.0	0.0	0.0	0.0	0.0	0.0	0.0015	0.0	0.0	0.0192308	0.0015	0.0	0.0	0.0	0.0	0.0	0.0	0.0	0.0	0.0	0.0	0.0	0.0	0.0	0.0	0.0	0.0	0.0	0.0	0.0	0.0	0.0	0.0	0.0	0.0	0.0	0.0	0.0	0.0	
Fauvette des Balkans	0.0	0.0	0.0	0.0	0.0	0.0	0.0	0.0	0.0	0.0	0.0	0.0	0.0	0.0	0.0	0.0	0.0015	0.0	0.0	0.0	0.0	0.0	0.0	0.0	0.0	0.0	0.0	0.0	0.0	0.0	0.0	0.0	0.0	0.0	0.0	0.0	0.0	0.0	0.0	0.0	0.0	0.0	0.0	0.0	0.0	0.0	0.0	0.0	
Fauvette grisette	0.0	0.0	0.0	0.0	0.0	0.0	0.0	0.0	0.0	0.0	0.0	0.0	0.0	0.020202	0.0720721	0.1375	0.1477273	0.125	0.0769231	0.1111111	0.1714286	0.14	0.2068966	0.16	0.0566038	0.0421053	0.0619469	0.0862069	0.0127389	0.0252101	0.0092593	0.04	0.0	0.0625	0.0015	0.0	0.0	0.0	0.0	0.0	0.0	0.0	0.0	0.0	0.0	0.0	0.0	0.0	
Sylvia ou Curruca sp.	0.0	0.0	0.0	0.0	0.0	0.0	0.0	0.0	0.0	0.0	0.0	0.0	0.0	0.0	0.0	0.0	0.0	0.0	0.0	0.0	0.0	0.0	0.0	0.0	0.0	0.0	0.0	0.0057471	0.0	0.0	0.0185185	0.0	0.0	0.0	0.0	0.0	0.0	0.0	0.0	0.0	0.0	0.0	0.0	0.0	0.0	0.0	0.0	0.0	
Roitelet huppé	0.0375	0.0714286	0.0714286	0.1111111	0.2307692	0.0434783	0.0925926	0.0588235	0.0454545	0.125	0.1304348	0.0315789	0.0322581	0.020202	0.036036	0.0125	0.0568182	0.0625	0.0384615	0.0555556	0.1	0.0015	0.0344828	0.16	0.0377358	0.0421053	0.079646	0.0402299	0.044586	0.0840336	0.0462963	0.04	0.1052632	0.0	0.1363636	0.1071429	0.3333333	0.0	0.0	0.0555556	0.125	0.3333333	0.0015	0.1333333	0.0	0.25	0.0	0.0681004	
Roitelet à triple bandeau	0.01875	0.0714286	0.0	0.1111111	0.2307692	0.0434783	0.0555556	0.0588235	0.1363636	0.0	0.0869565	0.1157895	0.0967742	0.0808081	0.1441441	0.1	0.1136364	0.109375	0.0384615	0.0462963	0.1	0.02	0.1724138	0.08	0.0754717	0.0105263	0.0176991	0.045977	0.0191083	0.1344538	0.0277778	0.04	0.1052632	0.125	0.1363636	0.0714286	0.1666667	0.0	0.0	0.1111111	0.0015	0.2222222	0.0	0.1333333	0.0	0.0	0.0	0.046595	
Roitelet huppé ou R. à triple bandeau	0.0125	0.0	0.0	0.0	0.0	0.0	0.0	0.0	0.0	0.0	0.0	0.0	0.0	0.0	0.0	0.0	0.0	0.0	0.0	0.0	0.0	0.0	0.0	0.0	0.0	0.0315789	0.0	0.0	0.0063694	0.0084034	0.0	0.0	0.0	0.0	0.0	0.0	0.0	0.0	0.0	0.0	0.0	0.0	0.0	0.0	0.0	0.0	0.0	0.0035842	
Tichodrome échelette	0.00625	0.0714286	0.0	0.0555556	0.0	0.0	0.0015	0.0	0.0909091	0.0	0.0	0.0	0.0	0.0	0.0	0.0	0.0	0.0	0.0	0.0	0.0	0.0	0.0	0.0	0.0	0.0	0.0	0.0	0.0	0.0	0.0	0.0	0.0	0.0	0.0	0.0	0.0	0.0	0.0	0.0	0.125	0.0	0.0	0.0	0.3333333	0.0	0.0	0.0035842	
Sittelle torchepot	0.075	0.0714286	0.0714286	0.0555556	0.0769231	0.173913	0.1481481	0.2941176	0.0909091	0.0	0.0869565	0.2315789	0.1382488	0.1212121	0.1801802	0.05	0.0340909	0.0625	0.1153846	0.0925926	0.0571429	0.06	0.0344828	0.08	0.0943396	0.0631579	0.1061947	0.1264368	0.1464968	0.210084	0.1111111	0.14	0.1052632	0.0625	0.2727273	0.0714286	0.1666667	0.0	0.125	0.1666667	0.0	0.3333333	0.6666667	0.1333333	0.0	0.5	0.5	0.1003584	
Grimpereau des bois	0.003125	0.0	0.0	0.0	0.0769231	0.0015	0.0015	0.1176471	0.0	0.0	0.0015	0.0315789	0.0046083	0.0	0.045045	0.0125	0.0	0.0	0.0192308	0.0092593	0.0285714	0.02	0.0	0.04	0.0015	0.0315789	0.0176991	0.0172414	0.0127389	0.0336134	0.037037	0.04	0.2105263	0.0625	0.0	0.0714286	0.1666667	0.0	0.0	0.0	0.25	0.2222222	0.0015	0.0666667	0.0	0.0	0.1666667	0.0107527	
Grimpereau des jardins	0.178125	0.0	0.0	0.1111111	0.0769231	0.0015	0.0925926	0.1764706	0.1363636	0.0	0.1304348	0.2210526	0.2073733	0.1212121	0.1171171	0.075	0.125	0.109375	0.1153846	0.0833333	0.0857143	0.08	0.0015	0.04	0.0566038	0.0315789	0.0530973	0.0862069	0.1273885	0.2436975	0.1111111	0.08	0.2105263	0.0625	0.2272727	0.1071429	0.5	0.0	0.125	0.1666667	0.125	0.5555556	0.0015	0.1333333	0.0	0.25	0.1666667	0.1612903	
Grimpereau des bois ou G. des jardins	0.0	0.0	0.1428571	0.0	0.0	0.0869565	0.0185185	0.0	0.0	0.0	0.0	0.0105263	0.0015	0.0015	0.009009	0.0	0.0	0.015625	0.0	0.0	0.0	0.02	0.0	0.04	0.0	0.0210526	0.0353982	0.0344828	0.0063694	0.0	0.037037	0.02	0.0	0.0	0.0	0.0	0.0	0.0	0.0	0.0	0.0	0.0	0.0	0.0	0.0	0.0	0.0	0.0015	
Troglodyte mignon	0.321875	0.2857143	0.0714286	0.1111111	0.3076923	0.1304348	0.2037037	0.2941176	0.2727273	0.0	0.173913	0.2631579	0.2165899	0.1616162	0.1891892	0.15	0.1818182	0.25	0.1730769	0.1574074	0.3	0.16	0.137931	0.16	0.1320755	0.1684211	0.1327434	0.1149425	0.1273885	0.2352941	0.0925926	0.08	0.1052632	0.0625	0.0015	0.1428571	0.1666667	0.0015	0.25	0.1111111	0.125	0.7777778	0.3333333	0.2	0.0	0.0	0.1666667	0.3799283	
Cincle plongeur	0.021875	0.0	0.0714286	0.0555556	0.0	0.0	0.0	0.0588235	0.0015	0.0	0.0	0.0	0.0046083	0.010101	0.0	0.0125	0.0015	0.0	0.0192308	0.0015	0.0	0.04	0.0344828	0.0	0.0566038	0.0	0.0176991	0.0057471	0.0127389	0.0084034	0.0092593	0.02	0.0	0.0625	0.0	0.0	0.0	0.0	0.0	0.0015	0.0	0.0	0.0	0.0666667	0.0015	0.0	0.1666667	0.0071685	
Étourneau sansonnet	0.18125	0.2142857	0.0714286	0.1111111	0.1538462	0.2608696	0.2407407	0.3529412	0.1818182	0.0	0.0869565	0.2736842	0.2165899	0.2121212	0.0900901	0.175	0.2045455	0.140625	0.3461538	0.3055556	0.1285714	0.2	0.1034483	0.16	0.0754717	0.0736842	0.0265487	0.0632184	0.1019108	0.0504202	0.1388889	0.16	0.1052632	0.0625	0.1818182	0.0714286	0.5	0.0015	0.25	0.2777778	0.625	0.3333333	0.6666667	0.3333333	0.0	0.5	0.1666667	0.1827957	
Grive draine	0.171875	0.0714286	0.0	0.1111111	0.3076923	0.173913	0.1481481	0.2352941	0.1363636	0.0	0.0869565	0.2421053	0.1336406	0.1919192	0.2072072	0.1625	0.0795455	0.15625	0.2307692	0.1666667	0.2142857	0.2	0.0	0.04	0.2264151	0.1684211	0.1946903	0.1896552	0.1401274	0.0756303	0.1851852	0.12	0.2105263	0.0	0.0909091	0.0714286	0.0	0.0	0.125	0.0555556	0.125	0.3333333	0.6666667	0.4	0.0	0.0	0.1666667	0.1433692	
Grive musicienne	0.06875	0.2142857	0.0	0.0555556	0.0769231	0.0434783	0.0555556	0.2352941	0.2272727	0.125	0.173913	0.2736842	0.2304147	0.1616162	0.1711712	0.1375	0.125	0.140625	0.0961538	0.1203704	0.2428571	0.08	0.137931	0.12	0.1132075	0.0736842	0.0619469	0.0747126	0.0636943	0.092437	0.037037	0.04	0.0	0.0	0.0454545	0.0	0.1666667	0.0	0.375	0.0555556	0.125	0.0	0.3333333	0.0	0.0	0.25	0.0	0.0537634	
Grive mauvis	0.028125	0.0	0.0	0.0555556	0.0769231	0.1304348	0.0925926	0.1764706	0.0	0.0	0.0434783	0.0315789	0.0046083	0.010101	0.0	0.0	0.0	0.0	0.0	0.0	0.0	0.0	0.0	0.0	0.0	0.0	0.0	0.0	0.0	0.0	0.0	0.0	0.0	0.0	0.0	0.0	0.0	0.0	0.0	0.0	0.0	0.2222222	0.0	0.0666667	0.0	0.0	0.0	0.0430108	
Merle noir	0.578125	0.5	0.4285714	0.3888889	0.3846154	0.6521739	0.6111111	0.5294118	0.4545455	0.5	0.6956522	0.6631579	0.6543779	0.5858586	0.6576577	0.75	0.6704545	0.796875	0.7884615	0.7592593	0.8	0.74	0.4137931	0.48	0.6603774	0.6105263	0.6283186	0.5747126	0.3694268	0.3529412	0.3240741	0.38	0.2631579	0.3125	0.3181818	0.2857143	0.8333333	0.3333333	0.5	0.5555556	0.375	0.7777778	0.6666667	0.5333333	0.3333333	0.5	0.5	0.609319	
Grive litorne	0.03125	0.0	0.0015	0.1111111	0.1538462	0.0015	0.0740741	0.0	0.0	0.0	0.0	0.0105263	0.0230415	0.0	0.009009	0.0	0.0113636	0.0	0.0	0.0	0.0142857	0.0015	0.0015	0.0	0.0188679	0.0015	0.0176991	0.0172414	0.0	0.0	0.0	0.0	0.0	0.0	0.0	0.0	0.0	0.0	0.0	0.0015	0.125	0.1111111	0.0	0.1333333	0.0	0.25	0.0	0.0286738	
Merle à plastron	0.0	0.0	0.0	0.0	0.0	0.0	0.0	0.0	0.0	0.0	0.0	0.0015	0.0092166	0.020202	0.0015	0.0125	0.0	0.0	0.0192308	0.0	0.0285714	0.0015	0.0	0.0	0.0188679	0.0	0.0	0.0	0.0	0.0	0.0	0.0	0.0	0.0625	0.0	0.0	0.0	0.0	0.0	0.0	0.0	0.0	0.0	0.0	0.0	0.0	0.0	0.0	
Turdus sp.	0.0	0.0	0.0	0.0	0.0	0.0	0.0	0.0	0.0	0.0	0.0	0.0	0.0	0.0	0.0	0.0	0.0	0.0	0.0	0.0	0.0	0.0	0.0	0.0	0.0	0.0	0.0265487	0.0287356	0.0	0.0084034	0.0092593	0.04	0.0	0.0	0.0	0.0	0.0	0.0	0.0	0.0	0.0	0.0	0.0	0.0	0.0	0.0	0.0	0.0035842	
Gobemouche gris	0.0	0.0	0.0	0.0	0.0	0.0	0.0	0.0	0.0	0.0	0.0	0.0	0.0	0.0	0.0	0.0125	0.0568182	0.046875	0.1153846	0.0555556	0.0285714	0.08	0.0	0.0	0.0566038	0.0421053	0.0530973	0.0632184	0.044586	0.0504202	0.0833333	0.02	0.0526316	0.0	0.0	0.0357143	0.0	0.0	0.0	0.0	0.0	0.0	0.0	0.0	0.0	0.0	0.0	0.0	
Rougegorge familier	0.390625	0.5714286	0.2857143	0.2222222	0.3076923	0.4347826	0.3148148	0.5294118	0.4545455	0.375	0.4782609	0.6421053	0.562212	0.4848485	0.4954955	0.25	0.2954545	0.4375	0.2884615	0.25	0.4	0.28	0.2758621	0.28	0.3584906	0.2947368	0.2477876	0.2413793	0.3566879	0.4957983	0.2777778	0.16	0.4736842	0.375	0.2727273	0.1428571	0.5	0.3333333	0.625	0.7222222	0.625	0.7777778	0.6666667	0.5333333	0.3333333	0.75	0.6666667	0.437276	
Rossignol philomèle	0.0	0.0	0.0	0.0	0.0	0.0	0.0	0.0	0.0	0.0	0.0	0.0	0.0	0.010101	0.045045	0.1625	0.1363636	0.046875	0.0769231	0.1111111	0.1	0.16	0.0344828	0.04	0.0188679	0.0	0.0	0.0057471	0.0254777	0.0252101	0.0277778	0.0	0.0	0.0	0.0	0.0	0.0	0.0	0.0	0.0	0.0	0.0	0.0	0.0	0.0	0.0	0.0	0.0	
Gorgebleue à miroir	0.0	0.0	0.0	0.0	0.0	0.0	0.0	0.0	0.0015	0.0	0.0	0.0315789	0.0	0.0	0.0	0.0	0.0	0.0	0.0	0.0	0.0	0.0	0.0	0.0	0.0	0.0	0.0	0.0	0.0	0.0	0.0	0.0	0.0	0.0	0.0	0.0	0.0	0.0	0.0	0.0	0.0	0.0	0.0	0.0	0.0	0.0	0.0	0.0	
Gobemouche noir	0.0	0.0	0.0	0.0	0.0	0.0	0.0	0.0	0.0	0.0	0.0	0.0	0.0	0.0	0.0	0.0	0.0015	0.0	0.0192308	0.0	0.0	0.0	0.0	0.0	0.0	0.0	0.0176991	0.0057471	0.0191083	0.0588235	0.287037	0.36	0.4736842	0.1875	0.0909091	0.0714286	0.5	0.0	0.0	0.0	0.0	0.0	0.0	0.0	0.0	0.0	0.0	0.0	
Rougequeue à front blanc	0.0	0.0	0.0	0.0	0.0	0.0	0.0	0.0	0.0	0.0	0.0	0.0	0.0276498	0.1111111	0.0720721	0.15	0.0795455	0.09375	0.1346154	0.1203704	0.1428571	0.12	0.0344828	0.04	0.0377358	0.1052632	0.0530973	0.091954	0.0191083	0.0420168	0.0925926	0.1	0.0	0.0625	0.0015	0.0	0.0	0.0	0.0	0.0	0.0	0.0	0.0	0.0	0.0	0.0	0.0	0.0	
Rougequeue noir	0.01875	0.0714286	0.0	0.0555556	0.0	0.0434783	0.0185185	0.0588235	0.0454545	0.0	0.3043478	0.2736842	0.2073733	0.2929293	0.2432432	0.3125	0.2840909	0.25	0.4230769	0.4166667	0.4	0.36	0.137931	0.36	0.4528302	0.3157895	0.3716814	0.2988506	0.1656051	0.1512605	0.2222222	0.22	0.2631579	0.375	0.4545455	0.2142857	0.1666667	0.0015	0.375	0.3888889	0.125	0.2222222	0.0015	0.1333333	0.3333333	0.0	0.0	0.0071685	
Rougequeue à front blanc ou R. noir	0.0	0.0	0.0	0.0	0.0	0.0	0.0	0.0	0.0	0.0	0.0	0.0	0.0	0.0	0.0	0.0	0.0	0.0	0.0	0.0	0.0	0.0	0.0	0.0	0.0	0.0	0.0	0.0057471	0.0	0.0	0.0	0.0	0.0	0.0	0.0	0.0	0.0	0.0	0.0	0.0	0.0	0.0	0.0	0.0	0.0	0.0	0.0	0.0	
rougequeue sp.	0.0	0.0	0.0	0.0	0.0	0.0	0.0	0.0	0.0	0.0	0.0	0.0	0.0	0.0	0.0	0.0	0.0	0.0	0.0	0.0092593	0.0	0.0	0.0	0.0	0.0566038	0.0947368	0.0442478	0.1781609	0.1019108	0.0252101	0.1759259	0.08	0.0	0.0	0.0	0.0	0.0	0.0	0.0	0.0	0.0	0.0	0.0	0.0	0.0	0.0	0.0	0.0	
Monticole de roche	0.0	0.0	0.0	0.0	0.0	0.0	0.0	0.0	0.0	0.0	0.0	0.0	0.0	0.0	0.0	0.0	0.0	0.0	0.0	0.0015	0.0	0.02	0.0	0.0015	0.0	0.0	0.0	0.0	0.0063694	0.0	0.0	0.02	0.0	0.0	0.0	0.0	0.0	0.0	0.0	0.0	0.0	0.0	0.0	0.0	0.0	0.0	0.0	0.0	
Tarier des prés	0.0	0.0	0.0	0.0	0.0	0.0	0.0	0.0	0.0	0.0	0.0	0.0	0.0	0.0	0.0	0.0125	0.0113636	0.0	0.0	0.0092593	0.0	0.02	0.0015	0.0	0.0015	0.0105263	0.0	0.0229885	0.0	0.0	0.0092593	0.06	0.0526316	0.0	0.0909091	0.0	0.0	0.0	0.0	0.0	0.0	0.0	0.0	0.0	0.0	0.0	0.0	0.0	
Tarier pâtre	0.009375	0.0015	0.0	0.0	0.0	0.0	0.0015	0.0	0.0454545	0.0015	0.1304348	0.0947368	0.2211982	0.1414141	0.1891892	0.1125	0.0909091	0.09375	0.2115385	0.1018519	0.1714286	0.1	0.137931	0.12	0.1509434	0.0526316	0.1150442	0.091954	0.0636943	0.0504202	0.1388889	0.08	0.1578947	0.0625	0.0454545	0.0714286	0.3333333	0.0	0.0	0.0015	0.0	0.0	0.0	0.0666667	0.0	0.0	0.0	0.0035842	
Traquet motteux	0.0	0.0	0.0	0.0	0.0	0.0	0.0	0.0	0.0	0.0	0.0	0.0	0.0092166	0.0	0.0	0.0015	0.0113636	0.0	0.0384615	0.0015	0.0142857	0.0015	0.0	0.04	0.0188679	0.0015	0.0088496	0.0229885	0.0127389	0.0084034	0.0277778	0.02	0.0526316	0.0015	0.0909091	0.0015	0.0	0.0	0.0	0.0015	0.0	0.0	0.0	0.0	0.0	0.0	0.0	0.0	
Traquet kurde	0.0	0.0	0.0	0.0	0.0	0.0	0.0	0.0	0.0	0.0	0.0	0.0	0.0	0.0	0.0	0.0	0.0	0.0	0.0015	0.0	0.0	0.0	0.0	0.0	0.0	0.0	0.0	0.0	0.0	0.0	0.0	0.0	0.0	0.0	0.0	0.0	0.0	0.0	0.0	0.0	0.0	0.0	0.0	0.0	0.0	0.0	0.0	0.0	
Accenteur alpin	0.0	0.0015	0.0	0.0	0.0	0.0	0.0	0.0	0.0015	0.0	0.0	0.0	0.0092166	0.0	0.0015	0.0	0.0	0.0	0.0	0.0	0.0	0.0	0.0	0.0	0.0	0.0	0.0	0.0	0.0	0.0	0.0	0.0	0.0	0.0	0.0	0.0	0.0	0.0	0.0	0.0	0.0	0.0	0.0	0.0	0.0	0.0	0.0	0.0071685	
Accenteur mouchet	0.18125	0.1428571	0.0	0.0555556	0.0769231	0.1304348	0.1296296	0.1764706	0.0454545	0.0	0.0434783	0.0631579	0.0875576	0.1212121	0.1081081	0.1125	0.0340909	0.03125	0.0384615	0.0185185	0.0	0.0	0.0344828	0.04	0.0566038	0.0	0.0	0.0229885	0.0	0.0252101	0.0277778	0.0015	0.0	0.0	0.0	0.0	0.0	0.0015	0.125	0.2222222	0.125	0.3333333	0.0	0.2	0.0	0.0	0.1666667	0.1505376	
Moineau domestique	0.15	0.2142857	0.0714286	0.1111111	0.1538462	0.3913043	0.3148148	0.4117647	0.1818182	0.25	0.173913	0.2736842	0.2672811	0.3030303	0.3963964	0.4625	0.4431818	0.40625	0.5576923	0.5925926	0.5	0.56	0.2758621	0.36	0.7169811	0.5789474	0.6371681	0.5632184	0.2993631	0.2857143	0.3888889	0.42	0.1578947	0.5	0.2727273	0.0714286	0.5	0.1666667	0.125	0.3333333	0.5	0.1111111	0.3333333	0.3333333	0.0	0.5	0.3333333	0.2401434	
Moineau domestique ou M. cisalpin	0.0	0.0	0.0	0.0	0.0	0.0	0.0	0.0	0.0	0.0	0.0	0.0	0.0	0.0	0.0	0.0	0.0	0.0	0.0	0.0	0.0	0.0	0.0	0.0	0.0	0.0	0.0	0.0	0.0063694	0.0	0.0	0.0	0.0	0.0	0.0	0.0	0.0	0.0	0.0	0.0	0.0	0.0	0.0	0.0	0.0	0.0	0.0	0.0	
Moineau friquet	0.00625	0.0	0.0	0.0015	0.0	0.0015	0.037037	0.0	0.0	0.0	0.0434783	0.0105263	0.0230415	0.0	0.027027	0.0625	0.0340909	0.03125	0.0	0.0092593	0.0	0.0	0.0344828	0.04	0.0188679	0.0	0.0	0.0	0.0	0.0	0.0	0.0	0.0	0.0	0.0	0.0	0.0	0.0	0.0	0.0	0.0015	0.0	0.0	0.0	0.0	0.0	0.0	0.0035842	
Moineau soulcie	0.0	0.0	0.0015	0.0	0.0	0.0	0.0185185	0.0	0.0	0.0	0.0	0.0	0.0	0.0015	0.0015	0.0	0.0113636	0.015625	0.0015	0.0092593	0.0	0.02	0.0689655	0.04	0.0188679	0.0	0.0	0.0057471	0.0	0.0084034	0.0092593	0.0	0.0	0.0	0.0	0.0	0.0	0.0	0.0015	0.0	0.0	0.0	0.0	0.0666667	0.0	0.0	0.0	0.0	
Niverolle alpine	0.0	0.0	0.0	0.0	0.0	0.0	0.0	0.0588235	0.0	0.0	0.0	0.0	0.0	0.0	0.0	0.0	0.0	0.0	0.0	0.0	0.0	0.0	0.0	0.0	0.0	0.0	0.0	0.0	0.0	0.0	0.0	0.0	0.0	0.0	0.0	0.0	0.0	0.0	0.0	0.0	0.0015	0.0	0.0015	0.0	0.0	0.0	0.0	0.0	
Bergeronnette des ruisseaux	0.084375	0.0714286	0.0	0.0	0.0	0.0434783	0.0555556	0.0	0.0909091	0.0	0.0434783	0.0842105	0.0414747	0.020202	0.0015	0.0375	0.0227273	0.015625	0.0192308	0.0740741	0.0571429	0.04	0.1034483	0.04	0.0754717	0.0842105	0.0619469	0.0689655	0.0700637	0.0756303	0.0925926	0.08	0.0526316	0.25	0.0015	0.1071429	0.1666667	0.0	0.0	0.1111111	0.125	0.2222222	0.0	0.0	0.0	0.0	0.0	0.0681004	
Bergeronnette printanière	0.0	0.0	0.0	0.0	0.0	0.0	0.0	0.0	0.0	0.0	0.0	0.0526316	0.0506912	0.030303	0.0900901	0.125	0.0227273	0.0625	0.0576923	0.0648148	0.0428571	0.02	0.1034483	0.04	0.0	0.0	0.0	0.0	0.0127389	0.0084034	0.0185185	0.0	0.0	0.0625	0.0454545	0.0	0.0015	0.0	0.0	0.0	0.0	0.0	0.0	0.0	0.0	0.0	0.0	0.0	
Bergeronnette grise	0.015625	0.0	0.0	0.0	0.0	0.0015	0.0925926	0.1176471	0.0909091	0.125	0.1304348	0.1894737	0.1889401	0.1818182	0.2072072	0.325	0.2613636	0.296875	0.4230769	0.287037	0.3142857	0.18	0.1724138	0.16	0.2264151	0.3368421	0.3185841	0.3275862	0.1464968	0.1176471	0.1481481	0.18	0.1578947	0.4375	0.1363636	0.1428571	0.3333333	0.0015	0.375	0.1666667	0.25	0.2222222	0.0	0.1333333	0.0	0.0	0.0	0.0250896	
bergeronette sp.	0.0	0.0	0.0	0.0	0.0	0.0	0.0	0.0	0.0	0.0	0.0	0.0	0.0	0.0	0.0	0.0	0.0	0.0	0.0	0.0	0.0	0.0	0.0	0.0	0.0188679	0.0	0.0176991	0.0114943	0.0063694	0.0	0.0	0.0	0.0	0.0	0.0	0.0	0.0	0.0	0.0	0.0	0.0	0.0	0.0	0.0	0.0	0.0	0.0	0.0	
Pipit farlouse	0.03125	0.0	0.0	0.0015	0.0	0.0	0.0185185	0.0588235	0.0	0.0	0.0015	0.0105263	0.1336406	0.040404	0.0630631	0.0015	0.0113636	0.0015	0.0192308	0.037037	0.0142857	0.02	0.0015	0.12	0.0377358	0.0315789	0.0353982	0.0287356	0.0063694	0.0336134	0.0462963	0.02	0.0	0.0625	0.1363636	0.1071429	0.3333333	0.0	0.25	0.1111111	0.25	0.1111111	0.0	0.0666667	0.0	0.0	0.0	0.0537634	
Pipit des arbres	0.0	0.0	0.0	0.0	0.0	0.0	0.0	0.0	0.0	0.0	0.0	0.0105263	0.0414747	0.0606061	0.1531532	0.125	0.0909091	0.15625	0.1346154	0.1111111	0.1857143	0.22	0.1034483	0.12	0.1132075	0.0526316	0.0088496	0.0402299	0.0509554	0.0336134	0.0555556	0.0015	0.1578947	0.0015	0.0454545	0.0357143	0.0	0.0	0.0	0.0	0.0	0.0	0.0	0.0	0.0	0.0	0.0	0.0	
Pipit spioncelle	0.0	0.0015	0.0	0.0	0.0	0.0	0.0015	0.0	0.0	0.0015	0.0434783	0.0	0.0138249	0.0	0.0	0.0125	0.0	0.0015	0.0384615	0.0462963	0.0571429	0.04	0.0344828	0.0015	0.0377358	0.0210526	0.0088496	0.0057471	0.0063694	0.0336134	0.037037	0.04	0.0526316	0.0625	0.0454545	0.0357143	0.0	0.0	0.0015	0.0	0.0	0.0	0.0	0.0	0.0	0.0	0.0	0.0035842	
Pipit farlouse ou P. spioncelle	0.0	0.0	0.0	0.0	0.0	0.0	0.0	0.0	0.0	0.0	0.0	0.0	0.0	0.0	0.0	0.0	0.0	0.0	0.0	0.0	0.0	0.0	0.0	0.0	0.0	0.0	0.0	0.0	0.0	0.0	0.0	0.0	0.0	0.0	0.0454545	0.0	0.0	0.0	0.0	0.0	0.0	0.0	0.0	0.0	0.0	0.0	0.0	0.0	
Anthus sp.	0.0	0.0	0.0	0.0	0.0	0.0	0.0	0.0	0.0	0.0	0.0	0.0	0.0	0.0	0.018018	0.0125	0.0	0.0	0.0	0.0	0.0	0.0	0.0	0.0	0.0	0.0	0.0	0.0057471	0.0	0.0	0.0092593	0.02	0.0	0.0	0.0	0.0	0.0	0.0	0.0	0.0	0.0	0.0	0.0	0.0	0.0	0.0	0.0	0.0	
Pinson des arbres	0.528125	0.4285714	0.2142857	0.3333333	0.3846154	0.6956522	0.4259259	0.4705882	0.5	0.125	0.5217391	0.6	0.6221198	0.5757576	0.5945946	0.55	0.4772727	0.484375	0.5576923	0.5185185	0.5428571	0.56	0.3448276	0.4	0.5660377	0.4526316	0.3539823	0.3793103	0.3375796	0.3865546	0.3055556	0.34	0.5263158	0.375	0.2272727	0.4642857	0.3333333	0.3333333	0.5	0.7222222	0.5	0.7777778	0.6666667	0.4666667	0.3333333	0.25	0.6666667	0.6129032	
Pinson du Nord	0.021875	0.0714286	0.0	0.1666667	0.1538462	0.2608696	0.0925926	0.0588235	0.0	0.0015	0.0434783	0.0015	0.0184332	0.0	0.0	0.0	0.0	0.0	0.0	0.0	0.0	0.0	0.0	0.0	0.0	0.0	0.0	0.0	0.0	0.0	0.0	0.0	0.0	0.0	0.0	0.0	0.0	0.0	0.125	0.0	0.0	0.2222222	0.3333333	0.0666667	0.0	0.0	0.5	0.0573477	
Pinson des arbres ou P. du Nord	0.0	0.0	0.0714286	0.0	0.0	0.0	0.0	0.0	0.0	0.0	0.0	0.0	0.0	0.0	0.0	0.0	0.0	0.0	0.0	0.0	0.0	0.0	0.0	0.0	0.0	0.0	0.0	0.0	0.0	0.0	0.0	0.0	0.0	0.0	0.0	0.0	0.0	0.0	0.0	0.0	0.0	0.0	0.0	0.0	0.0	0.0	0.0	0.0	
Grosbec casse-noyaux	0.04375	0.1428571	0.0	0.1111111	0.0	0.0434783	0.0555556	0.1176471	0.0454545	0.0	0.0434783	0.0842105	0.0138249	0.020202	0.009009	0.0	0.0113636	0.015625	0.0384615	0.0277778	0.0285714	0.0	0.0	0.0	0.0377358	0.0	0.0176991	0.0402299	0.0191083	0.0168067	0.0185185	0.0	0.0015	0.0	0.0	0.0	0.0	0.0	0.125	0.1111111	0.0	0.3333333	0.0	0.1333333	0.0	0.0	0.3333333	0.0430108	
Roselin cramoisi	0.0	0.0	0.0	0.0	0.0	0.0	0.0	0.0	0.0	0.0	0.0	0.0	0.0	0.0	0.0	0.0	0.0	0.0	0.0	0.0015	0.0015	0.0	0.0	0.0	0.0	0.0	0.0	0.0	0.0	0.0	0.0	0.0	0.0	0.0	0.0	0.0	0.0	0.0	0.0	0.0	0.0	0.0	0.0	0.0	0.0	0.0	0.0	0.0	
Bouvreuil pivoine	0.03125	0.1428571	0.0	0.1111111	0.1538462	0.0869565	0.0015	0.1176471	0.0454545	0.0	0.0434783	0.0736842	0.0138249	0.0	0.036036	0.075	0.0909091	0.078125	0.1153846	0.0462963	0.0285714	0.02	0.0344828	0.04	0.0566038	0.0947368	0.0530973	0.045977	0.1146497	0.1092437	0.0740741	0.0015	0.1052632	0.0	0.0	0.0357143	0.0	0.0	0.0	0.0	0.0	0.2222222	0.3333333	0.2	0.0	0.5	0.3333333	0.0609319	
Verdier d'Europe	0.10625	0.1428571	0.0015	0.1111111	0.0769231	0.0434783	0.1666667	0.1176471	0.1363636	0.25	0.173913	0.1157895	0.156682	0.1616162	0.1351351	0.2875	0.2045455	0.109375	0.1923077	0.1388889	0.1	0.2	0.1034483	0.2	0.1320755	0.1157895	0.1238938	0.0689655	0.0700637	0.1260504	0.1296296	0.08	0.1052632	0.0	0.0909091	0.0357143	0.0	0.0	0.375	0.0015	0.0	0.1111111	0.0	0.2	0.3333333	0.0	0.5	0.1111111	
Linotte mélodieuse	0.03125	0.0714286	0.0015	0.0	0.0769231	0.0	0.0	0.1176471	0.0015	0.0	0.0	0.0210526	0.1797235	0.0505051	0.0900901	0.1375	0.0568182	0.03125	0.0384615	0.1111111	0.1142857	0.12	0.0689655	0.24	0.0943396	0.0526316	0.0353982	0.091954	0.0955414	0.092437	0.0833333	0.12	0.1578947	0.1875	0.2272727	0.1785714	0.1666667	0.0015	0.25	0.1111111	0.25	0.2222222	0.3333333	0.0666667	0.0	0.0	0.0	0.0358423	
Sizerin flammé	0.0015	0.0	0.0	0.0015	0.0	0.0	0.0	0.0	0.0	0.0	0.0	0.0	0.0	0.0	0.0	0.0	0.0	0.0	0.0	0.0	0.0	0.0	0.0	0.0	0.0	0.0	0.0	0.0	0.0	0.0	0.0092593	0.0	0.0	0.0	0.0	0.0	0.0	0.0	0.0	0.0	0.0	0.0	0.0	0.0	0.0	0.0	0.0	0.0035842	
Bec-croisé des sapins	0.021875	0.0	0.0	0.0	0.2307692	0.0434783	0.0740741	0.0	0.0015	0.0	0.0015	0.0015	0.0	0.0	0.018018	0.0	0.0	0.015625	0.0384615	0.0015	0.0142857	0.0	0.0	0.0	0.0566038	0.0	0.0176991	0.045977	0.0191083	0.1008403	0.0185185	0.02	0.0	0.0	0.0015	0.0	0.0	0.0015	0.0	0.0	0.0015	0.1111111	0.0	0.2	0.0	0.0	0.0	0.0286738	
Chardonneret élégant	0.115625	0.4285714	0.0714286	0.1666667	0.3076923	0.3478261	0.2037037	0.2941176	0.1363636	0.125	0.3478261	0.2526316	0.2304147	0.2828283	0.4234234	0.4	0.3863636	0.328125	0.4423077	0.3611111	0.3714286	0.46	0.2068966	0.28	0.3773585	0.4421053	0.4336283	0.4367816	0.3184713	0.2773109	0.3333333	0.26	0.1578947	0.125	0.1818182	0.25	0.8333333	0.0	0.25	0.1666667	0.125	0.3333333	0.0	0.0666667	0.0	0.0	0.3333333	0.172043	
Venturon montagnard	0.0	0.0	0.0	0.0	0.0769231	0.0	0.0	0.0	0.0015	0.0	0.0	0.0	0.0	0.0	0.0	0.0	0.0	0.0	0.0	0.0	0.0	0.0	0.0	0.0	0.0188679	0.0	0.0	0.0	0.0127389	0.0084034	0.0	0.02	0.0526316	0.0	0.0454545	0.0015	0.0	0.0	0.0	0.0	0.0	0.0	0.0	0.0	0.0	0.0	0.0	0.0	
Serin cini	0.0015	0.0714286	0.0	0.0	0.0	0.0434783	0.037037	0.0	0.0	0.0	0.0434783	0.0631579	0.0921659	0.0606061	0.045045	0.125	0.1136364	0.078125	0.25	0.212963	0.0714286	0.16	0.0015	0.2	0.245283	0.1473684	0.1681416	0.1436782	0.0573248	0.0588235	0.0740741	0.1	0.0526316	0.0625	0.0015	0.0357143	0.1666667	0.0	0.125	0.0	0.0	0.0	0.0	0.0666667	0.0	0.0	0.0	0.0015	
Tarin des aulnes	0.121875	0.0714286	0.1428571	0.1666667	0.1538462	0.2173913	0.1296296	0.0588235	0.0909091	0.0	0.0869565	0.0315789	0.0184332	0.0606061	0.0720721	0.0	0.0113636	0.015625	0.0192308	0.0	0.0	0.0	0.0	0.0	0.0188679	0.0015	0.0	0.0	0.0015	0.0	0.0015	0.0015	0.0526316	0.0	0.0	0.0	0.0	0.0	0.375	0.1666667	0.25	0.2222222	0.0	0.1333333	0.0	0.0	0.1666667	0.1612903	
Bruant des neiges	0.0	0.0	0.0	0.0	0.0	0.0	0.0	0.0	0.0	0.0	0.0	0.0	0.0	0.0	0.0	0.0	0.0	0.0	0.0	0.0	0.0	0.0	0.0	0.0	0.0	0.0	0.0	0.0	0.0	0.0	0.0	0.0	0.0	0.0	0.0	0.0	0.0	0.0	0.0	0.0	0.0	0.0	0.0	0.0015	0.0015	0.0	0.0	0.0	
Bruant proyer	0.003125	0.0	0.0	0.0	0.0	0.0	0.0	0.0	0.0	0.0	0.0	0.0	0.0552995	0.040404	0.009009	0.0125	0.0	0.046875	0.0192308	0.0185185	0.1	0.0	0.0344828	0.04	0.0015	0.0	0.0	0.0	0.0	0.0	0.0	0.0	0.0	0.0	0.0	0.0357143	0.0	0.0	0.125	0.0	0.0	0.0	0.0	0.0666667	0.0	0.0	0.0	0.0035842	
Bruant fou	0.0	0.0	0.0	0.0	0.0	0.0	0.0	0.0588235	0.0	0.0	0.0	0.0	0.0046083	0.0	0.0	0.0	0.0	0.0	0.0	0.0092593	0.0142857	0.0015	0.0	0.0	0.0188679	0.0	0.0088496	0.0114943	0.0	0.0	0.0015	0.0	0.0	0.0	0.0	0.0	0.0	0.0	0.0015	0.0555556	0.0015	0.0	0.0	0.0	0.0	0.0	0.0	0.0	
Bruant zizi	0.015625	0.0015	0.0	0.0	0.0	0.0	0.0555556	0.1176471	0.0	0.0015	0.0434783	0.0421053	0.0921659	0.0606061	0.018018	0.05	0.0227273	0.015625	0.0192308	0.0277778	0.0571429	0.1	0.0015	0.04	0.0377358	0.0105263	0.0265487	0.0172414	0.0254777	0.0084034	0.0	0.02	0.0	0.0	0.0	0.0	0.0	0.0015	0.125	0.1111111	0.0	0.0	0.0	0.0666667	0.0	0.0	0.0	0.0143369	
Bruant jaune	0.015625	0.0	0.0015	0.0	0.0	0.0	0.037037	0.1176471	0.0015	0.0	0.0434783	0.0421053	0.1013825	0.1616162	0.1801802	0.1125	0.1022727	0.203125	0.1346154	0.2222222	0.1142857	0.06	0.0344828	0.12	0.2264151	0.2	0.1769912	0.1896552	0.0636943	0.0672269	0.0925926	0.08	0.0526316	0.0	0.0454545	0.0	0.1666667	0.0	0.0	0.0015	0.0	0.0	0.0	0.0666667	0.0	0.0	0.0	0.0358423	
Bruant ortolan	0.0	0.0	0.0	0.0	0.0	0.0	0.0	0.0	0.0	0.0	0.0	0.0	0.0	0.0	0.0	0.0015	0.0	0.0	0.0	0.0092593	0.0015	0.0	0.0344828	0.0	0.0188679	0.0	0.0	0.0	0.0	0.0	0.0	0.0	0.0	0.0	0.0	0.0	0.0	0.0	0.0	0.0	0.0	0.0	0.0	0.0	0.0	0.0	0.0	0.0	
Bruant des roseaux	0.028125	0.0	0.0	0.0	0.0	0.0434783	0.0740741	0.1764706	0.0909091	0.125	0.173913	0.0210526	0.0092166	0.0	0.0	0.0	0.0	0.0	0.0	0.0	0.0	0.0	0.0015	0.0	0.0	0.0	0.0	0.0	0.0	0.0	0.0	0.0	0.0	0.0	0.0	0.0	0.0	0.0	0.125	0.0555556	0.125	0.2222222	0.0	0.0666667	0.0	0.0	0.0	0.0179211	
Emberiza sp.	0.0	0.0	0.0	0.0	0.0	0.0	0.0	0.0	0.0	0.0	0.0	0.0	0.0	0.0	0.0	0.0	0.0	0.0	0.0	0.0	0.0	0.0	0.0	0.0	0.0	0.0	0.0	0.0057471	0.0	0.0	0.0	0.0	0.0	0.0	0.0	0.0	0.0	0.0	0.0	0.0	0.0	0.0	0.0	0.0	0.0	0.0	0.0	0.0035842	
passereau sp.	0.0	0.0	0.0	0.0	0.0	0.0	0.0	0.0	0.0	0.0	0.0	0.0105263	0.0	0.0	0.0	0.0	0.0	0.0	0.0	0.0	0.0	0.0	0.0	0.0	0.0	0.0	0.0	0.0517241	0.0063694	0.0084034	0.0	0.0	0.0	0.0	0.0	0.0	0.0	0.0	0.0	0.0	0.125	0.0	0.0	0.0666667	0.0	0.0	0.0	0.0	

