









Frequency of observations in the selected location(s).:
Number of taxa: 	241

	Jan				Feb				Mar				Apr				May				Jun				Jul				Aug				Sep				Oct				Nov				Dec				
Sample Size:	71.0	75.0	57.0	80.0	58.0	59.0	56.0	75.0	52.0	69.0	66.0	112.0	91.0	82.0	92.0	104.0	92.0	87.0	83.0	114.0	83.0	101.0	72.0	104.0	96.0	92.0	80.0	89.0	69.0	56.0	58.0	68.0	61.0	66.0	54.0	75.0	40.0	52.0	31.0	63.0	47.0	50.0	43.0	69.0	74.0	68.0	46.0	116.0	

Oie à tête barrée	0.0	0.0	0.0	0.0	0.0	0.0	0.0	0.0	0.0	0.0	0.0	0.0	0.0	0.0	0.0	0.0	0.0	0.0	0.0120482	0.0	0.0	0.0	0.0	0.0	0.0	0.0	0.0	0.0	0.0	0.0	0.0	0.0	0.0	0.0	0.0	0.0	0.0	0.0	0.0	0.0	0.0	0.0	0.0	0.0	0.0	0.0	0.0	0.0	
Oie cendrée	0.0	0.04	0.0	0.0	0.0	0.0	0.0178571	0.0	0.0	0.0	0.0	0.0015	0.0	0.0	0.0	0.0	0.0	0.0	0.0015	0.0175439	0.0120482	0.0	0.0	0.0	0.0	0.0217391	0.0	0.0	0.0	0.0178571	0.0	0.0	0.0491803	0.0151515	0.0	0.0	0.025	0.0192308	0.0	0.0	0.0212766	0.02	0.0232558	0.0144928	0.0	0.0	0.0	0.0	
Oie cygnoïde	0.0	0.0	0.0	0.0	0.0	0.0	0.0	0.0	0.0	0.0	0.0151515	0.0015	0.0	0.0	0.0	0.0	0.0	0.0	0.0	0.0	0.0	0.0	0.0	0.0	0.0	0.0108696	0.0	0.0	0.0	0.0178571	0.0	0.0	0.0	0.0	0.0	0.0	0.0	0.0	0.0	0.0	0.0	0.0	0.0	0.0	0.0	0.0	0.0	0.0	
Anser sp. (forme domestique)	0.0	0.0	0.0	0.0	0.0	0.0	0.0	0.0	0.0	0.0	0.0	0.0	0.0	0.0	0.0	0.0	0.0	0.0	0.0	0.0	0.0	0.0	0.0	0.0	0.0	0.0	0.0125	0.0	0.0	0.0	0.0	0.0	0.0	0.0	0.0	0.0	0.0	0.0	0.0	0.0	0.0	0.0	0.0	0.0	0.0	0.0	0.0	0.0	
Bernache nonnette	0.0	0.0	0.0	0.0	0.0	0.0	0.0	0.0	0.0	0.0	0.0	0.0	0.0	0.0	0.0	0.0	0.0	0.0	0.0120482	0.0	0.0	0.0	0.0	0.0	0.0	0.0	0.0	0.0	0.0	0.0	0.0	0.0	0.0	0.0	0.0	0.0	0.0	0.0	0.0	0.0	0.0	0.0	0.0	0.0	0.0	0.0	0.0	0.0	
Bernache du Canada	0.0422535	0.04	0.0175439	0.025	0.0344828	0.0169492	0.0535714	0.04	0.0192308	0.0289855	0.0606061	0.0446429	0.1428571	0.0609756	0.0217391	0.0576923	0.0108696	0.0229885	0.0722892	0.0789474	0.0120482	0.009901	0.0277778	0.0015	0.0520833	0.0434783	0.0375	0.0337079	0.0289855	0.0714286	0.0689655	0.0588235	0.0327869	0.030303	0.0185185	0.0533333	0.025	0.0769231	0.0322581	0.047619	0.0638298	0.04	0.0465116	0.0434783	0.0540541	0.0735294	0.0652174	0.0775862	
Hybride Oie cendrée x Bernache du Canada	0.0	0.0	0.0	0.0	0.0	0.0	0.0	0.0	0.0	0.0	0.0	0.0	0.0	0.0	0.0	0.0	0.0	0.0	0.0	0.0	0.0	0.0	0.0	0.0	0.0	0.0	0.0	0.0	0.0	0.0015	0.0	0.0	0.0	0.0	0.0	0.0	0.0	0.0	0.0	0.0	0.0	0.0	0.0	0.0	0.0	0.0	0.0217391	0.0	
Cygne tuberculé	0.084507	0.0266667	0.0015	0.05	0.0689655	0.0677966	0.0357143	0.04	0.0769231	0.0434783	0.1060606	0.0535714	0.0769231	0.1097561	0.0978261	0.1153846	0.1521739	0.1149425	0.1686747	0.1403509	0.060241	0.0792079	0.0972222	0.0480769	0.1145833	0.0978261	0.075	0.0898876	0.0869565	0.1428571	0.0862069	0.0735294	0.147541	0.0757576	0.037037	0.12	0.025	0.0769231	0.0322581	0.0793651	0.106383	0.02	0.0697674	0.1304348	0.1891892	0.2058824	0.0869565	0.137931	
Cygne noir	0.0	0.0	0.0	0.0	0.0	0.0	0.0	0.0	0.0015	0.0	0.0	0.0	0.010989	0.0121951	0.0	0.0096154	0.0108696	0.0	0.0	0.0	0.0	0.0	0.0	0.0	0.0	0.0	0.0	0.0	0.0	0.0	0.0	0.0	0.0	0.0	0.0	0.0	0.0	0.0	0.0	0.0	0.0	0.0	0.0	0.0	0.0	0.0	0.0	0.0	
Ouette d'Égypte	0.0	0.0	0.0	0.0	0.0	0.0	0.0	0.0	0.0	0.0	0.0151515	0.0	0.0	0.0	0.0108696	0.0	0.0108696	0.0	0.0120482	0.0	0.0120482	0.0	0.0	0.0	0.0	0.0	0.0	0.0015	0.0	0.0178571	0.0	0.0	0.0	0.0	0.0	0.0	0.0	0.0	0.0	0.0	0.0	0.0	0.0	0.0	0.0	0.0	0.0	0.0	
Tadorne casarca	0.0	0.0	0.0	0.0	0.0	0.0	0.0	0.0	0.0	0.0	0.0	0.0	0.0	0.0	0.0	0.0	0.0	0.0	0.0	0.0	0.0	0.0	0.0	0.0	0.0	0.0	0.0	0.0	0.0	0.0178571	0.0	0.0	0.0	0.0	0.0	0.0	0.0	0.0	0.0	0.0	0.0	0.0	0.0	0.0	0.0	0.0	0.0	0.0	
Tadorne de Belon	0.0015	0.0	0.0	0.0	0.0	0.0	0.0	0.0	0.0	0.0	0.0	0.0	0.0	0.0015	0.0015	0.0192308	0.0	0.0344828	0.0120482	0.0	0.0	0.0	0.0	0.0015	0.0	0.0	0.0125	0.011236	0.0144928	0.0	0.0	0.0	0.0163934	0.0	0.0185185	0.0	0.0	0.0	0.0	0.0	0.0	0.0	0.0	0.0015	0.0	0.0147059	0.0	0.0	
Canard musqué	0.0	0.0	0.0	0.0	0.0	0.0	0.0	0.0	0.0	0.0	0.0	0.0015	0.0015	0.0	0.0	0.0	0.0	0.0	0.0	0.0015	0.0	0.0	0.0	0.0	0.0	0.0	0.0	0.0	0.0	0.0	0.0	0.0	0.0	0.0	0.0	0.0133333	0.0	0.0	0.0	0.0	0.0	0.0	0.0	0.0	0.0	0.0	0.0	0.0	
Canard mandarin	0.0	0.0	0.0	0.0	0.0	0.0	0.0	0.0	0.0	0.0	0.0	0.0	0.0	0.0	0.0	0.0	0.0	0.0	0.0	0.0	0.0	0.0	0.0	0.0	0.0	0.0	0.0	0.0	0.0	0.0	0.0	0.0015	0.0	0.0	0.0	0.0	0.0	0.0	0.0	0.0	0.0	0.0	0.0	0.0	0.0	0.0294118	0.0	0.0	
Sarcelle d'été	0.0	0.0	0.0	0.0	0.0	0.0	0.0	0.0	0.0192308	0.0	0.0	0.0089286	0.0	0.0	0.0	0.0015	0.0	0.0	0.0	0.0	0.0	0.0	0.0	0.0	0.0	0.0	0.0	0.0	0.0	0.0	0.0	0.0	0.0163934	0.0	0.0	0.0	0.0	0.0	0.0	0.0	0.0	0.0	0.0	0.0	0.0	0.0	0.0	0.0	
Canard souchet	0.0	0.0133333	0.0	0.0	0.0	0.0	0.0	0.0	0.0192308	0.0	0.0	0.0178571	0.010989	0.0	0.0	0.0096154	0.0	0.0114943	0.0	0.0	0.0	0.0	0.0	0.0	0.0	0.0	0.0	0.011236	0.0289855	0.0	0.0	0.0	0.0163934	0.0151515	0.0	0.0133333	0.0	0.0	0.0322581	0.0	0.0425532	0.0	0.0232558	0.0144928	0.0135135	0.0441176	0.0	0.0	
Canard chipeau	0.0140845	0.0133333	0.0	0.0125	0.0	0.0	0.0	0.0133333	0.0192308	0.0	0.0	0.0089286	0.010989	0.0	0.0	0.0192308	0.0	0.0	0.0	0.0	0.0	0.0	0.0	0.0	0.0	0.0	0.0	0.0	0.0	0.0	0.0	0.0	0.0	0.0	0.0	0.0	0.0	0.0	0.0322581	0.015873	0.0212766	0.0	0.0	0.0289855	0.0135135	0.0735294	0.0217391	0.0172414	
Canard siffleur	0.0140845	0.0133333	0.0	0.0	0.0	0.0	0.0	0.0	0.0	0.0	0.030303	0.0	0.0	0.0	0.0	0.0	0.0	0.0	0.0	0.0	0.0	0.0	0.0	0.0	0.0	0.0	0.0	0.0	0.0	0.0	0.0	0.0	0.0	0.0	0.0	0.0	0.0	0.0	0.0322581	0.0	0.0	0.0	0.0	0.0	0.027027	0.0	0.0	0.0	
Canard de Chine	0.0	0.0	0.0	0.0	0.0	0.0	0.0	0.0	0.0	0.0	0.0	0.0	0.0	0.0	0.0	0.0	0.0	0.0	0.0	0.0	0.0	0.0	0.0	0.0	0.0	0.0	0.0	0.0	0.0	0.0	0.0	0.0	0.0	0.0	0.0	0.0	0.0	0.0	0.0	0.0	0.0	0.0	0.0	0.0	0.0015	0.0	0.0	0.0	
Canard colvert	0.1971831	0.2133333	0.0701754	0.1625	0.2413793	0.1864407	0.1607143	0.2	0.25	0.173913	0.2575758	0.2589286	0.3296703	0.2682927	0.2608696	0.3269231	0.2717391	0.3333333	0.3855422	0.3421053	0.2168675	0.2178218	0.1805556	0.1346154	0.1458333	0.173913	0.125	0.1460674	0.1304348	0.2321429	0.2241379	0.1911765	0.2459016	0.2121212	0.2037037	0.28	0.225	0.1153846	0.1290323	0.2698413	0.1914894	0.12	0.1860465	0.2318841	0.2837838	0.3088235	0.2391304	0.2241379	
Canard pilet	0.0	0.0	0.0	0.0	0.0	0.0	0.0	0.0	0.0	0.0	0.0	0.0	0.0	0.0	0.0	0.0	0.0	0.0	0.0	0.0	0.0	0.0	0.0	0.0	0.0	0.0	0.0	0.0	0.0	0.0	0.0	0.0	0.0	0.0	0.0	0.0	0.0	0.0	0.0322581	0.0	0.0212766	0.0	0.0	0.0	0.0	0.0	0.0	0.0086207	
Sarcelle d'hiver	0.0	0.0266667	0.0015	0.025	0.0172414	0.0169492	0.0178571	0.0	0.0	0.0	0.030303	0.0	0.0	0.0	0.0108696	0.0	0.0	0.0	0.0	0.0	0.0	0.0	0.0	0.0	0.0	0.0	0.0	0.0	0.0	0.0	0.0	0.0441176	0.0163934	0.0454545	0.0	0.0133333	0.05	0.0	0.0645161	0.0	0.0212766	0.0	0.0232558	0.0289855	0.0675676	0.1029412	0.0217391	0.0	
Nette rousse	0.0015	0.0	0.0	0.0	0.0	0.0	0.0	0.0	0.0	0.0144928	0.0	0.0	0.0	0.0	0.0	0.0	0.0	0.0015	0.0120482	0.0175439	0.0	0.0	0.0138889	0.0	0.0	0.0	0.0	0.0	0.0	0.0	0.0	0.0	0.0	0.0	0.0	0.0	0.0	0.0192308	0.0	0.0	0.0	0.0	0.0	0.0	0.0	0.0	0.0	0.0	
Fuligule milouin	0.0140845	0.0133333	0.0	0.025	0.0	0.0	0.0	0.0	0.0192308	0.0	0.0151515	0.0267857	0.0	0.0365854	0.0434783	0.0480769	0.0326087	0.0	0.0240964	0.0087719	0.0240964	0.0	0.0	0.0096154	0.0	0.0	0.0	0.0	0.0144928	0.0	0.0344828	0.0294118	0.0015	0.0151515	0.0	0.0266667	0.0	0.0	0.0322581	0.0	0.0212766	0.0	0.0232558	0.0289855	0.0540541	0.0588235	0.0015	0.0086207	
Fuligule morillon	0.0140845	0.0266667	0.0	0.0	0.0172414	0.0	0.0	0.0	0.0384615	0.0	0.030303	0.0178571	0.010989	0.0	0.0108696	0.0288462	0.0217391	0.0114943	0.0361446	0.0	0.0240964	0.0015	0.0	0.0	0.0	0.0	0.0	0.011236	0.0	0.0	0.0344828	0.0294118	0.0163934	0.0151515	0.0	0.0133333	0.0	0.0	0.0322581	0.0	0.0212766	0.0	0.0232558	0.0434783	0.0405405	0.0294118	0.0	0.0	
Harle bièvre	0.0140845	0.0015	0.0	0.0	0.0015	0.0169492	0.0015	0.0	0.0	0.0	0.0	0.0	0.0	0.0	0.0	0.0	0.0	0.0	0.0	0.0	0.0	0.0	0.0	0.0	0.0	0.0	0.0	0.0	0.0	0.0	0.0	0.0	0.0	0.0	0.0	0.0	0.0	0.0	0.0	0.0	0.0	0.0	0.0	0.0	0.0	0.0	0.0015	0.0	
anatidé sp. (canard sp.)	0.0	0.0	0.0	0.0	0.0	0.0	0.0	0.0	0.0	0.0	0.0	0.0	0.0	0.0	0.0	0.0	0.0	0.0	0.0	0.0	0.0	0.0	0.0	0.0	0.0	0.0	0.0	0.0	0.0	0.0	0.0	0.0	0.0	0.0151515	0.0	0.0	0.0	0.0	0.0	0.0	0.0	0.0	0.0	0.0	0.0	0.0	0.0	0.0	
Perdrix grise	0.0	0.0	0.0	0.0	0.0172414	0.0169492	0.0	0.0	0.0	0.0015	0.0454545	0.0015	0.0	0.0	0.0326087	0.0	0.0	0.0114943	0.0	0.0015	0.0015	0.009901	0.0	0.0192308	0.0	0.0108696	0.0	0.0	0.0144928	0.0	0.0015	0.0	0.0	0.0015	0.0	0.0	0.0	0.0	0.0	0.015873	0.0	0.0	0.0	0.0	0.027027	0.0147059	0.0	0.0086207	
Faisan vénéré	0.0	0.0	0.0	0.0	0.0	0.0	0.0	0.0	0.0	0.0	0.0	0.0	0.0	0.0121951	0.0	0.0	0.0	0.0	0.0	0.0	0.0	0.0	0.0015	0.0	0.0	0.0	0.0	0.0	0.0	0.0	0.0	0.0	0.0	0.0	0.0	0.0	0.0	0.0	0.0	0.0	0.0	0.0	0.0	0.0	0.0	0.0	0.0	0.0	
Faisan doré	0.0	0.0	0.0	0.0	0.0	0.0	0.0	0.0	0.0	0.0	0.0	0.0	0.0	0.0015	0.0	0.0	0.0	0.0	0.0	0.0	0.0	0.0	0.0	0.0	0.0	0.0	0.0	0.0	0.0	0.0	0.0	0.0	0.0	0.0	0.0	0.0	0.0	0.0	0.0	0.0	0.0	0.0	0.0	0.0	0.0	0.0	0.0	0.0	
Faisan de Colchide	0.056338	0.16	0.122807	0.1375	0.1206897	0.1186441	0.1607143	0.08	0.1923077	0.2028986	0.1060606	0.1696429	0.1868132	0.1097561	0.1413043	0.1634615	0.0978261	0.1609195	0.060241	0.1491228	0.060241	0.0990099	0.0833333	0.0480769	0.09375	0.076087	0.0375	0.0449438	0.0869565	0.0	0.0344828	0.0294118	0.0327869	0.030303	0.0	0.08	0.075	0.0576923	0.0967742	0.0952381	0.0212766	0.12	0.0697674	0.057971	0.0810811	0.0882353	0.0652174	0.112069	
Caille des blés	0.0	0.0	0.0	0.0	0.0	0.0	0.0	0.0	0.0	0.0	0.0	0.0	0.0	0.0	0.0	0.0	0.0	0.0229885	0.0240964	0.0175439	0.0	0.009901	0.0015	0.0	0.0	0.0217391	0.025	0.011236	0.0434783	0.0	0.0015	0.0147059	0.0	0.0	0.0	0.0	0.0	0.0	0.0	0.0	0.0	0.0	0.0	0.0	0.0	0.0	0.0	0.0	
Perdrix rouge	0.0	0.0266667	0.0175439	0.025	0.0	0.0169492	0.0	0.04	0.0192308	0.0144928	0.0151515	0.0267857	0.010989	0.0	0.0543478	0.0015	0.0217391	0.0229885	0.0	0.0175439	0.0240964	0.039604	0.0138889	0.0096154	0.0104167	0.0217391	0.0	0.0	0.0	0.0178571	0.0	0.0	0.0	0.0	0.0015	0.0133333	0.025	0.0	0.0015	0.0	0.0	0.0	0.0	0.0144928	0.0135135	0.0147059	0.0	0.0258621	
Pigeon biset	0.0422535	0.04	0.0526316	0.075	0.0862069	0.0677966	0.0714286	0.04	0.0769231	0.115942	0.1666667	0.1428571	0.0769231	0.0853659	0.0652174	0.0673077	0.1086957	0.2068966	0.1686747	0.1578947	0.0843373	0.0891089	0.1666667	0.125	0.1354167	0.1086957	0.2125	0.1235955	0.0724638	0.125	0.0517241	0.1764706	0.0655738	0.1212121	0.1481481	0.16	0.075	0.1153846	0.1935484	0.1428571	0.0638298	0.1	0.0697674	0.115942	0.1756757	0.1470588	0.1086957	0.0603448	
Pigeon colombin	0.0140845	0.0	0.0	0.0125	0.0344828	0.0	0.0178571	0.0015	0.0192308	0.0144928	0.0454545	0.0267857	0.021978	0.0121951	0.0108696	0.0288462	0.0108696	0.0114943	0.0240964	0.0526316	0.0120482	0.009901	0.0277778	0.0096154	0.0104167	0.0108696	0.025	0.0449438	0.0144928	0.0357143	0.0015	0.0294118	0.0163934	0.0	0.0185185	0.0266667	0.0015	0.0192308	0.0	0.015873	0.0	0.0	0.0	0.0	0.0135135	0.0147059	0.0	0.0258621	
Pigeon ramier	0.6338028	0.6	0.7368421	0.675	0.6206897	0.8305085	0.6428571	0.6133333	0.75	0.7246377	0.6818182	0.7589286	0.7252747	0.7073171	0.75	0.7980769	0.6413043	0.7356322	0.6506024	0.7105263	0.6746988	0.7524752	0.75	0.6826923	0.6979167	0.7173913	0.825	0.8539326	0.7536232	0.9107143	0.862069	0.7647059	0.8032787	0.8181818	0.6481481	0.76	0.525	0.6923077	0.6451613	0.5555556	0.5106383	0.64	0.5348837	0.5362319	0.5810811	0.6323529	0.4782609	0.6810345	
Tourterelle des bois	0.0	0.0	0.0	0.0	0.0	0.0	0.0	0.0	0.0	0.0	0.0	0.0	0.0	0.0243902	0.0	0.0192308	0.0652174	0.091954	0.1325301	0.0964912	0.1204819	0.1188119	0.0416667	0.0192308	0.09375	0.076087	0.075	0.1011236	0.0724638	0.0535714	0.0344828	0.0441176	0.0163934	0.0151515	0.0	0.0	0.0	0.0	0.0	0.0	0.0	0.0	0.0	0.0	0.0	0.0	0.0	0.0	
Tourterelle turque	0.5492958	0.4666667	0.5263158	0.5125	0.4827586	0.5423729	0.4107143	0.4133333	0.5384615	0.5507246	0.4090909	0.4464286	0.3956044	0.4634146	0.4456522	0.5	0.4891304	0.4712644	0.4096386	0.5087719	0.5180723	0.4455446	0.5416667	0.5096154	0.46875	0.5	0.55	0.4606742	0.3768116	0.6607143	0.5344828	0.5294118	0.5245902	0.4848485	0.5185185	0.4266667	0.275	0.4230769	0.4193548	0.3174603	0.2553191	0.56	0.4418605	0.4202899	0.5405405	0.5294118	0.3695652	0.3965517	
Coucou gris	0.0	0.0	0.0	0.0	0.0	0.0	0.0	0.0	0.0	0.0	0.0151515	0.0892857	0.1098901	0.195122	0.2173913	0.2788462	0.2173913	0.183908	0.2409639	0.2017544	0.0843373	0.0990099	0.0833333	0.0096154	0.0015	0.0	0.0015	0.011236	0.0	0.0	0.0172414	0.0	0.0	0.0	0.0	0.0	0.0	0.0	0.0	0.0	0.0	0.0	0.0	0.0	0.0	0.0	0.0	0.0	
Engoulevent d'Europe	0.0	0.0	0.0	0.0	0.0	0.0	0.0	0.0	0.0	0.0	0.0	0.0	0.0	0.0	0.0	0.0	0.0	0.0	0.0	0.0	0.0	0.0	0.0	0.0	0.0	0.0	0.0	0.0	0.0015	0.0	0.0	0.0	0.0	0.0	0.0	0.0	0.0	0.0	0.0	0.0	0.0	0.0	0.0	0.0	0.0	0.0	0.0	0.0	
Martinet noir	0.0	0.0	0.0	0.0	0.0	0.0	0.0	0.0	0.0	0.0	0.0	0.0	0.0015	0.0121951	0.0434783	0.1923077	0.2173913	0.4482759	0.3855422	0.5263158	0.4939759	0.5049505	0.5972222	0.5	0.4479167	0.4347826	0.4	0.2359551	0.115942	0.0357143	0.0	0.0294118	0.0	0.0	0.0	0.0	0.0	0.0	0.0	0.0	0.0	0.0	0.0	0.0	0.0	0.0	0.0	0.0	
Râle d'eau	0.056338	0.04	0.0175439	0.0375	0.0517241	0.0169492	0.0535714	0.0266667	0.0576923	0.0	0.0151515	0.0178571	0.032967	0.0243902	0.0108696	0.0	0.0108696	0.0114943	0.0	0.0087719	0.0	0.0	0.0	0.0	0.0	0.0015	0.0	0.0337079	0.0	0.0178571	0.0	0.0	0.0163934	0.0151515	0.0	0.0	0.0	0.0192308	0.0	0.0	0.0	0.04	0.0232558	0.0434783	0.0	0.0294118	0.0652174	0.0172414	
Gallinule poule-d'eau	0.0704225	0.1466667	0.0350877	0.1125	0.1206897	0.1016949	0.0714286	0.1066667	0.1923077	0.115942	0.1818182	0.0982143	0.2527473	0.1219512	0.1630435	0.1153846	0.0652174	0.1609195	0.1204819	0.1754386	0.1084337	0.1287129	0.1666667	0.0769231	0.15625	0.1521739	0.175	0.1348315	0.2028986	0.1607143	0.2068966	0.1764706	0.2459016	0.1363636	0.1481481	0.1333333	0.125	0.1538462	0.0645161	0.1746032	0.0638298	0.16	0.1395349	0.1304348	0.2567568	0.2647059	0.1304348	0.1293103	
Foulque macroule	0.0985915	0.04	0.0015	0.0375	0.0344828	0.0	0.0357143	0.0266667	0.0576923	0.0289855	0.0454545	0.0714286	0.0549451	0.1219512	0.0652174	0.125	0.0869565	0.0689655	0.1807229	0.0701754	0.0722892	0.039604	0.0694444	0.0288462	0.0625	0.076087	0.0375	0.0449438	0.057971	0.0714286	0.0862069	0.0588235	0.0491803	0.0606061	0.0185185	0.04	0.075	0.0384615	0.0322581	0.0634921	0.0425532	0.0015	0.0465116	0.0869565	0.1351351	0.1911765	0.0869565	0.1034483	
Grue cendrée	0.0140845	0.0	0.0175439	0.0125	0.0	0.0338983	0.0357143	0.0533333	0.0576923	0.0144928	0.0015	0.0	0.010989	0.0	0.0	0.0	0.0	0.0	0.0	0.0	0.0	0.0	0.0	0.0	0.0	0.0	0.0	0.0	0.0	0.0	0.0	0.0	0.0	0.0	0.0	0.0	0.0	0.0	0.0015	0.015873	0.0212766	0.02	0.0015	0.0144928	0.0135135	0.0	0.0015	0.0258621	
Oedicnème criard	0.0	0.0	0.0	0.0	0.0	0.0	0.0	0.0	0.0	0.0015	0.0	0.0	0.0	0.0121951	0.0108696	0.0096154	0.0108696	0.0015	0.0	0.0087719	0.0015	0.0015	0.0138889	0.0015	0.0104167	0.0108696	0.0125	0.011236	0.0144928	0.0178571	0.0172414	0.0015	0.0163934	0.0015	0.0	0.0	0.0	0.0	0.0	0.0	0.0	0.0	0.0	0.0	0.0	0.0	0.0	0.0	
Échasse blanche	0.0	0.0	0.0	0.0	0.0	0.0	0.0	0.0	0.0	0.0	0.0	0.0	0.0	0.0	0.0	0.0	0.0	0.0229885	0.0120482	0.0015	0.0	0.0	0.0015	0.0	0.0	0.0	0.0125	0.011236	0.0015	0.0	0.0	0.0	0.0	0.0151515	0.0	0.0133333	0.0	0.0	0.0	0.0	0.0	0.0	0.0	0.0	0.0	0.0	0.0	0.0	
Avocette élégante	0.0	0.0	0.0	0.0	0.0	0.0	0.0	0.0	0.0	0.0	0.0	0.0	0.0	0.0	0.0	0.0	0.0	0.0229885	0.0	0.0	0.0	0.0	0.0	0.0	0.0	0.0	0.0	0.0	0.0	0.0	0.0	0.0	0.0	0.0	0.0	0.0	0.0	0.0	0.0	0.0	0.0	0.0	0.0	0.0	0.0	0.0	0.0	0.0086207	
Pluvier argenté	0.0	0.0	0.0	0.0	0.0	0.0	0.0	0.0	0.0	0.0	0.0	0.0	0.0	0.0	0.0	0.0	0.0	0.0	0.0	0.0	0.0240964	0.0	0.0	0.0	0.0	0.0	0.0	0.0	0.0	0.0	0.0	0.0	0.0	0.0	0.0	0.0	0.0	0.0	0.0	0.0	0.0	0.0	0.0	0.0	0.0	0.0	0.0	0.0	
Pluvier doré	0.028169	0.0	0.0	0.0	0.0015	0.0338983	0.0	0.0015	0.0	0.0015	0.0	0.0	0.0	0.0	0.0	0.0	0.0	0.0	0.0	0.0	0.0	0.0	0.0	0.0	0.0	0.0	0.0	0.0	0.0	0.0	0.0	0.0	0.0	0.0	0.0015	0.0	0.0	0.0	0.0	0.0	0.0	0.0	0.0	0.0	0.0135135	0.0147059	0.0	0.0172414	
Grand Gravelot	0.0	0.0	0.0	0.0	0.0	0.0	0.0	0.0	0.0	0.0	0.0	0.0	0.0	0.0	0.0	0.0288462	0.0	0.0015	0.0120482	0.0	0.0	0.009901	0.0	0.0	0.0	0.0	0.0	0.0	0.0	0.0	0.0	0.0	0.0	0.0	0.0185185	0.0	0.0	0.0	0.0	0.0	0.0	0.0	0.0	0.0	0.0	0.0	0.0	0.0	
Petit Gravelot	0.0	0.0	0.0	0.0	0.0	0.0	0.0	0.0	0.0	0.0	0.030303	0.0089286	0.0549451	0.0243902	0.0108696	0.0384615	0.0434783	0.0229885	0.0	0.0263158	0.060241	0.049505	0.0277778	0.0576923	0.0729167	0.0543478	0.0625	0.0449438	0.0289855	0.0357143	0.0172414	0.0147059	0.0	0.0	0.0185185	0.0266667	0.0	0.0	0.0	0.0	0.0	0.0	0.0	0.0	0.0	0.0	0.0	0.0	
Vanneau huppé	0.0422535	0.04	0.0175439	0.0125	0.0015	0.0847458	0.0178571	0.0015	0.0576923	0.0	0.0	0.0015	0.010989	0.0121951	0.0108696	0.0192308	0.0108696	0.0	0.0120482	0.0175439	0.0361446	0.029703	0.0138889	0.0288462	0.0833333	0.076087	0.075	0.0224719	0.0434783	0.0714286	0.0862069	0.1029412	0.1311475	0.0454545	0.0740741	0.04	0.025	0.0192308	0.0322581	0.047619	0.0	0.04	0.0232558	0.0144928	0.0540541	0.0588235	0.0217391	0.0517241	
Gravelot asiatique	0.0	0.0	0.0	0.0	0.0	0.0	0.0	0.0	0.0	0.0	0.0	0.0	0.0	0.0	0.0	0.0	0.0	0.0	0.0	0.0	0.0	0.0	0.0	0.0	0.0	0.0	0.0	0.0	0.0	0.0	0.0	0.0	0.0	0.0	0.0015	0.0015	0.0	0.0	0.0	0.0	0.0	0.0	0.0	0.0	0.0	0.0	0.0	0.0	
Charadriidae sp.	0.0	0.0	0.0	0.0	0.0	0.0	0.0	0.0	0.0	0.0	0.0	0.0	0.0	0.0	0.0	0.0	0.0	0.0	0.0	0.0	0.0	0.0	0.0	0.0	0.0	0.0	0.0	0.0015	0.0	0.0	0.0	0.0	0.0	0.0	0.0	0.0	0.0	0.0	0.0	0.0	0.0	0.0	0.0	0.0	0.0	0.0	0.0	0.0	
Courlis corlieu	0.0	0.0	0.0	0.0	0.0	0.0	0.0	0.0	0.0	0.0	0.0	0.0	0.0	0.0	0.0	0.0	0.0	0.0114943	0.0	0.0	0.0	0.0	0.0	0.0	0.0	0.0	0.0	0.0	0.0	0.0	0.0	0.0	0.0	0.0	0.0	0.0	0.0	0.0	0.0	0.0	0.0	0.0	0.0	0.0	0.0	0.0	0.0	0.0	
Courlis cendré	0.0	0.0	0.0	0.0	0.0	0.0	0.0	0.0	0.0	0.0	0.0	0.0015	0.0	0.0	0.0	0.0096154	0.0108696	0.0	0.0	0.0	0.0	0.0	0.0	0.0	0.0	0.0	0.0	0.011236	0.0	0.0	0.0	0.0147059	0.0	0.0	0.0	0.0	0.0	0.0	0.0	0.0	0.0	0.0	0.0	0.0	0.0	0.0	0.0	0.0	
Barge à queue noire	0.0	0.0	0.0	0.0	0.0	0.0	0.0	0.0	0.0	0.0	0.0	0.0	0.0	0.0	0.0	0.0	0.0	0.0	0.0	0.0	0.0	0.0	0.0	0.0	0.0	0.0	0.0	0.011236	0.0	0.0	0.0015	0.0	0.0	0.0	0.0	0.0	0.0	0.0	0.0	0.0	0.0	0.0	0.0	0.0	0.0	0.0	0.0	0.0	
Bécassine sourde	0.0140845	0.0133333	0.0	0.025	0.0	0.0	0.0	0.0	0.0	0.0144928	0.0	0.0	0.0	0.0	0.0	0.0	0.0	0.0	0.0	0.0	0.0	0.0	0.0	0.0	0.0	0.0	0.0	0.0	0.0	0.0	0.0	0.0	0.0	0.0	0.0	0.0	0.0	0.0	0.0	0.0	0.0	0.0	0.0	0.0	0.0	0.0	0.0	0.0	
Bécasse des bois	0.0015	0.0015	0.0	0.0	0.0	0.0	0.0	0.0015	0.0192308	0.0144928	0.0	0.0	0.0	0.0	0.0	0.0	0.0	0.0	0.0	0.0	0.0	0.0	0.0	0.0	0.0	0.0	0.0	0.0	0.0	0.0	0.0	0.0	0.0	0.0	0.0	0.0	0.0	0.0	0.0	0.0	0.0	0.0	0.0	0.0	0.0015	0.0	0.0	0.0086207	
Bécassine des marais	0.028169	0.0133333	0.0	0.025	0.0172414	0.0338983	0.0714286	0.0266667	0.0961538	0.0144928	0.0	0.0267857	0.010989	0.0	0.0	0.0	0.0	0.0114943	0.0	0.0	0.0	0.0	0.0	0.0	0.0	0.0	0.0	0.0	0.0	0.0178571	0.0344828	0.0441176	0.0327869	0.030303	0.0185185	0.0015	0.0	0.0384615	0.0	0.0	0.0	0.02	0.0	0.0144928	0.027027	0.0294118	0.0	0.0172414	
Chevalier guignette	0.0	0.0	0.0175439	0.0	0.0	0.0	0.0	0.0	0.0	0.0	0.0015	0.0	0.010989	0.0015	0.0217391	0.0865385	0.1086957	0.091954	0.0240964	0.0438596	0.0	0.009901	0.0	0.0	0.0520833	0.076087	0.1	0.1235955	0.1014493	0.1428571	0.137931	0.1617647	0.0983607	0.0757576	0.0740741	0.0266667	0.0	0.0015	0.0	0.015873	0.0	0.0	0.0	0.0	0.0135135	0.0	0.0	0.0	
Chevalier culblanc	0.084507	0.0	0.0175439	0.05	0.0172414	0.0338983	0.0	0.0133333	0.0192308	0.0	0.0454545	0.0089286	0.043956	0.0121951	0.0	0.0096154	0.0	0.0	0.0	0.0087719	0.0	0.009901	0.0015	0.0192308	0.0208333	0.0108696	0.025	0.0224719	0.0289855	0.0714286	0.0517241	0.0294118	0.0015	0.0	0.0015	0.0266667	0.0	0.0	0.0322581	0.0	0.0212766	0.0	0.0232558	0.0289855	0.0135135	0.0147059	0.0217391	0.0	
Chevalier stagnatile	0.0	0.0	0.0	0.0	0.0	0.0	0.0	0.0	0.0	0.0	0.0	0.0	0.0	0.0015	0.0	0.0	0.0	0.0	0.0	0.0	0.0	0.0	0.0	0.0	0.0	0.0	0.0	0.0	0.0	0.0	0.0	0.0	0.0	0.0	0.0	0.0	0.0	0.0	0.0	0.0	0.0	0.0	0.0	0.0	0.0	0.0	0.0	0.0	
Chevalier sylvain	0.0	0.0	0.0	0.0	0.0	0.0	0.0	0.0	0.0	0.0	0.0	0.0	0.0	0.0	0.0	0.0	0.0	0.0	0.0	0.0	0.0	0.0	0.0	0.0	0.0	0.0015	0.0	0.0015	0.0	0.0178571	0.0172414	0.0441176	0.0015	0.0	0.0185185	0.0	0.0	0.0	0.0	0.0	0.0	0.0	0.0	0.0	0.0	0.0	0.0	0.0	
Chevalier gambette	0.0	0.0	0.0	0.0	0.0	0.0	0.0	0.0	0.0	0.0	0.0	0.0089286	0.010989	0.0015	0.0108696	0.0	0.0108696	0.0229885	0.0240964	0.0	0.0	0.0	0.0	0.0	0.0	0.0	0.0	0.011236	0.0144928	0.0178571	0.0172414	0.0147059	0.0	0.0	0.0185185	0.0	0.0	0.0	0.0	0.0	0.0	0.0	0.0	0.0	0.0	0.0	0.0	0.0	
Chevalier arlequin	0.0	0.0	0.0	0.0	0.0	0.0	0.0	0.0	0.0	0.0	0.0	0.0	0.0	0.0	0.0	0.0	0.0	0.0114943	0.0	0.0	0.0	0.0	0.0	0.0	0.0	0.0	0.0	0.0	0.0	0.0	0.0	0.0	0.0	0.0	0.0	0.0	0.0	0.0	0.0	0.0	0.0	0.0	0.0	0.0	0.0	0.0	0.0	0.0	
Chevalier aboyeur	0.0	0.0	0.0	0.0	0.0	0.0	0.0	0.0	0.0	0.0	0.0	0.0	0.0015	0.0015	0.0	0.0192308	0.0108696	0.0114943	0.0015	0.0	0.0120482	0.0	0.0	0.0	0.0104167	0.0108696	0.0	0.0	0.0	0.0178571	0.0517241	0.0294118	0.0015	0.0151515	0.0015	0.0	0.0	0.0	0.0	0.0	0.0	0.0	0.0	0.0	0.0	0.0	0.0	0.0	
Combattant varié	0.0	0.0	0.0	0.0	0.0	0.0	0.0	0.0	0.0	0.0	0.0	0.0	0.010989	0.0015	0.0	0.0	0.0	0.0	0.0	0.0	0.0	0.0	0.0	0.0	0.0	0.0	0.0125	0.0	0.0144928	0.0	0.0	0.0	0.0	0.0454545	0.0185185	0.0133333	0.0	0.0	0.0	0.0	0.0	0.0	0.0	0.0	0.0	0.0	0.0	0.0	
Bécasseau variable	0.0	0.0	0.0	0.0	0.0	0.0	0.0	0.0	0.0	0.0	0.0	0.0	0.0	0.0	0.0	0.0	0.0	0.0	0.0	0.0	0.0	0.0	0.0	0.0	0.0	0.0	0.0	0.0	0.0	0.0	0.0	0.0	0.0	0.0	0.0015	0.0133333	0.0	0.0	0.0	0.0	0.0	0.0	0.0	0.0	0.0	0.0	0.0	0.0	
Bécasseau minute	0.0	0.0	0.0	0.0	0.0	0.0	0.0	0.0	0.0	0.0	0.0	0.0	0.0015	0.0	0.0	0.0	0.0	0.0	0.0	0.0	0.0	0.0	0.0	0.0	0.0	0.0	0.0	0.0	0.0	0.0	0.0	0.0	0.0	0.0	0.0015	0.0	0.0	0.0	0.0	0.0	0.0	0.0	0.0	0.0	0.0	0.0	0.0	0.0	
Bécasseau tacheté	0.0	0.0	0.0	0.0	0.0	0.0	0.0	0.0	0.0	0.0	0.0	0.0	0.0	0.0	0.0	0.0	0.0	0.0	0.0	0.0	0.0	0.0	0.0	0.0	0.0	0.0	0.0	0.0	0.0	0.0	0.0	0.0	0.0	0.0	0.0015	0.0	0.0	0.0	0.0	0.0	0.0	0.0015	0.0	0.0	0.0	0.0	0.0	0.0	
Mouette de Bonaparte	0.0	0.0	0.0	0.0	0.0	0.0	0.0	0.0	0.0	0.0	0.0015	0.0	0.0	0.0	0.0	0.0	0.0	0.0	0.0	0.0	0.0	0.0	0.0	0.0	0.0	0.0	0.0	0.0	0.0	0.0	0.0	0.0	0.0	0.0	0.0	0.0	0.0	0.0	0.0	0.0	0.0	0.0	0.0	0.0	0.0	0.0	0.0	0.0	
Mouette rieuse	0.1267606	0.0666667	0.0	0.0125	0.0517241	0.0677966	0.0535714	0.0266667	0.0192308	0.0289855	0.0909091	0.1160714	0.1208791	0.097561	0.0434783	0.0673077	0.0652174	0.1609195	0.1686747	0.1491228	0.1325301	0.049505	0.125	0.0865385	0.1354167	0.1956522	0.175	0.1460674	0.1304348	0.1607143	0.1896552	0.1029412	0.1967213	0.1060606	0.1851852	0.2533333	0.1	0.0961538	0.0322581	0.1428571	0.0638298	0.04	0.0465116	0.173913	0.1891892	0.1911765	0.1521739	0.1034483	
Mouette mélanocéphale	0.0	0.0	0.0	0.0	0.0	0.0	0.0	0.0015	0.0	0.0	0.030303	0.0089286	0.1208791	0.0015	0.0015	0.0015	0.0326087	0.0114943	0.0015	0.0701754	0.0361446	0.019802	0.0138889	0.0192308	0.0104167	0.0543478	0.0125	0.011236	0.0	0.0	0.0	0.0	0.0	0.0151515	0.0	0.0	0.0	0.0	0.0	0.0	0.0	0.0	0.0	0.0	0.0	0.0	0.0	0.0	
Goéland cendré	0.0	0.0266667	0.0	0.0	0.0	0.0	0.0	0.0	0.0	0.0	0.0	0.0	0.0	0.0	0.0	0.0	0.0	0.0	0.0	0.0	0.0	0.0	0.0	0.0	0.0	0.0	0.0	0.0	0.0	0.0	0.0	0.0	0.0	0.0	0.0	0.0	0.0	0.0	0.0	0.0	0.0	0.0	0.0	0.0	0.0	0.0	0.0	0.0	
Goéland leucophée	0.0	0.0	0.0015	0.0125	0.0	0.0169492	0.0	0.0133333	0.0192308	0.0	0.0	0.0178571	0.1098901	0.0121951	0.0217391	0.0288462	0.0434783	0.0689655	0.0120482	0.0701754	0.0481928	0.0594059	0.0138889	0.0096154	0.0729167	0.1086957	0.0875	0.0449438	0.0289855	0.0714286	0.1034483	0.0588235	0.0983607	0.0606061	0.0555556	0.0533333	0.05	0.0192308	0.0322581	0.0634921	0.0212766	0.02	0.0465116	0.0289855	0.0405405	0.0441176	0.0	0.0517241	
Goéland marin	0.0	0.0	0.0	0.0	0.0	0.0	0.0	0.0	0.0	0.0	0.0	0.0	0.0	0.0	0.0	0.0	0.0	0.0	0.0	0.0	0.0	0.0	0.0	0.0	0.0	0.0	0.0	0.0	0.0	0.0	0.0	0.0	0.0	0.0151515	0.0	0.0	0.0	0.0	0.0	0.0	0.0	0.0	0.0	0.0	0.0	0.0	0.0	0.0	
Goéland brun	0.0	0.0133333	0.0	0.0	0.0	0.0	0.0	0.0	0.0	0.0	0.0	0.0	0.0	0.0	0.0	0.0	0.0	0.0	0.0	0.0	0.0120482	0.0	0.0	0.0	0.0104167	0.0108696	0.0	0.0	0.0	0.0	0.0	0.0	0.0163934	0.0	0.0185185	0.0266667	0.0	0.0	0.0	0.0	0.0015	0.0	0.0	0.0	0.0	0.0147059	0.0	0.0	
goéland sp. (Larus sp.)	0.0	0.0	0.0175439	0.0	0.0	0.0	0.0	0.0	0.0	0.0	0.0151515	0.0089286	0.021978	0.0	0.0015	0.0192308	0.0	0.0	0.0240964	0.0087719	0.0120482	0.0	0.0	0.0	0.0104167	0.0108696	0.025	0.0224719	0.0	0.0	0.0	0.0	0.0	0.0	0.0185185	0.0266667	0.0	0.0384615	0.0	0.0015	0.0	0.02	0.0	0.0	0.0135135	0.0	0.0	0.0	
goéland ou mouette sp.	0.0	0.0	0.0	0.0	0.0	0.0	0.0	0.0	0.0	0.0	0.0	0.0	0.010989	0.0	0.0	0.0	0.0	0.0	0.0120482	0.0	0.0	0.0	0.0	0.0096154	0.0	0.0	0.0	0.0	0.0	0.0	0.0	0.0	0.0	0.0015	0.0185185	0.0133333	0.0015	0.0	0.0	0.0	0.0	0.02	0.0	0.0	0.0	0.0	0.0	0.0	
Sterne naine	0.0	0.0	0.0	0.0	0.0	0.0	0.0	0.0	0.0	0.0	0.0	0.0	0.0	0.0	0.0	0.0	0.0108696	0.0344828	0.0361446	0.0701754	0.060241	0.039604	0.0833333	0.0576923	0.0833333	0.0978261	0.0625	0.0337079	0.0434783	0.0178571	0.0172414	0.0	0.0163934	0.0	0.0	0.0	0.0	0.0	0.0	0.0	0.0	0.0	0.0	0.0	0.0	0.0	0.0	0.0	
Guifette moustac	0.0	0.0	0.0	0.0	0.0	0.0	0.0	0.0	0.0	0.0	0.0	0.0	0.0	0.0	0.0	0.0	0.0	0.0015	0.0120482	0.0087719	0.0	0.0	0.0138889	0.0192308	0.0	0.0108696	0.0	0.0224719	0.0	0.0	0.0	0.0	0.0	0.0	0.0	0.0	0.0	0.0	0.0	0.0	0.0	0.0	0.0	0.0	0.0	0.0	0.0	0.0	
Guifette noire	0.0	0.0	0.0	0.0	0.0	0.0	0.0	0.0	0.0	0.0	0.0	0.0	0.0	0.0	0.0	0.0096154	0.0	0.0015	0.0120482	0.0087719	0.0	0.0	0.0	0.0	0.0104167	0.0	0.0	0.0	0.0	0.0178571	0.0015	0.0	0.0	0.0015	0.0	0.0	0.0	0.0	0.0	0.0	0.0	0.0	0.0	0.0	0.0	0.0	0.0	0.0	
Sterne pierregarin	0.0	0.0	0.0	0.0	0.0	0.0	0.0	0.0	0.0	0.0	0.0	0.0089286	0.032967	0.0853659	0.0434783	0.1346154	0.076087	0.1724138	0.1686747	0.1403509	0.1084337	0.1287129	0.125	0.1057692	0.1666667	0.1847826	0.1125	0.1460674	0.115942	0.1071429	0.0689655	0.0294118	0.0327869	0.0	0.0185185	0.0	0.0	0.0	0.0	0.0	0.0	0.0	0.0	0.0	0.0	0.0	0.0	0.0	
sterne sp.	0.0	0.0	0.0	0.0	0.0	0.0	0.0	0.0	0.0	0.0	0.0	0.0	0.0	0.0	0.0	0.0	0.0	0.0	0.0	0.0087719	0.0	0.0	0.0	0.0	0.0	0.0	0.0	0.0	0.0	0.0	0.0	0.0	0.0	0.0	0.0	0.0	0.0	0.0	0.0	0.0	0.0	0.0	0.0	0.0	0.0	0.0	0.0	0.0	
Grèbe castagneux	0.056338	0.0266667	0.0015	0.0125	0.0344828	0.0169492	0.0	0.0	0.0384615	0.0144928	0.0151515	0.0178571	0.021978	0.0	0.0108696	0.0288462	0.0108696	0.0114943	0.0361446	0.0087719	0.0240964	0.009901	0.0138889	0.0	0.0	0.0326087	0.0	0.011236	0.0289855	0.0357143	0.0344828	0.0441176	0.0655738	0.0909091	0.037037	0.0266667	0.075	0.0	0.0322581	0.0634921	0.0425532	0.0015	0.0	0.0869565	0.0540541	0.0735294	0.0652174	0.0517241	
Grèbe huppé	0.0704225	0.04	0.0015	0.0375	0.0344828	0.0169492	0.0	0.0133333	0.0576923	0.0434783	0.0454545	0.0535714	0.043956	0.097561	0.0434783	0.0769231	0.0326087	0.0229885	0.0722892	0.0438596	0.0120482	0.009901	0.0277778	0.0	0.03125	0.0326087	0.0125	0.011236	0.0434783	0.0357143	0.0517241	0.0294118	0.0491803	0.0151515	0.0	0.0533333	0.05	0.0192308	0.0322581	0.015873	0.0212766	0.0015	0.0465116	0.1014493	0.1216216	0.1470588	0.0869565	0.0689655	
Grèbe à cou noir	0.0	0.0	0.0	0.0	0.0	0.0	0.0	0.0	0.0	0.0	0.0	0.0	0.0	0.0	0.0	0.0096154	0.0108696	0.0	0.0	0.0	0.0	0.0	0.0	0.0	0.0104167	0.0	0.0125	0.011236	0.0289855	0.0	0.0172414	0.0	0.0	0.0	0.0	0.0133333	0.0	0.0	0.0322581	0.0	0.0	0.0	0.0	0.0	0.0	0.0441176	0.0	0.0	
Plongeon imbrin	0.0	0.0	0.0	0.0	0.0	0.0	0.0178571	0.0	0.0	0.0	0.0	0.0	0.0	0.0	0.0	0.0	0.0	0.0	0.0	0.0	0.0	0.0	0.0	0.0	0.0	0.0	0.0	0.0	0.0	0.0	0.0	0.0	0.0	0.0	0.0	0.0	0.0	0.0	0.0	0.0	0.0	0.0	0.0	0.0	0.0	0.0	0.0217391	0.0086207	
Cigogne noire	0.0	0.0	0.0	0.0	0.0	0.0	0.0	0.0	0.0015	0.0	0.0	0.0089286	0.021978	0.0	0.0108696	0.0096154	0.0108696	0.0015	0.0	0.0	0.0240964	0.0015	0.0	0.0192308	0.0104167	0.0108696	0.0015	0.011236	0.0015	0.0015	0.0689655	0.0147059	0.0327869	0.0151515	0.0	0.0	0.0	0.0	0.0	0.0	0.0	0.0	0.0	0.0	0.0	0.0	0.0	0.0	
Cigogne blanche	0.0	0.0	0.0	0.0	0.0015	0.0015	0.0357143	0.0	0.0	0.0	0.030303	0.0089286	0.010989	0.0015	0.0	0.0	0.0108696	0.0015	0.0	0.0	0.0	0.0015	0.0	0.0	0.0	0.0	0.0	0.0015	0.0015	0.0178571	0.0015	0.0015	0.0015	0.0015	0.0	0.0133333	0.0	0.0	0.0	0.0	0.0	0.0	0.0	0.0	0.0	0.0	0.0	0.0	
Grand Cormoran	0.2112676	0.1866667	0.0877193	0.2	0.1896552	0.1355932	0.125	0.1066667	0.1153846	0.1594203	0.1212121	0.1160714	0.2307692	0.1585366	0.1086957	0.1346154	0.1304348	0.1609195	0.1204819	0.1140351	0.060241	0.049505	0.0972222	0.0384615	0.1041667	0.0869565	0.1	0.1123596	0.0869565	0.125	0.1724138	0.1323529	0.1639344	0.1515152	0.1851852	0.16	0.15	0.1538462	0.0322581	0.2063492	0.1489362	0.12	0.1627907	0.2318841	0.2567568	0.2794118	0.2391304	0.2155172	
Ibis falcinelle	0.0	0.0	0.0	0.0	0.0	0.0	0.0	0.0	0.0	0.0	0.0151515	0.0	0.0	0.0	0.0	0.0	0.0	0.0	0.0	0.0	0.0	0.0	0.0	0.0	0.0	0.0	0.0	0.0	0.0	0.0	0.0	0.0	0.0	0.0	0.0	0.0	0.0	0.0	0.0	0.0	0.0	0.0	0.0	0.0	0.0	0.0	0.0	0.0	
Spatule blanche	0.0	0.0	0.0	0.0	0.0	0.0	0.0	0.0	0.0	0.0	0.0	0.0	0.0	0.0	0.0	0.0	0.0	0.0114943	0.0	0.0	0.0	0.0	0.0	0.0	0.0	0.0	0.0	0.0	0.0	0.0	0.0172414	0.0	0.0	0.0	0.0	0.0	0.0	0.0015	0.0	0.0	0.0	0.0	0.0	0.0	0.0	0.0	0.0	0.0	
Butor étoilé	0.0140845	0.0133333	0.0	0.0	0.0	0.0	0.0178571	0.0	0.0	0.0	0.0	0.0	0.0	0.0	0.0	0.0	0.0	0.0	0.0	0.0	0.0	0.0	0.0	0.0	0.0	0.0	0.0	0.0	0.0	0.0	0.0	0.0	0.0	0.0	0.0	0.0	0.0	0.0	0.0	0.0	0.0	0.0	0.0	0.0144928	0.0	0.0015	0.0015	0.0172414	
Blongios nain	0.0	0.0	0.0	0.0	0.0	0.0	0.0	0.0	0.0	0.0	0.0	0.0	0.0	0.0	0.0	0.0	0.0	0.0	0.0120482	0.0015	0.0	0.0	0.0138889	0.0015	0.03125	0.0217391	0.0	0.011236	0.0	0.0	0.0	0.0	0.0	0.0	0.0	0.0	0.0	0.0	0.0	0.0	0.0	0.0	0.0	0.0	0.0	0.0	0.0	0.0	
Bihoreau gris	0.0	0.0	0.0	0.0	0.0015	0.0	0.0	0.0	0.0	0.0	0.0	0.0267857	0.0	0.0121951	0.0	0.0096154	0.0217391	0.0114943	0.0361446	0.0	0.0361446	0.029703	0.0	0.0192308	0.0	0.0217391	0.0	0.011236	0.0	0.0	0.0172414	0.0147059	0.0	0.0015	0.0	0.0	0.0	0.0	0.0	0.0	0.0	0.0	0.0	0.0	0.0135135	0.0	0.0	0.0	
Aigrette garzette	0.0704225	0.0133333	0.0175439	0.0125	0.0517241	0.0169492	0.0	0.0133333	0.0384615	0.0	0.0454545	0.0714286	0.1318681	0.0243902	0.0543478	0.1153846	0.076087	0.1264368	0.0963855	0.1315789	0.1084337	0.1386139	0.0833333	0.0769231	0.125	0.1304348	0.1125	0.1685393	0.1449275	0.1428571	0.1551724	0.1470588	0.1803279	0.1060606	0.1851852	0.1333333	0.125	0.0961538	0.0322581	0.0634921	0.0638298	0.04	0.0232558	0.0724638	0.0810811	0.0735294	0.0869565	0.0948276	
Héron garde-boeufs	0.0	0.0	0.0	0.0	0.0172414	0.0	0.0015	0.0133333	0.0192308	0.0015	0.0151515	0.0357143	0.032967	0.0	0.0108696	0.0288462	0.0326087	0.0344828	0.0240964	0.0263158	0.0361446	0.029703	0.0015	0.0288462	0.0104167	0.0108696	0.025	0.0224719	0.0289855	0.0	0.0344828	0.0735294	0.0327869	0.0757576	0.0185185	0.0133333	0.0	0.0384615	0.0	0.015873	0.0212766	0.02	0.0	0.0144928	0.0405405	0.0147059	0.0	0.0015	
Grande Aigrette	0.084507	0.1066667	0.0350877	0.0625	0.0172414	0.0677966	0.0535714	0.04	0.0384615	0.0144928	0.0757576	0.0535714	0.021978	0.0365854	0.0326087	0.0576923	0.0217391	0.0114943	0.0240964	0.0350877	0.0481928	0.039604	0.0277778	0.0192308	0.0416667	0.0108696	0.05	0.0337079	0.0289855	0.0178571	0.0862069	0.0882353	0.0491803	0.0909091	0.0555556	0.1333333	0.05	0.1153846	0.0322581	0.1428571	0.1489362	0.08	0.0697674	0.115942	0.1891892	0.2352941	0.1086957	0.1293103	
Héron cendré	0.1126761	0.1733333	0.0701754	0.075	0.1896552	0.0677966	0.1071429	0.0933333	0.1346154	0.0869565	0.1666667	0.1517857	0.2307692	0.1219512	0.2065217	0.1923077	0.1630435	0.1264368	0.3253012	0.2368421	0.1686747	0.2277228	0.2083333	0.1442308	0.21875	0.25	0.225	0.2134831	0.2463768	0.2142857	0.2413793	0.3235294	0.2295082	0.2878788	0.2592593	0.24	0.125	0.1923077	0.0967742	0.2380952	0.1489362	0.12	0.1395349	0.2028986	0.2972973	0.3382353	0.1956522	0.1724138	
Héron pourpré	0.0	0.0	0.0	0.0	0.0	0.0	0.0	0.0	0.0	0.0	0.0	0.0	0.0	0.0	0.0108696	0.0	0.0	0.0015	0.0240964	0.0	0.0	0.0015	0.0	0.0096154	0.0208333	0.0326087	0.0	0.011236	0.0015	0.0	0.0	0.0147059	0.0	0.0	0.0	0.0	0.0	0.0	0.0	0.0	0.0	0.0	0.0	0.0	0.0	0.0	0.0	0.0	
Balbuzard pêcheur	0.0	0.0	0.0	0.0	0.0	0.0	0.0	0.0	0.0	0.0	0.0151515	0.0357143	0.043956	0.0243902	0.0326087	0.0576923	0.0869565	0.0344828	0.060241	0.0087719	0.0240964	0.0792079	0.0277778	0.0096154	0.09375	0.0543478	0.0625	0.0337079	0.0434783	0.0357143	0.0862069	0.0588235	0.0655738	0.0454545	0.0185185	0.0133333	0.0	0.0	0.0	0.0	0.0	0.0	0.0	0.0	0.0	0.0	0.0	0.0	
Élanion blanc	0.0	0.0	0.0	0.0	0.0	0.0	0.0	0.0	0.0	0.0	0.0	0.0	0.0	0.0	0.0	0.0	0.0	0.0015	0.0	0.0	0.0	0.0	0.0	0.0	0.0104167	0.0	0.0	0.0	0.0	0.0	0.0	0.0	0.0	0.0	0.0	0.0	0.0	0.0015	0.0	0.0	0.0	0.0	0.0	0.0	0.0	0.0	0.0	0.0	
Bondrée apivore	0.0	0.0	0.0	0.0	0.0	0.0	0.0	0.0	0.0	0.0	0.0	0.0	0.0	0.0	0.0	0.0	0.0015	0.0344828	0.0120482	0.0175439	0.0361446	0.029703	0.0	0.0096154	0.09375	0.0326087	0.0125	0.0337079	0.0724638	0.0892857	0.0172414	0.0147059	0.0327869	0.0151515	0.0015	0.0	0.0	0.0	0.0	0.0	0.0	0.0	0.0	0.0	0.0	0.0	0.0	0.0	
Vautour fauve	0.0	0.0	0.0	0.0	0.0	0.0	0.0	0.0	0.0	0.0	0.0	0.0	0.0	0.0	0.0	0.0	0.0	0.0015	0.0	0.0	0.0	0.0	0.0	0.0	0.0	0.0	0.0	0.0	0.0	0.0	0.0	0.0	0.0	0.0	0.0	0.0	0.0	0.0	0.0	0.0	0.0	0.0	0.0	0.0	0.0	0.0	0.0	0.0	
Circaète Jean-le-Blanc	0.0	0.0	0.0	0.0	0.0	0.0	0.0	0.0	0.0	0.0	0.0	0.0	0.0	0.0121951	0.0	0.0096154	0.0	0.0	0.0	0.0087719	0.0120482	0.009901	0.0277778	0.0096154	0.0104167	0.0108696	0.0015	0.0	0.0	0.0	0.0015	0.0147059	0.0015	0.0454545	0.0	0.0	0.0	0.0	0.0	0.0	0.0	0.0	0.0	0.0	0.0	0.0	0.0	0.0	
Aigle botté	0.0	0.0	0.0	0.0	0.0	0.0	0.0	0.0	0.0	0.0	0.0015	0.0089286	0.0	0.0243902	0.0	0.0192308	0.0217391	0.0015	0.0120482	0.0263158	0.0015	0.019802	0.0	0.0192308	0.0208333	0.0	0.0015	0.0	0.0	0.0015	0.0015	0.0147059	0.0015	0.0151515	0.0	0.0	0.0	0.0	0.0	0.0	0.0	0.0	0.0	0.0	0.0	0.0	0.0	0.0	
Aquila sp.	0.0	0.0	0.0	0.0	0.0	0.0	0.0	0.0	0.0	0.0	0.0	0.0	0.0	0.0	0.0	0.0	0.0	0.0	0.0	0.0	0.0	0.0	0.0	0.0	0.0	0.0	0.0	0.0	0.0	0.0	0.0	0.0	0.0015	0.0	0.0	0.0	0.0	0.0	0.0	0.0	0.0	0.0	0.0	0.0	0.0	0.0	0.0	0.0	
Épervier d'Europe	0.0422535	0.0666667	0.0	0.0125	0.0344828	0.0677966	0.0535714	0.08	0.0192308	0.0289855	0.0606061	0.0535714	0.010989	0.0015	0.0326087	0.0096154	0.0217391	0.0015	0.0120482	0.0175439	0.0481928	0.009901	0.0	0.0288462	0.03125	0.0217391	0.025	0.0337079	0.115942	0.0015	0.0862069	0.0294118	0.0327869	0.0606061	0.0555556	0.04	0.025	0.0769231	0.0	0.031746	0.0212766	0.04	0.0465116	0.0289855	0.0540541	0.0735294	0.0217391	0.0775862	
Autour des palombes	0.0	0.0	0.0	0.0	0.0	0.0	0.0	0.0	0.0	0.0	0.0151515	0.0	0.0	0.0121951	0.0108696	0.0	0.0	0.0	0.0	0.0	0.0	0.0	0.0	0.0096154	0.0104167	0.0108696	0.0	0.011236	0.0	0.0	0.0	0.0	0.0	0.0	0.0	0.0	0.0	0.0	0.0	0.0	0.0	0.0	0.0	0.0	0.0	0.0147059	0.0	0.0086207	
Busard des roseaux	0.0	0.0	0.0	0.0125	0.0	0.0	0.0	0.0	0.0	0.0	0.0151515	0.0089286	0.010989	0.0121951	0.0108696	0.0096154	0.0	0.0114943	0.0	0.0087719	0.0120482	0.0	0.0	0.0	0.0	0.0108696	0.0	0.0015	0.0	0.0	0.0015	0.0	0.0163934	0.0	0.0015	0.0	0.0	0.0	0.0	0.0	0.0	0.0	0.0	0.0015	0.0	0.0	0.0	0.0	
Busard Saint-Martin	0.0	0.0	0.0175439	0.0	0.0172414	0.0	0.0	0.0	0.0	0.0015	0.0151515	0.0015	0.0015	0.0243902	0.0108696	0.0096154	0.0108696	0.0114943	0.0	0.0087719	0.0	0.009901	0.0	0.0015	0.0	0.0108696	0.0	0.011236	0.0434783	0.0015	0.0015	0.0147059	0.0015	0.0151515	0.0015	0.04	0.0	0.0	0.0	0.015873	0.0	0.0	0.0	0.0144928	0.0405405	0.0015	0.0	0.0344828	
Busard cendré	0.0	0.0	0.0	0.0	0.0	0.0	0.0	0.0	0.0	0.0	0.0	0.0015	0.0	0.0	0.0	0.0096154	0.0015	0.0015	0.0	0.0087719	0.0	0.0	0.0	0.0	0.0015	0.0	0.0	0.0	0.0144928	0.0	0.0172414	0.0	0.0	0.0	0.0	0.0	0.0	0.0	0.0	0.0	0.0	0.0	0.0	0.0	0.0	0.0	0.0	0.0	
busard sp.	0.0	0.0	0.0	0.0	0.0	0.0	0.0	0.0	0.0	0.0	0.0	0.0	0.0	0.0	0.0	0.0	0.0	0.0	0.0	0.0	0.0	0.0	0.0	0.0096154	0.0	0.0	0.0	0.0015	0.0	0.0	0.0	0.0	0.0	0.0	0.0	0.0	0.0	0.0	0.0	0.0	0.0	0.0	0.0	0.0	0.0	0.0	0.0	0.0	
Milan royal	0.0	0.0	0.0	0.0	0.0	0.0	0.0	0.0015	0.0	0.0	0.0151515	0.0	0.0	0.0	0.0015	0.0015	0.0108696	0.0015	0.0	0.0	0.0240964	0.009901	0.0	0.0	0.0	0.0	0.0	0.0	0.0	0.0	0.0	0.0	0.0	0.0	0.0	0.0133333	0.0	0.0015	0.0015	0.015873	0.0	0.0	0.0	0.0144928	0.0135135	0.0	0.0	0.0015	
Milan noir	0.0	0.0	0.0	0.0	0.0	0.0	0.0	0.0	0.0	0.0144928	0.030303	0.0089286	0.043956	0.0015	0.0217391	0.0673077	0.0217391	0.0344828	0.0361446	0.0175439	0.0361446	0.049505	0.0277778	0.0192308	0.0104167	0.0326087	0.0125	0.0337079	0.0015	0.0	0.0	0.0	0.0	0.0	0.0	0.0	0.0	0.0	0.0	0.0	0.0	0.0	0.0	0.0	0.0	0.0	0.0	0.0	
Buse variable	0.1126761	0.0666667	0.0526316	0.0375	0.0689655	0.1186441	0.0892857	0.08	0.0961538	0.0869565	0.1666667	0.0982143	0.1538462	0.0243902	0.1413043	0.1923077	0.1086957	0.091954	0.1084337	0.1315789	0.060241	0.0693069	0.0416667	0.0192308	0.125	0.1086957	0.1125	0.1460674	0.2028986	0.1428571	0.137931	0.1764706	0.1311475	0.1818182	0.0925926	0.1866667	0.175	0.1153846	0.0967742	0.1904762	0.0425532	0.04	0.1395349	0.0869565	0.1891892	0.25	0.0869565	0.1896552	
Buteo sp.	0.0	0.0	0.0	0.0	0.0	0.0	0.0	0.0	0.0	0.0	0.0	0.0	0.0	0.0	0.0	0.0	0.0	0.0	0.0	0.0087719	0.0	0.0	0.0	0.0	0.0	0.0	0.0	0.0	0.0	0.0	0.0	0.0	0.0	0.0	0.0	0.0	0.0	0.0	0.0	0.0	0.0	0.0	0.0	0.0	0.0	0.0	0.0	0.0	
rapace sp.	0.0	0.0	0.0	0.0	0.0	0.0	0.0	0.0	0.0	0.0	0.0	0.0	0.010989	0.0	0.0	0.0	0.0	0.0	0.0	0.0087719	0.0	0.0	0.0	0.0	0.0	0.0	0.0	0.0	0.0	0.0	0.0	0.0	0.0	0.0	0.0	0.0	0.0	0.0	0.0	0.0	0.0	0.0	0.0	0.0	0.0	0.0	0.0	0.0086207	
Effraie des clochers	0.0	0.0	0.0015	0.0	0.0	0.0	0.0	0.0	0.0	0.0	0.0151515	0.0015	0.0	0.0121951	0.0	0.0	0.0015	0.0114943	0.0	0.0	0.0	0.0	0.0	0.0	0.0	0.0108696	0.0	0.0	0.0015	0.0	0.0172414	0.0147059	0.0	0.0	0.0	0.0	0.0015	0.0015	0.0	0.0	0.0	0.0	0.0	0.0	0.0	0.0	0.0	0.0015	
Chevêche d'Athéna	0.0	0.0	0.0	0.0	0.0	0.0	0.0	0.0	0.0	0.0	0.0	0.0	0.0	0.0	0.0	0.0	0.0	0.0	0.0	0.0	0.0015	0.0	0.0	0.0	0.0015	0.0	0.0125	0.0	0.0	0.0	0.0015	0.0	0.0163934	0.0	0.0	0.0	0.0	0.0	0.0	0.0	0.0	0.0	0.0	0.0	0.0	0.0	0.0015	0.0	
Chouette hulotte	0.0	0.0133333	0.0015	0.0015	0.0172414	0.0	0.0	0.0015	0.0192308	0.0144928	0.0151515	0.0089286	0.0	0.0121951	0.0	0.0096154	0.0015	0.0114943	0.0481928	0.0087719	0.0015	0.009901	0.0138889	0.0096154	0.0	0.0108696	0.025	0.0337079	0.0434783	0.0714286	0.0517241	0.0588235	0.0491803	0.0454545	0.037037	0.0266667	0.0015	0.0384615	0.0	0.0952381	0.0	0.04	0.0	0.0	0.0405405	0.0015	0.0652174	0.0344828	
Hibou moyen-duc	0.0	0.0	0.0	0.0	0.0	0.0	0.0	0.0	0.0	0.0	0.0	0.0	0.0	0.0	0.0	0.0096154	0.0	0.0	0.0	0.0	0.0	0.009901	0.0	0.0192308	0.0104167	0.0108696	0.0125	0.0	0.0	0.0	0.0	0.0	0.0	0.0	0.0	0.0	0.0	0.0	0.0	0.0	0.0	0.0	0.0	0.0	0.0015	0.0	0.0217391	0.0	
Hibou des marais	0.0	0.0	0.0	0.0	0.0	0.0	0.0	0.0	0.0	0.0	0.0	0.0	0.0	0.0	0.0	0.0	0.0	0.0	0.0	0.0	0.0	0.0	0.0	0.0	0.0	0.0015	0.0	0.0	0.0	0.0	0.0	0.0	0.0	0.0	0.0	0.0	0.0	0.0	0.0	0.0	0.0	0.0	0.0	0.0	0.0	0.0	0.0	0.0	
Huppe fasciée	0.0	0.0	0.0	0.0	0.0	0.0	0.0	0.0	0.0	0.0	0.0	0.0089286	0.010989	0.0015	0.0108696	0.0096154	0.0015	0.0114943	0.0120482	0.0087719	0.0	0.0	0.0015	0.0	0.0	0.0	0.0015	0.0015	0.0	0.0	0.0015	0.0	0.0	0.0	0.0	0.0	0.0	0.0	0.0	0.0	0.0	0.0	0.0	0.0	0.0	0.0	0.0	0.0	
Guêpier d'Europe	0.0	0.0	0.0	0.0	0.0	0.0	0.0	0.0	0.0	0.0	0.0	0.0	0.0	0.0	0.0	0.0	0.0	0.0114943	0.0	0.0087719	0.0120482	0.039604	0.0	0.0096154	0.0	0.0326087	0.0	0.0224719	0.0144928	0.0178571	0.0015	0.0	0.0	0.0	0.0	0.0	0.0	0.0	0.0	0.0	0.0	0.0	0.0	0.0	0.0	0.0	0.0	0.0	
Martin-pêcheur d'Europe	0.056338	0.0266667	0.0175439	0.0375	0.0344828	0.0169492	0.0535714	0.0266667	0.0192308	0.0289855	0.0	0.0267857	0.0659341	0.0243902	0.0108696	0.0288462	0.0326087	0.045977	0.060241	0.0350877	0.0120482	0.039604	0.0138889	0.0576923	0.0520833	0.1521739	0.0875	0.1235955	0.1014493	0.0714286	0.0344828	0.1176471	0.1147541	0.1515152	0.0925926	0.0666667	0.125	0.0769231	0.0967742	0.1111111	0.0425532	0.06	0.0697674	0.1449275	0.1351351	0.1323529	0.0434783	0.0775862	
Torcol fourmilier	0.0	0.0	0.0	0.0	0.0	0.0	0.0	0.0	0.0	0.0	0.0	0.0	0.0	0.0015	0.0015	0.0	0.0015	0.0114943	0.0	0.0	0.0	0.0	0.0015	0.0096154	0.0	0.0108696	0.0	0.0224719	0.0	0.0	0.0	0.0147059	0.0	0.0	0.0	0.0	0.0	0.0	0.0	0.0	0.0	0.0	0.0	0.0	0.0	0.0	0.0	0.0	
Pic mar	0.084507	0.0133333	0.0526316	0.075	0.1034483	0.0847458	0.1071429	0.08	0.0961538	0.0289855	0.030303	0.0625	0.032967	0.0365854	0.0217391	0.0192308	0.0108696	0.0114943	0.0361446	0.0438596	0.0240964	0.019802	0.0277778	0.0096154	0.0104167	0.0217391	0.025	0.0561798	0.0144928	0.0892857	0.1034483	0.0294118	0.0491803	0.030303	0.0555556	0.0266667	0.025	0.0961538	0.0322581	0.0793651	0.0212766	0.0015	0.0232558	0.057971	0.0810811	0.1323529	0.1304348	0.1034483	
Pic épeiche	0.2957746	0.2	0.2631579	0.1625	0.2068966	0.1694915	0.1607143	0.1466667	0.25	0.1884058	0.2121212	0.2142857	0.2087912	0.1463415	0.1956522	0.1923077	0.1413043	0.0689655	0.1204819	0.254386	0.1686747	0.2970297	0.1944444	0.1826923	0.2395833	0.2826087	0.2125	0.3258427	0.2608696	0.3571429	0.3793103	0.2352941	0.2786885	0.3030303	0.2222222	0.2266667	0.225	0.1923077	0.3225806	0.2380952	0.1702128	0.24	0.2325581	0.173913	0.2972973	0.3823529	0.2173913	0.2931034	
Dendrocopos sp.	0.0	0.0133333	0.0	0.0	0.0	0.0	0.0	0.0	0.0	0.0	0.0	0.0	0.0	0.0	0.0	0.0	0.0	0.0	0.0	0.0	0.0	0.009901	0.0	0.0	0.0	0.0	0.0	0.0	0.0	0.0	0.0	0.0	0.0	0.0	0.0	0.0	0.0	0.0	0.0	0.0	0.0	0.0	0.0	0.0	0.0	0.0	0.0	0.0	
Pic épeichette	0.0	0.0266667	0.0350877	0.025	0.0344828	0.0338983	0.0535714	0.0266667	0.0769231	0.0434783	0.0454545	0.0357143	0.043956	0.0365854	0.0326087	0.0	0.0108696	0.0344828	0.0361446	0.0350877	0.0361446	0.029703	0.0277778	0.0288462	0.0520833	0.0434783	0.025	0.011236	0.0289855	0.0357143	0.0344828	0.0735294	0.0655738	0.0606061	0.0	0.0266667	0.025	0.0192308	0.0322581	0.0634921	0.0	0.04	0.0465116	0.0289855	0.0135135	0.0294118	0.0217391	0.0	
Pic cendré	0.0	0.0	0.0	0.0	0.0	0.0	0.0	0.0	0.0	0.0	0.0	0.0089286	0.0	0.0	0.0015	0.0	0.0	0.0	0.0	0.0	0.0	0.0	0.0	0.0	0.0	0.0	0.0125	0.0	0.0	0.0	0.0	0.0	0.0	0.0	0.0	0.0	0.0	0.0	0.0	0.0	0.0	0.0	0.0	0.0	0.0	0.0	0.0	0.0	
Pic vert	0.1549296	0.1466667	0.2105263	0.1875	0.1896552	0.1864407	0.1071429	0.2	0.25	0.2173913	0.2424242	0.2053571	0.1978022	0.1585366	0.2065217	0.0865385	0.1304348	0.1724138	0.1445783	0.1666667	0.0963855	0.1485149	0.1805556	0.1826923	0.21875	0.3043478	0.275	0.2921348	0.3623188	0.375	0.4310345	0.2205882	0.3442623	0.3030303	0.1481481	0.28	0.25	0.25	0.2580645	0.2698413	0.1276596	0.18	0.255814	0.1449275	0.1621622	0.1176471	0.1304348	0.25	
Pic noir	0.028169	0.0266667	0.0175439	0.05	0.1206897	0.0169492	0.0892857	0.0133333	0.0961538	0.0144928	0.0151515	0.0267857	0.032967	0.0121951	0.0434783	0.0288462	0.0326087	0.0229885	0.0361446	0.0175439	0.0240964	0.049505	0.0138889	0.0288462	0.0104167	0.0108696	0.0125	0.0224719	0.0	0.0357143	0.0172414	0.0294118	0.0327869	0.030303	0.0	0.0133333	0.1	0.0384615	0.0322581	0.0634921	0.0212766	0.06	0.0465116	0.057971	0.027027	0.0441176	0.0217391	0.0517241	
Faucon crécerelle	0.056338	0.0933333	0.0526316	0.025	0.0862069	0.0338983	0.0	0.08	0.0192308	0.057971	0.1212121	0.0625	0.0769231	0.0609756	0.1195652	0.0961538	0.0978261	0.0574713	0.0963855	0.1403509	0.0963855	0.0891089	0.0694444	0.0384615	0.125	0.1086957	0.125	0.0786517	0.0869565	0.0714286	0.1034483	0.1029412	0.0983607	0.1212121	0.0555556	0.1866667	0.125	0.0961538	0.0967742	0.1111111	0.0638298	0.08	0.0930233	0.057971	0.1621622	0.25	0.1304348	0.137931	
Faucon kobez	0.0	0.0	0.0	0.0	0.0	0.0	0.0	0.0	0.0	0.0	0.0	0.0	0.0	0.0	0.0	0.0	0.0015	0.0015	0.0	0.0	0.0	0.0	0.0	0.0	0.0	0.0	0.0	0.0	0.0	0.0	0.0	0.0	0.0	0.0	0.0	0.0	0.0	0.0	0.0	0.0	0.0	0.0	0.0	0.0	0.0	0.0	0.0	0.0	
Faucon émerillon	0.0	0.0133333	0.0	0.0	0.0172414	0.0	0.0	0.0	0.0	0.0	0.0	0.0	0.0	0.0	0.0	0.0	0.0	0.0	0.0	0.0	0.0	0.0	0.0	0.0	0.0	0.0	0.0	0.0	0.0	0.0	0.0	0.0	0.0	0.0	0.0	0.0	0.0	0.0	0.0	0.0015	0.0	0.0	0.0	0.0	0.0	0.0294118	0.0	0.0172414	
Faucon hobereau	0.0	0.0	0.0	0.0	0.0	0.0	0.0	0.0	0.0	0.0	0.0	0.0	0.0	0.0	0.0108696	0.0192308	0.0108696	0.0229885	0.0361446	0.0087719	0.0240964	0.0	0.0277778	0.0096154	0.0416667	0.0326087	0.0125	0.0337079	0.0015	0.0357143	0.0172414	0.0588235	0.0327869	0.030303	0.0015	0.0133333	0.0	0.0	0.0	0.0	0.0	0.0	0.0	0.0	0.0	0.0	0.0	0.0	
Faucon pèlerin	0.0	0.0	0.0175439	0.0	0.0	0.0169492	0.0	0.0	0.0	0.0	0.0	0.0	0.0	0.0	0.0	0.0015	0.0	0.0	0.0	0.0087719	0.0	0.009901	0.0	0.0	0.0	0.0	0.0125	0.0	0.0015	0.0	0.0	0.0	0.0	0.0	0.0	0.0133333	0.0	0.0	0.0	0.015873	0.0	0.0	0.0	0.0	0.0135135	0.0	0.0	0.0	
Falco sp.	0.0	0.0	0.0	0.0	0.0	0.0	0.0	0.0	0.0	0.0	0.0	0.0	0.0	0.0	0.0	0.0	0.0108696	0.0	0.0	0.0	0.0	0.0	0.0	0.0	0.0	0.0	0.0	0.011236	0.0	0.0	0.0	0.0	0.0	0.0	0.0	0.0	0.0	0.0	0.0	0.0	0.0	0.0	0.0	0.0	0.0	0.0	0.0	0.0	
Perruche à collier	0.0	0.0	0.0	0.0	0.0	0.0	0.0178571	0.0	0.0	0.0	0.0	0.0	0.0	0.0	0.0	0.0	0.0	0.0	0.0	0.0	0.0	0.0	0.0	0.0	0.0	0.0	0.0125	0.0	0.0	0.0	0.0	0.0	0.0	0.0	0.0	0.0133333	0.0	0.0	0.0	0.0	0.0	0.02	0.0	0.0	0.0	0.0	0.0	0.0	
Loriot d'Europe	0.0	0.0	0.0	0.0	0.0	0.0	0.0	0.0	0.0	0.0	0.0	0.0	0.010989	0.0	0.0108696	0.1153846	0.0978261	0.0689655	0.1084337	0.122807	0.1445783	0.1485149	0.0416667	0.0288462	0.0729167	0.0869565	0.0875	0.0786517	0.1014493	0.0357143	0.0015	0.0	0.0	0.0	0.0	0.0	0.0	0.0	0.0	0.0	0.0	0.0	0.0	0.0	0.0	0.0	0.0	0.0	
Pie-grièche écorcheur	0.0	0.0	0.0	0.0	0.0	0.0	0.0	0.0	0.0	0.0	0.0	0.0	0.0	0.0	0.0	0.0096154	0.0217391	0.0229885	0.0481928	0.0789474	0.0481928	0.0594059	0.0015	0.0480769	0.0625	0.076087	0.0375	0.0337079	0.0434783	0.0	0.0	0.0	0.0163934	0.0	0.0	0.0	0.0	0.0	0.0	0.0	0.0	0.0	0.0	0.0	0.0	0.0	0.0	0.0	
Pie-grièche grise	0.0	0.0	0.0	0.0	0.0	0.0	0.0	0.0	0.0	0.0	0.0	0.0	0.0	0.0	0.0	0.0	0.0	0.0	0.0	0.0	0.0	0.0	0.0	0.0	0.0	0.0	0.0	0.0	0.0	0.0	0.0	0.0	0.0	0.0	0.0	0.0	0.0	0.0	0.0	0.0	0.0	0.0	0.0	0.0	0.0	0.0	0.0015	0.0	
Pie-grièche à tête rousse	0.0	0.0	0.0	0.0	0.0	0.0	0.0	0.0	0.0	0.0	0.0	0.0	0.0	0.0	0.0	0.0	0.0	0.0	0.0	0.0	0.0	0.0	0.0	0.0	0.0	0.0	0.0	0.011236	0.0	0.0	0.0	0.0	0.0	0.0	0.0	0.0	0.0	0.0	0.0	0.0	0.0	0.0	0.0	0.0	0.0	0.0	0.0	0.0	
Geai des chênes	0.084507	0.0666667	0.1403509	0.075	0.0689655	0.1186441	0.0892857	0.0666667	0.0961538	0.0869565	0.0757576	0.1160714	0.0989011	0.0731707	0.076087	0.0961538	0.0543478	0.0229885	0.0361446	0.1052632	0.060241	0.1188119	0.0972222	0.0480769	0.0625	0.0869565	0.075	0.0561798	0.0869565	0.1607143	0.1034483	0.2058824	0.147541	0.1818182	0.1111111	0.2	0.125	0.1923077	0.1290323	0.1587302	0.0425532	0.14	0.1627907	0.173913	0.1891892	0.2647059	0.1304348	0.137931	
Pie bavarde	0.084507	0.24	0.1403509	0.15	0.2241379	0.2542373	0.125	0.1733333	0.2307692	0.2318841	0.2878788	0.1875	0.2417582	0.2195122	0.2065217	0.1634615	0.1521739	0.183908	0.2289157	0.2017544	0.1927711	0.1980198	0.3194444	0.3076923	0.2604167	0.2065217	0.2	0.2022472	0.1304348	0.2678571	0.1724138	0.2058824	0.2131148	0.2575758	0.2407407	0.2266667	0.125	0.1538462	0.1612903	0.1746032	0.1489362	0.22	0.2325581	0.2173913	0.2972973	0.2352941	0.1304348	0.1896552	
Choucas des tours	0.3380282	0.2266667	0.3508772	0.225	0.2586207	0.3898305	0.3214286	0.28	0.3076923	0.2608696	0.3030303	0.3125	0.2857143	0.2926829	0.25	0.2884615	0.2934783	0.2988506	0.2409639	0.2982456	0.373494	0.3762376	0.4444444	0.3365385	0.2708333	0.2934783	0.1875	0.3033708	0.2463768	0.4285714	0.3103448	0.2794118	0.3934426	0.3030303	0.3888889	0.3333333	0.4	0.3653846	0.4193548	0.3492063	0.3404255	0.48	0.3255814	0.3188406	0.2972973	0.2205882	0.2173913	0.3362069	
Corbeau freux	0.4366197	0.2533333	0.4210526	0.45	0.362069	0.6101695	0.3928571	0.48	0.6153846	0.6086957	0.4393939	0.5	0.4835165	0.5121951	0.3695652	0.4615385	0.4347826	0.4482759	0.3614458	0.4385965	0.4337349	0.3960396	0.4166667	0.3173077	0.2291667	0.2282609	0.25	0.247191	0.173913	0.3035714	0.2758621	0.2058824	0.3442623	0.2575758	0.3148148	0.3066667	0.35	0.4230769	0.3548387	0.3333333	0.3404255	0.48	0.4186047	0.3768116	0.3783784	0.3088235	0.3695652	0.4827586	
Corneille noire	0.3380282	0.2933333	0.2631579	0.275	0.3965517	0.3220339	0.2142857	0.2933333	0.3076923	0.2898551	0.3787879	0.3214286	0.4615385	0.2439024	0.3478261	0.4134615	0.3804348	0.4482759	0.3614458	0.377193	0.3253012	0.3861386	0.3194444	0.2403846	0.2916667	0.326087	0.3375	0.3820225	0.3478261	0.3214286	0.2758621	0.3235294	0.3934426	0.3636364	0.3148148	0.5333333	0.3	0.3076923	0.3870968	0.3809524	0.3617021	0.3	0.3488372	0.3478261	0.4459459	0.5441176	0.3043478	0.4137931	
corneille sp.	0.0	0.0	0.0	0.0	0.0	0.0	0.0	0.0	0.0	0.0	0.0	0.0	0.0	0.0	0.0	0.0	0.0	0.0	0.0240964	0.0087719	0.0	0.0	0.0	0.0096154	0.0	0.0	0.0	0.0	0.0	0.0	0.0	0.0	0.0	0.0	0.0	0.0	0.0	0.0	0.0	0.0	0.0	0.0	0.0	0.0	0.0	0.0	0.0	0.0	
Mésange noire	0.0422535	0.0533333	0.0701754	0.05	0.0517241	0.0508475	0.0357143	0.0533333	0.0	0.0434783	0.0	0.0178571	0.0	0.0	0.0108696	0.0015	0.0	0.0114943	0.0	0.0015	0.0	0.0	0.0	0.0096154	0.0	0.0	0.0	0.0	0.0	0.0	0.0	0.0	0.0	0.0	0.0185185	0.0	0.0	0.0	0.0	0.015873	0.0	0.0	0.0465116	0.057971	0.0135135	0.0441176	0.0015	0.0172414	
Mésange huppée	0.0704225	0.0533333	0.122807	0.075	0.0689655	0.0508475	0.0357143	0.04	0.0384615	0.0289855	0.0	0.0357143	0.010989	0.0243902	0.0108696	0.0	0.0108696	0.0	0.0120482	0.0087719	0.0	0.0	0.0138889	0.0192308	0.0208333	0.0108696	0.025	0.011236	0.0434783	0.0714286	0.0172414	0.0294118	0.0163934	0.0606061	0.0555556	0.0133333	0.0	0.0192308	0.0645161	0.015873	0.0638298	0.04	0.0465116	0.0869565	0.0405405	0.0588235	0.0434783	0.112069	
Mésange nonnette	0.0422535	0.1066667	0.0526316	0.075	0.1206897	0.0508475	0.0535714	0.0533333	0.0384615	0.057971	0.0151515	0.0892857	0.043956	0.0	0.0652174	0.0288462	0.0015	0.045977	0.0	0.0350877	0.060241	0.049505	0.0277778	0.0384615	0.0	0.0326087	0.0625	0.0337079	0.1304348	0.0714286	0.0517241	0.0735294	0.0491803	0.0757576	0.0740741	0.04	0.05	0.0384615	0.0322581	0.0952381	0.0425532	0.04	0.0465116	0.0869565	0.0405405	0.1911765	0.1304348	0.1465517	
Mésange boréale	0.0015	0.0	0.0	0.0	0.0	0.0	0.0	0.0	0.0	0.0	0.0	0.0	0.0	0.0	0.0	0.0	0.0	0.0	0.0	0.0	0.0	0.0	0.0	0.0	0.0	0.0	0.0	0.0	0.0	0.0	0.0	0.0	0.0	0.0	0.0	0.0	0.0	0.0	0.0	0.0	0.0	0.0	0.0	0.0	0.0	0.0	0.0	0.0	
Mésange nonnette ou M. boréale	0.0	0.0	0.0	0.0	0.0	0.0	0.0	0.0	0.0192308	0.0	0.0	0.0	0.0	0.0	0.0	0.0	0.0	0.0	0.0	0.0	0.0	0.0	0.0	0.0	0.0	0.0	0.0	0.0	0.0	0.0	0.0	0.0	0.0	0.0	0.0	0.0	0.0	0.0	0.0	0.0	0.0	0.0	0.0	0.0	0.0	0.0	0.0	0.0	
Mésange bleue	0.7887324	0.6266667	0.8070175	0.65	0.6034483	0.7457627	0.5	0.5733333	0.6346154	0.4927536	0.5	0.5625	0.4945055	0.4878049	0.4891304	0.4615385	0.326087	0.4252874	0.3493976	0.4210526	0.3493976	0.3861386	0.4305556	0.375	0.3229167	0.4130435	0.3375	0.3595506	0.3333333	0.4464286	0.4482759	0.4558824	0.4754098	0.5	0.5	0.4533333	0.4	0.5	0.3548387	0.3492063	0.3829787	0.46	0.5116279	0.6086957	0.6891892	0.6764706	0.6086957	0.7586207	
Mésange charbonnière	0.7042254	0.6666667	0.7192982	0.65	0.5689655	0.6440678	0.5535714	0.5333333	0.5769231	0.5942029	0.530303	0.5982143	0.5494505	0.5609756	0.5869565	0.4807692	0.4347826	0.4022989	0.3975904	0.3947368	0.3012048	0.3168317	0.2916667	0.2307692	0.21875	0.2608696	0.2625	0.2022472	0.2608696	0.3392857	0.3965517	0.3823529	0.3606557	0.4848485	0.462963	0.48	0.45	0.3461538	0.4516129	0.3809524	0.4042553	0.54	0.4883721	0.5507246	0.6081081	0.6176471	0.5	0.7155172	
Alouette lulu	0.0	0.0	0.0	0.0015	0.0172414	0.0169492	0.0	0.0133333	0.0384615	0.0144928	0.030303	0.0089286	0.021978	0.0243902	0.0434783	0.0	0.0217391	0.0574713	0.0361446	0.0175439	0.0361446	0.039604	0.0	0.0096154	0.0104167	0.0108696	0.0	0.0	0.0	0.0	0.0	0.0147059	0.0	0.0	0.0	0.0266667	0.025	0.0576923	0.0645161	0.0634921	0.0	0.02	0.0232558	0.0144928	0.027027	0.0147059	0.0217391	0.0172414	
Alouette des champs	0.028169	0.0	0.0175439	0.0625	0.0344828	0.0508475	0.0357143	0.1066667	0.1153846	0.1014493	0.1515152	0.0982143	0.1538462	0.097561	0.1413043	0.1057692	0.1086957	0.1494253	0.1204819	0.1666667	0.1084337	0.1188119	0.0694444	0.0576923	0.1145833	0.1195652	0.1125	0.0674157	0.0289855	0.0178571	0.0172414	0.0441176	0.0163934	0.0	0.0	0.04	0.025	0.1538462	0.0967742	0.1746032	0.0638298	0.12	0.0465116	0.0144928	0.0405405	0.1176471	0.0217391	0.0603448	
Cochevis huppé	0.0	0.0	0.0	0.0	0.0	0.0	0.0	0.0	0.0	0.0	0.0015	0.0	0.0015	0.0	0.0015	0.0096154	0.0015	0.0	0.0361446	0.0087719	0.0015	0.0015	0.0	0.0	0.0	0.0217391	0.0	0.0	0.0144928	0.0	0.0	0.0	0.0	0.0	0.0	0.0	0.0	0.0	0.0	0.0	0.0	0.0	0.0	0.0	0.0	0.0	0.0	0.0015	
Cisticole des joncs	0.0	0.0	0.0	0.0	0.0	0.0	0.0	0.0	0.0	0.0	0.0151515	0.0089286	0.010989	0.0	0.0	0.0096154	0.0	0.0229885	0.0120482	0.0175439	0.0	0.019802	0.0138889	0.0096154	0.0	0.0108696	0.0125	0.0449438	0.0144928	0.0178571	0.0517241	0.0294118	0.0163934	0.0151515	0.0	0.0	0.0	0.0192308	0.0	0.0	0.0	0.02	0.0232558	0.0	0.0	0.0	0.0	0.0	
Hypolaïs polyglotte	0.0	0.0	0.0	0.0	0.0	0.0	0.0	0.0	0.0	0.0	0.0	0.0	0.0	0.0243902	0.0108696	0.0673077	0.1413043	0.2413793	0.1084337	0.1052632	0.0843373	0.1485149	0.0972222	0.0576923	0.0729167	0.0652174	0.075	0.0674157	0.0289855	0.0	0.0015	0.0	0.0	0.0	0.0	0.0	0.0	0.0	0.0	0.0	0.0	0.0	0.0	0.0	0.0	0.0	0.0	0.0	
Phragmite des joncs	0.0	0.0	0.0	0.0	0.0	0.0	0.0	0.0	0.0	0.0	0.0	0.0	0.0	0.0	0.0	0.0	0.0	0.0	0.0	0.0015	0.0	0.0	0.0	0.0	0.0015	0.0108696	0.0015	0.0	0.0	0.0	0.0	0.0	0.0	0.0	0.0	0.0	0.0	0.0	0.0	0.0	0.0	0.0	0.0	0.0	0.0	0.0	0.0	0.0	
Rousserolle effarvatte	0.0	0.0	0.0	0.0	0.0	0.0	0.0	0.0	0.0	0.0	0.0	0.0	0.0	0.0121951	0.0	0.0096154	0.0326087	0.0229885	0.1084337	0.0701754	0.0240964	0.009901	0.0694444	0.0192308	0.0416667	0.0652174	0.025	0.0337079	0.0	0.0357143	0.0344828	0.0	0.0327869	0.0	0.0185185	0.0	0.0	0.0192308	0.0	0.0	0.0	0.0	0.0	0.0	0.0	0.0	0.0	0.0	
Rousserolle turdoïde	0.0	0.0	0.0	0.0	0.0	0.0	0.0	0.0	0.0	0.0	0.0	0.0	0.0	0.0	0.0	0.0	0.0015	0.0015	0.060241	0.0015	0.0	0.0015	0.0	0.0	0.0	0.0	0.0	0.0	0.0	0.0	0.0	0.0	0.0	0.0	0.0	0.0	0.0	0.0	0.0	0.0	0.0	0.0	0.0	0.0	0.0	0.0	0.0	0.0	
Locustelle luscinioïde	0.0	0.0	0.0	0.0	0.0	0.0	0.0	0.0	0.0	0.0	0.0	0.0	0.0	0.0	0.0	0.0	0.0	0.0	0.0	0.0087719	0.0	0.0	0.0	0.0	0.0	0.0	0.0	0.0015	0.0	0.0	0.0	0.0	0.0	0.0	0.0	0.0	0.0	0.0	0.0	0.0	0.0	0.0	0.0	0.0	0.0	0.0	0.0	0.0	
Locustelle tachetée	0.0	0.0	0.0	0.0	0.0	0.0	0.0	0.0	0.0	0.0	0.0	0.0	0.010989	0.0015	0.0108696	0.0	0.0217391	0.0229885	0.0120482	0.0	0.0	0.0	0.0138889	0.0015	0.0015	0.0108696	0.0	0.011236	0.0	0.0	0.0	0.0	0.0	0.0	0.0	0.0	0.0	0.0	0.0	0.0	0.0	0.0	0.0	0.0	0.0	0.0	0.0	0.0	
Hirondelle de rivage	0.0	0.0	0.0	0.0	0.0	0.0	0.0	0.0	0.0	0.0	0.0	0.0	0.010989	0.0121951	0.0217391	0.0384615	0.0869565	0.0574713	0.0361446	0.0438596	0.0481928	0.049505	0.0416667	0.0096154	0.0833333	0.0543478	0.0375	0.0786517	0.057971	0.0535714	0.0517241	0.0294118	0.0163934	0.0151515	0.0	0.0133333	0.0	0.0	0.0	0.0	0.0	0.0	0.0	0.0	0.0	0.0	0.0	0.0	
Hirondelle rustique	0.0	0.0	0.0	0.0	0.0	0.0	0.0	0.0	0.0192308	0.0	0.0151515	0.0357143	0.1098901	0.1463415	0.2065217	0.2115385	0.2282609	0.2413793	0.1566265	0.2280702	0.2048193	0.2574257	0.1805556	0.1538462	0.1666667	0.2391304	0.2625	0.3033708	0.2898551	0.3392857	0.3793103	0.3088235	0.2622951	0.1060606	0.1111111	0.1466667	0.0	0.0384615	0.0	0.0	0.0	0.0	0.0	0.0	0.0	0.0	0.0	0.0	
Hirondelle de fenêtre	0.0	0.0	0.0	0.0	0.0	0.0	0.0	0.0	0.0	0.0	0.0	0.0267857	0.0659341	0.1585366	0.1086957	0.3173077	0.2934783	0.2988506	0.2650602	0.4035088	0.4216867	0.3663366	0.4305556	0.4423077	0.3541667	0.3804348	0.375	0.4269663	0.3478261	0.6071429	0.4482759	0.4852941	0.2622951	0.2878788	0.1481481	0.0933333	0.0	0.0	0.0	0.0	0.0	0.0	0.0	0.0	0.0	0.0	0.0	0.0	
hirondelle sp.	0.0	0.0	0.0	0.0	0.0	0.0	0.0	0.0	0.0	0.0	0.0	0.0	0.0	0.0	0.0	0.0	0.0	0.0	0.0120482	0.0	0.0	0.0	0.0	0.0	0.0	0.0	0.0	0.0	0.0144928	0.0	0.0	0.0	0.0	0.0	0.0185185	0.0	0.0	0.0	0.0	0.0	0.0	0.0	0.0	0.0	0.0	0.0	0.0	0.0	
Pouillot siffleur	0.0	0.0	0.0	0.0	0.0	0.0	0.0	0.0	0.0	0.0	0.0	0.0	0.0	0.0	0.0434783	0.0096154	0.0326087	0.0229885	0.0361446	0.0175439	0.0120482	0.029703	0.0	0.0015	0.0	0.0	0.0	0.0	0.0144928	0.0	0.0	0.0	0.0	0.0	0.0	0.0	0.0	0.0	0.0	0.0	0.0	0.0	0.0	0.0	0.0	0.0	0.0	0.0	
Pouillot de Bonelli	0.0	0.0	0.0	0.0	0.0	0.0	0.0	0.0	0.0	0.0	0.0	0.0015	0.010989	0.0487805	0.0326087	0.0288462	0.0869565	0.0114943	0.0120482	0.0087719	0.0120482	0.019802	0.0277778	0.0015	0.0104167	0.0	0.0	0.0	0.0	0.0	0.0	0.0	0.0	0.0	0.0	0.0	0.0	0.0	0.0	0.0	0.0	0.0	0.0	0.0	0.0	0.0	0.0	0.0	
Pouillot à grands sourcils	0.0	0.0	0.0	0.0	0.0	0.0	0.0	0.0	0.0	0.0	0.0	0.0	0.0	0.0	0.0	0.0015	0.0	0.0	0.0	0.0	0.0	0.0	0.0	0.0	0.0	0.0	0.0	0.0	0.0	0.0	0.0	0.0	0.0	0.0	0.0	0.0	0.0	0.0	0.0	0.0	0.0	0.0	0.0	0.0	0.0	0.0	0.0	0.0	
Pouillot fitis	0.0	0.0	0.0	0.0	0.0	0.0	0.0	0.0	0.0	0.0	0.0	0.0089286	0.0879121	0.0487805	0.076087	0.0192308	0.0326087	0.0114943	0.0240964	0.0263158	0.0120482	0.0	0.0	0.0	0.0	0.0	0.0015	0.011236	0.0	0.0357143	0.0015	0.0147059	0.0655738	0.0454545	0.037037	0.0015	0.0	0.0	0.0	0.0	0.0	0.0	0.0	0.0	0.0	0.0	0.0	0.0	
Pouillot véloce	0.0422535	0.0133333	0.0175439	0.0	0.0517241	0.0847458	0.0357143	0.1066667	0.1923077	0.1884058	0.3636364	0.4642857	0.5054945	0.4146341	0.3913043	0.4423077	0.3369565	0.4022989	0.3012048	0.2894737	0.2048193	0.3069307	0.2083333	0.1634615	0.3229167	0.2826087	0.2	0.2359551	0.3188406	0.2857143	0.2758621	0.3088235	0.3442623	0.3787879	0.3888889	0.32	0.325	0.3269231	0.1935484	0.1111111	0.1276596	0.08	0.1162791	0.0144928	0.027027	0.0	0.0434783	0.0603448	
Bouscarle de Cetti	0.028169	0.0266667	0.0175439	0.0	0.0689655	0.0169492	0.0357143	0.0133333	0.0384615	0.0144928	0.0015	0.0267857	0.0549451	0.0121951	0.0108696	0.0288462	0.0	0.0574713	0.0240964	0.0526316	0.0120482	0.029703	0.0138889	0.0	0.0104167	0.0108696	0.0125	0.0224719	0.0	0.0	0.0172414	0.0147059	0.0491803	0.0151515	0.0185185	0.0133333	0.025	0.0384615	0.0	0.015873	0.0425532	0.02	0.0465116	0.0289855	0.027027	0.0147059	0.0652174	0.0258621	
Orite à longue queue	0.0704225	0.12	0.0526316	0.1125	0.137931	0.1186441	0.1428571	0.0933333	0.1346154	0.057971	0.1060606	0.0625	0.1098901	0.0243902	0.1195652	0.0480769	0.0652174	0.045977	0.0843373	0.0526316	0.0843373	0.0693069	0.0416667	0.0288462	0.03125	0.076087	0.0875	0.0674157	0.1014493	0.0357143	0.1034483	0.0735294	0.1147541	0.1212121	0.0740741	0.12	0.075	0.0961538	0.1290323	0.1111111	0.0425532	0.14	0.1860465	0.0724638	0.1486486	0.25	0.1304348	0.2327586	
Fauvette à tête noire	0.0	0.0	0.0	0.0	0.0	0.0	0.0178571	0.0015	0.0769231	0.1014493	0.1818182	0.4017857	0.5384615	0.4390244	0.4782609	0.4807692	0.4456522	0.5287356	0.4698795	0.4912281	0.373494	0.4851485	0.4583333	0.2692308	0.2916667	0.3478261	0.1875	0.1797753	0.2318841	0.2142857	0.362069	0.2794118	0.2295082	0.2272727	0.1111111	0.12	0.075	0.0769231	0.0645161	0.0634921	0.0212766	0.0	0.0	0.0	0.0135135	0.0441176	0.0217391	0.0086207	
Fauvette des jardins	0.0	0.0	0.0	0.0	0.0	0.0	0.0	0.0	0.0	0.0	0.0	0.0	0.0	0.0	0.0652174	0.125	0.0434783	0.0804598	0.0963855	0.0877193	0.0722892	0.0594059	0.0277778	0.0288462	0.0520833	0.0326087	0.0125	0.0015	0.0144928	0.0178571	0.0	0.0147059	0.0163934	0.0	0.0	0.0	0.0	0.0	0.0	0.0	0.0	0.0	0.0	0.0	0.0	0.0	0.0	0.0	
Fauvette babillarde	0.0	0.0	0.0	0.0	0.0	0.0	0.0	0.0	0.0	0.0	0.0	0.0	0.0	0.0	0.0	0.0	0.0	0.0	0.0	0.0	0.0	0.0	0.0	0.0096154	0.0	0.0	0.0	0.0	0.0	0.0	0.0	0.0015	0.0	0.0	0.0	0.0	0.0	0.0	0.0	0.0	0.0	0.0	0.0	0.0	0.0	0.0	0.0	0.0	
Fauvette grisette	0.0	0.0	0.0	0.0	0.0	0.0	0.0	0.0	0.0	0.0	0.0	0.0	0.0549451	0.097561	0.0869565	0.1538462	0.1195652	0.2528736	0.1204819	0.1666667	0.1445783	0.1584158	0.0694444	0.0288462	0.09375	0.0978261	0.0125	0.0337079	0.0289855	0.0357143	0.0344828	0.0588235	0.0327869	0.0	0.0	0.0	0.0	0.0	0.0	0.0	0.0	0.0	0.0	0.0	0.0	0.0	0.0	0.0	
Fauvette pitchou	0.0	0.0	0.0	0.0	0.0	0.0	0.0	0.0	0.0	0.0	0.0	0.0	0.0	0.0	0.0	0.0	0.0108696	0.0	0.0	0.0	0.0	0.0	0.0	0.0	0.0	0.0	0.0	0.0	0.0	0.0	0.0	0.0	0.0	0.0	0.0	0.0	0.0	0.0	0.0	0.0	0.0	0.0	0.0	0.0	0.0	0.0	0.0	0.0	
Roitelet huppé	0.0	0.04	0.0175439	0.0	0.0517241	0.0169492	0.0178571	0.0	0.0192308	0.0144928	0.0151515	0.0089286	0.0015	0.0243902	0.0015	0.0288462	0.0108696	0.0114943	0.0	0.0	0.0120482	0.0	0.0138889	0.0	0.0104167	0.0	0.0015	0.0	0.0289855	0.0178571	0.0172414	0.0441176	0.0015	0.0151515	0.0	0.0266667	0.0	0.0	0.0322581	0.031746	0.0212766	0.04	0.0465116	0.0289855	0.0540541	0.1911765	0.0434783	0.0603448	
Roitelet à triple bandeau	0.028169	0.0533333	0.0350877	0.025	0.0689655	0.0338983	0.1071429	0.0933333	0.2307692	0.1884058	0.1969697	0.1964286	0.1648352	0.2317073	0.0869565	0.2211538	0.1956522	0.2068966	0.1325301	0.1666667	0.1084337	0.1386139	0.0555556	0.0480769	0.0208333	0.076087	0.025	0.0449438	0.0434783	0.0178571	0.1034483	0.0735294	0.1147541	0.0909091	0.037037	0.04	0.125	0.1153846	0.0967742	0.0793651	0.0638298	0.12	0.1162791	0.0724638	0.1081081	0.0882353	0.0217391	0.0775862	
Roitelet huppé ou R. à triple bandeau	0.0	0.0	0.0	0.0	0.0	0.0	0.0	0.0	0.0	0.0	0.0	0.0	0.0	0.0	0.0	0.0	0.0	0.0	0.0	0.0	0.0	0.0	0.0	0.0	0.0	0.0	0.0	0.0	0.0	0.0	0.0	0.0	0.0	0.0151515	0.0	0.0	0.0	0.0	0.0	0.0	0.0	0.0	0.0	0.0	0.0	0.0	0.0	0.0	
Tichodrome échelette	0.0	0.0	0.0	0.0	0.0	0.0	0.0	0.0133333	0.0	0.0	0.0	0.0	0.0	0.0	0.0	0.0	0.0	0.0	0.0	0.0	0.0	0.0	0.0	0.0	0.0	0.0	0.0	0.0	0.0	0.0	0.0	0.0	0.0	0.0	0.0	0.0	0.0	0.0	0.0	0.0	0.0	0.0	0.0	0.0	0.0	0.0	0.0	0.0	
Sittelle torchepot	0.1408451	0.1466667	0.1754386	0.15	0.137931	0.1694915	0.125	0.1333333	0.1538462	0.1449275	0.1363636	0.1428571	0.1758242	0.0365854	0.0652174	0.0769231	0.0217391	0.0114943	0.0963855	0.0701754	0.0481928	0.0792079	0.0555556	0.0769231	0.0729167	0.1195652	0.0875	0.0786517	0.1594203	0.1071429	0.1034483	0.1176471	0.147541	0.1060606	0.1296296	0.2	0.1	0.1153846	0.1290323	0.1428571	0.0638298	0.1	0.1162791	0.1594203	0.1351351	0.1764706	0.1304348	0.25	
Grimpereau des jardins	0.1971831	0.2533333	0.2105263	0.2375	0.2931034	0.2372881	0.1964286	0.12	0.25	0.1304348	0.1818182	0.1517857	0.2197802	0.1585366	0.173913	0.2211538	0.1630435	0.1724138	0.1566265	0.2105263	0.1566265	0.1881188	0.1527778	0.1346154	0.1875	0.2173913	0.2125	0.2247191	0.3478261	0.2321429	0.2241379	0.2647059	0.2786885	0.2878788	0.1851852	0.1866667	0.15	0.1153846	0.1935484	0.1587302	0.1489362	0.14	0.255814	0.1594203	0.1891892	0.2205882	0.1956522	0.2586207	
Grimpereau des bois ou G. des jardins	0.0	0.0	0.0	0.0	0.0	0.0	0.0	0.0	0.0	0.0	0.0	0.0	0.010989	0.0	0.0	0.0	0.0	0.0	0.0	0.0087719	0.0015	0.0	0.0015	0.0	0.0	0.0	0.0	0.0	0.0	0.0	0.0	0.0	0.0	0.0	0.0	0.0	0.0	0.0	0.0	0.0	0.0	0.0	0.0	0.0	0.0	0.0294118	0.0	0.0	
Troglodyte mignon	0.2253521	0.2133333	0.1578947	0.1125	0.2586207	0.2033898	0.1428571	0.1733333	0.2115385	0.173913	0.2121212	0.2321429	0.2527473	0.1829268	0.2282609	0.1826923	0.0652174	0.1494253	0.1686747	0.2105263	0.1325301	0.1584158	0.1111111	0.0769231	0.09375	0.1630435	0.075	0.0786517	0.115942	0.0714286	0.0862069	0.1029412	0.0983607	0.1060606	0.037037	0.1066667	0.05	0.0961538	0.0967742	0.1587302	0.2765957	0.24	0.2790698	0.2173913	0.3108108	0.3676471	0.2173913	0.2155172	
Étourneau sansonnet	0.1830986	0.2	0.2280702	0.2125	0.2758621	0.3220339	0.1607143	0.3333333	0.1730769	0.2898551	0.2121212	0.2053571	0.2417582	0.1463415	0.3695652	0.2596154	0.2934783	0.3563218	0.3493976	0.3070175	0.3493976	0.3762376	0.2638889	0.1923077	0.21875	0.2391304	0.2375	0.1123596	0.0724638	0.1607143	0.1724138	0.25	0.4098361	0.2878788	0.2407407	0.24	0.2	0.3269231	0.2580645	0.4126984	0.2978723	0.34	0.2325581	0.2028986	0.3378378	0.3970588	0.2173913	0.387931	
Grive draine	0.1408451	0.0933333	0.0877193	0.125	0.1551724	0.1355932	0.125	0.0666667	0.0961538	0.0434783	0.0151515	0.0357143	0.0879121	0.0121951	0.0978261	0.0480769	0.0217391	0.0	0.0120482	0.0438596	0.0120482	0.019802	0.0138889	0.0096154	0.0416667	0.0217391	0.025	0.0224719	0.0289855	0.0357143	0.0344828	0.0441176	0.0	0.0	0.037037	0.0266667	0.1	0.1730769	0.0967742	0.0634921	0.0851064	0.12	0.0930233	0.115942	0.1756757	0.2352941	0.1086957	0.1896552	
Grive musicienne	0.0422535	0.1066667	0.0175439	0.0875	0.1551724	0.1694915	0.1607143	0.1866667	0.3076923	0.2173913	0.1363636	0.1428571	0.1648352	0.1219512	0.1086957	0.1057692	0.0652174	0.1494253	0.1686747	0.1666667	0.1204819	0.1584158	0.1388889	0.0673077	0.1041667	0.0978261	0.025	0.0449438	0.0289855	0.0535714	0.0172414	0.0735294	0.0491803	0.0151515	0.0185185	0.0533333	0.05	0.1538462	0.0967742	0.0952381	0.0425532	0.06	0.1395349	0.057971	0.0405405	0.0882353	0.0	0.0517241	
Grive mauvis	0.0015	0.04	0.0350877	0.0125	0.0517241	0.0677966	0.0	0.0133333	0.0384615	0.0289855	0.0151515	0.0089286	0.010989	0.0121951	0.0	0.0	0.0	0.0	0.0	0.0	0.0	0.0	0.0	0.0	0.0	0.0	0.0	0.0	0.0	0.0	0.0	0.0	0.0	0.0	0.0	0.0	0.0	0.0384615	0.0322581	0.031746	0.0212766	0.04	0.0465116	0.0144928	0.027027	0.0147059	0.0	0.0344828	
Merle noir	0.6619718	0.6266667	0.7368421	0.65	0.6896552	0.779661	0.5892857	0.6133333	0.75	0.7246377	0.6212121	0.7410714	0.7032967	0.7195122	0.75	0.8365385	0.6413043	0.7931034	0.7108434	0.7719298	0.746988	0.7623762	0.7916667	0.5961538	0.5625	0.5869565	0.5125	0.4382022	0.4492754	0.5535714	0.5689655	0.4558824	0.4918033	0.4393939	0.537037	0.4666667	0.675	0.6923077	0.5483871	0.5555556	0.6170213	0.64	0.6511628	0.5362319	0.6621622	0.8382353	0.4565217	0.637931	
Grive litorne	0.056338	0.04	0.0350877	0.0	0.0172414	0.1016949	0.0	0.0	0.0192308	0.0	0.0	0.0089286	0.0	0.0	0.0108696	0.0	0.0	0.0	0.0	0.0087719	0.0	0.0	0.0	0.0	0.0	0.0	0.0	0.0	0.0	0.0	0.0	0.0	0.0	0.0	0.0	0.0	0.0	0.0	0.0	0.015873	0.0	0.04	0.0697674	0.0	0.0540541	0.0147059	0.0	0.0603448	
Merle à plastron	0.0	0.0	0.0	0.0	0.0	0.0	0.0	0.0	0.0	0.0	0.0	0.0	0.010989	0.0	0.0015	0.0	0.0	0.0	0.0	0.0	0.0	0.0	0.0	0.0	0.0	0.0	0.0	0.0	0.0	0.0	0.0	0.0	0.0	0.0	0.0	0.0	0.0	0.0	0.0	0.0	0.0	0.0	0.0	0.0	0.0	0.0	0.0	0.0	
Turdus sp.	0.0	0.0	0.0	0.0	0.0172414	0.0	0.0	0.0	0.0	0.0144928	0.0	0.0	0.010989	0.0	0.0	0.0	0.0	0.0	0.0	0.0	0.0	0.0	0.0	0.0	0.0	0.0	0.0	0.0	0.0	0.0	0.0	0.0	0.0	0.0	0.0	0.0	0.0	0.0192308	0.0322581	0.0	0.0	0.04	0.0	0.0	0.0	0.0	0.0	0.0	
Gobemouche gris	0.0	0.0	0.0	0.0	0.0	0.0	0.0	0.0	0.0	0.0	0.0	0.0	0.0	0.0	0.0	0.0	0.0	0.0344828	0.060241	0.0614035	0.0240964	0.039604	0.0277778	0.0288462	0.0208333	0.0434783	0.0375	0.0674157	0.1014493	0.1428571	0.0344828	0.1029412	0.0491803	0.0454545	0.0185185	0.0266667	0.0	0.0	0.0	0.0	0.0	0.0	0.0	0.0	0.0	0.0	0.0	0.0	
Rougegorge familier	0.6197183	0.4933333	0.5964912	0.575	0.5517241	0.5932203	0.4642857	0.68	0.6538462	0.5797101	0.469697	0.5535714	0.5494505	0.4634146	0.4456522	0.3365385	0.2717391	0.2988506	0.313253	0.3684211	0.4216867	0.3366337	0.2222222	0.2211538	0.3229167	0.2391304	0.2125	0.1910112	0.173913	0.2142857	0.3103448	0.2941176	0.295082	0.469697	0.462963	0.6	0.675	0.7692308	0.8064516	0.7142857	0.7446809	0.74	0.744186	0.5507246	0.6081081	0.75	0.5434783	0.7068966	
Rossignol philomèle	0.0	0.0	0.0	0.0	0.0	0.0	0.0	0.0	0.0	0.0	0.0	0.0015	0.043956	0.1707317	0.2173913	0.2692308	0.3478261	0.3103448	0.2168675	0.2719298	0.1807229	0.1188119	0.0833333	0.1057692	0.0208333	0.1086957	0.0015	0.0224719	0.0289855	0.0	0.0172414	0.0	0.0	0.0151515	0.0	0.0	0.0	0.0	0.0	0.0	0.0	0.0	0.0	0.0	0.0	0.0	0.0	0.0	
Gobemouche noir	0.0	0.0	0.0	0.0	0.0	0.0	0.0	0.0	0.0	0.0	0.0	0.0	0.0	0.0	0.0015	0.0	0.0	0.0	0.0	0.0087719	0.0	0.0	0.0	0.0015	0.0	0.0015	0.0	0.0	0.0	0.0178571	0.1034483	0.0735294	0.147541	0.0151515	0.037037	0.0133333	0.0	0.0	0.0	0.0	0.0	0.0	0.0	0.0	0.0	0.0	0.0	0.0	
Rougequeue à front blanc	0.0	0.0	0.0	0.0	0.0	0.0	0.0	0.0	0.0	0.0	0.0	0.0	0.043956	0.2195122	0.1304348	0.2403846	0.25	0.2988506	0.2048193	0.245614	0.2650602	0.2277228	0.3055556	0.125	0.1666667	0.1630435	0.1625	0.1573034	0.115942	0.1428571	0.2241379	0.1470588	0.1147541	0.0151515	0.0	0.04	0.0	0.0	0.0	0.0	0.0	0.0	0.0	0.0	0.0	0.0	0.0	0.0	
Rougequeue noir	0.0	0.0	0.0	0.0015	0.0015	0.0	0.0178571	0.0133333	0.0	0.0289855	0.0909091	0.0982143	0.1208791	0.1463415	0.1847826	0.1730769	0.1086957	0.137931	0.1084337	0.1578947	0.1445783	0.1584158	0.0694444	0.0769231	0.0520833	0.076087	0.0625	0.0337079	0.1304348	0.0892857	0.1551724	0.0441176	0.0327869	0.1212121	0.037037	0.1333333	0.125	0.0576923	0.0967742	0.1111111	0.0638298	0.0	0.0232558	0.0	0.027027	0.0	0.0	0.0258621	
Tarier des prés	0.0	0.0	0.0	0.0	0.0	0.0	0.0	0.0	0.0	0.0	0.0	0.0015	0.0	0.0	0.0	0.0096154	0.0108696	0.0	0.0	0.0087719	0.0	0.0	0.0	0.0	0.0104167	0.0	0.0	0.0	0.0	0.0	0.0	0.0147059	0.0327869	0.0	0.0	0.0	0.0	0.0	0.0	0.0	0.0	0.0	0.0	0.0	0.0	0.0	0.0	0.0	
Tarier pâtre	0.0	0.04	0.0175439	0.0	0.0	0.0508475	0.0535714	0.08	0.0961538	0.0724638	0.0757576	0.1071429	0.1098901	0.0853659	0.076087	0.1442308	0.0869565	0.1609195	0.0963855	0.1052632	0.0843373	0.1287129	0.0416667	0.0480769	0.0416667	0.0869565	0.0625	0.0786517	0.1014493	0.0714286	0.0689655	0.0588235	0.0819672	0.0909091	0.037037	0.0266667	0.05	0.0769231	0.0322581	0.031746	0.0212766	0.02	0.0	0.0144928	0.027027	0.0441176	0.0217391	0.0258621	
Traquet motteux	0.0	0.0	0.0	0.0	0.0	0.0	0.0	0.0	0.0	0.0	0.0151515	0.0	0.0	0.0	0.0108696	0.0192308	0.0	0.0	0.0	0.0	0.0	0.0	0.0	0.0	0.0	0.0	0.0	0.0	0.0	0.0	0.0172414	0.0147059	0.0	0.0	0.0	0.0	0.0	0.0	0.0	0.0	0.0	0.0	0.0	0.0	0.0	0.0	0.0	0.0	
Accenteur mouchet	0.2112676	0.1333333	0.1754386	0.225	0.2241379	0.3220339	0.2321429	0.4	0.3846154	0.2898551	0.2575758	0.2946429	0.1868132	0.2439024	0.173913	0.1923077	0.1847826	0.1954023	0.1566265	0.1929825	0.1566265	0.1188119	0.0694444	0.0673077	0.0833333	0.0543478	0.0125	0.011236	0.0144928	0.0535714	0.0172414	0.0882353	0.0655738	0.0606061	0.0	0.0133333	0.075	0.1730769	0.0967742	0.0952381	0.1276596	0.12	0.1395349	0.1449275	0.2027027	0.2352941	0.2173913	0.2586207	
Moineau domestique	0.4647887	0.36	0.4385965	0.4	0.4137931	0.5423729	0.3928571	0.36	0.4423077	0.4637681	0.3484848	0.3660714	0.3516484	0.4512195	0.4021739	0.3942308	0.3913043	0.5057471	0.313253	0.5	0.4337349	0.4653465	0.5138889	0.5384615	0.4375	0.4673913	0.5375	0.3820225	0.2608696	0.3214286	0.2413793	0.3676471	0.1639344	0.1969697	0.2777778	0.28	0.075	0.1923077	0.1612903	0.3650794	0.2340426	0.32	0.3255814	0.1884058	0.4459459	0.4558824	0.4130435	0.3017241	
Moineau friquet	0.0	0.0	0.0	0.0	0.0	0.0	0.0	0.0	0.0	0.0	0.0	0.0	0.0	0.0	0.0	0.0	0.0	0.0	0.0	0.0	0.0	0.0	0.0	0.0	0.0	0.0	0.0015	0.0	0.0	0.0	0.0	0.0	0.0	0.0	0.0	0.0	0.0	0.0	0.0	0.0	0.0	0.0	0.0	0.0	0.0	0.0	0.0	0.0	
Bergeronnette des ruisseaux	0.028169	0.0133333	0.0015	0.0015	0.0689655	0.0508475	0.0535714	0.0266667	0.0384615	0.0434783	0.0606061	0.0446429	0.0769231	0.0365854	0.0543478	0.0480769	0.0108696	0.0574713	0.060241	0.0526316	0.0481928	0.009901	0.0138889	0.0192308	0.0104167	0.0434783	0.0375	0.0224719	0.0434783	0.0357143	0.0015	0.0735294	0.0655738	0.0454545	0.0185185	0.0266667	0.025	0.1346154	0.1290323	0.1269841	0.0425532	0.08	0.1162791	0.0144928	0.027027	0.0735294	0.0652174	0.0517241	
Bergeronnette printanière	0.0	0.0	0.0	0.0	0.0	0.0	0.0	0.0	0.0	0.0	0.0	0.0	0.010989	0.0015	0.076087	0.0576923	0.0434783	0.0574713	0.0120482	0.0350877	0.0120482	0.039604	0.0	0.0192308	0.0208333	0.0434783	0.0375	0.0224719	0.0144928	0.0178571	0.0344828	0.0735294	0.0163934	0.0	0.0185185	0.0	0.025	0.0	0.0	0.0	0.0	0.0	0.0	0.0	0.0	0.0	0.0	0.0	
Bergeronnette grise	0.0140845	0.0266667	0.0175439	0.05	0.0172414	0.1016949	0.0535714	0.0933333	0.0769231	0.0869565	0.2121212	0.1428571	0.1868132	0.1341463	0.1956522	0.1923077	0.1956522	0.1724138	0.0843373	0.1491228	0.1686747	0.1683168	0.0833333	0.1153846	0.1666667	0.2065217	0.1625	0.1460674	0.1449275	0.125	0.1206897	0.2058824	0.0983607	0.1060606	0.1666667	0.1466667	0.1	0.2115385	0.1290323	0.1428571	0.0638298	0.08	0.0930233	0.0289855	0.0540541	0.0588235	0.0	0.0431034	
bergeronette sp.	0.0	0.0	0.0	0.0	0.0	0.0	0.0	0.0	0.0	0.0	0.0151515	0.0	0.0	0.0	0.0	0.0	0.0	0.0	0.0	0.0	0.0	0.0	0.0	0.0	0.0	0.0	0.0	0.0	0.0	0.0	0.0	0.0	0.0	0.0	0.0	0.0	0.0	0.0	0.0	0.0	0.0	0.0	0.0232558	0.0	0.0	0.0	0.0	0.0	
Pipit farlouse	0.0422535	0.08	0.0526316	0.1125	0.1034483	0.1525424	0.0892857	0.0666667	0.0961538	0.057971	0.030303	0.0446429	0.0659341	0.0121951	0.0108696	0.0096154	0.0	0.0	0.0	0.0	0.0	0.0	0.0	0.0	0.0	0.0	0.0	0.0	0.0	0.0	0.0	0.0	0.0	0.0	0.0	0.0266667	0.075	0.0961538	0.0645161	0.1428571	0.106383	0.1	0.0930233	0.0434783	0.0540541	0.0735294	0.0869565	0.0431034	
Pipit des arbres	0.0	0.0	0.0	0.0	0.0	0.0	0.0	0.0	0.0	0.0144928	0.0	0.0	0.021978	0.0609756	0.1086957	0.0673077	0.0434783	0.0229885	0.0240964	0.0263158	0.0120482	0.029703	0.0416667	0.0192308	0.03125	0.0	0.0375	0.0337079	0.0144928	0.0357143	0.0015	0.0735294	0.0655738	0.0606061	0.0185185	0.0266667	0.0	0.0192308	0.0	0.0	0.0	0.0	0.0	0.0	0.0	0.0	0.0	0.0	
Pipit à gorge rousse	0.0	0.0	0.0	0.0	0.0	0.0	0.0	0.0	0.0	0.0	0.0	0.0	0.0015	0.0	0.0	0.0	0.0	0.0	0.0	0.0	0.0	0.0	0.0	0.0	0.0	0.0	0.0	0.0	0.0	0.0	0.0	0.0	0.0	0.0	0.0	0.0	0.0	0.0	0.0	0.0	0.0	0.0	0.0	0.0	0.0	0.0	0.0	0.0	
Pipit spioncelle	0.0	0.0	0.0	0.0	0.0	0.0169492	0.0	0.0	0.0	0.0	0.0	0.0089286	0.010989	0.0	0.0	0.0	0.0	0.0	0.0	0.0	0.0	0.0	0.0	0.0	0.0	0.0	0.0	0.0	0.0	0.0	0.0	0.0	0.0	0.0	0.0	0.0	0.0	0.0	0.0	0.015873	0.0	0.0	0.0	0.0144928	0.027027	0.0	0.0	0.0	
Anthus sp.	0.0	0.0	0.0	0.0	0.0	0.0	0.0	0.0	0.0	0.0	0.0151515	0.0	0.0	0.0	0.0	0.0	0.0	0.0	0.0	0.0	0.0	0.0	0.0	0.0	0.0	0.0	0.0	0.011236	0.0	0.0	0.0	0.0	0.0	0.0	0.0	0.0	0.0	0.0	0.0	0.0	0.0	0.0	0.0	0.0	0.0	0.0147059	0.0	0.0	
Pinson des arbres	0.7464789	0.6266667	0.8421053	0.725	0.6551724	0.779661	0.5714286	0.6533333	0.6923077	0.6376812	0.6515152	0.7053571	0.7142857	0.6463415	0.7826087	0.75	0.673913	0.7126437	0.5783133	0.7368421	0.6626506	0.7326733	0.7638889	0.5769231	0.5104167	0.4021739	0.4	0.3595506	0.2463768	0.4464286	0.2931034	0.3970588	0.3114754	0.3030303	0.5185185	0.4133333	0.35	0.5576923	0.5483871	0.4126984	0.3617021	0.54	0.5116279	0.5942029	0.6486486	0.6911765	0.5434783	0.7586207	
Pinson du Nord	0.0422535	0.0133333	0.0350877	0.0	0.0	0.0	0.0178571	0.08	0.0576923	0.0869565	0.0909091	0.0982143	0.043956	0.0	0.0217391	0.0	0.0	0.0	0.0	0.0	0.0	0.0	0.0	0.0	0.0	0.0	0.0	0.0	0.0	0.0	0.0	0.0	0.0	0.0	0.0	0.0	0.0	0.0	0.0	0.015873	0.0	0.0	0.0465116	0.0144928	0.0	0.0441176	0.0652174	0.0172414	
Grosbec casse-noyaux	0.0140845	0.0533333	0.1578947	0.1125	0.1724138	0.1016949	0.125	0.1066667	0.2115385	0.115942	0.0909091	0.0892857	0.0879121	0.0365854	0.0326087	0.0288462	0.0326087	0.045977	0.0361446	0.0263158	0.0240964	0.049505	0.0694444	0.0384615	0.0208333	0.0326087	0.0375	0.0224719	0.0289855	0.0178571	0.0	0.0294118	0.0491803	0.030303	0.0015	0.0133333	0.0	0.0384615	0.0322581	0.0634921	0.0	0.08	0.0232558	0.0289855	0.0810811	0.0735294	0.0652174	0.0344828	
Bouvreuil pivoine	0.0422535	0.04	0.0526316	0.0125	0.0172414	0.0169492	0.0178571	0.0133333	0.0192308	0.0	0.0	0.0089286	0.0	0.0	0.0	0.0	0.0	0.0	0.0	0.0	0.0	0.0	0.0	0.0096154	0.0	0.0108696	0.0	0.0224719	0.0144928	0.0178571	0.0	0.0147059	0.0	0.0	0.0185185	0.0	0.0	0.0192308	0.0	0.0	0.0	0.02	0.0697674	0.0144928	0.0	0.0294118	0.0217391	0.0172414	
Verdier d'Europe	0.1690141	0.1333333	0.2105263	0.25	0.3103448	0.3898305	0.1785714	0.24	0.2692308	0.4057971	0.2272727	0.2767857	0.2637363	0.2439024	0.2391304	0.2403846	0.2065217	0.2413793	0.2650602	0.2368421	0.2289157	0.2574257	0.2222222	0.2019231	0.2708333	0.25	0.3	0.2134831	0.1014493	0.1964286	0.1551724	0.0735294	0.1147541	0.1060606	0.0740741	0.0666667	0.05	0.1538462	0.0967742	0.0793651	0.0425532	0.12	0.1162791	0.0724638	0.1351351	0.0882353	0.1086957	0.1551724	
Linotte mélodieuse	0.0	0.0133333	0.0175439	0.0125	0.0	0.0	0.0357143	0.08	0.0961538	0.0724638	0.030303	0.0803571	0.0879121	0.0853659	0.1304348	0.1442308	0.1195652	0.2068966	0.0963855	0.1140351	0.1686747	0.1287129	0.0833333	0.0673077	0.09375	0.1956522	0.1625	0.1685393	0.1594203	0.0892857	0.0862069	0.1764706	0.1311475	0.1060606	0.0555556	0.0533333	0.05	0.0576923	0.0645161	0.047619	0.0	0.02	0.0697674	0.0289855	0.0	0.0588235	0.0217391	0.0344828	
Sizerin flammé	0.0	0.0	0.0	0.0	0.0	0.0	0.0	0.0	0.0	0.0	0.0	0.0	0.0	0.0	0.0	0.0	0.0	0.0	0.0	0.0	0.0	0.0	0.0	0.0	0.0	0.0	0.0	0.0	0.0	0.0	0.0	0.0	0.0	0.0	0.0	0.0	0.0	0.0	0.0	0.015873	0.0015	0.02	0.0	0.0	0.0	0.0	0.0	0.0015	
Bec-croisé des sapins	0.0	0.0	0.0	0.0	0.0	0.0	0.0	0.0	0.0	0.0	0.0	0.0	0.0	0.0	0.0	0.0	0.0	0.0	0.0	0.0	0.0	0.0	0.0	0.0	0.0	0.0	0.0	0.0	0.0	0.0	0.0	0.0	0.0	0.0	0.0	0.0	0.0	0.0	0.0	0.0	0.0	0.0	0.0	0.0	0.0	0.0	0.0015	0.0	
Chardonneret élégant	0.1549296	0.1466667	0.1578947	0.2125	0.2931034	0.2372881	0.1071429	0.28	0.0961538	0.2753623	0.1515152	0.2321429	0.0989011	0.1585366	0.25	0.25	0.173913	0.2873563	0.1445783	0.1666667	0.2650602	0.2376238	0.1527778	0.1923077	0.21875	0.1847826	0.3625	0.2696629	0.2028986	0.1964286	0.2068966	0.2058824	0.0983607	0.1666667	0.0925926	0.12	0.125	0.1153846	0.1612903	0.1587302	0.106383	0.08	0.0930233	0.0724638	0.1216216	0.1617647	0.1304348	0.1810345	
Serin cini	0.0	0.0133333	0.0	0.0	0.0015	0.0338983	0.0357143	0.04	0.1538462	0.1594203	0.1212121	0.1785714	0.2197802	0.2926829	0.1847826	0.25	0.2065217	0.2873563	0.1807229	0.245614	0.3012048	0.2574257	0.3194444	0.2115385	0.28125	0.2173913	0.275	0.1348315	0.115942	0.2321429	0.1896552	0.1176471	0.0983607	0.0606061	0.037037	0.0533333	0.05	0.0961538	0.0322581	0.015873	0.0638298	0.06	0.0232558	0.0144928	0.0135135	0.0147059	0.0217391	0.0086207	
Tarin des aulnes	0.1267606	0.16	0.0350877	0.1125	0.1724138	0.1694915	0.0714286	0.16	0.1538462	0.1304348	0.030303	0.0535714	0.032967	0.0	0.0108696	0.0	0.0	0.0	0.0	0.0	0.0	0.0	0.0	0.0	0.0	0.0	0.0	0.0	0.0	0.0	0.0	0.0	0.0	0.0	0.0	0.0	0.05	0.0961538	0.0645161	0.1111111	0.106383	0.08	0.1395349	0.115942	0.1216216	0.1176471	0.1086957	0.0775862	
Bruant proyer	0.0	0.0	0.0	0.0	0.0	0.0	0.0	0.0133333	0.0	0.0144928	0.0151515	0.0015	0.010989	0.0	0.0108696	0.0192308	0.0108696	0.0344828	0.0240964	0.0263158	0.0240964	0.039604	0.0277778	0.0480769	0.0104167	0.0217391	0.0125	0.011236	0.0144928	0.0	0.0172414	0.0	0.0	0.0	0.0	0.0	0.0	0.0	0.0	0.0	0.0	0.0	0.0	0.0	0.0	0.0	0.0	0.0015	
Bruant zizi	0.0422535	0.04	0.0350877	0.075	0.137931	0.1016949	0.1071429	0.1866667	0.2884615	0.1449275	0.1515152	0.1160714	0.1318681	0.0609756	0.1304348	0.1634615	0.0978261	0.137931	0.0963855	0.1578947	0.1204819	0.1584158	0.125	0.1826923	0.1145833	0.1086957	0.1375	0.1235955	0.0434783	0.0357143	0.1034483	0.1323529	0.1311475	0.1060606	0.0925926	0.08	0.075	0.1538462	0.1935484	0.1587302	0.0851064	0.12	0.1395349	0.057971	0.0675676	0.0588235	0.0434783	0.1206897	
Bruant jaune	0.0	0.0533333	0.0	0.0375	0.0344828	0.0169492	0.0892857	0.0933333	0.0961538	0.0724638	0.1060606	0.0535714	0.043956	0.0609756	0.076087	0.0576923	0.0543478	0.091954	0.0481928	0.0877193	0.0963855	0.0693069	0.0416667	0.0480769	0.0729167	0.0543478	0.0375	0.0561798	0.0144928	0.0178571	0.0015	0.0735294	0.0655738	0.030303	0.0555556	0.04	0.025	0.0192308	0.0322581	0.0793651	0.0212766	0.04	0.0232558	0.0289855	0.0135135	0.0441176	0.0434783	0.0344828	
Bruant des roseaux	0.084507	0.0666667	0.0526316	0.05	0.0862069	0.0847458	0.0535714	0.0666667	0.1153846	0.0289855	0.0151515	0.0178571	0.043956	0.0243902	0.0	0.0	0.0	0.0114943	0.0120482	0.0263158	0.0	0.0	0.0	0.0	0.0208333	0.0217391	0.0	0.0	0.0	0.0	0.0172414	0.0	0.0	0.0	0.0	0.0	0.0	0.0192308	0.0	0.031746	0.0	0.08	0.0465116	0.0434783	0.0135135	0.0441176	0.0652174	0.0603448	
Emberiza sp.	0.0	0.0	0.0	0.0	0.0	0.0	0.0	0.0	0.0	0.0	0.0	0.0	0.0	0.0	0.0	0.0	0.0	0.0	0.0	0.0	0.0	0.0	0.0	0.0	0.0	0.0	0.0	0.0	0.0	0.0	0.0	0.0	0.0	0.0	0.0	0.0	0.0	0.0	0.0	0.0	0.0	0.0	0.0232558	0.0	0.0	0.0	0.0	0.0	
passereau sp.	0.0	0.0	0.0175439	0.0	0.0	0.0	0.0	0.0	0.0	0.0	0.0	0.0	0.032967	0.0	0.0	0.0	0.0	0.0114943	0.0	0.0	0.0	0.0	0.0	0.0	0.0	0.0	0.0	0.0	0.0	0.0	0.0	0.0147059	0.0163934	0.0151515	0.0	0.0	0.0	0.0	0.0	0.015873	0.0	0.02	0.0	0.0	0.0	0.0	0.0	0.0	

