









Frequency of observations in the selected location(s).:
Number of taxa: 	251

	Jan				Feb				Mar				Apr				May				Jun				Jul				Aug				Sep				Oct				Nov				Dec				
Sample Size:	38.0	40.0	48.0	44.0	18.0	50.0	56.0	40.0	41.0	54.0	64.0	38.0	68.0	62.0	41.0	43.0	39.0	40.0	44.0	31.0	56.0	35.0	15.0	46.0	19.0	16.0	12.0	23.0	16.0	18.0	24.0	37.0	25.0	28.0	20.0	34.0	18.0	27.0	36.0	32.0	18.0	14.0	31.0	27.0	24.0	32.0	21.0	43.0	

Oie cendrée	0.0	0.025	0.0	0.0	0.0	0.0	0.0178571	0.025	0.0	0.0185185	0.0	0.0	0.0	0.0015	0.0	0.0	0.0	0.0	0.0	0.0015	0.0	0.0	0.0	0.0	0.0	0.0	0.0	0.0	0.0	0.0	0.0	0.0015	0.0	0.0	0.0	0.0	0.0	0.0	0.0277778	0.0	0.1111111	0.0	0.0	0.0	0.0	0.0	0.0015	0.0	
Oie cygnoïde	0.0	0.0	0.0	0.0	0.0	0.0	0.0	0.0	0.0	0.0	0.0	0.0	0.0147059	0.0	0.0	0.0	0.0	0.0	0.0	0.0	0.0	0.0	0.0	0.0	0.0	0.0	0.0	0.0	0.0	0.0	0.0	0.0	0.0	0.0	0.0	0.0	0.0	0.0	0.0	0.0	0.0	0.0	0.0	0.0	0.0	0.0	0.0	0.0	
Oie rieuse	0.0	0.0	0.0	0.0	0.0	0.0	0.0	0.0	0.0	0.0	0.0	0.0	0.0015	0.0	0.0	0.0	0.0	0.0	0.0	0.0	0.0	0.0	0.0	0.0	0.0	0.0	0.0	0.0	0.0	0.0	0.0	0.0	0.0	0.0	0.0	0.0	0.0	0.0	0.0	0.0	0.0	0.0	0.0	0.0	0.0	0.0	0.0	0.0	
Anser sp. (forme domestique)	0.0	0.0	0.0	0.0	0.0	0.0	0.0	0.0	0.0	0.0	0.0	0.0	0.0147059	0.0	0.0	0.0	0.0	0.0	0.0227273	0.0	0.0	0.0	0.0	0.0	0.0	0.0	0.0	0.0	0.0	0.0	0.0	0.0	0.0	0.0	0.0	0.0	0.0	0.0	0.0	0.0	0.0	0.0	0.0	0.0	0.0	0.0	0.0	0.0	
Bernache cravant	0.0	0.0	0.0208333	0.0	0.0	0.0	0.0	0.0	0.0243902	0.0	0.015625	0.0	0.0	0.0	0.0	0.0	0.0	0.0	0.0	0.0	0.0	0.0	0.0	0.0	0.0	0.0	0.0	0.0	0.0	0.0555556	0.0	0.0	0.0	0.0	0.0	0.0	0.0	0.0	0.0	0.0	0.0	0.0	0.0	0.0	0.0	0.0	0.0	0.0015	
Bernache nonnette	0.0	0.0	0.0	0.0	0.0	0.0	0.0	0.0	0.0	0.0185185	0.0	0.0	0.0147059	0.0483871	0.0	0.0	0.0	0.0	0.0	0.0	0.0	0.0	0.0	0.0	0.0	0.0	0.0	0.0	0.0	0.0	0.0	0.0	0.0	0.0	0.0	0.0	0.0	0.0	0.0	0.0	0.0	0.0	0.0	0.0	0.0	0.0	0.0	0.0	
Bernache du Canada	0.0	0.0	0.0	0.0	0.0	0.0	0.0	0.0	0.0	0.037037	0.0	0.0	0.0441176	0.0	0.0	0.0	0.0	0.0	0.0227273	0.0015	0.0	0.0	0.0	0.0	0.0	0.0	0.0	0.0	0.0	0.0	0.0	0.0	0.0	0.0357143	0.0015	0.0	0.0	0.0	0.0	0.0	0.0	0.0	0.0	0.0	0.0	0.0	0.0	0.0	
Cygne tuberculé	0.0015	0.075	0.0416667	0.0	0.0555556	0.04	0.0178571	0.025	0.0243902	0.037037	0.03125	0.0526316	0.1176471	0.0806452	0.0731707	0.0015	0.025641	0.025	0.0454545	0.0	0.0535714	0.0285714	0.0	0.0652174	0.0526316	0.0015	0.0833333	0.0869565	0.0	0.0555556	0.0416667	0.0015	0.0015	0.1071429	0.0015	0.0882353	0.0555556	0.037037	0.0833333	0.0015	0.1111111	0.0714286	0.0	0.037037	0.0833333	0.03125	0.0015	0.0232558	
Cygne noir	0.0	0.0	0.0	0.0	0.0555556	0.0	0.0178571	0.0	0.0243902	0.0	0.015625	0.0	0.0294118	0.0	0.0	0.0015	0.0	0.0	0.0	0.0	0.0	0.0	0.0	0.0	0.0	0.0625	0.0	0.0	0.0	0.0	0.0	0.0015	0.0	0.0015	0.0	0.0	0.0	0.0	0.0277778	0.0	0.0	0.0	0.0	0.0	0.0	0.0	0.0	0.0	
Ouette d'Égypte	0.0	0.0	0.0	0.0	0.0	0.0	0.0	0.0	0.0	0.0	0.0	0.0	0.0	0.0	0.0487805	0.0	0.0	0.0	0.0	0.0	0.0	0.0	0.0	0.0	0.0	0.0	0.0	0.0	0.0	0.0	0.0	0.0	0.0	0.0	0.0	0.0	0.0	0.0	0.0	0.0	0.0	0.0	0.0	0.0	0.0	0.0	0.0	0.0	
Tadorne casarca	0.0	0.0	0.0	0.0	0.0	0.0	0.0	0.0	0.0	0.0	0.0	0.0	0.0	0.0	0.0	0.0	0.0	0.0	0.0	0.0	0.0	0.0	0.0	0.0	0.0	0.0	0.0	0.0	0.0	0.0	0.0015	0.0	0.0	0.0	0.0015	0.0015	0.0	0.0	0.0	0.0	0.0	0.0	0.0	0.0	0.0	0.0	0.0	0.0	
Tadorne de Belon	0.0263158	0.0	0.0	0.0227273	0.0	0.0	0.0178571	0.0	0.0243902	0.0185185	0.015625	0.0526316	0.0147059	0.016129	0.0487805	0.0465116	0.025641	0.0	0.0227273	0.0322581	0.0	0.0015	0.0	0.0	0.0	0.0	0.0	0.0	0.0015	0.0555556	0.0	0.0	0.0015	0.0015	0.0	0.0	0.0	0.0	0.0277778	0.0	0.0	0.0	0.0645161	0.0740741	0.0416667	0.03125	0.0	0.0232558	
Canard musqué	0.0	0.0	0.0	0.0	0.0	0.0	0.0	0.0	0.0	0.0	0.0	0.0	0.0	0.0	0.0	0.0	0.0	0.0	0.0	0.0	0.0	0.0	0.0	0.0	0.0	0.0	0.0	0.0015	0.0	0.0	0.0	0.0	0.0	0.0	0.0	0.0	0.0	0.0	0.0	0.0	0.0	0.0	0.0	0.0	0.0	0.0	0.0	0.0	
Canard à collier noir	0.0	0.0	0.0	0.0	0.0	0.0	0.0	0.0	0.0	0.0	0.0	0.0	0.0	0.0	0.0	0.0	0.0	0.0	0.0	0.0	0.0	0.0	0.0	0.0	0.0	0.0	0.0	0.0	0.0	0.0	0.0	0.0	0.0	0.0	0.0	0.0	0.0	0.0	0.0	0.0	0.0	0.0	0.0	0.0	0.0	0.0	0.0	0.0015	
Canard carolin	0.0	0.0	0.0	0.0	0.0	0.0	0.0178571	0.0	0.0	0.0	0.0	0.0	0.0	0.0	0.0	0.0	0.0	0.0	0.0	0.0	0.0	0.0	0.0	0.0	0.0	0.0	0.0	0.0	0.0	0.0	0.0	0.0	0.0	0.0	0.0	0.0	0.0	0.0	0.0	0.0	0.0	0.0	0.0	0.0	0.0	0.0	0.0	0.0	
Canard mandarin	0.0	0.0	0.0	0.0	0.0555556	0.0	0.0	0.0	0.0	0.0	0.0	0.0	0.0	0.0	0.0015	0.0	0.0	0.0	0.0	0.0	0.0	0.0	0.0	0.0	0.0	0.0	0.0	0.0	0.0015	0.0	0.0	0.0	0.0	0.0	0.0	0.0	0.0	0.0	0.0	0.0	0.0	0.0	0.0	0.0	0.0416667	0.0	0.0	0.0	
Sarcelle d'été	0.0	0.0	0.0	0.0	0.0	0.0	0.0	0.0	0.0	0.0	0.015625	0.0015	0.0294118	0.016129	0.0	0.0	0.0	0.0	0.0	0.0	0.0	0.0	0.0	0.0	0.0	0.0	0.0	0.0	0.0	0.0015	0.0416667	0.0015	0.0015	0.0015	0.0015	0.0	0.0	0.0	0.0	0.0	0.0	0.0	0.0	0.0	0.0	0.0	0.0	0.0	
Canard souchet	0.0526316	0.075	0.0416667	0.0454545	0.0015	0.06	0.1071429	0.05	0.097561	0.0925926	0.015625	0.0263158	0.1323529	0.0483871	0.0	0.0015	0.025641	0.025	0.0	0.0	0.0	0.0	0.0666667	0.0217391	0.0	0.0	0.0	0.0434783	0.0625	0.0015	0.125	0.027027	0.08	0.1428571	0.15	0.0588235	0.0555556	0.037037	0.1111111	0.03125	0.0555556	0.2142857	0.2258065	0.1111111	0.2916667	0.1875	0.047619	0.0697674	
Canard chipeau	0.0	0.05	0.0	0.0227273	0.0	0.04	0.0535714	0.0	0.0487805	0.0185185	0.015625	0.0015	0.0294118	0.0483871	0.0	0.0	0.0015	0.0	0.0	0.0	0.0	0.0	0.0	0.0	0.0	0.0	0.0	0.0	0.0	0.0015	0.0015	0.0	0.0015	0.0	0.0015	0.0294118	0.1111111	0.0740741	0.0277778	0.0015	0.1111111	0.1428571	0.0967742	0.037037	0.125	0.0625	0.0015	0.0465116	
Canard siffleur	0.0263158	0.075	0.0208333	0.0	0.0555556	0.02	0.0357143	0.025	0.0243902	0.0	0.015625	0.0263158	0.0	0.0	0.0	0.0	0.0	0.0	0.0	0.0	0.0	0.0	0.0	0.0	0.0	0.0	0.0	0.0	0.0	0.0	0.0	0.0	0.0	0.0	0.0	0.0294118	0.0555556	0.0	0.0277778	0.03125	0.0	0.0	0.0645161	0.037037	0.125	0.09375	0.0	0.0465116	
Canard de Chiloé	0.0	0.0	0.0	0.0	0.0	0.0	0.0	0.0	0.0	0.0	0.0	0.0	0.0	0.0	0.0	0.0	0.0	0.0	0.0	0.0	0.0	0.0	0.0	0.0	0.0	0.0	0.0	0.0	0.0	0.0	0.0015	0.0	0.0	0.0	0.0	0.0	0.0	0.0	0.0	0.0	0.0	0.0	0.0	0.0	0.0	0.0	0.0	0.0	
Canard colvert	0.0263158	0.075	0.2083333	0.0909091	0.0	0.08	0.0892857	0.1	0.1219512	0.0925926	0.046875	0.1578947	0.1176471	0.0967742	0.0487805	0.1860465	0.2051282	0.075	0.0909091	0.0967742	0.0535714	0.1142857	0.2	0.0869565	0.1578947	0.125	0.0833333	0.1304348	0.1875	0.1111111	0.2083333	0.027027	0.04	0.1785714	0.1	0.0588235	0.1111111	0.1481481	0.0833333	0.0625	0.0	0.1428571	0.1290323	0.0	0.0833333	0.03125	0.0015	0.0697674	
Canard pilet	0.0	0.0	0.0	0.0	0.0555556	0.0	0.0178571	0.025	0.0243902	0.0	0.0625	0.0263158	0.0294118	0.016129	0.0	0.0	0.0	0.025	0.0	0.0	0.0	0.0	0.0	0.0	0.0	0.0	0.0	0.0	0.0	0.0	0.0	0.0	0.0015	0.0015	0.0015	0.0	0.0	0.0740741	0.0277778	0.0	0.0555556	0.0714286	0.0	0.0	0.0416667	0.0625	0.0	0.0015	
Hybride Canard colvert x C. pilet	0.0	0.0	0.0	0.0	0.0	0.0	0.0	0.0	0.0	0.0	0.0	0.0	0.0	0.0	0.0	0.0	0.0	0.0	0.0	0.0	0.0	0.0	0.0	0.0	0.0	0.0	0.0	0.0	0.0	0.0	0.0	0.0	0.0	0.0	0.0	0.0	0.0	0.0	0.0	0.0	0.0	0.0	0.0322581	0.0	0.0	0.0	0.0	0.0	
Sarcelle d'hiver	0.0526316	0.075	0.0833333	0.0	0.0555556	0.1	0.0714286	0.1	0.0487805	0.0555556	0.0625	0.0526316	0.1029412	0.0806452	0.0	0.0015	0.025641	0.0	0.0	0.0	0.0	0.0	0.0	0.0217391	0.0	0.0	0.0833333	0.0	0.0015	0.0015	0.125	0.0540541	0.08	0.0714286	0.15	0.0882353	0.1111111	0.0740741	0.0833333	0.09375	0.0555556	0.1428571	0.1290323	0.037037	0.2083333	0.1875	0.0	0.0465116	
Nette rousse	0.0	0.025	0.0	0.0	0.0555556	0.0	0.0535714	0.0	0.0	0.0	0.0	0.0	0.0294118	0.0322581	0.097561	0.0232558	0.0	0.05	0.0227273	0.0	0.0178571	0.0	0.0	0.0	0.0	0.0	0.0	0.0	0.0	0.0	0.0015	0.027027	0.0	0.0	0.0	0.0	0.0	0.0	0.0	0.0	0.0	0.0	0.0	0.0	0.0	0.0	0.0	0.0	
Fuligule milouin	0.0526316	0.175	0.0833333	0.0681818	0.0555556	0.06	0.125	0.075	0.097561	0.1481481	0.03125	0.0263158	0.0882353	0.0645161	0.0	0.0015	0.0015	0.0	0.0909091	0.0967742	0.0714286	0.1142857	0.0666667	0.1304348	0.1052632	0.125	0.0833333	0.0869565	0.0625	0.0015	0.125	0.0015	0.08	0.1785714	0.05	0.0588235	0.0015	0.037037	0.0555556	0.0625	0.1111111	0.1428571	0.1935484	0.0740741	0.125	0.15625	0.0952381	0.0232558	
Fuligule nyroca	0.0263158	0.0015	0.0	0.0	0.0	0.0	0.0	0.0	0.0	0.0	0.0	0.0	0.0	0.0	0.0015	0.0	0.0	0.0	0.0	0.0	0.0	0.0	0.0	0.0	0.0	0.0	0.0	0.0	0.0	0.0	0.0	0.0	0.0	0.0	0.0	0.0	0.0	0.0	0.0	0.0	0.0	0.0	0.0	0.0	0.0	0.0	0.0	0.0	
Hybride Fuligule milouin x F. nyroca	0.0	0.0	0.0	0.0	0.0	0.0	0.0178571	0.0	0.0	0.0	0.015625	0.0	0.0	0.0	0.0	0.0	0.0	0.0	0.0	0.0	0.0	0.0	0.0	0.0	0.0	0.0	0.0	0.0	0.0	0.0	0.0	0.0	0.0	0.0	0.0	0.0	0.0	0.0	0.0	0.0	0.0	0.0	0.0	0.0	0.0416667	0.0625	0.0	0.0232558	
Fuligule morillon	0.0526316	0.175	0.0833333	0.0454545	0.0555556	0.08	0.125	0.1	0.1463415	0.1666667	0.0625	0.0263158	0.1176471	0.1129032	0.0731707	0.0015	0.1025641	0.075	0.0909091	0.1290323	0.0714286	0.1142857	0.0666667	0.1521739	0.0526316	0.0625	0.0833333	0.2173913	0.0625	0.0015	0.125	0.027027	0.08	0.1428571	0.15	0.0882353	0.0015	0.037037	0.0555556	0.0625	0.1111111	0.2857143	0.1935484	0.1481481	0.25	0.21875	0.047619	0.0697674	
Fuligule milouinan	0.0	0.0	0.0	0.0	0.0	0.0	0.0	0.025	0.0	0.0	0.0	0.0	0.0	0.0	0.0	0.0	0.0	0.0	0.0	0.0	0.0	0.0	0.0	0.0	0.0	0.0	0.0	0.0	0.0	0.0	0.0	0.0	0.0	0.0	0.0	0.0	0.0	0.0	0.0	0.0	0.0	0.0	0.0	0.0	0.0	0.0	0.0	0.0	
Macreuse noire	0.0	0.0	0.0	0.0	0.0	0.0	0.0178571	0.0	0.0	0.0	0.0	0.0	0.0	0.0	0.0	0.0	0.0	0.0	0.0227273	0.0	0.0	0.0	0.0	0.0	0.0	0.0	0.0	0.0	0.0	0.0	0.0	0.0	0.0	0.0	0.0	0.0	0.0	0.0	0.0	0.0	0.0	0.0	0.0	0.0	0.0	0.0	0.0	0.0	
Garrot à oeil d'or	0.0	0.0	0.0	0.0	0.0	0.0	0.0	0.0	0.0	0.0	0.0	0.0	0.0	0.0	0.0	0.0	0.0	0.0	0.0	0.0	0.0	0.0	0.0	0.0	0.0	0.0	0.0	0.0	0.0	0.0	0.0	0.0	0.0	0.0	0.0	0.0	0.0	0.0	0.0	0.0	0.0	0.0	0.0	0.0	0.0	0.0	0.0	0.0232558	
Harle piette	0.0263158	0.0	0.0208333	0.0	0.0	0.0	0.0	0.0	0.0	0.0	0.0	0.0	0.0	0.0	0.0	0.0	0.0	0.0	0.0	0.0	0.0	0.0	0.0	0.0	0.0	0.0	0.0	0.0	0.0	0.0	0.0	0.0	0.0	0.0	0.0	0.0	0.0	0.0	0.0	0.0	0.0	0.0	0.0	0.0	0.0	0.0	0.0	0.0	
Harle bièvre	0.0	0.075	0.0208333	0.0227273	0.0	0.04	0.0178571	0.0	0.0	0.0	0.0	0.0	0.0	0.0	0.0	0.0	0.0	0.0	0.0	0.0	0.0	0.0	0.0	0.0	0.0	0.0	0.0	0.0	0.0	0.0	0.0	0.0	0.0	0.0	0.0	0.0	0.0	0.0	0.0	0.0	0.0	0.0	0.0	0.037037	0.0	0.0	0.0	0.0232558	
Érismature rousse	0.0015	0.0	0.0208333	0.0	0.0	0.0	0.0	0.025	0.0243902	0.0185185	0.046875	0.0015	0.0588235	0.0322581	0.0	0.0232558	0.0	0.05	0.0681818	0.0322581	0.0178571	0.0	0.0666667	0.0652174	0.0	0.0	0.0	0.0869565	0.1875	0.0555556	0.0015	0.0	0.0	0.0015	0.0	0.0	0.0	0.0	0.0277778	0.0	0.0555556	0.1428571	0.0322581	0.0740741	0.0833333	0.03125	0.0	0.0	
Perdrix grise	0.0	0.025	0.0	0.0454545	0.0555556	0.0	0.0	0.0	0.0243902	0.0	0.015625	0.0	0.0147059	0.0	0.0	0.0	0.0	0.025	0.0	0.0	0.0015	0.0	0.0	0.0	0.0	0.0	0.0	0.0	0.0	0.0	0.0416667	0.027027	0.0015	0.0	0.0	0.0	0.0	0.0	0.0	0.0	0.0	0.0	0.0	0.0	0.0	0.0	0.0	0.0232558	
Faisan vénéré	0.0	0.0	0.0	0.0	0.0	0.0	0.0	0.0	0.0	0.0	0.0	0.0	0.0	0.0	0.0	0.0	0.0	0.0	0.0	0.0	0.0	0.0	0.0	0.0	0.0	0.0	0.0	0.0	0.0	0.0	0.0416667	0.0	0.0	0.0	0.0	0.0	0.0	0.0	0.0	0.0	0.0	0.0	0.0	0.0	0.0	0.0	0.0	0.0	
Faisan de Colchide	0.0	0.0	0.0208333	0.0	0.0	0.02	0.0	0.025	0.0	0.0185185	0.015625	0.0526316	0.0441176	0.0967742	0.0731707	0.0465116	0.0015	0.025	0.0015	0.0015	0.0357143	0.0285714	0.0666667	0.0015	0.0	0.0015	0.0015	0.0	0.0	0.0015	0.0015	0.027027	0.0	0.0	0.0015	0.0	0.1111111	0.0	0.0555556	0.0	0.0	0.0714286	0.0967742	0.037037	0.0	0.0	0.0	0.0015	
Caille des blés	0.0	0.0	0.0	0.0	0.0	0.0	0.0	0.0	0.0	0.0	0.0	0.0	0.0	0.0	0.0	0.0015	0.0	0.025	0.0227273	0.0	0.0	0.0285714	0.0	0.0015	0.0	0.0	0.0	0.0	0.0015	0.0	0.0	0.0	0.0	0.0	0.0	0.0	0.0	0.0	0.0	0.0	0.0	0.0	0.0	0.0	0.0	0.0	0.0	0.0	
Perdrix rouge	0.0263158	0.0	0.0	0.0	0.0	0.02	0.0	0.0	0.0	0.0185185	0.0	0.0263158	0.0441176	0.0322581	0.0	0.0015	0.025641	0.025	0.0015	0.0015	0.0	0.0015	0.0	0.0434783	0.0	0.0625	0.0	0.0	0.0625	0.0555556	0.0	0.0	0.0	0.0	0.0	0.0	0.0555556	0.0	0.0	0.03125	0.0	0.0	0.0	0.0	0.0	0.0	0.0	0.0232558	
Pigeon biset	0.0263158	0.0	0.0416667	0.0454545	0.0555556	0.04	0.0535714	0.1	0.0731707	0.0185185	0.015625	0.0263158	0.0588235	0.1129032	0.1707317	0.255814	0.025641	0.125	0.0681818	0.0967742	0.0714286	0.0	0.0	0.0217391	0.1052632	0.125	0.0	0.0434783	0.0	0.1111111	0.0416667	0.0	0.0	0.0357143	0.15	0.0294118	0.1111111	0.2222222	0.1111111	0.03125	0.0	0.0	0.0322581	0.037037	0.0416667	0.03125	0.047619	0.0232558	
Pigeon colombin	0.0263158	0.025	0.0208333	0.0454545	0.0555556	0.0015	0.0357143	0.15	0.0731707	0.0185185	0.015625	0.0789474	0.0588235	0.0483871	0.0243902	0.0465116	0.0769231	0.05	0.0	0.0322581	0.0535714	0.0571429	0.0015	0.0652174	0.1052632	0.0	0.0015	0.173913	0.0015	0.0015	0.1666667	0.0810811	0.08	0.0357143	0.0015	0.0015	0.1666667	0.037037	0.0277778	0.03125	0.0	0.1428571	0.0322581	0.0	0.0416667	0.0	0.0	0.0697674	
Pigeon ramier	0.2368421	0.225	0.2916667	0.1818182	0.1666667	0.22	0.2142857	0.275	0.2682927	0.1851852	0.1875	0.3684211	0.2794118	0.2580645	0.3658537	0.5813953	0.3076923	0.325	0.2272727	0.3548387	0.1428571	0.2571429	0.3333333	0.2608696	0.3157895	0.4375	0.3333333	0.173913	0.1875	0.2777778	0.3333333	0.1351351	0.2	0.2857143	0.35	0.0882353	0.3888889	0.4074074	0.2222222	0.1875	0.3333333	0.2857143	0.2258065	0.0740741	0.3333333	0.125	0.3333333	0.1162791	
Tourterelle des bois	0.0	0.0	0.0	0.0	0.0	0.0	0.0	0.0	0.0	0.0	0.0	0.0	0.0	0.0322581	0.0243902	0.0697674	0.1282051	0.1	0.1136364	0.1290323	0.1071429	0.3714286	0.0666667	0.173913	0.0526316	0.125	0.0833333	0.0869565	0.125	0.1111111	0.0833333	0.0540541	0.0015	0.0015	0.1	0.0	0.0	0.0	0.0	0.0	0.0	0.0	0.0	0.0	0.0	0.0	0.0	0.0	
Tourterelle turque	0.1052632	0.075	0.0833333	0.0015	0.0	0.04	0.0714286	0.15	0.0731707	0.1296296	0.078125	0.2368421	0.1470588	0.1935484	0.1219512	0.2790698	0.1282051	0.075	0.1363636	0.2258065	0.1071429	0.0857143	0.2	0.1086957	0.1578947	0.3125	0.0833333	0.1304348	0.0625	0.0555556	0.0833333	0.0015	0.04	0.0	0.05	0.0	0.1111111	0.037037	0.0277778	0.0	0.1111111	0.1428571	0.0645161	0.0	0.0	0.0	0.0	0.0930233	
Coucou gris	0.0	0.0	0.0	0.0	0.0	0.0	0.0	0.0	0.0	0.0	0.0	0.0263158	0.1470588	0.2258065	0.2926829	0.1162791	0.2820513	0.175	0.1818182	0.3548387	0.1071429	0.0571429	0.0666667	0.0	0.0	0.0015	0.0	0.0	0.0	0.0	0.0	0.0	0.0	0.0	0.0	0.0	0.0	0.0	0.0	0.0	0.0	0.0	0.0	0.0	0.0	0.0	0.0	0.0	
Engoulevent d'Europe	0.0	0.0	0.0	0.0	0.0	0.0	0.0	0.0	0.0	0.0	0.0	0.0	0.0	0.0	0.0	0.0	0.0	0.0	0.0	0.0	0.0178571	0.0	0.0	0.0	0.0	0.0	0.0	0.0	0.0	0.0	0.0	0.0	0.0	0.0	0.0	0.0	0.0	0.0	0.0	0.0	0.0	0.0	0.0	0.0	0.0	0.0	0.0	0.0	
Martinet noir	0.0	0.0	0.0	0.0	0.0	0.0	0.0	0.0	0.0	0.0	0.0	0.0	0.0	0.0	0.0487805	0.1627907	0.1025641	0.2	0.1590909	0.2903226	0.125	0.1714286	0.2666667	0.173913	0.2105263	0.375	0.1666667	0.0869565	0.0625	0.1111111	0.0416667	0.0015	0.0	0.0	0.0	0.0	0.0	0.0	0.0	0.0	0.0	0.0	0.0	0.0	0.0	0.0	0.0	0.0	
Râle d'eau	0.0263158	0.0	0.0	0.0	0.0	0.02	0.0178571	0.0	0.0	0.0185185	0.0	0.0263158	0.0	0.016129	0.0	0.0015	0.0	0.0	0.0	0.0	0.0	0.0	0.0	0.0	0.0	0.0	0.0	0.0	0.0625	0.0015	0.0416667	0.0	0.0015	0.0	0.0	0.0294118	0.0	0.0	0.0	0.0	0.0	0.0	0.0	0.0	0.0833333	0.0625	0.0	0.0015	
Râle des genêts	0.0	0.0	0.0	0.0	0.0	0.0	0.0	0.0	0.0	0.0	0.0	0.0	0.0	0.0	0.0	0.0	0.0	0.0	0.0	0.0	0.0	0.0	0.0015	0.0	0.0	0.0	0.0	0.0	0.0	0.0	0.0	0.0	0.0	0.0	0.0	0.0	0.0	0.0	0.0	0.0	0.0	0.0	0.0	0.0	0.0	0.0	0.0	0.0	
Marouette ponctuée	0.0	0.0	0.0	0.0	0.0	0.0	0.0	0.0	0.0	0.0	0.0	0.0	0.0	0.0	0.0	0.0	0.0	0.0	0.0	0.0	0.0	0.0	0.0	0.0	0.0	0.0	0.0	0.0	0.0	0.0	0.0	0.0015	0.0015	0.0	0.0	0.0	0.0	0.0	0.0	0.0	0.0	0.0	0.0	0.0	0.0	0.0	0.0	0.0	
Gallinule poule-d'eau	0.0263158	0.05	0.0625	0.0454545	0.0555556	0.08	0.0357143	0.075	0.0487805	0.0185185	0.0015	0.0015	0.0294118	0.016129	0.0243902	0.0015	0.0512821	0.025	0.0454545	0.0	0.0015	0.0571429	0.2	0.0434783	0.0015	0.0625	0.0833333	0.0434783	0.125	0.1666667	0.125	0.0540541	0.04	0.0714286	0.05	0.0294118	0.1111111	0.0	0.0	0.0015	0.0	0.1428571	0.0645161	0.0	0.0416667	0.03125	0.0	0.0232558	
Foulque macroule	0.0526316	0.15	0.25	0.0015	0.0	0.02	0.0892857	0.075	0.097561	0.0555556	0.0015	0.0263158	0.0441176	0.0806452	0.0015	0.0015	0.0769231	0.025	0.0909091	0.0322581	0.0357143	0.0857143	0.1333333	0.0434783	0.0526316	0.125	0.0833333	0.2173913	0.0625	0.1111111	0.1666667	0.027027	0.0015	0.1428571	0.0015	0.1176471	0.1111111	0.037037	0.0555556	0.03125	0.0	0.1428571	0.1612903	0.0	0.0833333	0.03125	0.0015	0.0232558	
Oedicnème criard	0.0	0.0	0.0	0.0	0.0	0.0	0.0	0.0	0.0243902	0.0	0.0	0.0	0.0441176	0.0806452	0.0	0.0232558	0.025641	0.0	0.0	0.0322581	0.0	0.0	0.0	0.0217391	0.0	0.0	0.0	0.0	0.0	0.0	0.125	0.0810811	0.04	0.0	0.0015	0.0	0.1111111	0.037037	0.0	0.0	0.0	0.0	0.0	0.0	0.0	0.0	0.0	0.0	
Échasse blanche	0.0	0.0	0.0	0.0	0.0	0.0	0.0	0.0	0.0	0.0	0.0	0.0	0.0294118	0.016129	0.0	0.0232558	0.0512821	0.075	0.0227273	0.0	0.0	0.0	0.0	0.0	0.0	0.0	0.0	0.0	0.0	0.0015	0.0416667	0.0	0.0	0.0	0.0	0.0	0.0	0.0	0.0	0.0	0.0	0.0	0.0	0.0	0.0	0.0	0.0	0.0	
Avocette élégante	0.0	0.0	0.0	0.0227273	0.0	0.0	0.0	0.0	0.0	0.0	0.0	0.0	0.0	0.0	0.0	0.0	0.0	0.025	0.0	0.0	0.0	0.0	0.0	0.0	0.0	0.0	0.0	0.0	0.0	0.0015	0.0	0.0	0.0	0.0	0.0	0.0	0.0	0.0	0.0	0.0	0.0	0.0	0.0	0.0	0.0	0.0	0.0	0.0	
Pluvier argenté	0.0	0.0	0.0	0.0	0.0	0.0	0.0	0.0	0.0	0.0	0.0	0.0	0.0	0.0	0.0	0.0	0.025641	0.0	0.0	0.0	0.0	0.0	0.0	0.0	0.0	0.0	0.0	0.0	0.0	0.0	0.0	0.0	0.0	0.0	0.0	0.0	0.0	0.0	0.0	0.0	0.0	0.0	0.0	0.0	0.0	0.0	0.0	0.0	
Pluvier doré	0.0263158	0.025	0.0	0.0909091	0.1111111	0.02	0.0	0.025	0.0243902	0.0	0.0	0.0	0.0	0.0	0.0	0.0	0.0	0.0	0.0	0.0	0.0	0.0	0.0	0.0	0.0	0.0	0.0	0.0	0.0	0.0	0.0	0.0	0.0	0.0	0.0	0.0015	0.0	0.037037	0.0	0.0	0.0	0.0	0.0	0.0	0.0416667	0.0	0.047619	0.0697674	
Pluvialis sp.	0.0	0.025	0.0	0.0	0.0	0.0	0.0	0.0	0.0	0.0	0.0	0.0	0.0	0.0	0.0	0.0	0.0	0.0	0.0	0.0	0.0	0.0	0.0	0.0	0.0	0.0	0.0	0.0	0.0	0.0	0.0	0.0	0.0	0.0	0.0	0.0	0.0	0.0	0.0	0.0	0.0	0.0	0.0	0.0	0.0	0.0	0.0	0.0	
Grand Gravelot	0.0	0.0	0.0	0.0	0.0	0.0	0.0	0.0	0.0	0.0	0.0	0.0	0.0	0.0	0.0	0.0232558	0.0	0.0015	0.0	0.0322581	0.0178571	0.0	0.0	0.0	0.0	0.0	0.0	0.0	0.0	0.0015	0.0015	0.0015	0.04	0.0714286	0.1	0.0882353	0.0	0.0	0.0	0.0	0.0	0.0	0.0	0.0	0.0	0.0	0.0	0.0	
Petit Gravelot	0.0	0.0	0.0	0.0	0.0	0.0	0.0	0.0	0.0	0.0	0.0	0.0015	0.0588235	0.1129032	0.1219512	0.0232558	0.025641	0.05	0.0227273	0.0	0.0892857	0.0571429	0.0015	0.1304348	0.1052632	0.0625	0.0833333	0.0	0.0015	0.0	0.0015	0.0015	0.0015	0.0015	0.0015	0.0	0.0	0.0	0.0	0.0	0.0	0.0	0.0	0.0	0.0	0.0	0.0	0.0	
Vanneau huppé	0.1315789	0.1	0.1458333	0.1136364	0.0555556	0.08	0.0015	0.05	0.0243902	0.037037	0.0	0.0263158	0.0294118	0.0806452	0.097561	0.0	0.0	0.0	0.0	0.0322581	0.0178571	0.0571429	0.0666667	0.1086957	0.0526316	0.0015	0.0833333	0.2173913	0.25	0.3333333	0.1666667	0.1351351	0.2	0.25	0.1	0.0882353	0.2777778	0.0740741	0.0277778	0.03125	0.1111111	0.1428571	0.1290323	0.0	0.125	0.0625	0.0952381	0.2093023	
Vanneau sociable	0.0	0.0	0.0	0.0	0.0	0.0	0.0	0.0	0.0	0.0	0.0	0.0	0.0	0.0	0.0	0.0	0.0	0.0	0.0	0.0	0.0	0.0	0.0	0.0	0.0	0.0	0.0	0.0	0.0	0.0	0.0	0.0	0.0	0.0	0.0	0.0	0.0	0.0	0.0277778	0.0	0.0	0.0	0.0	0.0	0.0	0.0	0.0	0.0	
Courlis corlieu	0.0	0.0	0.0	0.0	0.0	0.0	0.0	0.0	0.0	0.0	0.0	0.0	0.0	0.0	0.0	0.0015	0.0	0.0	0.0	0.0	0.0	0.0	0.0	0.0	0.0	0.0	0.0	0.0	0.0	0.0	0.0	0.0	0.0	0.0	0.0	0.0	0.0	0.0	0.0	0.0	0.0	0.0	0.0	0.0	0.0	0.0	0.0	0.0	
Courlis cendré	0.0	0.025	0.0	0.0	0.0	0.0	0.0	0.0	0.0	0.0	0.0	0.0	0.0	0.0	0.0	0.0	0.0	0.0	0.0	0.0	0.0	0.0	0.0	0.0	0.0	0.0	0.0	0.0	0.0	0.0015	0.0	0.0	0.0	0.0	0.0015	0.0	0.0	0.0	0.0	0.0	0.0	0.0	0.0	0.0	0.0	0.0	0.0	0.0	
Barge rousse	0.0	0.0	0.0	0.0	0.0	0.0	0.0	0.0	0.0	0.0	0.0	0.0	0.0	0.0	0.0	0.0	0.0	0.0	0.0	0.0	0.0	0.0	0.0	0.0	0.0	0.0	0.0	0.0	0.0	0.0	0.0	0.0	0.04	0.0	0.0	0.0	0.0	0.0	0.0	0.0	0.0	0.0	0.0	0.0	0.0	0.0	0.0	0.0	
Barge à queue noire	0.0	0.0	0.0	0.0	0.0	0.0	0.0	0.0	0.0	0.0	0.0	0.0	0.0147059	0.0	0.0	0.0	0.0	0.0	0.0	0.0	0.0	0.0	0.0	0.0434783	0.0	0.0	0.1666667	0.0	0.0	0.0015	0.0416667	0.0015	0.0	0.0015	0.0015	0.0	0.0	0.0	0.0	0.0	0.0	0.0	0.0	0.0	0.0	0.0	0.0	0.0	
Bécassine sourde	0.0	0.0	0.0208333	0.0227273	0.0	0.0	0.0178571	0.0	0.0	0.0	0.0	0.0	0.0	0.0	0.0	0.0	0.0	0.0	0.0	0.0	0.0	0.0	0.0	0.0	0.0	0.0	0.0	0.0	0.0	0.0	0.0	0.0	0.0	0.0	0.0	0.0294118	0.0	0.0	0.0	0.0015	0.0	0.0	0.0	0.0	0.0	0.03125	0.0	0.0015	
Bécasse des bois	0.0	0.0	0.0	0.0	0.0	0.04	0.0178571	0.0	0.0243902	0.0	0.0	0.0	0.0	0.0	0.0	0.0	0.0	0.0	0.0	0.0	0.0	0.0	0.0	0.0	0.0	0.0	0.0	0.0	0.0	0.0	0.0	0.0	0.0	0.0	0.0	0.0	0.0	0.0	0.0	0.0	0.0	0.0	0.0	0.0740741	0.0015	0.0	0.0	0.0232558	
Bécassine des marais	0.0	0.025	0.0208333	0.0015	0.0	0.02	0.0	0.025	0.0243902	0.0185185	0.03125	0.0015	0.0294118	0.0015	0.0	0.0	0.0	0.0	0.0	0.0	0.0	0.0285714	0.0	0.0	0.0	0.0	0.0	0.0434783	0.0015	0.0015	0.1666667	0.0810811	0.16	0.1071429	0.15	0.0882353	0.1666667	0.0740741	0.1111111	0.03125	0.1666667	0.0714286	0.0967742	0.037037	0.0416667	0.0625	0.0952381	0.0232558	
Phalarope à bec large	0.0	0.0	0.0	0.0	0.0	0.0	0.0	0.0	0.0	0.0	0.0	0.0	0.0	0.0	0.0	0.0	0.0	0.0	0.0	0.0	0.0	0.0	0.0	0.0	0.0	0.0	0.0	0.0	0.0	0.0	0.0	0.0	0.0	0.0	0.0	0.0015	0.0	0.0	0.0	0.0	0.0	0.0	0.0	0.0	0.0	0.0	0.0	0.0	
Phalarope à bec étroit	0.0	0.0	0.0	0.0	0.0	0.0	0.0	0.0	0.0	0.0	0.0	0.0	0.0	0.0	0.0	0.0	0.0	0.0	0.0	0.0	0.0	0.0	0.0	0.0	0.0	0.0	0.0	0.0	0.0	0.0	0.0	0.0015	0.0	0.0	0.0	0.0	0.0	0.0	0.0	0.0	0.0	0.0	0.0	0.0	0.0	0.0	0.0	0.0	
Chevalier guignette	0.0	0.05	0.0	0.0	0.0	0.0	0.0	0.0	0.0	0.0	0.0	0.0015	0.0	0.0483871	0.1463415	0.0232558	0.0769231	0.075	0.0454545	0.0	0.0	0.0	0.0	0.0652174	0.1052632	0.0015	0.1666667	0.2608696	0.1875	0.3888889	0.2916667	0.1351351	0.08	0.2142857	0.2	0.0588235	0.0	0.0	0.0	0.0	0.0	0.0	0.0	0.0	0.0	0.0	0.0	0.0015	
Chevalier culblanc	0.0263158	0.1	0.0416667	0.0227273	0.0	0.04	0.0	0.025	0.0731707	0.0555556	0.078125	0.0526316	0.1029412	0.1451613	0.097561	0.0232558	0.0	0.0	0.0	0.0015	0.0	0.1142857	0.0015	0.0434783	0.1052632	0.125	0.0833333	0.173913	0.25	0.2222222	0.1666667	0.1081081	0.04	0.1428571	0.15	0.0588235	0.0555556	0.0740741	0.0833333	0.03125	0.0555556	0.0714286	0.0967742	0.037037	0.0833333	0.09375	0.0	0.0015	
Chevalier sylvain	0.0	0.0	0.0	0.0	0.0	0.0	0.0	0.0	0.0	0.0	0.0	0.0	0.0	0.0015	0.0487805	0.0	0.0	0.0	0.0	0.0	0.0	0.0	0.0	0.0	0.0	0.0	0.0	0.0	0.0015	0.0015	0.0416667	0.027027	0.04	0.0015	0.0	0.0	0.0	0.0	0.0	0.0	0.0	0.0	0.0	0.0	0.0	0.0	0.0	0.0	
Chevalier gambette	0.0	0.0	0.0	0.0	0.0	0.0	0.0	0.0	0.0	0.0	0.0	0.0	0.0147059	0.0645161	0.0487805	0.0465116	0.025641	0.05	0.0227273	0.0322581	0.0	0.0285714	0.0	0.0652174	0.0	0.0	0.0833333	0.0	0.0015	0.0	0.0015	0.027027	0.04	0.0015	0.0	0.0	0.0	0.0	0.0	0.0	0.0	0.0	0.0	0.0	0.0	0.0	0.0	0.0	
Chevalier arlequin	0.0	0.0	0.0	0.0	0.0	0.0	0.0	0.0	0.0	0.0	0.0	0.0	0.0	0.0	0.0	0.0	0.0	0.0	0.0	0.0	0.0	0.0	0.0	0.0	0.0	0.0	0.0	0.0	0.0	0.0	0.0	0.027027	0.0	0.0	0.0015	0.0294118	0.0	0.0	0.0	0.0	0.0	0.0	0.0	0.0	0.0	0.0	0.0	0.0	
Chevalier aboyeur	0.0	0.0	0.0	0.0	0.0	0.0	0.0	0.0	0.0	0.0	0.0	0.0	0.0	0.016129	0.097561	0.0232558	0.0769231	0.0	0.0227273	0.0	0.0357143	0.0285714	0.0	0.0	0.0	0.0	0.0833333	0.0	0.0	0.0015	0.0416667	0.0810811	0.04	0.1428571	0.1	0.0294118	0.0	0.0	0.0	0.0	0.0	0.0	0.0	0.0	0.0	0.0	0.0	0.0	
Tringa sp.	0.0	0.0	0.0	0.0	0.0	0.0	0.0	0.0	0.0	0.0	0.0	0.0	0.0	0.0	0.0	0.0	0.0	0.0	0.0	0.0	0.0	0.0	0.0	0.0217391	0.0	0.0	0.0	0.0	0.0	0.0	0.0	0.0	0.0	0.0	0.0	0.0	0.0	0.0	0.0	0.0	0.0	0.0	0.0	0.0	0.0	0.0	0.0	0.0	
Bécasseau maubèche	0.0	0.0	0.0	0.0	0.0	0.0	0.0	0.0	0.0	0.0	0.0	0.0	0.0	0.0	0.0	0.0	0.0	0.0	0.0	0.0	0.0	0.0	0.0	0.0	0.0	0.0	0.0	0.0	0.0	0.0	0.0	0.0	0.0015	0.0	0.0	0.0	0.0	0.0	0.0	0.0	0.0	0.0	0.0	0.0	0.0	0.0	0.0	0.0	
Combattant varié	0.0	0.0	0.0	0.0	0.0	0.0	0.0	0.0	0.0	0.0	0.0	0.0	0.0	0.0322581	0.0	0.0	0.0	0.0	0.0	0.0	0.0	0.0	0.0	0.0	0.0	0.0	0.0	0.0	0.0015	0.0	0.0	0.0	0.0	0.1071429	0.1	0.0015	0.0	0.0	0.0	0.0	0.0	0.0	0.0	0.0	0.0	0.0	0.0	0.0	
Bécasseau cocorli	0.0	0.0	0.0	0.0	0.0	0.0	0.0	0.0	0.0	0.0	0.0	0.0	0.0	0.0	0.0	0.0	0.0	0.0	0.0	0.0	0.0	0.0	0.0	0.0	0.0	0.0	0.0	0.0	0.0	0.0015	0.0	0.0	0.0015	0.0357143	0.0	0.0294118	0.0	0.0	0.0	0.0	0.0	0.0	0.0	0.0	0.0	0.0	0.0	0.0	
Bécasseau rousset	0.0	0.0	0.0	0.0	0.0	0.0	0.0	0.0	0.0	0.0	0.0	0.0	0.0	0.0	0.0	0.0	0.0	0.0	0.0	0.0	0.0	0.0	0.0	0.0	0.0	0.0	0.0	0.0	0.0	0.0	0.0	0.0	0.0	0.0	0.0	0.0294118	0.0	0.0	0.0	0.0	0.0	0.0	0.0	0.0	0.0	0.0	0.0	0.0	
Bécasseau sanderling	0.0	0.0	0.0	0.0	0.0	0.0	0.0	0.0	0.0	0.0	0.0	0.0	0.0	0.0	0.0	0.0015	0.0	0.0	0.0	0.0	0.0	0.0	0.0	0.0	0.0	0.0	0.0	0.0	0.0	0.0	0.0	0.0	0.0	0.0	0.0	0.0	0.0	0.0	0.0	0.0	0.0	0.0	0.0	0.0	0.0	0.0	0.0	0.0	
Bécasseau variable	0.0	0.0	0.0	0.0	0.0	0.0	0.0	0.0	0.0	0.0	0.0	0.0015	0.0	0.0	0.0243902	0.0015	0.0	0.0	0.0	0.0	0.0	0.0	0.0	0.0	0.0	0.0	0.0	0.0	0.0015	0.0015	0.0015	0.027027	0.0015	0.0357143	0.2	0.0588235	0.0	0.0740741	0.0	0.0	0.0	0.0	0.0	0.037037	0.0416667	0.0	0.0	0.0015	
Bécasseau minute	0.0	0.0	0.0	0.0	0.0	0.0	0.0	0.0	0.0	0.0	0.0	0.0	0.0	0.0	0.0	0.0	0.0	0.0	0.0	0.0	0.0	0.0	0.0	0.0	0.0	0.0	0.0	0.0	0.0	0.0	0.0	0.0	0.0015	0.0	0.05	0.0588235	0.0	0.0	0.0	0.0	0.0	0.0	0.0	0.0	0.0	0.0	0.0	0.0	
Mouette pygmée	0.0	0.0	0.0	0.0	0.0015	0.0	0.0	0.0	0.0	0.0	0.0	0.0	0.0	0.0	0.0	0.0015	0.0	0.0	0.0	0.0	0.0	0.0	0.0	0.0	0.0	0.0	0.0	0.0	0.0	0.0	0.0	0.0	0.0	0.0	0.05	0.0	0.0	0.0	0.0	0.0	0.0	0.0	0.0	0.0	0.0	0.03125	0.0	0.0	
Mouette rieuse	0.1315789	0.1	0.25	0.0909091	0.0555556	0.18	0.1607143	0.15	0.097561	0.037037	0.0	0.0263158	0.0147059	0.0322581	0.0	0.0232558	0.0015	0.0015	0.0227273	0.0322581	0.0357143	0.0571429	0.0015	0.173913	0.2105263	0.1875	0.3333333	0.4347826	0.25	0.1666667	0.375	0.1351351	0.0015	0.25	0.3	0.1470588	0.1666667	0.2222222	0.0833333	0.0625	0.0555556	0.1428571	0.1935484	0.0	0.25	0.1875	0.2380952	0.0697674	
Mouette mélanocéphale	0.0	0.0	0.0	0.0	0.0	0.0	0.0	0.0	0.0487805	0.0	0.0	0.0	0.0	0.0	0.0	0.0232558	0.025641	0.0	0.0	0.0	0.0	0.0	0.0	0.0652174	0.0	0.0	0.0015	0.0	0.0	0.0015	0.0015	0.0	0.0	0.0	0.0	0.0015	0.0	0.0	0.0	0.0	0.0	0.0	0.0	0.0	0.0	0.0	0.0	0.0015	
Goéland cendré	0.0	0.025	0.0015	0.0	0.0	0.0	0.0	0.0	0.0	0.0	0.0	0.0015	0.0	0.0	0.0	0.0	0.0	0.0	0.0	0.0	0.0	0.0	0.0	0.0	0.0	0.0	0.0	0.0	0.0	0.0	0.0	0.0	0.0015	0.0	0.0015	0.0	0.0	0.0	0.0277778	0.0	0.0	0.0	0.0	0.0	0.0	0.0	0.0	0.0015	
Goéland pontique	0.0	0.025	0.0	0.0	0.0015	0.0	0.0	0.0	0.0015	0.0	0.0	0.0	0.0	0.0	0.0	0.0015	0.0	0.0	0.0	0.0	0.0	0.0	0.0	0.0	0.0	0.0	0.0	0.0	0.0	0.0	0.0	0.0015	0.0015	0.0	0.0015	0.0	0.0	0.0	0.0	0.0015	0.0	0.0	0.0	0.037037	0.0	0.0	0.0015	0.0015	
Goéland argenté	0.0263158	0.075	0.0625	0.0454545	0.0015	0.0	0.0015	0.025	0.0243902	0.0	0.015625	0.0	0.0	0.0	0.0	0.0232558	0.0	0.05	0.0	0.0	0.0	0.0	0.0	0.0	0.0	0.0015	0.0	0.0	0.125	0.0015	0.0015	0.0	0.0	0.0	0.0015	0.0015	0.0555556	0.037037	0.0277778	0.0015	0.0	0.0	0.0645161	0.0	0.0833333	0.0625	0.0015	0.0015	
Goéland leucophée	0.0	0.05	0.0	0.0	0.0015	0.0	0.0	0.0	0.0243902	0.0	0.015625	0.0	0.0	0.016129	0.0	0.0015	0.0	0.0	0.0	0.0	0.0	0.0015	0.0	0.0	0.0	0.0015	0.0	0.0	0.0015	0.0015	0.0416667	0.027027	0.04	0.0015	0.0015	0.0015	0.0	0.0	0.0	0.0015	0.0	0.0	0.0	0.0	0.0416667	0.03125	0.0015	0.0015	
Goéland marin	0.0	0.0	0.0	0.0	0.0	0.0	0.0	0.0	0.0	0.0	0.0	0.0	0.0	0.0	0.0	0.0	0.0	0.0015	0.0	0.0	0.0	0.0	0.0	0.0	0.0	0.0	0.0	0.0	0.0015	0.0	0.0	0.0	0.0	0.0	0.0015	0.0015	0.0	0.0	0.0	0.0	0.0	0.0	0.0	0.0	0.0	0.0	0.0	0.0015	
Goéland bourgmestre	0.0	0.0	0.0	0.0	0.0	0.0	0.0	0.0	0.0015	0.0	0.0	0.0	0.0	0.0	0.0	0.0	0.0	0.0	0.0	0.0	0.0	0.0	0.0	0.0	0.0	0.0	0.0	0.0	0.0	0.0	0.0	0.0	0.0	0.0	0.0	0.0	0.0	0.0	0.0	0.0	0.0	0.0	0.0	0.0	0.0	0.0	0.0	0.0	
Goéland brun	0.0015	0.075	0.0833333	0.0681818	0.0015	0.02	0.0	0.05	0.0243902	0.0	0.0	0.0	0.0294118	0.0015	0.0	0.0	0.025641	0.05	0.0909091	0.0645161	0.0178571	0.0015	0.0	0.0434783	0.0	0.0015	0.0	0.0869565	0.125	0.0015	0.0416667	0.027027	0.0015	0.0357143	0.0015	0.0015	0.2222222	0.0740741	0.0833333	0.0625	0.0	0.0	0.1612903	0.0	0.1666667	0.0625	0.0015	0.0232558	
Goéland à ailes blanches	0.0	0.0	0.0	0.0	0.0	0.0	0.0	0.0	0.0	0.0	0.0	0.0	0.0	0.0	0.0	0.0	0.0	0.0	0.0	0.0	0.0	0.0	0.0	0.0	0.0	0.0	0.0	0.0	0.0	0.0	0.0	0.0	0.0	0.0	0.0	0.0	0.0	0.0	0.0	0.0	0.0	0.0	0.0	0.0	0.0	0.0	0.0	0.0015	
goéland sp. (Larus sp.)	0.0526316	0.0	0.0	0.0	0.0	0.0	0.0	0.0	0.0	0.0	0.0	0.0	0.0	0.0	0.0	0.0	0.0	0.075	0.0227273	0.0	0.0	0.0571429	0.0	0.0217391	0.0	0.0	0.0	0.0	0.0	0.0	0.0015	0.0	0.0015	0.0015	0.0	0.0	0.0555556	0.0	0.0	0.0625	0.0	0.0	0.0	0.0	0.0416667	0.03125	0.047619	0.0015	
Sterne naine	0.0	0.0	0.0	0.0	0.0	0.0	0.0	0.0	0.0	0.0	0.0	0.0	0.0	0.0	0.0	0.0015	0.0	0.0	0.0	0.0	0.0178571	0.0	0.0	0.0	0.0526316	0.0	0.0	0.0	0.0	0.0	0.0	0.0	0.0	0.0	0.0	0.0	0.0	0.0	0.0	0.0	0.0	0.0	0.0	0.0	0.0	0.0	0.0	0.0	
Sterne caspienne	0.0	0.0	0.0	0.0	0.0	0.0	0.0	0.0	0.0	0.0	0.0	0.0	0.0	0.016129	0.0	0.0	0.0	0.0	0.0	0.0	0.0	0.0	0.0	0.0	0.0	0.0	0.0	0.0	0.0	0.0	0.0	0.0	0.0	0.0015	0.0015	0.0	0.0	0.0	0.0	0.0	0.0	0.0	0.0	0.0	0.0	0.0	0.0	0.0	
Guifette moustac	0.0	0.0	0.0	0.0	0.0	0.0	0.0	0.0	0.0	0.0	0.0	0.0263158	0.0	0.0	0.0487805	0.0015	0.0	0.0	0.0	0.0322581	0.0	0.0	0.0	0.0	0.0	0.0	0.0	0.0	0.0	0.0	0.0	0.0	0.0	0.0	0.0	0.0	0.0	0.0	0.0	0.0	0.0	0.0	0.0	0.0	0.0	0.0	0.0	0.0	
Guifette noire	0.0	0.0	0.0	0.0	0.0	0.0	0.0	0.0	0.0	0.0	0.0	0.0	0.0	0.0	0.0	0.0232558	0.0	0.0	0.0	0.0322581	0.0	0.0285714	0.0	0.0	0.0	0.0	0.0	0.0	0.0625	0.0555556	0.0015	0.027027	0.08	0.1071429	0.15	0.0588235	0.0	0.0	0.0	0.0	0.0	0.0	0.0	0.0	0.0	0.0	0.0	0.0	
Guifette leucoptère	0.0	0.0	0.0	0.0	0.0	0.0	0.0	0.0	0.0	0.0	0.0	0.0	0.0	0.0	0.0	0.0	0.0	0.0	0.0	0.0	0.0	0.0	0.0	0.0	0.0	0.0	0.0	0.0	0.0	0.0	0.0	0.0	0.0	0.0015	0.05	0.0294118	0.0	0.0	0.0	0.0	0.0	0.0	0.0	0.0	0.0	0.0	0.0	0.0	
Sterne pierregarin	0.0	0.0	0.0	0.0	0.0	0.0	0.0	0.0	0.0	0.0	0.0	0.0	0.0	0.0645161	0.0487805	0.0697674	0.0512821	0.05	0.0681818	0.0322581	0.1607143	0.0857143	0.1333333	0.1521739	0.1052632	0.0015	0.1666667	0.3043478	0.125	0.0015	0.0	0.0	0.0	0.0	0.0	0.0	0.0	0.0	0.0	0.0	0.0	0.0	0.0	0.0	0.0	0.0	0.0	0.0	
Grèbe castagneux	0.0263158	0.175	0.0416667	0.0227273	0.0	0.06	0.0892857	0.15	0.1463415	0.1111111	0.078125	0.0263158	0.1029412	0.0645161	0.097561	0.0232558	0.0769231	0.1	0.0681818	0.0322581	0.0714286	0.0857143	0.0666667	0.1521739	0.0526316	0.0625	0.0833333	0.3478261	0.3125	0.4444444	0.2083333	0.0540541	0.12	0.2142857	0.2	0.1176471	0.0555556	0.1111111	0.0833333	0.0625	0.1111111	0.1428571	0.1935484	0.1111111	0.1666667	0.1875	0.1428571	0.0930233	
Grèbe esclavon	0.0	0.0	0.0	0.0	0.0	0.0	0.0	0.0	0.0	0.0	0.0	0.0	0.0	0.0	0.0	0.0	0.0	0.0	0.0	0.0	0.0	0.0	0.0	0.0	0.0	0.0	0.0	0.0	0.0	0.0	0.0	0.0	0.0	0.0	0.0	0.0	0.0	0.0	0.0	0.0	0.0	0.0	0.0	0.0	0.0	0.03125	0.0	0.0	
Grèbe huppé	0.0526316	0.225	0.2291667	0.0454545	0.0555556	0.1	0.1071429	0.075	0.1463415	0.1481481	0.046875	0.0789474	0.0735294	0.0967742	0.0	0.0015	0.1025641	0.1	0.0681818	0.0967742	0.0892857	0.0857143	0.0	0.1086957	0.1578947	0.125	0.0833333	0.3043478	0.0625	0.1666667	0.25	0.0015	0.0015	0.1785714	0.0015	0.0882353	0.1111111	0.037037	0.0833333	0.03125	0.1111111	0.3571429	0.2580645	0.0740741	0.2083333	0.21875	0.047619	0.0465116	
Grèbe à cou noir	0.0015	0.0	0.0	0.0	0.0	0.0	0.0	0.025	0.0243902	0.0	0.03125	0.0	0.0147059	0.0	0.0	0.0697674	0.025641	0.05	0.0227273	0.0322581	0.0535714	0.0285714	0.0	0.0652174	0.0	0.0625	0.1666667	0.0	0.0625	0.0	0.0015	0.027027	0.0	0.0	0.0	0.0015	0.0	0.037037	0.0	0.0	0.0	0.0	0.0	0.037037	0.0	0.03125	0.0	0.0	
Plongeon catmarin	0.0	0.0	0.0	0.0	0.0	0.0	0.0	0.0	0.0	0.0	0.0	0.0	0.0	0.0	0.0	0.0	0.0	0.0	0.0	0.0	0.0	0.0	0.0	0.0	0.0	0.0	0.0	0.0	0.0	0.0	0.0	0.0	0.0	0.0	0.0	0.0	0.0	0.0	0.0	0.0	0.0	0.0	0.0	0.0	0.0	0.0	0.047619	0.0	
Cigogne noire	0.0	0.0	0.0	0.0	0.0	0.0	0.0	0.0	0.0	0.0	0.0	0.0	0.0	0.0	0.0	0.0	0.0	0.0015	0.0	0.0	0.0	0.0	0.0	0.0	0.0	0.0	0.0	0.0015	0.0	0.0555556	0.0416667	0.0	0.0015	0.0357143	0.0	0.0	0.0	0.0	0.0	0.0	0.0	0.0	0.0	0.0	0.0	0.0	0.0	0.0	
Cigogne blanche	0.0	0.0	0.0	0.0	0.0555556	0.02	0.0	0.0	0.0	0.0	0.0	0.0	0.0147059	0.0	0.0	0.0	0.0	0.0	0.0	0.0015	0.0	0.0	0.0	0.0	0.0	0.0625	0.0	0.0	0.0	0.0015	0.0416667	0.0	0.0	0.0	0.0	0.0	0.0	0.0	0.0	0.0	0.0	0.0	0.0	0.0	0.0	0.0	0.0	0.0	
cigogne sp.	0.0	0.0	0.0	0.0	0.0	0.0	0.0	0.0	0.0	0.0	0.0	0.0	0.0	0.016129	0.0	0.0	0.0	0.0	0.0	0.0	0.0	0.0	0.0	0.0	0.0	0.0	0.0	0.0	0.0	0.0	0.0	0.0	0.0	0.0	0.0	0.0	0.0	0.0	0.0	0.0	0.0	0.0	0.0	0.0	0.0	0.0	0.0	0.0	
Grand Cormoran	0.1052632	0.2	0.2916667	0.1136364	0.1666667	0.26	0.1607143	0.1	0.195122	0.2407407	0.03125	0.0263158	0.0735294	0.0967742	0.0243902	0.0015	0.025641	0.05	0.0227273	0.0322581	0.1607143	0.0285714	0.1333333	0.1304348	0.0526316	0.0625	0.25	0.2608696	0.1875	0.1111111	0.2083333	0.0810811	0.08	0.2142857	0.25	0.0882353	0.2222222	0.037037	0.1111111	0.03125	0.1111111	0.2857143	0.2903226	0.1111111	0.1666667	0.09375	0.0952381	0.1395349	
Ibis falcinelle	0.0	0.0	0.0	0.0	0.0	0.0	0.0	0.0	0.0	0.0	0.0	0.0	0.0	0.0	0.0	0.0	0.0	0.0	0.0	0.0	0.0	0.0	0.0	0.0	0.0	0.0	0.0	0.0	0.0625	0.0015	0.0	0.0	0.0	0.0	0.0	0.0015	0.0	0.0	0.0	0.0015	0.0	0.0	0.0	0.0	0.0	0.0	0.0	0.0015	
Spatule blanche	0.0	0.0	0.0	0.0	0.0	0.0	0.0	0.0	0.0	0.0	0.0	0.0	0.0	0.0	0.0	0.0015	0.0	0.0	0.0	0.0	0.0	0.0	0.0	0.0	0.0	0.0	0.0	0.0	0.0015	0.0015	0.0015	0.0	0.0015	0.0357143	0.05	0.0015	0.0	0.0	0.0	0.0015	0.0555556	0.0714286	0.0	0.0	0.0416667	0.03125	0.047619	0.0015	
Butor étoilé	0.0	0.0	0.0	0.0	0.0	0.0	0.0	0.0	0.0	0.0	0.0	0.0	0.0	0.0	0.0	0.0	0.0	0.0	0.0	0.0	0.0	0.0	0.0	0.0	0.0	0.0	0.0	0.0	0.0	0.0	0.0	0.0	0.0	0.0	0.0	0.0	0.0	0.0	0.0	0.0	0.0	0.1428571	0.0	0.0	0.0416667	0.0	0.0	0.0	
Blongios nain	0.0	0.0	0.0	0.0	0.0	0.0	0.0	0.0	0.0	0.0	0.0	0.0	0.0	0.0	0.0	0.0	0.0	0.0	0.0	0.0	0.0	0.0	0.0	0.0	0.0	0.0	0.0	0.0	0.0	0.0	0.0015	0.0	0.0	0.0	0.0	0.0	0.0	0.0	0.0	0.0	0.0	0.0	0.0	0.0	0.0	0.0	0.0	0.0	
Bihoreau gris	0.0	0.0	0.0	0.0	0.0	0.0	0.0	0.0	0.0	0.0	0.0	0.0	0.0	0.0	0.0	0.0	0.0015	0.0	0.0	0.0	0.0	0.0	0.0	0.0	0.0	0.0015	0.0	0.0	0.0	0.0015	0.0416667	0.0015	0.0015	0.0357143	0.0	0.0	0.0	0.0	0.0	0.0	0.0	0.0	0.0	0.0	0.0	0.0	0.0	0.0	
Aigrette garzette	0.0263158	0.025	0.0625	0.0681818	0.0	0.02	0.1071429	0.025	0.0	0.0925926	0.03125	0.0263158	0.0147059	0.0	0.0	0.0232558	0.0512821	0.0	0.0227273	0.0	0.0178571	0.0285714	0.0	0.1304348	0.0526316	0.1875	0.0833333	0.1304348	0.125	0.2222222	0.1666667	0.027027	0.0015	0.1071429	0.1	0.1764706	0.1666667	0.037037	0.0555556	0.0625	0.0	0.1428571	0.0645161	0.037037	0.125	0.125	0.0015	0.0697674	
Héron garde-boeufs	0.0789474	0.05	0.0416667	0.1136364	0.0555556	0.06	0.0357143	0.075	0.0243902	0.037037	0.015625	0.0263158	0.0147059	0.016129	0.0	0.0232558	0.025641	0.025	0.0015	0.0322581	0.0178571	0.0015	0.0666667	0.0217391	0.0015	0.0625	0.0	0.0	0.0625	0.0555556	0.0833333	0.0810811	0.0015	0.1428571	0.0015	0.0588235	0.0015	0.037037	0.0277778	0.03125	0.0	0.0	0.0015	0.0	0.0	0.0	0.0	0.0697674	
Grande Aigrette	0.2894737	0.3	0.2291667	0.2954545	0.2222222	0.28	0.1964286	0.125	0.195122	0.2592593	0.140625	0.0263158	0.0441176	0.0806452	0.0	0.0015	0.0512821	0.025	0.0681818	0.0	0.0357143	0.0571429	0.0666667	0.173913	0.1052632	0.0625	0.0833333	0.2173913	0.125	0.2777778	0.375	0.0810811	0.04	0.1428571	0.25	0.2352941	0.3333333	0.2962963	0.1944444	0.125	0.0	0.2142857	0.2903226	0.2962963	0.3333333	0.34375	0.0952381	0.2790698	
Héron cendré	0.1842105	0.15	0.1666667	0.2045455	0.0555556	0.08	0.1785714	0.125	0.0731707	0.1666667	0.03125	0.1315789	0.1029412	0.0967742	0.097561	0.0930233	0.1794872	0.05	0.1818182	0.0645161	0.125	0.1142857	0.2	0.1956522	0.2105263	0.25	0.1666667	0.3478261	0.3125	0.3333333	0.4166667	0.1351351	0.16	0.2857143	0.35	0.1764706	0.3888889	0.1481481	0.1388889	0.0625	0.0015	0.2142857	0.1290323	0.0	0.2083333	0.09375	0.047619	0.2325581	
Héron pourpré	0.0	0.0	0.0	0.0	0.0	0.0	0.0	0.0	0.0	0.0	0.0	0.0	0.0	0.0	0.0	0.0	0.0	0.0	0.0	0.0	0.0	0.0	0.0	0.0	0.0	0.0	0.0	0.0	0.0015	0.0015	0.125	0.0	0.08	0.0	0.0	0.0	0.0	0.0	0.0	0.0	0.0	0.0	0.0	0.0	0.0	0.0	0.0	0.0	
ardeidé sp.	0.0	0.0	0.0	0.0	0.0	0.0	0.0	0.0	0.0	0.0	0.0	0.0	0.0	0.0	0.0	0.0	0.0	0.0	0.0	0.0	0.0	0.0	0.0	0.0	0.0	0.0	0.0833333	0.0	0.0	0.0	0.0	0.0	0.0	0.0	0.0	0.0	0.0	0.0	0.0	0.0	0.0555556	0.0	0.0	0.0	0.0	0.0	0.0	0.0	
Balbuzard pêcheur	0.0	0.0	0.0	0.0	0.0	0.0	0.0	0.0	0.0	0.0	0.0	0.0	0.0	0.0	0.0	0.0	0.0	0.0	0.0	0.0	0.0	0.0	0.0	0.0	0.0	0.0	0.0	0.0	0.0	0.0	0.0	0.0015	0.04	0.0	0.1	0.0588235	0.0	0.0	0.0277778	0.0	0.0	0.0	0.0	0.0	0.0	0.0	0.0	0.0	
Élanion blanc	0.0	0.0	0.0015	0.0015	0.0	0.02	0.0	0.0	0.0	0.0185185	0.0	0.0	0.0	0.0015	0.0	0.0	0.0	0.0	0.0	0.0015	0.0	0.0	0.0	0.0	0.0	0.0	0.0	0.0	0.0	0.0015	0.0015	0.027027	0.0015	0.0	0.0	0.0015	0.0	0.037037	0.0	0.03125	0.0	0.0	0.0	0.0	0.0	0.0	0.0	0.0015	
Bondrée apivore	0.0	0.0	0.0	0.0	0.0	0.0	0.0	0.0	0.0	0.0	0.0	0.0	0.0	0.0	0.0	0.0	0.0	0.0	0.0227273	0.0	0.0	0.0	0.0	0.0	0.0526316	0.0	0.0	0.0434783	0.0625	0.0015	0.0416667	0.0	0.0015	0.0	0.0	0.0	0.0	0.0	0.0	0.0	0.0	0.0	0.0	0.0	0.0	0.0	0.0	0.0	
Aigle impérial	0.0	0.0	0.0	0.0	0.0	0.0	0.0	0.0	0.0	0.0	0.0	0.0526316	0.0	0.0	0.0	0.0	0.0	0.0	0.0	0.0	0.0	0.0	0.0	0.0	0.0	0.0	0.0	0.0	0.0	0.0	0.0	0.0	0.0	0.0	0.0	0.0	0.0	0.0	0.0	0.0	0.0	0.0	0.0	0.0	0.0	0.0	0.0	0.0	
Épervier d'Europe	0.0263158	0.025	0.0208333	0.0015	0.0555556	0.02	0.0892857	0.025	0.0243902	0.0	0.03125	0.0015	0.0294118	0.0322581	0.0015	0.0232558	0.0512821	0.0	0.0454545	0.0	0.0	0.0015	0.0666667	0.0217391	0.0	0.0	0.0	0.0015	0.0015	0.0555556	0.0833333	0.0540541	0.04	0.0	0.0015	0.0294118	0.1666667	0.1111111	0.0555556	0.0625	0.0555556	0.0	0.0645161	0.037037	0.0416667	0.0625	0.047619	0.1162791	
Autour des palombes	0.0	0.0	0.0	0.0	0.0	0.0	0.0	0.0	0.0	0.0	0.0	0.0	0.0	0.0	0.0	0.0232558	0.025641	0.0	0.0	0.0	0.0	0.0	0.0	0.0	0.0	0.0	0.0	0.0	0.0	0.0	0.0	0.0	0.0	0.0	0.0	0.0294118	0.0	0.0	0.0	0.0	0.0	0.0	0.0	0.0	0.0	0.0	0.0	0.0232558	
Busard des roseaux	0.0	0.0	0.0	0.0	0.0	0.0	0.0	0.0	0.0	0.0	0.015625	0.0	0.0147059	0.0	0.0	0.0015	0.0	0.0	0.0	0.0	0.0	0.0	0.0	0.0	0.0	0.0015	0.0	0.0	0.0	0.0	0.0416667	0.0015	0.0015	0.0	0.0	0.0	0.0555556	0.0	0.0555556	0.0	0.0	0.0	0.0	0.037037	0.0416667	0.0	0.0015	0.0015	
Busard Saint-Martin	0.0263158	0.0	0.0208333	0.0909091	0.0555556	0.0015	0.0178571	0.025	0.0243902	0.0	0.0	0.0263158	0.0147059	0.0322581	0.0	0.0232558	0.0769231	0.0	0.0	0.0322581	0.0	0.0571429	0.0	0.0217391	0.0526316	0.0	0.0	0.0	0.0625	0.0555556	0.0015	0.0540541	0.04	0.0	0.05	0.0882353	0.1111111	0.1111111	0.0	0.03125	0.1111111	0.0	0.0	0.0	0.0833333	0.0625	0.0	0.0015	
Busard cendré	0.0	0.0	0.0	0.0	0.0	0.0	0.0	0.0	0.0	0.0	0.0	0.0	0.0	0.0	0.0	0.0	0.0	0.0	0.0	0.0	0.0	0.0	0.0	0.0	0.0526316	0.0	0.0	0.0	0.0	0.0	0.0416667	0.0	0.0	0.0	0.0	0.0	0.0	0.0	0.0	0.0	0.0	0.0	0.0	0.0	0.0	0.0	0.0	0.0	
busard sp.	0.0	0.0	0.0	0.0	0.0	0.0	0.0	0.0	0.0	0.0	0.0	0.0	0.0	0.016129	0.0	0.0	0.0	0.0	0.0	0.0	0.0	0.0	0.0	0.0	0.0	0.0	0.0	0.0	0.0	0.0	0.0	0.0	0.04	0.0	0.0	0.0	0.0	0.0	0.0	0.0	0.0	0.0	0.0	0.0	0.0	0.0	0.0	0.0	
Milan royal	0.0	0.0	0.0	0.0	0.0555556	0.0	0.0178571	0.0	0.0	0.0	0.0	0.0	0.0	0.0	0.0	0.0	0.0	0.0	0.0	0.0	0.0	0.0	0.0	0.0	0.0	0.0	0.0	0.0	0.0	0.0	0.0	0.0015	0.0	0.0	0.0	0.0	0.0	0.0	0.0277778	0.0	0.0	0.0	0.0	0.0	0.0	0.0	0.0	0.0	
Milan noir	0.0	0.0	0.0208333	0.0	0.0	0.0	0.0	0.0	0.0	0.0	0.0	0.0263158	0.0588235	0.1129032	0.0487805	0.0465116	0.0512821	0.025	0.0681818	0.0322581	0.1071429	0.1428571	0.0666667	0.1521739	0.1052632	0.0015	0.1666667	0.0869565	0.0	0.0015	0.0	0.0015	0.0	0.0	0.0	0.0	0.0	0.0	0.0	0.0	0.0	0.0	0.0	0.0	0.0	0.0	0.0	0.0	
Pygargue à queue blanche	0.0	0.0	0.0	0.0	0.0	0.0	0.0	0.0	0.0	0.0	0.0	0.0	0.0	0.0	0.0	0.0	0.0	0.0	0.0	0.0	0.0	0.0	0.0	0.0	0.0	0.0	0.0	0.0	0.0	0.0	0.0	0.0	0.0	0.0	0.0	0.0015	0.0	0.0	0.0	0.0	0.0	0.0	0.0	0.0	0.0	0.0	0.0	0.0	
Buse variable	0.1315789	0.05	0.0833333	0.1136364	0.1666667	0.18	0.1607143	0.1	0.1219512	0.1296296	0.046875	0.1315789	0.1029412	0.1290323	0.1219512	0.255814	0.1282051	0.2	0.1363636	0.1290323	0.0892857	0.0857143	0.1333333	0.173913	0.2105263	0.25	0.25	0.1304348	0.125	0.0555556	0.125	0.1081081	0.04	0.1071429	0.1	0.1764706	0.0555556	0.1851852	0.1388889	0.03125	0.0015	0.2142857	0.0645161	0.037037	0.0416667	0.0625	0.0015	0.0232558	
rapace sp.	0.0	0.0	0.0	0.0	0.0	0.0	0.0	0.0	0.0	0.0	0.0	0.0	0.0	0.016129	0.0	0.0	0.0	0.0	0.0	0.0	0.0	0.0	0.0	0.0	0.0	0.0	0.0	0.0	0.0	0.0	0.0	0.0	0.0	0.0	0.0	0.0	0.0	0.0	0.0	0.0	0.0	0.0	0.0	0.0	0.0	0.0	0.0	0.0	
Effraie des clochers	0.0015	0.0	0.0	0.0	0.0	0.0	0.0	0.025	0.0	0.0185185	0.0	0.0	0.0015	0.0	0.0	0.0015	0.0	0.0015	0.0	0.0	0.0178571	0.0285714	0.0	0.0	0.0	0.0	0.0	0.0	0.0625	0.0015	0.0	0.027027	0.0015	0.0	0.0	0.0	0.0	0.0	0.0277778	0.0015	0.0555556	0.0	0.0	0.0	0.0	0.0	0.0	0.0015	
Chevêche d'Athéna	0.0	0.0	0.0	0.0227273	0.0555556	0.0015	0.0178571	0.0	0.0	0.0185185	0.0	0.0015	0.0147059	0.016129	0.0	0.0	0.0	0.0	0.0	0.0	0.0714286	0.0	0.0666667	0.0217391	0.0	0.0015	0.0	0.0434783	0.0	0.0555556	0.0015	0.0	0.0	0.0	0.05	0.0015	0.0	0.0	0.0	0.0	0.0	0.0	0.0	0.037037	0.0	0.0	0.0	0.0015	
Chouette hulotte	0.0263158	0.0015	0.0	0.0227273	0.0	0.02	0.0357143	0.0	0.0	0.0185185	0.0	0.0	0.0147059	0.0	0.0	0.0015	0.0015	0.0	0.0227273	0.0	0.0714286	0.0	0.0	0.0	0.0015	0.0	0.0	0.0015	0.0015	0.0015	0.0015	0.0540541	0.0015	0.1071429	0.0015	0.0015	0.0	0.0015	0.0015	0.03125	0.0015	0.0	0.0015	0.0	0.0015	0.0015	0.047619	0.0232558	
Hibou moyen-duc	0.0	0.0	0.0	0.0	0.0555556	0.0	0.0	0.0	0.0	0.0	0.0	0.0	0.0	0.016129	0.0	0.0	0.0	0.0	0.0	0.0	0.0015	0.0	0.0	0.0	0.0	0.0	0.0	0.0	0.0	0.0	0.0	0.0	0.0	0.0	0.0	0.0	0.0	0.0	0.0	0.0	0.0	0.0	0.0	0.0	0.0	0.0	0.0	0.0	
Hibou des marais	0.0	0.0	0.0	0.0	0.0	0.0	0.0	0.0	0.0	0.0	0.0	0.0	0.0	0.0	0.0	0.0	0.0	0.0	0.0	0.0	0.0	0.0	0.0	0.0	0.0	0.0	0.0	0.0	0.0	0.0	0.0	0.0	0.0	0.0	0.0	0.0	0.0	0.0	0.0	0.0	0.0	0.0714286	0.0	0.0	0.0	0.0	0.0	0.0	
Huppe fasciée	0.0	0.0	0.0	0.0	0.0	0.0	0.0	0.0	0.0	0.0	0.0	0.0	0.0	0.016129	0.0487805	0.0015	0.0769231	0.025	0.0681818	0.0015	0.0357143	0.0857143	0.0666667	0.0217391	0.0015	0.0	0.0	0.0434783	0.0	0.0015	0.0015	0.0	0.0	0.0	0.0	0.0	0.0	0.0	0.0	0.0	0.0	0.0	0.0	0.0	0.0	0.0	0.0	0.0	
Martin-pêcheur d'Europe	0.0263158	0.05	0.0625	0.0	0.0	0.06	0.0357143	0.05	0.0	0.0185185	0.078125	0.0263158	0.0	0.0483871	0.0243902	0.0015	0.025641	0.0	0.0454545	0.0	0.0535714	0.0857143	0.0	0.1086957	0.0526316	0.125	0.0833333	0.1304348	0.1875	0.1111111	0.1666667	0.0810811	0.04	0.25	0.1	0.1176471	0.1111111	0.1111111	0.0555556	0.0015	0.1111111	0.1428571	0.1935484	0.1111111	0.1666667	0.125	0.0952381	0.0015	
Torcol fourmilier	0.0	0.0	0.0	0.0	0.0	0.0	0.0	0.0	0.0	0.0	0.0	0.0	0.0	0.0	0.0	0.0	0.0	0.0	0.0	0.0	0.0	0.0	0.0	0.0	0.0	0.0	0.0	0.0	0.0	0.0	0.0	0.027027	0.04	0.0015	0.0	0.0	0.0	0.0	0.0	0.0	0.0	0.0	0.0	0.0	0.0	0.0	0.0	0.0	
Pic mar	0.0	0.0	0.0208333	0.0	0.0015	0.0	0.0	0.0	0.0487805	0.0185185	0.015625	0.0263158	0.0147059	0.016129	0.0	0.0	0.0	0.0	0.0	0.0	0.0	0.0571429	0.0015	0.0434783	0.0	0.0625	0.0	0.0	0.0	0.0015	0.0	0.0015	0.0	0.0	0.0	0.0015	0.0	0.0	0.0	0.0	0.0	0.0	0.0	0.0	0.0	0.0	0.0	0.0232558	
Pic épeiche	0.1315789	0.025	0.0833333	0.0909091	0.0	0.1	0.0535714	0.025	0.0487805	0.0925926	0.015625	0.0789474	0.0588235	0.0483871	0.097561	0.0465116	0.1282051	0.05	0.0227273	0.0322581	0.0892857	0.1714286	0.0015	0.0869565	0.0526316	0.125	0.25	0.0869565	0.125	0.0555556	0.0833333	0.1621622	0.12	0.0714286	0.05	0.0294118	0.1666667	0.0	0.0555556	0.0625	0.1666667	0.0714286	0.1612903	0.037037	0.0	0.03125	0.047619	0.1395349	
Pic épeichette	0.0	0.0	0.0	0.0454545	0.0	0.02	0.0	0.0	0.0	0.0185185	0.03125	0.0	0.0	0.016129	0.0	0.0	0.0	0.0	0.0	0.0	0.0178571	0.0	0.0	0.0	0.0	0.0	0.0	0.0	0.0015	0.0	0.0015	0.0	0.0015	0.0	0.05	0.0588235	0.0	0.0	0.0	0.0	0.0555556	0.0	0.0	0.0	0.0	0.0	0.0	0.0232558	
Pic vert	0.1052632	0.025	0.0833333	0.1136364	0.1111111	0.14	0.1607143	0.125	0.097561	0.0925926	0.09375	0.1842105	0.1176471	0.1129032	0.0731707	0.0697674	0.0769231	0.05	0.0909091	0.0015	0.0535714	0.1428571	0.2	0.0869565	0.1578947	0.25	0.1666667	0.0869565	0.1875	0.1666667	0.1666667	0.1351351	0.08	0.1785714	0.1	0.0882353	0.0555556	0.1851852	0.0555556	0.09375	0.0555556	0.2142857	0.0645161	0.0	0.0	0.0	0.1428571	0.0697674	
Pic noir	0.0	0.0	0.0	0.0	0.0555556	0.06	0.0178571	0.0	0.0243902	0.0	0.03125	0.0263158	0.0294118	0.0645161	0.0243902	0.0015	0.0512821	0.05	0.0015	0.0322581	0.0178571	0.0285714	0.0	0.0217391	0.0015	0.0	0.0015	0.0434783	0.0	0.0555556	0.0	0.027027	0.0	0.0357143	0.0015	0.0294118	0.0	0.0	0.0555556	0.0	0.0	0.0	0.0322581	0.0	0.0	0.0	0.0	0.0232558	
Faucon crécerelle	0.1315789	0.075	0.0416667	0.0227273	0.1111111	0.08	0.1071429	0.125	0.0243902	0.0740741	0.03125	0.0789474	0.0735294	0.0645161	0.1707317	0.0930233	0.0769231	0.15	0.1136364	0.0322581	0.0357143	0.1142857	0.2	0.1086957	0.1052632	0.0	0.0	0.0869565	0.0625	0.0015	0.125	0.1351351	0.16	0.0357143	0.1	0.1176471	0.2777778	0.0740741	0.25	0.03125	0.1111111	0.2142857	0.0322581	0.0740741	0.0833333	0.0	0.0015	0.1627907	
Faucon crécerellette ou F. crécerelle	0.0	0.0	0.0	0.0	0.0	0.0	0.0	0.0	0.0	0.0	0.0	0.0	0.0	0.0	0.0	0.0	0.0	0.0	0.0227273	0.0	0.0	0.0	0.0	0.0	0.0	0.0	0.0	0.0	0.0	0.0	0.0	0.0	0.0	0.0	0.0	0.0	0.0	0.0	0.0	0.0	0.0	0.0	0.0	0.0	0.0	0.0	0.0	0.0	
Faucon émerillon	0.0	0.0	0.0	0.0	0.0	0.0	0.0	0.0	0.0	0.0	0.0	0.0	0.0	0.0	0.0	0.0	0.0	0.0	0.0	0.0	0.0	0.0	0.0	0.0	0.0	0.0	0.0	0.0	0.0	0.0	0.0	0.0	0.0	0.0	0.0	0.0	0.0	0.0	0.0277778	0.0015	0.0	0.0	0.0	0.0	0.0	0.0	0.0	0.0	
Faucon hobereau	0.0	0.0	0.0	0.0	0.0	0.0	0.0	0.0	0.0	0.0	0.0	0.0	0.0	0.0	0.0015	0.0015	0.025641	0.025	0.0227273	0.0	0.0178571	0.1142857	0.0666667	0.0217391	0.0526316	0.0	0.1666667	0.173913	0.0625	0.1111111	0.0416667	0.027027	0.08	0.0	0.0	0.0588235	0.0	0.0	0.0	0.0	0.0	0.0	0.0	0.0	0.0	0.0	0.0	0.0	
Faucon pèlerin	0.0	0.0	0.0	0.0	0.0	0.0	0.0	0.0	0.0	0.0	0.0	0.0263158	0.0	0.016129	0.0	0.0	0.0	0.0	0.0227273	0.0	0.0	0.0285714	0.0666667	0.0	0.0526316	0.0	0.0	0.0	0.0	0.0015	0.0015	0.0	0.0	0.0	0.0015	0.0	0.0015	0.0	0.0277778	0.0015	0.0	0.0	0.0322581	0.0	0.0	0.0	0.0	0.0232558	
Falco sp.	0.0	0.0	0.0	0.0	0.0	0.0	0.0	0.0	0.0	0.0	0.0	0.0	0.0	0.0	0.0	0.0	0.0	0.0	0.0	0.0	0.0	0.0	0.0	0.0	0.0	0.0	0.0	0.0	0.0	0.0	0.0	0.0	0.0	0.0	0.0	0.0294118	0.0	0.0	0.0	0.0	0.0	0.0	0.0	0.0	0.0	0.0	0.0	0.0	
rapace diurne sp.	0.0	0.0	0.0208333	0.0227273	0.0	0.0	0.0	0.0	0.0	0.0	0.0	0.0	0.0	0.0	0.0	0.0	0.0	0.0	0.0	0.0	0.0	0.0	0.0	0.0	0.0	0.0	0.0	0.0	0.0	0.0	0.0	0.0	0.0	0.0	0.0	0.0294118	0.0	0.0	0.0	0.0	0.0	0.0	0.0	0.0	0.0	0.0	0.0	0.0	
Loriot d'Europe	0.0	0.0	0.0	0.0	0.0	0.0	0.0	0.0	0.0	0.0	0.0	0.0	0.0	0.0	0.0	0.0015	0.1282051	0.0	0.0909091	0.0967742	0.0535714	0.1142857	0.0666667	0.1086957	0.0526316	0.0015	0.0	0.0869565	0.0	0.0555556	0.0	0.0	0.0	0.0	0.0	0.0	0.0	0.0	0.0	0.0	0.0	0.0	0.0	0.0	0.0	0.0	0.0	0.0	
Pie-grièche écorcheur	0.0	0.0	0.0	0.0	0.0	0.0	0.0	0.0	0.0	0.0	0.0	0.0	0.0	0.0	0.0	0.0	0.025641	0.0	0.0	0.0	0.0535714	0.0285714	0.0666667	0.0217391	0.0526316	0.0	0.0	0.0	0.0	0.0555556	0.0015	0.0	0.0015	0.0	0.0015	0.0	0.0	0.0	0.0	0.0	0.0	0.0	0.0	0.0	0.0	0.0	0.0	0.0	
Pie-grièche grise	0.0	0.0	0.0	0.0	0.0	0.0	0.0	0.0	0.0	0.0	0.0	0.0	0.0	0.016129	0.0	0.0	0.0	0.0	0.0	0.0	0.0	0.0	0.0	0.0	0.0	0.0	0.0	0.0	0.0	0.0	0.0	0.0	0.0	0.0	0.0	0.0	0.0	0.0	0.0	0.0	0.0	0.0	0.0	0.0	0.0	0.0	0.047619	0.0	
Pie-grièche à tête rousse	0.0	0.0	0.0	0.0	0.0	0.0	0.0	0.0	0.0	0.0	0.0	0.0	0.0	0.0	0.0	0.0	0.0	0.0	0.0	0.0	0.0	0.0	0.0	0.0217391	0.0	0.0	0.0	0.0	0.0	0.0	0.0	0.0	0.0	0.0	0.0	0.0	0.0	0.0	0.0	0.0	0.0	0.0	0.0	0.0	0.0	0.0	0.0	0.0	
Geai des chênes	0.1052632	0.075	0.0625	0.0681818	0.0555556	0.04	0.0	0.025	0.0487805	0.0925926	0.03125	0.1315789	0.0294118	0.1129032	0.1463415	0.0697674	0.0769231	0.05	0.0454545	0.0967742	0.1071429	0.0571429	0.0	0.1956522	0.1578947	0.0625	0.0833333	0.0434783	0.1875	0.0015	0.0416667	0.027027	0.0015	0.0357143	0.2	0.0882353	0.2222222	0.1851852	0.1111111	0.15625	0.2222222	0.1428571	0.0645161	0.0	0.0833333	0.0	0.0952381	0.0232558	
Pie bavarde	0.2105263	0.2	0.2916667	0.1590909	0.1666667	0.2	0.2142857	0.25	0.2682927	0.1666667	0.1875	0.3157895	0.2352941	0.1290323	0.097561	0.2790698	0.1794872	0.275	0.1590909	0.3548387	0.1428571	0.1142857	0.3333333	0.1521739	0.2631579	0.3125	0.3333333	0.0869565	0.1875	0.0555556	0.125	0.1351351	0.2	0.2142857	0.3	0.1176471	0.2777778	0.4074074	0.25	0.25	0.2777778	0.2142857	0.1290323	0.0740741	0.3333333	0.09375	0.3809524	0.1162791	
Choucas des tours	0.1315789	0.075	0.1875	0.0681818	0.1111111	0.12	0.1785714	0.175	0.1219512	0.0925926	0.171875	0.2631579	0.2058824	0.2419355	0.2682927	0.4651163	0.1282051	0.275	0.2045455	0.2903226	0.1071429	0.1428571	0.1333333	0.1956522	0.2105263	0.125	0.0833333	0.1304348	0.0015	0.0015	0.125	0.0810811	0.08	0.0714286	0.3	0.0588235	0.2777778	0.3333333	0.1388889	0.1875	0.2777778	0.1428571	0.0967742	0.037037	0.2083333	0.125	0.2380952	0.0930233	
Corbeau freux	0.0263158	0.05	0.0625	0.0681818	0.0	0.0	0.0357143	0.075	0.0731707	0.1111111	0.125	0.1052632	0.0735294	0.1612903	0.1463415	0.2093023	0.1025641	0.05	0.0681818	0.0645161	0.0714286	0.0571429	0.1333333	0.0	0.1052632	0.0625	0.1666667	0.0434783	0.0015	0.0	0.0015	0.0540541	0.0	0.0015	0.15	0.1176471	0.1111111	0.0740741	0.0555556	0.15625	0.0555556	0.0	0.0322581	0.037037	0.0833333	0.09375	0.0952381	0.0465116	
Corneille noire	0.1578947	0.175	0.3125	0.1363636	0.1666667	0.2	0.1964286	0.225	0.195122	0.1851852	0.140625	0.3684211	0.2058824	0.1935484	0.2195122	0.372093	0.2564103	0.275	0.25	0.2903226	0.1428571	0.1714286	0.3333333	0.2391304	0.2631579	0.1875	0.1666667	0.1304348	0.25	0.1666667	0.1666667	0.1351351	0.12	0.2142857	0.3	0.1176471	0.3333333	0.4074074	0.3333333	0.25	0.2777778	0.2142857	0.1935484	0.0740741	0.25	0.09375	0.4285714	0.0930233	
corvidé sp.	0.0	0.0	0.0	0.0	0.0	0.02	0.0	0.0	0.0	0.0	0.0	0.0	0.0	0.0	0.0	0.0	0.0	0.0	0.0	0.0	0.0	0.0	0.0	0.0	0.0	0.0	0.0	0.0	0.0	0.0	0.0	0.0	0.0	0.0	0.0	0.0	0.0	0.0	0.0	0.0	0.0	0.0	0.0	0.0	0.0	0.0	0.0	0.0	
Mésange noire	0.0	0.0	0.0	0.0	0.0	0.0	0.0357143	0.0	0.0	0.0	0.015625	0.0	0.0	0.016129	0.0	0.0	0.0	0.0	0.0	0.0	0.0	0.0571429	0.0	0.0	0.0	0.0	0.1666667	0.0	0.0	0.0	0.0	0.0	0.0	0.0	0.0	0.0588235	0.0	0.037037	0.0833333	0.0	0.0	0.0	0.0	0.037037	0.0	0.0	0.0	0.0015	
Mésange huppée	0.0263158	0.025	0.0208333	0.0	0.0	0.0	0.0	0.0015	0.0243902	0.037037	0.0015	0.0263158	0.0147059	0.0	0.0	0.0232558	0.025641	0.0	0.0227273	0.0	0.0178571	0.0571429	0.0	0.0	0.0	0.0	0.0015	0.0	0.0	0.0015	0.0	0.0	0.0	0.0	0.05	0.0882353	0.0555556	0.037037	0.0555556	0.0	0.0	0.0	0.0	0.0	0.0	0.0	0.0	0.0015	
Mésange nonnette	0.1052632	0.0	0.0208333	0.0	0.0555556	0.0	0.0357143	0.0015	0.0243902	0.0	0.0015	0.0526316	0.0	0.016129	0.0487805	0.0015	0.0512821	0.0	0.0015	0.0	0.0	0.0571429	0.0	0.0	0.0	0.0	0.0	0.0	0.0015	0.0555556	0.0416667	0.0	0.0	0.0015	0.0015	0.1470588	0.0	0.037037	0.1111111	0.0	0.0555556	0.0714286	0.0322581	0.0	0.0	0.0625	0.0	0.0015	
Mésange bleue	0.2368421	0.225	0.3125	0.1818182	0.2222222	0.24	0.2142857	0.25	0.2439024	0.1666667	0.203125	0.3421053	0.25	0.2258065	0.2926829	0.3023256	0.2820513	0.25	0.25	0.3225806	0.125	0.2285714	0.3333333	0.173913	0.1578947	0.25	0.25	0.1304348	0.1875	0.2222222	0.25	0.1351351	0.2	0.1428571	0.3	0.0882353	0.3333333	0.3703704	0.1944444	0.1875	0.3333333	0.2857143	0.2258065	0.0740741	0.2916667	0.09375	0.3333333	0.1395349	
Mésange charbonnière	0.2368421	0.275	0.2916667	0.1590909	0.2222222	0.2	0.1964286	0.25	0.2682927	0.1851852	0.1875	0.3421053	0.2205882	0.2258065	0.3658537	0.4883721	0.3333333	0.25	0.1818182	0.2258065	0.1071429	0.0857143	0.2666667	0.1304348	0.1052632	0.3125	0.25	0.0869565	0.0625	0.2222222	0.25	0.1351351	0.16	0.25	0.3	0.0882353	0.2777778	0.2962963	0.1944444	0.1875	0.2777778	0.2142857	0.1290323	0.0740741	0.2916667	0.0625	0.3333333	0.1395349	
Alouette lulu	0.0	0.0	0.0208333	0.0454545	0.0555556	0.04	0.0178571	0.05	0.0487805	0.037037	0.03125	0.0015	0.0147059	0.0322581	0.0243902	0.0015	0.0512821	0.0	0.0909091	0.0322581	0.0535714	0.0571429	0.0	0.0434783	0.0	0.0015	0.0	0.0434783	0.0	0.0	0.0	0.0	0.04	0.0	0.0	0.0882353	0.1666667	0.1851852	0.1944444	0.09375	0.2222222	0.0714286	0.0	0.0	0.0	0.0	0.0	0.1162791	
Alouette des champs	0.0263158	0.025	0.0416667	0.0909091	0.0	0.02	0.0178571	0.125	0.0487805	0.1296296	0.03125	0.0263158	0.1176471	0.0967742	0.0487805	0.0232558	0.0512821	0.075	0.0227273	0.0967742	0.0535714	0.0857143	0.0666667	0.0652174	0.1052632	0.0625	0.0	0.0869565	0.0015	0.0	0.0416667	0.0540541	0.04	0.0	0.0015	0.0588235	0.1666667	0.1111111	0.1388889	0.21875	0.1666667	0.2142857	0.0	0.0	0.0416667	0.0	0.0015	0.0697674	
Cisticole des joncs	0.0	0.0	0.0	0.0	0.0	0.02	0.0	0.0	0.0	0.0	0.0	0.0015	0.0	0.0	0.0	0.0	0.025641	0.0015	0.0	0.0	0.0	0.0	0.0	0.0015	0.0526316	0.0	0.0	0.0	0.0	0.0015	0.0015	0.0	0.0015	0.0	0.0	0.0	0.0	0.0	0.0	0.0	0.0	0.0	0.0	0.0	0.0	0.0	0.0015	0.0015	
Hypolaïs polyglotte	0.0	0.0	0.0	0.0	0.0	0.0	0.0	0.0	0.0	0.0	0.0	0.0	0.0	0.0	0.0243902	0.0015	0.1538462	0.225	0.25	0.2258065	0.1964286	0.1142857	0.2	0.1086957	0.0015	0.0625	0.0	0.0869565	0.0015	0.0015	0.0015	0.0015	0.0	0.0015	0.0	0.0	0.0	0.0	0.0	0.0	0.0	0.0	0.0	0.0	0.0	0.0	0.0	0.0	
Phragmite des joncs	0.0	0.0	0.0	0.0	0.0	0.0	0.0	0.0	0.0	0.0	0.0	0.0	0.0	0.0015	0.0	0.0015	0.0	0.0	0.0	0.0	0.0	0.0	0.0	0.0	0.0	0.0	0.0	0.0	0.0015	0.0015	0.0015	0.027027	0.0	0.0	0.05	0.0	0.0	0.0	0.0	0.0	0.0	0.0	0.0	0.0	0.0	0.0	0.0	0.0	
Rousserolle effarvatte	0.0	0.0	0.0	0.0	0.0	0.0	0.0	0.0	0.0	0.0	0.0	0.0	0.0	0.0015	0.0	0.0015	0.0	0.025	0.0454545	0.0	0.0535714	0.0857143	0.1333333	0.0217391	0.0	0.0015	0.0	0.0	0.0625	0.0015	0.0416667	0.0	0.0	0.0	0.0	0.0	0.0	0.0	0.0	0.0	0.0	0.0	0.0	0.0	0.0	0.0	0.0	0.0	
Locustelle luscinioïde	0.0	0.0	0.0	0.0	0.0	0.0	0.0	0.0	0.0	0.0	0.0	0.0	0.0	0.0	0.0	0.0015	0.0	0.0	0.0	0.0	0.0	0.0	0.0	0.0	0.0	0.0	0.0	0.0	0.0	0.0	0.0	0.0	0.0	0.0	0.0	0.0	0.0	0.0	0.0	0.0	0.0	0.0	0.0	0.0	0.0	0.0	0.0	0.0	
Locustelle tachetée	0.0	0.0	0.0	0.0	0.0	0.0	0.0	0.0	0.0	0.0	0.0	0.0	0.0	0.0	0.0	0.0	0.0	0.0	0.0015	0.0	0.0	0.0285714	0.0	0.0	0.0	0.0	0.0	0.0	0.0	0.0	0.0	0.0	0.0015	0.0	0.0	0.0	0.0	0.0	0.0	0.0	0.0	0.0	0.0	0.0	0.0	0.0	0.0	0.0	
Hirondelle de rivage	0.0	0.0	0.0	0.0	0.0	0.0	0.0	0.0	0.0	0.0	0.078125	0.0015	0.0147059	0.0322581	0.0243902	0.0015	0.0015	0.025	0.0454545	0.0	0.0178571	0.0285714	0.0015	0.0652174	0.1052632	0.0	0.0	0.0434783	0.0015	0.0555556	0.0416667	0.027027	0.0015	0.0357143	0.0015	0.0294118	0.0555556	0.0	0.0	0.0	0.0	0.0	0.0	0.0	0.0	0.0	0.0	0.0	
Hirondelle rustique	0.0	0.0	0.0	0.0	0.0	0.0	0.0	0.0	0.0	0.0555556	0.140625	0.1578947	0.1911765	0.2096774	0.2195122	0.4418605	0.1794872	0.275	0.1818182	0.1935484	0.125	0.0571429	0.2666667	0.1956522	0.1052632	0.3125	0.25	0.2173913	0.25	0.2777778	0.2916667	0.1351351	0.32	0.1428571	0.2	0.0588235	0.1111111	0.0740741	0.0	0.0	0.0	0.0	0.0	0.0	0.0	0.0	0.0	0.0	
Hirondelle de fenêtre	0.0	0.0	0.0	0.0	0.0	0.0	0.0	0.0	0.0	0.0	0.0	0.0263158	0.0147059	0.016129	0.0015	0.1162791	0.0015	0.05	0.1136364	0.0	0.125	0.0285714	0.0	0.0652174	0.1052632	0.125	0.3333333	0.1304348	0.0625	0.1111111	0.0416667	0.0540541	0.0015	0.0714286	0.0015	0.0294118	0.0	0.0	0.0	0.0	0.0	0.0	0.0	0.0	0.0	0.0	0.0	0.0	
Hybride Hirondelle rustique x H. de fenêtre	0.0	0.0	0.0	0.0	0.0	0.0	0.0	0.0	0.0	0.0	0.0	0.0	0.0	0.0	0.0015	0.0	0.0	0.0	0.0	0.0	0.0	0.0	0.0	0.0	0.0	0.0	0.0	0.0	0.0	0.0	0.0	0.0	0.0	0.0	0.0	0.0	0.0	0.0	0.0	0.0	0.0	0.0	0.0	0.0	0.0	0.0	0.0	0.0	
Pouillot siffleur	0.0	0.0	0.0	0.0	0.0	0.0	0.0	0.0	0.0	0.0	0.0	0.0	0.0	0.0	0.0	0.0	0.0769231	0.0	0.0454545	0.0	0.0	0.0285714	0.0	0.0434783	0.0	0.0	0.0	0.0	0.0	0.0	0.0	0.0	0.0	0.0	0.0	0.0	0.0	0.0	0.0	0.0	0.0	0.0	0.0	0.0	0.0	0.0	0.0	0.0	
Pouillot de Bonelli	0.0	0.0	0.0	0.0	0.0	0.0	0.0	0.0	0.0	0.0	0.0	0.0	0.0	0.0	0.0	0.0	0.0	0.0	0.0	0.0	0.0	0.0	0.0	0.0217391	0.0	0.0	0.0	0.0	0.0	0.0	0.0	0.0	0.0	0.0	0.0	0.0	0.0	0.0	0.0	0.0	0.0	0.0	0.0	0.0	0.0	0.0	0.0	0.0	
Pouillot à grands sourcils	0.0	0.0	0.0	0.0015	0.0	0.0	0.0	0.0	0.0	0.0	0.0	0.0	0.0	0.0	0.0	0.0	0.0	0.0	0.0	0.0	0.0	0.0	0.0	0.0	0.0	0.0	0.0	0.0	0.0	0.0	0.0	0.0	0.0	0.0	0.0	0.0	0.0	0.037037	0.0555556	0.0	0.0	0.0	0.0	0.0	0.0	0.0	0.0	0.0	
Pouillot fitis	0.0	0.0	0.0	0.0	0.0	0.0	0.0	0.0	0.0	0.0	0.0	0.0526316	0.0588235	0.0483871	0.0	0.0015	0.0512821	0.0015	0.0	0.0015	0.0357143	0.0	0.0	0.0	0.0	0.0	0.0833333	0.0	0.0015	0.0015	0.0416667	0.0015	0.08	0.0357143	0.0015	0.0015	0.0	0.0	0.0	0.0	0.0	0.0	0.0	0.0	0.0	0.0	0.0	0.0	
Pouillot véloce	0.1052632	0.075	0.0625	0.0681818	0.1111111	0.06	0.0714286	0.15	0.195122	0.2407407	0.171875	0.3684211	0.2205882	0.1612903	0.1707317	0.3023256	0.2820513	0.325	0.25	0.2903226	0.1428571	0.2857143	0.3333333	0.2608696	0.3157895	0.3125	0.25	0.1304348	0.1875	0.1666667	0.1666667	0.1891892	0.2	0.25	0.2	0.2058824	0.3888889	0.1481481	0.0833333	0.0625	0.1111111	0.0	0.0015	0.037037	0.0416667	0.0	0.1428571	0.0232558	
pouillot sp.	0.0	0.0	0.0	0.0	0.0	0.0	0.0	0.0	0.0	0.0	0.0	0.0	0.0	0.0	0.0	0.0	0.0	0.0	0.0	0.0	0.0	0.0	0.0	0.0	0.0	0.0	0.0	0.0	0.0	0.0	0.0	0.0	0.0	0.0	0.0	0.0	0.0	0.0	0.0277778	0.0	0.0	0.0	0.0	0.0	0.0	0.0	0.0	0.0	
Bouscarle de Cetti	0.0263158	0.05	0.0	0.0	0.0	0.06	0.0535714	0.05	0.0243902	0.0925926	0.03125	0.0789474	0.0588235	0.0645161	0.0487805	0.1162791	0.1282051	0.05	0.0909091	0.0967742	0.0178571	0.1428571	0.1333333	0.0217391	0.0526316	0.0015	0.0833333	0.0	0.0015	0.0555556	0.0015	0.027027	0.0015	0.1071429	0.2	0.1176471	0.0	0.0740741	0.0277778	0.03125	0.0555556	0.2142857	0.0	0.0	0.0	0.0	0.0015	0.0015	
Orite à longue queue	0.0789474	0.05	0.0833333	0.1136364	0.1666667	0.12	0.1071429	0.05	0.097561	0.1296296	0.03125	0.0789474	0.0441176	0.0483871	0.0243902	0.0232558	0.0769231	0.05	0.1136364	0.1290323	0.0535714	0.1142857	0.1333333	0.1086957	0.1578947	0.125	0.1666667	0.0869565	0.0625	0.0555556	0.1666667	0.1081081	0.04	0.1428571	0.1	0.1176471	0.2777778	0.1481481	0.0833333	0.15625	0.2222222	0.2142857	0.0967742	0.0740741	0.1666667	0.03125	0.0952381	0.0465116	
Fauvette à tête noire	0.0789474	0.0	0.0208333	0.0227273	0.0	0.02	0.0178571	0.025	0.0731707	0.0555556	0.125	0.2105263	0.1617647	0.1935484	0.2195122	0.3255814	0.3589744	0.35	0.2954545	0.3225806	0.1607143	0.2571429	0.3333333	0.1956522	0.2105263	0.4375	0.25	0.0434783	0.1875	0.1666667	0.1666667	0.027027	0.12	0.0357143	0.15	0.0588235	0.1111111	0.0	0.0277778	0.03125	0.0555556	0.0	0.0	0.0	0.0416667	0.0	0.0952381	0.0232558	
Fauvette des jardins	0.0	0.0	0.0	0.0	0.0	0.0	0.0	0.0	0.0	0.0	0.0	0.0	0.0	0.0	0.0015	0.0015	0.025641	0.05	0.1363636	0.0967742	0.0714286	0.2285714	0.0666667	0.0434783	0.0	0.0625	0.0	0.0	0.0	0.0015	0.0416667	0.0015	0.0015	0.0	0.0	0.0	0.0	0.0	0.0	0.0	0.0	0.0	0.0	0.0	0.0	0.0	0.0	0.0	
Fauvette grisette	0.0	0.0	0.0	0.0	0.0	0.0	0.0	0.0	0.0	0.0	0.0	0.0	0.0147059	0.0806452	0.0487805	0.0465116	0.1282051	0.075	0.0454545	0.1612903	0.0535714	0.1142857	0.0015	0.1086957	0.0015	0.0625	0.0	0.0434783	0.0625	0.0015	0.0015	0.027027	0.04	0.0015	0.0015	0.0	0.0	0.0	0.0	0.0	0.0	0.0	0.0	0.0	0.0	0.0	0.0	0.0	
Fauvette pitchou	0.0	0.0	0.0	0.0	0.0	0.0	0.0	0.0	0.0	0.0015	0.0	0.0	0.0	0.0	0.0	0.0	0.0	0.0	0.0227273	0.0	0.0	0.0	0.0	0.0	0.0	0.0	0.0	0.0	0.0	0.0	0.0	0.0	0.0	0.0	0.0	0.0	0.0	0.0	0.0	0.0	0.0	0.0	0.0322581	0.0	0.0	0.0	0.0	0.0	
Roitelet huppé	0.0526316	0.0	0.0208333	0.0	0.0	0.06	0.0	0.025	0.0243902	0.0	0.0	0.0263158	0.0	0.0	0.0015	0.0232558	0.025641	0.0	0.0454545	0.0	0.0	0.1142857	0.0	0.0217391	0.0	0.0	0.0833333	0.0	0.0	0.0	0.0	0.0	0.04	0.0	0.0	0.0882353	0.0555556	0.037037	0.0555556	0.0015	0.0	0.1428571	0.1290323	0.037037	0.0	0.0625	0.047619	0.0465116	
Roitelet à triple bandeau	0.0526316	0.05	0.0833333	0.0681818	0.1111111	0.1	0.1071429	0.05	0.0	0.0555556	0.0015	0.0526316	0.0	0.016129	0.0243902	0.0232558	0.025641	0.05	0.0227273	0.0	0.0178571	0.0285714	0.0	0.0	0.0	0.0	0.0	0.0015	0.0	0.0	0.0	0.0	0.0015	0.0	0.0	0.1176471	0.1666667	0.1481481	0.1666667	0.125	0.1666667	0.1428571	0.0967742	0.1111111	0.1666667	0.09375	0.1428571	0.0697674	
Tichodrome échelette	0.0263158	0.0	0.0	0.0	0.0	0.0	0.0	0.0	0.0	0.0	0.0	0.0	0.0	0.0	0.0	0.0	0.0	0.0	0.0	0.0	0.0	0.0	0.0	0.0	0.0	0.0	0.0	0.0	0.0	0.0	0.0	0.0	0.0	0.0	0.0	0.0	0.0	0.0	0.0	0.0	0.0	0.0	0.0	0.0	0.0	0.0	0.0	0.0	
Sittelle torchepot	0.1315789	0.025	0.0833333	0.0227273	0.0555556	0.06	0.0178571	0.025	0.0487805	0.0740741	0.0015	0.0526316	0.0588235	0.1290323	0.1463415	0.1395349	0.0512821	0.0	0.0681818	0.0	0.0357143	0.1428571	0.1333333	0.1304348	0.0526316	0.0015	0.25	0.0	0.125	0.0015	0.125	0.0540541	0.04	0.1071429	0.05	0.0294118	0.2222222	0.0	0.0277778	0.0015	0.0555556	0.0	0.0322581	0.0	0.0416667	0.03125	0.0015	0.0232558	
Grimpereau des jardins	0.1842105	0.025	0.0833333	0.0681818	0.0555556	0.1	0.0178571	0.05	0.0487805	0.0185185	0.015625	0.0789474	0.0294118	0.016129	0.0731707	0.0697674	0.0512821	0.05	0.0681818	0.0015	0.0714286	0.0857143	0.1333333	0.1086957	0.0526316	0.1875	0.0015	0.0434783	0.125	0.0555556	0.125	0.1081081	0.04	0.1428571	0.0	0.0882353	0.1111111	0.0740741	0.0277778	0.03125	0.0555556	0.0	0.0967742	0.0	0.0833333	0.03125	0.0952381	0.0015	
Troglodyte mignon	0.0789474	0.075	0.1041667	0.0681818	0.1111111	0.14	0.1964286	0.2	0.2195122	0.2037037	0.171875	0.3684211	0.25	0.2096774	0.2682927	0.4883721	0.3333333	0.3	0.2045455	0.1935484	0.125	0.2	0.3333333	0.2608696	0.2105263	0.375	0.1666667	0.0869565	0.125	0.1111111	0.2083333	0.0540541	0.0	0.0714286	0.05	0.1176471	0.2222222	0.2592593	0.0555556	0.125	0.1666667	0.0714286	0.1612903	0.037037	0.1666667	0.09375	0.1904762	0.0232558	
Étourneau sansonnet	0.2105263	0.05	0.1666667	0.0909091	0.0555556	0.14	0.1785714	0.2	0.1707317	0.1296296	0.15625	0.3157895	0.1470588	0.2258065	0.2439024	0.4651163	0.1538462	0.15	0.0909091	0.1935484	0.1428571	0.1714286	0.2666667	0.1521739	0.1052632	0.25	0.1666667	0.0434783	0.0625	0.1111111	0.0416667	0.1351351	0.12	0.1428571	0.2	0.0588235	0.4444444	0.1851852	0.25	0.1875	0.1666667	0.2142857	0.0967742	0.0	0.25	0.03125	0.2380952	0.0930233	
Grive draine	0.0789474	0.05	0.0625	0.0681818	0.0555556	0.02	0.0178571	0.05	0.0731707	0.0555556	0.0015	0.0526316	0.0294118	0.016129	0.0015	0.0015	0.025641	0.025	0.0454545	0.0015	0.0	0.0015	0.0	0.0434783	0.0015	0.0625	0.0015	0.0015	0.0	0.0555556	0.0416667	0.027027	0.04	0.0	0.05	0.0294118	0.1666667	0.1111111	0.1111111	0.03125	0.1111111	0.0714286	0.0645161	0.037037	0.0833333	0.03125	0.0015	0.0697674	
Grive musicienne	0.0789474	0.05	0.1666667	0.0909091	0.1666667	0.14	0.125	0.2	0.1219512	0.0925926	0.046875	0.2105263	0.0294118	0.1935484	0.0487805	0.0697674	0.2307692	0.175	0.0909091	0.0645161	0.0892857	0.0857143	0.2666667	0.1086957	0.1578947	0.125	0.0833333	0.0	0.0015	0.0	0.0416667	0.027027	0.04	0.0	0.0015	0.0294118	0.2777778	0.1111111	0.0555556	0.0625	0.0555556	0.1428571	0.0	0.0	0.0416667	0.0625	0.1428571	0.0465116	
Grive mauvis	0.1578947	0.075	0.0625	0.0681818	0.0555556	0.06	0.0714286	0.0	0.1707317	0.0925926	0.03125	0.0	0.0	0.0015	0.0	0.0	0.0	0.0	0.0	0.0	0.0	0.0	0.0	0.0	0.0	0.0	0.0	0.0	0.0	0.0	0.0	0.0	0.0	0.0	0.0	0.0	0.0555556	0.0740741	0.0833333	0.1875	0.1111111	0.1428571	0.1290323	0.1481481	0.0833333	0.03125	0.0	0.0930233	
Merle noir	0.2368421	0.175	0.25	0.1590909	0.1666667	0.2	0.2142857	0.3	0.2682927	0.1851852	0.1875	0.3947368	0.25	0.2741935	0.3414634	0.5116279	0.3589744	0.325	0.25	0.3225806	0.125	0.2285714	0.3333333	0.2391304	0.3157895	0.375	0.25	0.0869565	0.125	0.1666667	0.1666667	0.1351351	0.16	0.1428571	0.25	0.1470588	0.3333333	0.2592593	0.1666667	0.21875	0.2777778	0.2857143	0.1935484	0.0740741	0.2916667	0.09375	0.4285714	0.0930233	
Grive litorne	0.0526316	0.025	0.0833333	0.0909091	0.1111111	0.06	0.0357143	0.025	0.097561	0.0185185	0.03125	0.0263158	0.0294118	0.0	0.0243902	0.0	0.0	0.0	0.0	0.0	0.0	0.0	0.0	0.0	0.0	0.0	0.0	0.0	0.0	0.0	0.0	0.0	0.0	0.0	0.0	0.0	0.0	0.037037	0.0833333	0.09375	0.1666667	0.2142857	0.0967742	0.0740741	0.125	0.09375	0.0	0.1860465	
Turdus sp.	0.0	0.0	0.0	0.0	0.0	0.0	0.0	0.0	0.0	0.0	0.0	0.0	0.0	0.0	0.0	0.0	0.0	0.0	0.0	0.0	0.0	0.0	0.0	0.0	0.0	0.0	0.0	0.0	0.0	0.0	0.0	0.0	0.0	0.0	0.0	0.0	0.0	0.037037	0.0277778	0.03125	0.0555556	0.0	0.0	0.0	0.0	0.0	0.0	0.0	
Gobemouche gris	0.0	0.0	0.0	0.0	0.0	0.0	0.0	0.0	0.0	0.0	0.0	0.0	0.0	0.0	0.0	0.0	0.025641	0.0	0.0909091	0.0322581	0.0	0.0	0.0666667	0.1304348	0.1052632	0.0625	0.0	0.0434783	0.0	0.0555556	0.125	0.0540541	0.08	0.0357143	0.0015	0.0294118	0.0	0.0	0.0	0.0	0.0	0.0	0.0	0.0	0.0	0.0	0.0	0.0	
Rougegorge familier	0.2105263	0.2	0.3125	0.1590909	0.2222222	0.2	0.2142857	0.275	0.2195122	0.1851852	0.203125	0.3947368	0.1764706	0.2741935	0.2926829	0.4883721	0.3076923	0.375	0.3181818	0.3225806	0.1428571	0.2571429	0.2666667	0.173913	0.1578947	0.375	0.0833333	0.1304348	0.125	0.1111111	0.1666667	0.1351351	0.24	0.2857143	0.35	0.1470588	0.3333333	0.3333333	0.1666667	0.25	0.3333333	0.2857143	0.1612903	0.0740741	0.25	0.09375	0.4285714	0.0930233	
Rossignol philomèle	0.0	0.0	0.0	0.0	0.0	0.0	0.0	0.0	0.0	0.0	0.0	0.0	0.0	0.0322581	0.097561	0.1395349	0.0512821	0.075	0.0454545	0.1290323	0.0535714	0.0	0.0	0.0015	0.0	0.0015	0.0	0.0	0.0	0.0	0.0	0.0	0.0015	0.0	0.0	0.0	0.0	0.0	0.0	0.0	0.0	0.0	0.0	0.0	0.0	0.0	0.0	0.0	
Gorgebleue à miroir	0.0	0.0	0.0	0.0	0.0	0.0	0.0	0.0	0.0	0.0	0.0	0.0	0.0	0.0	0.0	0.0	0.0	0.0	0.0	0.0	0.0	0.0	0.0	0.0	0.0	0.0	0.0	0.0	0.0	0.0555556	0.0015	0.0	0.0	0.0	0.0	0.0	0.0	0.0	0.0	0.0	0.0	0.0	0.0	0.0	0.0	0.0	0.0	0.0	
Gobemouche noir	0.0	0.0	0.0	0.0	0.0	0.0	0.0	0.0	0.0	0.0	0.0	0.0	0.0	0.0	0.0	0.0	0.0	0.0	0.0	0.0	0.0	0.0	0.0	0.0	0.0	0.0	0.0	0.0	0.0	0.0	0.0015	0.0540541	0.16	0.0357143	0.05	0.0	0.0	0.0	0.0	0.0	0.0	0.0	0.0	0.0	0.0	0.0	0.0	0.0	
Rougequeue à front blanc	0.0	0.0	0.0	0.0	0.0	0.0	0.0	0.0	0.0	0.0	0.0	0.0	0.0294118	0.016129	0.0487805	0.0	0.0512821	0.025	0.0227273	0.0322581	0.0178571	0.0285714	0.0	0.0434783	0.0	0.0	0.0	0.0	0.0	0.0	0.0	0.0015	0.08	0.0015	0.0015	0.0	0.0	0.0	0.0	0.0	0.0	0.0	0.0	0.0	0.0	0.0	0.0	0.0	
Rougequeue noir	0.0	0.025	0.0208333	0.0	0.0555556	0.0	0.0178571	0.0	0.0	0.037037	0.0625	0.1052632	0.0588235	0.0967742	0.097561	0.1395349	0.0512821	0.0	0.2272727	0.0645161	0.1071429	0.0857143	0.0666667	0.0217391	0.0526316	0.1875	0.0	0.0434783	0.0625	0.0	0.0015	0.027027	0.08	0.0	0.0015	0.0882353	0.1111111	0.0	0.0555556	0.0	0.0555556	0.0	0.0	0.0	0.0	0.0	0.0	0.0232558	
rougequeue sp.	0.0	0.0	0.0	0.0	0.0	0.0	0.0	0.0	0.0	0.0	0.0	0.0	0.0	0.0	0.0	0.0	0.0	0.0	0.0	0.0	0.0	0.0	0.0	0.0	0.0	0.0	0.0	0.0	0.0	0.0555556	0.0	0.0	0.0	0.0	0.0	0.0	0.0	0.0	0.0	0.0	0.0	0.0	0.0	0.0	0.0	0.0	0.0	0.0	
Tarier des prés	0.0	0.0	0.0	0.0	0.0	0.0	0.0	0.0	0.0	0.0	0.0	0.0	0.0	0.0	0.0	0.0465116	0.0	0.0	0.0	0.0	0.0	0.0015	0.0	0.0	0.0	0.0	0.0	0.0	0.0	0.0	0.0416667	0.1081081	0.16	0.1071429	0.05	0.0294118	0.0	0.0	0.0	0.0	0.0	0.0	0.0	0.0	0.0	0.0	0.0	0.0	
Tarier pâtre	0.0789474	0.15	0.1458333	0.25	0.1666667	0.04	0.0178571	0.05	0.0731707	0.0740741	0.078125	0.0526316	0.1470588	0.1290323	0.1219512	0.0465116	0.0769231	0.125	0.1818182	0.1290323	0.0892857	0.1142857	0.0666667	0.0434783	0.0015	0.0	0.0833333	0.0434783	0.0625	0.0555556	0.0833333	0.1351351	0.24	0.1785714	0.1	0.1176471	0.3333333	0.1481481	0.0833333	0.15625	0.0555556	0.0714286	0.1612903	0.037037	0.125	0.03125	0.0015	0.2093023	
Traquet motteux	0.0	0.0	0.0	0.0	0.0	0.0	0.0	0.0	0.0	0.0	0.015625	0.0263158	0.0588235	0.0483871	0.0015	0.0697674	0.1025641	0.0	0.0015	0.0	0.0	0.0	0.0	0.0	0.0	0.0	0.0	0.0	0.0	0.0	0.0833333	0.0540541	0.04	0.0714286	0.0015	0.0294118	0.0555556	0.0	0.0	0.0	0.0	0.0	0.0	0.0	0.0	0.0	0.0	0.0	
Accenteur mouchet	0.2105263	0.15	0.125	0.1136364	0.0555556	0.16	0.1785714	0.225	0.097561	0.1851852	0.125	0.1578947	0.1323529	0.1290323	0.097561	0.1395349	0.1538462	0.225	0.1818182	0.1935484	0.0714286	0.1142857	0.1333333	0.0652174	0.0526316	0.1875	0.0833333	0.0434783	0.0	0.0555556	0.0416667	0.0810811	0.04	0.0714286	0.2	0.0882353	0.2777778	0.2592593	0.1111111	0.21875	0.3333333	0.1428571	0.0645161	0.0740741	0.1666667	0.15625	0.0952381	0.1395349	
Moineau domestique	0.2105263	0.175	0.25	0.1818182	0.1666667	0.2	0.2321429	0.25	0.195122	0.1666667	0.25	0.3684211	0.1764706	0.2096774	0.1707317	0.3255814	0.2564103	0.275	0.2045455	0.3225806	0.125	0.1714286	0.2	0.2173913	0.1578947	0.3125	0.25	0.173913	0.0625	0.1666667	0.25	0.1081081	0.2	0.1071429	0.35	0.0588235	0.1666667	0.2222222	0.0555556	0.15625	0.2777778	0.1428571	0.0967742	0.0740741	0.25	0.09375	0.3809524	0.0930233	
Moineau friquet	0.0	0.025	0.0	0.0227273	0.0	0.0	0.0	0.025	0.0	0.0	0.015625	0.0263158	0.0015	0.0015	0.0243902	0.0015	0.0015	0.025	0.0227273	0.0	0.0	0.0015	0.0015	0.0	0.0	0.0	0.0015	0.0	0.0015	0.0015	0.0015	0.0	0.0	0.0015	0.0	0.0	0.0	0.0	0.0	0.0	0.0	0.0	0.0	0.0	0.0	0.0	0.0	0.0	
Bergeronnette des ruisseaux	0.0526316	0.075	0.0	0.0454545	0.0	0.1	0.0535714	0.05	0.0487805	0.0925926	0.078125	0.1052632	0.0882353	0.0483871	0.0487805	0.0232558	0.0512821	0.0	0.1136364	0.0322581	0.0714286	0.1428571	0.1333333	0.0	0.1052632	0.125	0.0833333	0.0	0.125	0.0555556	0.0416667	0.0015	0.04	0.1428571	0.0015	0.0588235	0.0555556	0.037037	0.0833333	0.09375	0.0555556	0.1428571	0.1612903	0.037037	0.125	0.0625	0.0	0.0465116	
Bergeronnette printanière	0.0	0.0	0.0	0.0	0.0	0.0	0.0	0.0	0.0	0.0	0.0	0.0	0.0	0.0322581	0.0015	0.0015	0.0	0.0	0.0227273	0.0	0.0	0.0	0.0	0.0	0.0	0.0	0.0	0.0	0.0	0.0555556	0.0015	0.1081081	0.12	0.1428571	0.0015	0.0	0.0555556	0.0	0.0	0.0	0.0	0.0	0.0	0.0	0.0	0.0	0.0	0.0	
Bergeronnette grise	0.1578947	0.125	0.0416667	0.0454545	0.0555556	0.1	0.0714286	0.1	0.0243902	0.1111111	0.03125	0.1315789	0.2205882	0.1290323	0.1219512	0.0930233	0.1538462	0.15	0.25	0.0645161	0.0535714	0.0857143	0.1333333	0.0652174	0.1052632	0.1875	0.25	0.0869565	0.0625	0.0555556	0.125	0.1351351	0.12	0.25	0.1	0.0588235	0.3333333	0.1111111	0.0833333	0.09375	0.1111111	0.0714286	0.0967742	0.037037	0.0833333	0.0	0.0	0.0465116	
Pipit rousseline	0.0	0.0	0.0	0.0	0.0	0.0	0.0	0.0	0.0	0.0	0.0	0.0	0.0	0.0	0.0	0.0	0.0	0.0	0.0	0.0	0.0	0.0	0.0	0.0	0.0	0.0	0.0	0.0	0.0	0.0	0.0	0.0	0.0	0.0357143	0.0	0.0	0.0	0.0	0.0	0.0	0.0	0.0	0.0	0.0	0.0	0.0	0.0	0.0	
Pipit farlouse	0.1052632	0.075	0.0625	0.0681818	0.0	0.04	0.0535714	0.05	0.0731707	0.1666667	0.03125	0.0526316	0.0735294	0.0483871	0.0243902	0.0	0.0	0.0	0.0	0.0	0.0	0.0285714	0.0	0.0	0.0	0.0	0.0	0.0	0.0015	0.0	0.0	0.027027	0.0	0.0	0.15	0.1764706	0.3333333	0.2222222	0.1388889	0.09375	0.2222222	0.0714286	0.0645161	0.0	0.125	0.03125	0.1428571	0.0465116	
Pipit des arbres	0.0	0.0	0.0	0.0	0.0	0.0	0.0	0.0	0.0	0.0	0.0	0.0263158	0.0294118	0.0645161	0.0487805	0.0232558	0.1282051	0.025	0.0909091	0.0322581	0.0357143	0.0857143	0.0	0.0652174	0.0	0.0015	0.0	0.0	0.0	0.0015	0.0416667	0.0540541	0.12	0.0	0.0	0.0294118	0.0	0.0	0.0	0.0	0.0	0.0	0.0	0.0	0.0	0.0	0.0	0.0	
Pipit spioncelle	0.0	0.0	0.0	0.0	0.0	0.0	0.0	0.0	0.0243902	0.0	0.015625	0.0263158	0.0147059	0.0322581	0.0	0.0	0.0	0.0	0.0	0.0	0.0	0.0	0.0	0.0	0.0	0.0	0.0	0.0	0.0	0.0	0.0	0.0	0.0	0.0	0.0	0.0	0.0	0.037037	0.0277778	0.03125	0.0555556	0.0714286	0.0322581	0.037037	0.125	0.0	0.0	0.0015	
Pinson des arbres	0.2631579	0.225	0.2083333	0.1136364	0.1111111	0.28	0.1964286	0.225	0.2439024	0.1666667	0.1875	0.2894737	0.2941176	0.2903226	0.3170732	0.5348837	0.3589744	0.35	0.3181818	0.2580645	0.1428571	0.2857143	0.3333333	0.3043478	0.3157895	0.5	0.1666667	0.1304348	0.125	0.2222222	0.2916667	0.1351351	0.12	0.2142857	0.3	0.2058824	0.4444444	0.3703704	0.1944444	0.15625	0.3888889	0.2142857	0.1612903	0.0740741	0.2916667	0.09375	0.3333333	0.1627907	
Pinson du Nord	0.0526316	0.0	0.0	0.0227273	0.0	0.0	0.0	0.0015	0.0	0.0015	0.015625	0.0263158	0.0	0.0	0.0	0.0	0.0	0.0	0.0	0.0	0.0	0.0	0.0	0.0	0.0	0.0	0.0	0.0	0.0	0.0	0.0	0.0	0.0	0.0	0.0	0.0	0.0	0.0	0.0833333	0.03125	0.0555556	0.0714286	0.0015	0.0	0.0416667	0.03125	0.0015	0.0015	
Grosbec casse-noyaux	0.0526316	0.075	0.0	0.0227273	0.0	0.04	0.0357143	0.025	0.0	0.0185185	0.03125	0.0263158	0.0015	0.016129	0.0	0.0	0.0	0.025	0.0	0.0	0.0	0.0285714	0.0	0.0	0.0	0.0015	0.0	0.0	0.0015	0.0015	0.0	0.0	0.04	0.0	0.0015	0.0294118	0.0	0.037037	0.0555556	0.0625	0.0015	0.0	0.0645161	0.037037	0.0416667	0.125	0.0	0.0232558	
Roselin cramoisi	0.0	0.0	0.0	0.0	0.0	0.0	0.0	0.025	0.0	0.0	0.0	0.0	0.0	0.0	0.0	0.0	0.0	0.0	0.0	0.0	0.0	0.0	0.0	0.0	0.0	0.0	0.0	0.0	0.0	0.0	0.0	0.0	0.0	0.0	0.0	0.0	0.0	0.0	0.0	0.0	0.0	0.0	0.0	0.0	0.0	0.0	0.0	0.0	
Bouvreuil pivoine	0.0015	0.1	0.0	0.0	0.0	0.02	0.0357143	0.025	0.0	0.0	0.015625	0.0526316	0.0147059	0.0645161	0.0	0.0	0.025641	0.0	0.0227273	0.0645161	0.0357143	0.0	0.0	0.0434783	0.0	0.0625	0.1666667	0.0	0.0015	0.0015	0.0416667	0.0	0.08	0.0	0.05	0.0588235	0.0555556	0.0740741	0.1666667	0.0625	0.0555556	0.0714286	0.0322581	0.1481481	0.0	0.125	0.0	0.0930233	
Verdier d'Europe	0.0263158	0.075	0.0625	0.0227273	0.0555556	0.04	0.0357143	0.275	0.097561	0.1851852	0.09375	0.1842105	0.0882353	0.0967742	0.0487805	0.0697674	0.1538462	0.075	0.1363636	0.0967742	0.0892857	0.1142857	0.2666667	0.0652174	0.1578947	0.25	0.0833333	0.0434783	0.0	0.1111111	0.0015	0.0015	0.0	0.0015	0.1	0.0	0.0	0.0	0.0555556	0.0015	0.0555556	0.0714286	0.0015	0.0	0.0416667	0.03125	0.0	0.1162791	
Linotte mélodieuse	0.0526316	0.025	0.0416667	0.1363636	0.0555556	0.02	0.0178571	0.1	0.0487805	0.037037	0.03125	0.0789474	0.1764706	0.0645161	0.0731707	0.1162791	0.1282051	0.1	0.1818182	0.1290323	0.0535714	0.0857143	0.0666667	0.0652174	0.0526316	0.0015	0.1666667	0.0869565	0.0625	0.1111111	0.0416667	0.027027	0.04	0.0357143	0.05	0.0882353	0.2222222	0.0740741	0.0555556	0.09375	0.0555556	0.0714286	0.0	0.0	0.0416667	0.0	0.0015	0.1162791	
Sizerin flammé	0.0263158	0.0	0.0	0.0	0.0	0.02	0.0	0.0	0.0	0.0	0.0	0.0	0.0	0.016129	0.0	0.0	0.0	0.0	0.0	0.0	0.0	0.0	0.0	0.0	0.0	0.0	0.0	0.0	0.0	0.0	0.0	0.0	0.0	0.0	0.0	0.0	0.0	0.0	0.0	0.0	0.0	0.0	0.0	0.0	0.0015	0.03125	0.0	0.0015	
Bec-croisé des sapins	0.0	0.0	0.0015	0.0	0.0	0.0	0.0	0.0	0.0	0.0	0.0	0.0	0.0	0.0	0.0	0.0	0.0	0.0	0.0	0.0	0.0	0.0	0.0	0.0	0.0	0.0	0.0	0.0	0.0	0.0	0.0	0.0	0.0	0.0	0.0015	0.0	0.0	0.0	0.0277778	0.0	0.0	0.0	0.0	0.0	0.0	0.0	0.0	0.0015	
Chardonneret élégant	0.0789474	0.1	0.0833333	0.1136364	0.0555556	0.14	0.0535714	0.05	0.0731707	0.0925926	0.046875	0.0789474	0.0294118	0.0483871	0.0243902	0.0232558	0.025641	0.0015	0.1136364	0.0015	0.0357143	0.0857143	0.1333333	0.0434783	0.0526316	0.1875	0.0	0.0	0.0	0.1111111	0.0833333	0.027027	0.12	0.1071429	0.05	0.0588235	0.1111111	0.0	0.1388889	0.0625	0.1111111	0.0714286	0.0645161	0.0	0.0833333	0.09375	0.0952381	0.1860465	
Serin cini	0.0	0.0	0.0	0.0	0.0	0.02	0.0	0.025	0.0243902	0.0	0.03125	0.0	0.0015	0.0645161	0.0487805	0.0	0.0	0.0015	0.0227273	0.0015	0.0178571	0.0571429	0.1333333	0.0217391	0.1052632	0.0625	0.0	0.0434783	0.0	0.0	0.0	0.0	0.0	0.0	0.0	0.0	0.0	0.0	0.0	0.03125	0.0	0.0	0.0	0.0	0.0	0.0	0.0	0.0	
Tarin des aulnes	0.1052632	0.15	0.1041667	0.0227273	0.0555556	0.12	0.0892857	0.1	0.0731707	0.0555556	0.0625	0.0263158	0.0	0.0322581	0.0243902	0.0	0.0	0.0	0.0	0.0	0.0	0.0285714	0.0	0.0	0.0	0.0	0.0	0.0	0.0	0.0	0.0	0.0	0.0	0.0	0.05	0.0294118	0.0	0.037037	0.1388889	0.0625	0.1666667	0.1428571	0.0645161	0.0740741	0.125	0.125	0.1904762	0.0930233	
Bruant proyer	0.0	0.0	0.0	0.0	0.0	0.0	0.0	0.0	0.0	0.0	0.0	0.0	0.0	0.0	0.0015	0.0	0.0	0.0	0.0015	0.0322581	0.0	0.0	0.0	0.0	0.0	0.0	0.0	0.0	0.0	0.0	0.0	0.0	0.0	0.0	0.0	0.0	0.0	0.0	0.0	0.0	0.0	0.0	0.0	0.0	0.0	0.0	0.0	0.0	
Bruant zizi	0.0263158	0.025	0.0625	0.0681818	0.0555556	0.08	0.125	0.0	0.097561	0.0185185	0.03125	0.1315789	0.0882353	0.1290323	0.1219512	0.0697674	0.0512821	0.1	0.1136364	0.1935484	0.1071429	0.2285714	0.2	0.1304348	0.1578947	0.25	0.1666667	0.0869565	0.0015	0.1111111	0.0833333	0.027027	0.12	0.0	0.0015	0.0015	0.1111111	0.037037	0.1666667	0.125	0.0555556	0.2142857	0.0645161	0.0	0.0	0.0625	0.047619	0.1395349	
Bruant jaune	0.0263158	0.075	0.0208333	0.0227273	0.0555556	0.1	0.0357143	0.05	0.0243902	0.037037	0.09375	0.0526316	0.1764706	0.1290323	0.0243902	0.0232558	0.1025641	0.05	0.0909091	0.0967742	0.1071429	0.2	0.1333333	0.1956522	0.1052632	0.0625	0.0833333	0.0	0.0015	0.0015	0.0015	0.0540541	0.08	0.0	0.0015	0.0882353	0.2222222	0.1111111	0.1388889	0.0625	0.2222222	0.0714286	0.0	0.0	0.0416667	0.03125	0.0	0.1162791	
Bruant des roseaux	0.0263158	0.05	0.0625	0.0227273	0.0	0.0015	0.0	0.0	0.0243902	0.0555556	0.0	0.0526316	0.0441176	0.0015	0.0	0.0015	0.0	0.025	0.0681818	0.0	0.0178571	0.0015	0.0666667	0.0	0.0	0.0	0.0	0.0	0.0015	0.0555556	0.0015	0.0	0.0	0.0015	0.0	0.0015	0.0	0.037037	0.0277778	0.03125	0.0555556	0.0	0.0322581	0.037037	0.0416667	0.0625	0.0015	0.1162791	
Bruant nain	0.0	0.0	0.0208333	0.0	0.0	0.0	0.0	0.0	0.0	0.0	0.0	0.0	0.0	0.0	0.0	0.0	0.0	0.0	0.0	0.0	0.0	0.0	0.0	0.0	0.0	0.0	0.0	0.0	0.0	0.0	0.0	0.0	0.0	0.0	0.0	0.0	0.0	0.0	0.0	0.0	0.0	0.0	0.0	0.0	0.0	0.0	0.0	0.0465116	
passereau sp.	0.0	0.0	0.0	0.0	0.0	0.0	0.0	0.0	0.0	0.0	0.0	0.0	0.0147059	0.0483871	0.0243902	0.0232558	0.0	0.0	0.0	0.0	0.0	0.0	0.0	0.0217391	0.0	0.0	0.0	0.0	0.0	0.0	0.0	0.027027	0.0	0.0	0.0	0.0	0.1111111	0.037037	0.0277778	0.03125	0.0555556	0.0	0.0	0.0	0.0	0.0	0.0	0.0	

