









Frequency of observations in the selected location(s).:
Number of taxa: 	274

	Jan				Feb				Mar				Apr				May				Jun				Jul				Aug				Sep				Oct				Nov				Dec				
Sample Size:	26.0	15.0	31.0	20.0	24.0	17.0	51.0	30.0	15.0	23.0	30.0	42.0	19.0	25.0	26.0	33.0	29.0	54.0	37.0	66.0	29.0	68.0	60.0	92.0	116.0	121.0	106.0	118.0	123.0	154.0	167.0	170.0	184.0	164.0	77.0	54.0	15.0	24.0	20.0	22.0	17.0	11.0	19.0	13.0	7.0	9.0	33.0	27.0	

Oie cendrée	0.0769231	0.0	0.1290323	0.2	0.0	0.0588235	0.0	0.0333333	0.0	0.0	0.0	0.0	0.0	0.0	0.0	0.0	0.0	0.0	0.0	0.0	0.0344828	0.0	0.0	0.0	0.0	0.0	0.0	0.0	0.0	0.0064935	0.0	0.0	0.0	0.0	0.0	0.0	0.0	0.0	0.05	0.0909091	0.1176471	0.1818182	0.1052632	0.3076923	0.0	0.3333333	0.2121212	0.0740741	
Oie rieuse	0.0	0.0	0.0	0.05	0.0	0.0	0.0	0.0	0.0	0.0	0.0	0.0	0.0	0.0	0.0	0.0	0.0	0.0	0.0	0.0	0.0	0.0	0.0	0.0	0.0	0.0	0.0	0.0	0.0	0.0	0.0	0.0	0.0	0.0	0.0	0.0	0.0	0.0	0.0	0.0	0.0	0.0	0.0	0.0769231	0.0	0.0	0.030303	0.0	
anatidé sp. (oie sp.)	0.0	0.0	0.0	0.0	0.0	0.0	0.0	0.0	0.0	0.0	0.0	0.0	0.0	0.0	0.0	0.0	0.0	0.0	0.0	0.0	0.0	0.0	0.0	0.0	0.0	0.0	0.0	0.0	0.0	0.0015	0.0	0.0	0.0	0.0	0.0	0.0	0.0	0.0	0.0	0.0	0.0	0.0	0.0	0.0	0.0	0.0	0.0	0.0	
Ouette d'Égypte	0.0	0.0	0.0	0.0	0.0	0.0	0.0	0.0	0.0	0.0	0.0	0.0	0.0	0.0	0.0	0.0	0.0	0.0	0.0	0.0	0.0	0.0	0.0	0.0015	0.0	0.0	0.0	0.0	0.0081301	0.0	0.0	0.0	0.0	0.0	0.0	0.0	0.0	0.0	0.0	0.0	0.0	0.0	0.0	0.0	0.0	0.0	0.0	0.0	
Tadorne casarca	0.0	0.0	0.0	0.0	0.0	0.0	0.0	0.0	0.0	0.0	0.0	0.0	0.0	0.0	0.0	0.0	0.0	0.0	0.0	0.0	0.0	0.0147059	0.0	0.0	0.0	0.0	0.0	0.0	0.0	0.0	0.005988	0.0058824	0.0	0.0	0.0	0.0	0.0	0.0	0.0	0.0	0.0588235	0.0	0.0	0.0	0.0	0.0	0.0	0.0	
Tadorne de Belon	0.0	0.0	0.0967742	0.1	0.0	0.0	0.0	0.0666667	0.0	0.0	0.0	0.0	0.0	0.0	0.0	0.0	0.0	0.0	0.0	0.0	0.0	0.0	0.0	0.0	0.0	0.0	0.0	0.0	0.0	0.0	0.0	0.0	0.0	0.0	0.0	0.0	0.0	0.0	0.0	0.0	0.0	0.1818182	0.0526316	0.2307692	0.0	0.5555556	0.030303	0.037037	
Canard mandarin	0.0	0.0	0.0	0.0	0.0	0.0	0.0	0.0	0.0	0.0	0.0	0.0	0.0	0.0	0.0	0.0	0.0	0.0	0.0	0.0	0.0	0.0	0.0	0.0	0.0	0.0	0.0	0.0	0.0	0.0	0.0	0.0058824	0.0	0.0	0.0	0.0	0.0	0.0	0.0	0.0	0.0	0.0909091	0.0	0.0	0.0	0.1111111	0.0	0.0	
Canard souchet	0.0	0.0	0.1612903	0.1	0.0	0.0	0.0	0.0333333	0.0	0.0	0.0	0.0238095	0.0526316	0.04	0.0	0.0	0.0	0.0	0.0	0.0	0.0	0.0	0.0	0.0	0.0	0.0015	0.0	0.0	0.0	0.0	0.0	0.0058824	0.0054348	0.0	0.012987	0.0	0.0	0.0	0.05	0.0	0.0015	0.2727273	0.0	0.3846154	0.0	0.4444444	0.1818182	0.0740741	
Canard chipeau	0.0384615	0.1333333	0.0322581	0.05	0.0	0.0	0.0588235	0.0666667	0.0	0.0434783	0.0	0.0238095	0.0	0.0	0.0	0.0	0.0	0.0	0.0	0.0	0.0	0.0	0.0	0.0	0.0	0.0	0.0	0.0	0.0	0.0064935	0.005988	0.0117647	0.0	0.0	0.0	0.0	0.0	0.0	0.0	0.0	0.0	0.0909091	0.0	0.3846154	0.1428571	0.5555556	0.1515152	0.037037	
Canard siffleur	0.0384615	0.0	0.0967742	0.15	0.0	0.1176471	0.0	0.1	0.0	0.0	0.0	0.0238095	0.0	0.0	0.0	0.0	0.0	0.0	0.0	0.0	0.0	0.0	0.0	0.0	0.0	0.0	0.0	0.0	0.0	0.0	0.0	0.0	0.0	0.0	0.0	0.0	0.0	0.0	0.1	0.0	0.0	0.0909091	0.1052632	0.6153846	0.0	0.3333333	0.3030303	0.1481481	
Canard colvert	0.2692308	0.2666667	0.483871	0.25	0.125	0.3529412	0.1176471	0.4333333	0.0666667	0.173913	0.1	0.1904762	0.4736842	0.2	0.1538462	0.2727273	0.2413793	0.2592593	0.1891892	0.1515152	0.2758621	0.1029412	0.0833333	0.1956522	0.0517241	0.107438	0.1603774	0.1949153	0.0650407	0.0584416	0.1497006	0.1294118	0.0706522	0.0243902	0.1428571	0.1296296	0.2666667	0.0833333	0.25	0.3636364	0.3529412	0.5454545	0.2631579	0.7692308	0.0	0.6666667	0.4545455	0.2222222	
Canard pilet	0.0384615	0.0666667	0.0645161	0.0	0.0	0.0	0.0	0.0	0.0	0.0	0.0	0.0	0.0	0.0	0.0	0.0	0.0	0.0	0.0	0.0	0.0	0.0	0.0	0.0	0.0	0.0	0.0	0.0	0.0	0.0	0.0	0.0	0.0	0.0	0.0	0.0	0.0	0.0	0.05	0.0	0.0	0.0909091	0.0526316	0.3846154	0.0	0.1111111	0.1818182	0.0015	
Sarcelle d'hiver	0.0384615	0.1333333	0.2580645	0.2	0.0416667	0.1764706	0.0392157	0.3	0.0015	0.0434783	0.0333333	0.0714286	0.0	0.0	0.0384615	0.030303	0.0	0.0	0.0	0.0	0.0	0.0	0.0	0.0	0.0	0.0	0.0	0.0	0.0	0.0	0.011976	0.0176471	0.0108696	0.0	0.012987	0.0185185	0.0	0.0	0.1	0.0909091	0.1176471	0.3636364	0.1578947	0.7692308	0.1428571	0.5555556	0.4242424	0.1111111	
anatidé sp. (canard barboteur sp.)	0.0	0.0	0.0	0.0	0.0	0.0	0.0	0.0	0.0	0.0	0.0	0.0	0.0	0.0	0.0	0.0	0.0	0.0	0.0	0.0	0.0	0.0	0.0	0.0	0.0015	0.0	0.0	0.0	0.0	0.0	0.0	0.0058824	0.0	0.0	0.0	0.0	0.0	0.0	0.0	0.0	0.0	0.0	0.0	0.0	0.0	0.0	0.0	0.0	
Nette rousse	0.0	0.0	0.0	0.0	0.0	0.0	0.0	0.0	0.0	0.0	0.0	0.0	0.0	0.0	0.0	0.0	0.0	0.0	0.0	0.0	0.0	0.0	0.0	0.0	0.0	0.0	0.0	0.0	0.0	0.0	0.0	0.0	0.0	0.0	0.0	0.0	0.0	0.0	0.0	0.0	0.0	0.0	0.0	0.0769231	0.0	0.0	0.0	0.0	
Fuligule milouin	0.0384615	0.0	0.0	0.0	0.0015	0.0588235	0.0	0.0	0.0	0.0	0.0	0.0	0.0	0.0	0.0	0.0	0.0	0.0	0.0	0.0	0.0	0.0	0.0	0.0	0.0	0.0	0.0	0.0	0.0	0.0	0.0	0.0058824	0.0054348	0.0	0.012987	0.0	0.0	0.0	0.0	0.0	0.0588235	0.0909091	0.1052632	0.1538462	0.0	0.1111111	0.1515152	0.0	
Fuligule nyroca	0.0	0.0	0.0	0.0	0.0	0.0	0.0	0.0333333	0.0	0.0	0.0	0.0	0.0	0.0	0.0	0.0	0.0	0.0	0.0	0.0	0.0	0.0	0.0	0.0	0.0	0.0	0.0	0.0	0.0	0.0	0.0	0.0	0.0	0.0	0.0	0.0	0.0	0.0	0.0	0.0	0.0	0.0	0.0	0.0	0.0	0.0	0.0	0.0	
Fuligule morillon	0.0384615	0.1333333	0.0	0.0	0.0416667	0.0	0.0392157	0.0333333	0.0	0.0	0.0	0.0	0.0	0.0	0.0	0.0	0.0	0.0	0.0	0.0	0.0	0.0	0.0	0.0	0.0	0.0	0.0	0.0	0.0	0.0	0.0	0.0	0.0	0.0	0.0	0.0	0.0	0.0	0.0	0.0	0.0588235	0.0909091	0.0	0.0769231	0.1428571	0.0	0.1212121	0.0	
anatidé sp. (canard sp.)	0.0	0.0	0.0	0.05	0.0	0.0	0.0	0.0	0.0	0.0	0.0	0.0	0.0	0.0	0.0	0.0	0.0	0.0	0.0	0.0	0.0	0.0	0.0	0.0	0.0015	0.0	0.0	0.0	0.0	0.0	0.005988	0.0	0.0	0.0060976	0.0	0.0185185	0.0	0.0	0.0	0.0	0.0	0.0	0.0	0.0	0.0	0.0	0.0	0.0	
Lagopède alpin	0.0	0.0	0.0	0.0	0.0	0.0	0.0	0.0	0.0	0.0	0.0	0.0	0.0	0.0	0.0	0.0	0.0	0.0	0.0	0.0015	0.0	0.0	0.0166667	0.0108696	0.0015	0.0	0.009434	0.0	0.0081301	0.0064935	0.0015	0.0	0.0	0.0	0.0015	0.0	0.0	0.0	0.0	0.0	0.0	0.0	0.0	0.0	0.0	0.0	0.0	0.0	
Grand Tétras	0.0	0.0	0.0	0.0	0.0	0.0	0.0	0.0	0.0	0.0	0.0	0.0	0.0	0.0	0.0384615	0.0	0.0	0.0	0.0015	0.0	0.0	0.0	0.0	0.0	0.0	0.0	0.0	0.0	0.0	0.0	0.0	0.0	0.0	0.0	0.0	0.0	0.0	0.0	0.0	0.0	0.0	0.0	0.0	0.0	0.0	0.0	0.0	0.0015	
Perdrix grise	0.0015	0.0015	0.0	0.0	0.0	0.0	0.0196078	0.0	0.0	0.0015	0.0015	0.0	0.0	0.0	0.0	0.0015	0.0	0.0	0.0	0.0	0.0	0.0147059	0.0	0.0	0.0	0.0	0.0	0.0	0.0	0.0	0.0	0.0	0.0163043	0.0	0.0	0.0	0.0015	0.0	0.05	0.0	0.0	0.0	0.0	0.0	0.0015	0.0	0.0	0.0	
Faisan de Colchide	0.1153846	0.0	0.0322581	0.0015	0.0416667	0.0588235	0.0196078	0.0	0.0	0.0	0.0	0.0238095	0.0	0.0	0.0384615	0.0606061	0.0	0.0185185	0.0540541	0.0	0.0015	0.0	0.0	0.0108696	0.0	0.0082645	0.009434	0.0	0.0	0.0	0.0	0.0	0.0	0.0	0.0	0.0555556	0.0	0.0	0.0	0.0	0.0015	0.0015	0.0526316	0.1538462	0.0	0.0	0.030303	0.0	
Caille des blés	0.0	0.0	0.0	0.0	0.0	0.0	0.0	0.0	0.0	0.0	0.0	0.0	0.0	0.0	0.0	0.0	0.0	0.0	0.0540541	0.0	0.0344828	0.0294118	0.0333333	0.0217391	0.0517241	0.0330579	0.0188679	0.0015	0.0	0.0	0.0	0.0	0.0	0.0	0.0	0.0	0.0	0.0	0.0	0.0	0.0	0.0	0.0	0.0	0.0	0.0	0.0	0.0	
Perdrix rouge	0.0	0.0	0.0322581	0.0	0.0	0.0	0.0	0.0	0.0	0.0	0.0	0.0	0.0	0.0	0.0	0.0	0.0	0.0	0.0	0.0	0.0	0.0	0.0	0.0	0.0086207	0.0	0.009434	0.0	0.0	0.0	0.0	0.0	0.0	0.0015	0.0	0.0	0.0015	0.0	0.0	0.0	0.0	0.0	0.0	0.0	0.0	0.0	0.0	0.0	
Pigeon biset	0.0769231	0.0666667	0.0645161	0.1	0.1666667	0.0588235	0.0392157	0.0333333	0.0	0.0	0.1	0.047619	0.1052632	0.0015	0.0	0.0606061	0.1034483	0.0740741	0.0540541	0.0151515	0.0689655	0.0441176	0.0166667	0.0434783	0.0258621	0.0330579	0.0377358	0.0677966	0.0243902	0.0454545	0.0419162	0.0117647	0.0380435	0.0487805	0.0909091	0.0555556	0.0	0.0015	0.25	0.1363636	0.1764706	0.1818182	0.1052632	0.0769231	0.1428571	0.0015	0.0606061	0.0015	
Pigeon colombin	0.0	0.0	0.0322581	0.0	0.0	0.0	0.0	0.0333333	0.0	0.0	0.0	0.0	0.0	0.0	0.0384615	0.030303	0.0	0.0	0.0	0.0	0.0	0.0	0.0166667	0.0	0.0	0.0	0.0	0.0	0.0	0.0	0.0	0.0	0.0	0.0	0.012987	0.0185185	0.0	0.0	0.0	0.0	0.0	0.0	0.0	0.0	0.0	0.0	0.0	0.0	
Pigeon ramier	0.4230769	0.4	0.3870968	0.3	0.3333333	0.2352941	0.372549	0.4666667	0.5333333	0.3478261	0.3333333	0.4047619	0.2631579	0.2	0.3076923	0.3939394	0.2758621	0.2962963	0.2972973	0.1212121	0.2758621	0.1617647	0.1333333	0.1630435	0.1034483	0.0991736	0.2924528	0.2288136	0.1138211	0.0974026	0.1856287	0.1294118	0.1195652	0.1280488	0.1818182	0.0925926	0.0666667	0.0833333	0.4	0.3181818	0.4117647	0.5454545	0.3157895	0.6153846	0.1428571	0.7777778	0.3030303	0.3703704	
Tourterelle des bois	0.0	0.0	0.0	0.0	0.0	0.0	0.0	0.0	0.0	0.0	0.0	0.0	0.0	0.0	0.0384615	0.030303	0.0	0.0185185	0.027027	0.030303	0.0344828	0.0	0.0166667	0.0217391	0.0	0.0165289	0.0283019	0.0015	0.0081301	0.0	0.0	0.0	0.0054348	0.0	0.0	0.0015	0.0	0.0	0.0	0.0	0.0	0.0	0.0	0.0	0.0	0.0	0.0	0.0	
Tourterelle turque	0.2307692	0.3333333	0.1935484	0.2	0.125	0.5294118	0.2156863	0.1666667	0.1333333	0.1304348	0.2333333	0.3571429	0.2105263	0.16	0.1923077	0.3333333	0.2068966	0.3703704	0.1621622	0.1060606	0.2413793	0.1176471	0.1333333	0.1304348	0.137931	0.1818182	0.2830189	0.2542373	0.1138211	0.1298701	0.1377246	0.1411765	0.0652174	0.0182927	0.1168831	0.0925926	0.1333333	0.0833333	0.15	0.2272727	0.2352941	0.3636364	0.0526316	0.1538462	0.1428571	0.2222222	0.2121212	0.1851852	
Grande Outarde	0.0	0.0	0.0	0.0	0.0	0.0	0.0	0.0	0.0	0.0	0.0	0.0	0.0	0.0	0.0	0.0	0.0	0.0	0.0	0.0	0.0	0.0	0.0	0.0	0.0	0.0	0.0	0.0	0.0	0.0	0.0015	0.0015	0.0	0.0	0.0	0.0	0.0	0.0	0.0	0.0	0.0	0.0	0.0	0.0	0.0	0.0	0.0	0.0	
Coucou gris	0.0	0.0	0.0	0.0	0.0	0.0	0.0	0.0	0.0	0.0	0.0	0.0238095	0.0526316	0.12	0.0769231	0.0606061	0.1034483	0.1296296	0.2972973	0.1515152	0.2413793	0.0294118	0.05	0.0217391	0.0172414	0.0082645	0.0188679	0.059322	0.0081301	0.012987	0.0179641	0.0	0.0	0.0	0.0	0.0	0.0	0.0	0.0	0.0	0.0	0.0	0.0	0.0	0.0	0.0	0.0	0.0	
Engoulevent d'Europe	0.0	0.0	0.0	0.0	0.0	0.0	0.0	0.0	0.0	0.0	0.0	0.0	0.0	0.0	0.0	0.0	0.0	0.0	0.0	0.0	0.0	0.0	0.0	0.0	0.0	0.0	0.0	0.0015	0.0	0.0015	0.0	0.0	0.0	0.0	0.0	0.0	0.0	0.0	0.0	0.0	0.0	0.0	0.0	0.0	0.0	0.0	0.0	0.0	
Martinet à ventre blanc	0.0	0.0	0.0	0.0	0.0	0.0	0.0	0.0	0.0	0.0	0.0	0.0	0.0	0.0	0.0	0.0606061	0.0	0.0	0.0	0.0454545	0.0015	0.0294118	0.0166667	0.0015	0.0517241	0.0082645	0.009434	0.0015	0.0243902	0.012987	0.011976	0.0235294	0.0163043	0.0060976	0.012987	0.0	0.0	0.0	0.0	0.0	0.0	0.0	0.0	0.0	0.0	0.0	0.0	0.0	
Martinet noir	0.0	0.0	0.0	0.0	0.0	0.0	0.0	0.0	0.0	0.0	0.0	0.0	0.0	0.0	0.0	0.1515152	0.3448276	0.2962963	0.1351351	0.2272727	0.2413793	0.0735294	0.15	0.2717391	0.2068966	0.3140496	0.2641509	0.3220339	0.1056911	0.2467532	0.1257485	0.0235294	0.0108696	0.0	0.0	0.0015	0.0	0.0	0.0	0.0	0.0	0.0	0.0	0.0	0.0	0.0	0.0	0.0	
Martinet pâle	0.0	0.0	0.0	0.0	0.0	0.0	0.0	0.0	0.0	0.0	0.0	0.0	0.0	0.0	0.0	0.0	0.0	0.0	0.0	0.0	0.0	0.0	0.0	0.0	0.0	0.0	0.0	0.0015	0.0081301	0.0	0.0015	0.0	0.0	0.0	0.0	0.0	0.0	0.0	0.0	0.0	0.0	0.0	0.0	0.0	0.0	0.0	0.0	0.0	
apodidé sp.	0.0	0.0	0.0	0.0	0.0	0.0	0.0	0.0	0.0	0.0	0.0	0.0	0.0	0.0	0.0	0.0	0.0	0.0	0.0	0.0015	0.0	0.0	0.0	0.0	0.0	0.0	0.0	0.0	0.0	0.0	0.0	0.0	0.0	0.0060976	0.0	0.0	0.0	0.0	0.0	0.0	0.0	0.0	0.0	0.0	0.0	0.0	0.0	0.0	
Râle d'eau	0.0	0.0	0.0322581	0.0	0.0	0.0	0.0	0.0	0.0	0.0	0.0	0.0	0.0	0.0	0.0	0.0	0.0	0.0	0.0	0.0	0.0	0.0	0.0	0.0	0.0	0.0	0.009434	0.0	0.0	0.0	0.0	0.0	0.0	0.0	0.0	0.0	0.0	0.0	0.0	0.0	0.0	0.0	0.0	0.0	0.1428571	0.0	0.0606061	0.037037	
Gallinule poule-d'eau	0.0769231	0.2	0.1612903	0.1	0.0416667	0.0588235	0.0784314	0.1666667	0.0	0.0	0.0015	0.047619	0.1578947	0.04	0.0769231	0.0	0.0	0.0555556	0.0	0.0151515	0.0015	0.0441176	0.0	0.0015	0.0015	0.0	0.0471698	0.0084746	0.0081301	0.0	0.0179641	0.0235294	0.0108696	0.0	0.038961	0.0185185	0.0	0.0	0.1	0.0	0.1764706	0.0909091	0.1052632	0.3846154	0.1428571	0.3333333	0.2121212	0.037037	
Foulque macroule	0.0384615	0.1333333	0.0967742	0.2	0.0416667	0.1176471	0.0588235	0.1666667	0.0015	0.0	0.0333333	0.0015	0.0	0.0	0.0	0.0	0.0	0.037037	0.027027	0.0	0.0344828	0.0147059	0.0	0.0108696	0.0015	0.0	0.0283019	0.0	0.0081301	0.0064935	0.0179641	0.0352941	0.0163043	0.0	0.012987	0.0185185	0.0	0.0	0.05	0.0	0.0588235	0.2727273	0.0526316	0.6153846	0.1428571	0.3333333	0.2727273	0.037037	
Grue cendrée	0.1153846	0.0666667	0.1612903	0.3	0.0833333	0.0588235	0.0	0.0666667	0.0666667	0.0	0.0	0.047619	0.0	0.0	0.0	0.0	0.0	0.0	0.0	0.0	0.0	0.0	0.0	0.0	0.0	0.0	0.0	0.0	0.0	0.0	0.0	0.0	0.0	0.0	0.0	0.0	0.0	0.0	0.15	0.1818182	0.2352941	0.1818182	0.1052632	0.5384615	0.4285714	0.4444444	0.2727273	0.2222222	
Échasse blanche	0.0	0.0	0.0	0.0	0.0	0.0	0.0	0.0	0.0	0.0	0.0	0.0	0.0	0.04	0.0	0.0	0.0	0.0	0.0	0.0	0.0344828	0.0	0.0	0.0	0.0	0.0	0.0	0.0	0.0	0.0	0.011976	0.0	0.0	0.0	0.0	0.0	0.0	0.0	0.0	0.0	0.0	0.0	0.0	0.0	0.0	0.0	0.0	0.0	
Avocette élégante	0.0	0.0	0.0	0.0	0.0	0.0	0.0	0.0	0.0	0.0	0.0	0.0	0.0	0.0	0.0	0.0	0.0	0.0	0.0	0.0	0.0	0.0	0.0	0.0	0.0	0.0	0.0	0.0	0.0	0.0	0.0	0.0	0.0	0.0	0.0	0.0	0.0	0.0	0.0	0.0	0.0	0.0	0.0	0.0	0.0	0.0015	0.030303	0.0	
Pluvier argenté	0.0	0.0	0.0	0.0	0.0	0.0	0.0	0.0	0.0	0.0	0.0	0.0	0.0	0.0	0.0	0.0	0.0	0.0	0.0	0.0	0.0	0.0	0.0	0.0	0.0	0.0	0.0	0.0	0.0	0.0	0.0	0.0	0.0	0.0	0.0	0.0	0.0	0.0	0.05	0.0	0.0	0.0	0.0	0.0	0.0	0.0	0.0	0.0	
Pluvier doré	0.0	0.0	0.0	0.0	0.0	0.0	0.0	0.0	0.0	0.0	0.0	0.0	0.0	0.0	0.0	0.0	0.0	0.0	0.0	0.0	0.0	0.0	0.0	0.0	0.0	0.0	0.0	0.0	0.0	0.0	0.0	0.0	0.0	0.0	0.0	0.0	0.0	0.0	0.0	0.0	0.0	0.0	0.1578947	0.0769231	0.0	0.0015	0.0	0.0	
Grand Gravelot	0.0	0.0	0.0	0.0	0.0	0.0	0.0	0.0	0.0	0.0	0.0	0.0	0.0	0.0	0.0	0.0	0.0	0.0	0.0	0.0	0.0	0.0	0.0	0.0	0.0	0.0	0.0	0.0	0.0	0.0	0.0239521	0.0058824	0.0054348	0.0	0.0	0.0185185	0.0	0.0	0.05	0.0454545	0.0	0.0909091	0.0	0.0	0.0	0.0	0.030303	0.0	
Petit Gravelot	0.0	0.0	0.0	0.0	0.0	0.0	0.0	0.0	0.0	0.0	0.0	0.047619	0.0	0.0	0.0	0.0	0.0	0.0	0.0	0.0151515	0.0	0.0	0.0	0.0	0.0	0.0	0.0	0.0	0.0	0.0	0.0239521	0.0058824	0.0	0.0	0.0	0.0	0.0	0.0	0.0	0.0	0.0	0.0	0.0	0.0	0.0	0.0	0.030303	0.0	
Vanneau huppé	0.1153846	0.0	0.1290323	0.2	0.0416667	0.0	0.0196078	0.1	0.0666667	0.0434783	0.0	0.0238095	0.0	0.0	0.0	0.0	0.0	0.0	0.0	0.0	0.0	0.0	0.0	0.0	0.0	0.0	0.0	0.0	0.0	0.0	0.0179641	0.0294118	0.0054348	0.0	0.025974	0.0185185	0.0	0.0	0.05	0.0909091	0.1764706	0.2727273	0.3157895	0.6153846	0.0	0.5555556	0.2727273	0.0740741	
Vanneau sociable	0.0	0.0	0.0	0.0	0.0	0.0	0.0196078	0.0666667	0.0	0.0	0.0	0.0	0.0	0.0	0.0	0.0	0.0	0.0	0.0	0.0	0.0	0.0	0.0	0.0	0.0	0.0	0.0	0.0	0.0	0.0	0.0	0.0	0.0	0.0	0.0	0.0	0.0	0.0	0.0	0.0	0.0	0.0	0.0	0.0769231	0.0	0.0	0.0	0.0	
Courlis cendré	0.0384615	0.0	0.1290323	0.15	0.0	0.1176471	0.0196078	0.1666667	0.0	0.0	0.0	0.047619	0.0	0.0	0.0384615	0.030303	0.0	0.0	0.027027	0.0	0.0	0.0	0.0	0.0108696	0.0	0.0	0.0	0.0	0.0081301	0.0	0.011976	0.0235294	0.0163043	0.0	0.012987	0.0	0.0	0.0	0.05	0.0454545	0.0588235	0.1818182	0.1052632	0.3076923	0.0	0.1111111	0.1818182	0.1111111	
Barge à queue noire	0.0	0.0	0.0	0.0	0.0	0.0	0.0	0.0	0.0	0.0	0.0	0.0	0.0	0.0	0.0	0.0	0.0	0.0	0.0	0.0	0.0	0.0	0.0	0.0	0.0	0.0	0.0	0.0	0.0	0.0	0.0	0.0058824	0.0	0.0	0.0	0.0	0.0	0.0	0.0	0.0	0.0	0.0909091	0.0	0.0	0.0	0.0	0.0	0.0	
Bécasse des bois	0.0	0.0	0.0	0.0	0.0	0.0	0.0	0.0	0.0	0.0	0.0	0.0	0.0	0.0	0.0	0.0	0.0	0.0	0.027027	0.0	0.0	0.0	0.0	0.0	0.0	0.0	0.0	0.0	0.0	0.0	0.0	0.0	0.0	0.0	0.0	0.0	0.0	0.0	0.0	0.0	0.0	0.0	0.0	0.0	0.0	0.0	0.0	0.0	
Bécassine des marais	0.0384615	0.0666667	0.0967742	0.05	0.0	0.1176471	0.0	0.0666667	0.0	0.0	0.0	0.0238095	0.0	0.0	0.0	0.0	0.0	0.0	0.0	0.0	0.0	0.0	0.0	0.0	0.0	0.0	0.0	0.0	0.0	0.0	0.005988	0.0	0.0015	0.0	0.0	0.0	0.0	0.0	0.1	0.0	0.0	0.1818182	0.1052632	0.3076923	0.0	0.1111111	0.2121212	0.037037	
Chevalier guignette	0.0	0.0666667	0.1612903	0.05	0.0	0.0588235	0.0392157	0.0333333	0.0	0.0	0.0	0.0	0.0	0.0	0.0	0.0606061	0.0344828	0.0185185	0.0	0.0	0.0344828	0.0	0.0166667	0.0	0.0015	0.0	0.0188679	0.0169492	0.0081301	0.0194805	0.0838323	0.0764706	0.0706522	0.0	0.012987	0.0555556	0.0	0.0	0.05	0.0	0.0588235	0.0909091	0.1052632	0.1538462	0.0	0.3333333	0.0606061	0.037037	
Chevalier culblanc	0.0	0.0	0.0	0.0	0.0	0.0	0.0	0.0	0.0	0.0	0.0	0.0238095	0.0	0.0	0.0	0.0	0.0	0.0	0.0	0.0	0.0	0.0	0.0166667	0.0108696	0.0	0.0082645	0.0188679	0.0	0.0	0.012987	0.0015	0.0117647	0.0217391	0.0	0.012987	0.0	0.0	0.0	0.05	0.0	0.0	0.0015	0.1052632	0.0	0.0	0.0015	0.030303	0.037037	
Chevalier sylvain	0.0	0.0	0.0	0.0	0.0	0.0	0.0	0.0	0.0	0.0	0.0	0.0	0.0	0.04	0.0	0.0	0.0	0.0	0.0	0.0	0.0	0.0	0.0	0.0	0.0	0.0	0.0	0.0084746	0.0	0.0	0.0239521	0.0058824	0.0	0.0	0.0	0.0	0.0	0.0	0.0	0.0	0.0	0.0	0.0	0.0	0.0	0.0	0.0	0.0	
Chevalier gambette	0.0	0.0	0.0	0.0	0.0	0.0	0.0	0.0	0.0	0.0	0.0	0.0	0.0	0.0	0.0	0.0	0.0	0.0	0.0	0.0	0.0	0.0	0.0	0.0	0.0	0.0	0.0	0.0	0.0	0.0	0.011976	0.0	0.0015	0.0	0.0	0.0	0.0	0.0	0.0	0.0	0.0	0.0	0.0	0.0	0.0	0.0	0.0	0.0	
Chevalier aboyeur	0.0	0.0	0.0	0.0	0.0	0.0	0.0	0.0	0.0	0.0	0.0	0.0238095	0.0	0.0	0.0	0.0	0.0	0.0	0.0	0.0	0.0	0.0	0.0	0.0	0.0	0.0	0.0	0.0	0.0	0.0	0.011976	0.0058824	0.0	0.0	0.0	0.0	0.0	0.0	0.05	0.0	0.0	0.0	0.0	0.0	0.0	0.0	0.030303	0.0	
Combattant varié	0.0	0.0	0.0	0.0	0.0	0.0	0.0	0.0	0.0	0.0	0.0	0.0	0.0	0.0	0.0	0.0	0.0	0.0	0.0	0.0	0.0	0.0	0.0	0.0	0.0	0.0	0.0	0.0	0.0	0.0	0.005988	0.0058824	0.0	0.0	0.012987	0.0185185	0.0	0.0	0.05	0.0	0.0	0.0	0.1052632	0.0	0.0	0.0015	0.030303	0.0	
Bécasseau cocorli	0.0	0.0	0.0	0.0	0.0	0.0	0.0	0.0	0.0	0.0	0.0	0.0	0.0	0.0	0.0	0.0	0.0	0.0	0.0	0.0	0.0	0.0	0.0	0.0	0.0	0.0	0.0	0.0	0.0	0.0	0.005988	0.0	0.0	0.0	0.0	0.0	0.0	0.0	0.0	0.0	0.0	0.0	0.0	0.0	0.0	0.0	0.0	0.0	
Bécasseau variable	0.0	0.0	0.0322581	0.05	0.0	0.0	0.0	0.0	0.0	0.0	0.0	0.0	0.0	0.0	0.0	0.0	0.0	0.0	0.0	0.0	0.0	0.0	0.0	0.0	0.0	0.0	0.0	0.0	0.0	0.0	0.0	0.0	0.0	0.0	0.0	0.0	0.0	0.0	0.05	0.0	0.0	0.2727273	0.0	0.2307692	0.0	0.2222222	0.1212121	0.0	
Bécasseau minute	0.0	0.0	0.0	0.0	0.0	0.0	0.0	0.0	0.0	0.0	0.0	0.0	0.0	0.0	0.0	0.0	0.0	0.0	0.0	0.0	0.0	0.0	0.0	0.0	0.0	0.0	0.0	0.0	0.0	0.0	0.0179641	0.0058824	0.0	0.0	0.0	0.0	0.0	0.0	0.05	0.0	0.0	0.0	0.0	0.0	0.0	0.1111111	0.0	0.0	
Calidris sp. (petit bécasseau sp.)	0.0	0.0	0.0	0.0	0.0	0.0	0.0	0.0	0.0	0.0	0.0	0.0	0.0	0.0	0.0	0.0	0.0	0.0	0.0	0.0	0.0	0.0	0.0	0.0	0.0	0.0	0.0	0.0	0.0	0.0	0.0	0.0	0.0	0.0	0.012987	0.0	0.0	0.0	0.0	0.0	0.0	0.0	0.0	0.0	0.0	0.0	0.0	0.037037	
limicole sp.	0.0	0.0	0.0	0.0	0.0	0.0	0.0196078	0.0	0.0	0.0	0.0	0.0	0.0	0.0	0.0	0.0	0.0	0.0	0.0	0.0	0.0	0.0	0.0	0.0	0.0	0.0	0.009434	0.0	0.0	0.0	0.005988	0.0	0.0	0.0	0.0	0.0	0.0	0.0	0.0	0.0	0.0	0.0	0.0	0.0	0.0	0.0	0.0	0.0	
Mouette pygmée	0.0	0.0	0.0	0.0	0.0	0.0	0.0	0.0	0.0	0.0	0.0	0.0	0.0	0.0	0.0	0.0	0.0	0.0	0.0	0.0	0.0	0.0	0.0	0.0	0.0	0.0	0.0	0.0	0.0	0.0	0.0	0.0	0.0	0.0	0.0	0.0	0.0	0.0	0.0	0.0	0.0	0.0	0.0	0.0769231	0.0	0.0	0.0	0.0	
Mouette tridactyle	0.0	0.0	0.0	0.0	0.0	0.0	0.0	0.0	0.0	0.0	0.0	0.0	0.0	0.0	0.0	0.0	0.0	0.0	0.0	0.0	0.0	0.0	0.0	0.0	0.0	0.0	0.0	0.0	0.0	0.0	0.0	0.0	0.0	0.0	0.0	0.0	0.0	0.0	0.0	0.0	0.0	0.0	0.0	0.0769231	0.0	0.2222222	0.0	0.0	
Mouette rieuse	0.0769231	0.0	0.0322581	0.0	0.0	0.0	0.0	0.0	0.0	0.0	0.0	0.0	0.0	0.0	0.0	0.0	0.0	0.0185185	0.0	0.0	0.0	0.0	0.0	0.0108696	0.0	0.0	0.0	0.0	0.0	0.0	0.0179641	0.0294118	0.0	0.0	0.0	0.0	0.0	0.0	0.0	0.0	0.0	0.0	0.0526316	0.1538462	0.0	0.0015	0.030303	0.037037	
Mouette mélanocéphale	0.0	0.0	0.0	0.0	0.0	0.0	0.0	0.0	0.0	0.0	0.0	0.0238095	0.0	0.0	0.0	0.0	0.0	0.0	0.0	0.0	0.0	0.0	0.0	0.0	0.0	0.0	0.0	0.0	0.0	0.0	0.0	0.0	0.0	0.0	0.0	0.0	0.0	0.0	0.0	0.0	0.0	0.0	0.0	0.0	0.0	0.0	0.0	0.0	
Goéland cendré	0.0	0.0	0.0	0.0	0.0	0.0	0.0	0.0	0.0	0.0	0.0	0.0	0.0	0.0	0.0	0.0	0.0	0.0	0.0	0.0	0.0	0.0	0.0	0.0	0.0	0.0	0.0	0.0	0.0	0.0	0.0	0.0	0.0	0.0	0.0	0.0	0.0	0.0	0.0	0.0	0.0	0.0	0.0	0.0769231	0.0	0.0	0.0	0.0	
Goéland argenté	0.0	0.0	0.0	0.0	0.0	0.0	0.0	0.0	0.0	0.0	0.0	0.0	0.0	0.0	0.0	0.0	0.0	0.0	0.0	0.0	0.0	0.0	0.0	0.0	0.0	0.0	0.0	0.0	0.0	0.0	0.0	0.0	0.0	0.0	0.0	0.0	0.0	0.0	0.0	0.0	0.0	0.0	0.0	0.0769231	0.0	0.0	0.0	0.0	
Goéland leucophée	0.0769231	0.0	0.2258065	0.25	0.0833333	0.1764706	0.0	0.3	0.0666667	0.0015	0.0	0.047619	0.0	0.08	0.0	0.030303	0.0344828	0.037037	0.0	0.0	0.0	0.0015	0.0	0.0217391	0.0015	0.0	0.0	0.0084746	0.0081301	0.0064935	0.0479042	0.0352941	0.0271739	0.0060976	0.025974	0.0	0.0	0.0	0.1	0.1363636	0.0015	0.2727273	0.1052632	0.6923077	0.1428571	0.6666667	0.3636364	0.1481481	
Goéland brun	0.0384615	0.0	0.0322581	0.05	0.0416667	0.0	0.0	0.0	0.0	0.0	0.0	0.0238095	0.0	0.0	0.0	0.0	0.0	0.0	0.0	0.0	0.0	0.0	0.0	0.0	0.0	0.0	0.0	0.0	0.0	0.0	0.005988	0.0117647	0.0	0.0	0.012987	0.0	0.0	0.0	0.0	0.0	0.0	0.0909091	0.0	0.3846154	0.0	0.4444444	0.0909091	0.0740741	
goéland sp. (Larus sp.)	0.0384615	0.0	0.0	0.0	0.0	0.0	0.0	0.0	0.0	0.0	0.0	0.0238095	0.0	0.0	0.0	0.0	0.0	0.0	0.0	0.0	0.0	0.0	0.0	0.0	0.0	0.0	0.0	0.0	0.0	0.0	0.0	0.0	0.0	0.0	0.0	0.0	0.0	0.0	0.0	0.0	0.0588235	0.0	0.0	0.0	0.0	0.0	0.0	0.0	
goéland ou mouette sp.	0.0	0.0	0.0	0.0	0.0	0.0	0.0	0.0	0.0	0.0	0.0	0.0	0.0	0.0	0.0	0.0	0.0	0.0	0.0	0.0	0.0	0.0	0.0	0.0	0.0	0.0	0.009434	0.0	0.0	0.0	0.0	0.0117647	0.0015	0.0	0.0	0.037037	0.0	0.0	0.0	0.0	0.0	0.0	0.0	0.0	0.0	0.0	0.0	0.0740741	
Sterne hansel	0.0	0.0	0.0	0.0	0.0	0.0	0.0	0.0	0.0	0.0	0.0	0.0	0.0	0.0	0.0	0.0	0.0	0.0	0.0	0.0	0.0	0.0	0.0	0.0	0.0	0.0	0.0	0.0015	0.0	0.0	0.0	0.0	0.0	0.0	0.0	0.0	0.0	0.0	0.0	0.0	0.0	0.0	0.0	0.0	0.0	0.0	0.0	0.0	
Sterne caspienne	0.0	0.0	0.0	0.0	0.0	0.0	0.0	0.0	0.0	0.0	0.0	0.0	0.0	0.0	0.0	0.0	0.0	0.0	0.0	0.0	0.0	0.0	0.0	0.0	0.0	0.0	0.0	0.0	0.0	0.0	0.0	0.0058824	0.0	0.0	0.0	0.0	0.0	0.0	0.0	0.0	0.0	0.0	0.0	0.0	0.0	0.0	0.0	0.0	
Guifette moustac	0.0	0.0	0.0	0.0	0.0	0.0	0.0	0.0	0.0	0.0	0.0	0.0	0.0	0.0	0.0	0.0	0.0	0.0	0.0	0.0	0.0	0.0	0.0	0.0	0.0	0.0	0.0	0.0	0.0	0.0	0.0	0.0058824	0.0	0.0	0.0	0.0	0.0	0.0	0.0	0.0	0.0	0.0	0.0	0.0	0.0	0.0	0.0	0.0	
Guifette noire	0.0	0.0	0.0	0.0	0.0	0.0	0.0	0.0	0.0	0.0	0.0	0.0	0.0	0.0	0.0	0.0	0.0	0.0	0.0	0.0	0.0	0.0	0.0	0.0	0.0	0.0	0.0	0.0	0.0	0.0	0.0	0.0	0.0054348	0.0	0.0	0.0	0.0	0.0	0.0	0.0	0.0	0.0	0.0	0.0	0.0	0.0	0.0	0.0	
Grèbe castagneux	0.0769231	0.2	0.0645161	0.0015	0.0416667	0.0	0.0588235	0.0333333	0.0	0.0434783	0.0015	0.0714286	0.1052632	0.0	0.0384615	0.0	0.0	0.0	0.0	0.0015	0.0	0.0294118	0.0	0.0015	0.0015	0.0	0.0283019	0.0084746	0.0162602	0.0	0.0	0.0352941	0.0217391	0.0	0.038961	0.0	0.0	0.0	0.05	0.0	0.0588235	0.1818182	0.0	0.3846154	0.1428571	0.4444444	0.1515152	0.037037	
Grèbe huppé	0.1153846	0.1333333	0.2258065	0.1	0.0416667	0.1176471	0.0588235	0.2333333	0.0015	0.0434783	0.1	0.0952381	0.0	0.0	0.0	0.0606061	0.0	0.0740741	0.027027	0.0151515	0.0344828	0.0147059	0.0	0.0108696	0.0015	0.0	0.0283019	0.0015	0.0081301	0.0064935	0.0479042	0.0470588	0.0326087	0.0	0.025974	0.037037	0.0	0.0	0.1	0.1818182	0.0588235	0.2727273	0.1578947	0.8461538	0.1428571	0.6666667	0.3939394	0.1111111	
Grèbe à cou noir	0.0	0.0	0.0645161	0.05	0.0416667	0.0588235	0.0	0.0333333	0.0	0.0	0.0	0.0	0.0	0.0	0.0	0.0	0.0	0.0	0.0	0.0	0.0	0.0	0.0	0.0	0.0	0.0	0.0	0.0	0.0	0.0	0.005988	0.0117647	0.0015	0.0	0.0	0.0	0.0	0.0	0.0	0.0	0.0015	0.0909091	0.0	0.1538462	0.0	0.0	0.1212121	0.037037	
Plongeon catmarin	0.0	0.0	0.0	0.0	0.0	0.0	0.0	0.0	0.0	0.0	0.0	0.0	0.0	0.0	0.0	0.0	0.0	0.0	0.0	0.0	0.0	0.0	0.0	0.0	0.0	0.0	0.0	0.0	0.0	0.0	0.0	0.0	0.0	0.0	0.0	0.0	0.0	0.0	0.0	0.0	0.0588235	0.0	0.0	0.0	0.0	0.2222222	0.0	0.0	
Plongeon imbrin	0.0	0.0	0.0322581	0.0	0.0	0.0	0.0	0.0	0.0	0.0	0.0	0.0	0.0	0.0	0.0	0.0	0.0	0.0	0.0	0.0	0.0	0.0	0.0	0.0	0.0	0.0	0.0	0.0	0.0	0.0	0.0	0.0	0.0	0.0	0.0	0.0	0.0	0.0	0.0	0.0	0.0	0.0909091	0.0	0.1538462	0.0	0.3333333	0.0	0.0	
Cigogne noire	0.0	0.0	0.0	0.0	0.0	0.0	0.0	0.0	0.0	0.0	0.0	0.0	0.0	0.0	0.0	0.0	0.0	0.0	0.0	0.0	0.0	0.0	0.0	0.0	0.0	0.0	0.0	0.0169492	0.0162602	0.0324675	0.0	0.0058824	0.0054348	0.0182927	0.0519481	0.0	0.0	0.0	0.05	0.0	0.0	0.0	0.0	0.0	0.0	0.0	0.0	0.0	
Cigogne blanche	0.0	0.0	0.0	0.0	0.0416667	0.0	0.0	0.0333333	0.0	0.0	0.0	0.0	0.0	0.0	0.0	0.030303	0.0344828	0.0	0.0015	0.0	0.0	0.0	0.0015	0.0015	0.0	0.0082645	0.0015	0.0169492	0.0	0.0064935	0.011976	0.0117647	0.0108696	0.0060976	0.012987	0.0	0.0	0.0	0.0	0.0	0.0	0.0	0.0	0.0	0.0	0.0	0.0	0.0	
Grand Cormoran	0.3076923	0.2666667	0.3870968	0.2	0.1666667	0.2941176	0.0784314	0.3333333	0.0666667	0.173913	0.0666667	0.0952381	0.1578947	0.08	0.0384615	0.030303	0.0344828	0.037037	0.027027	0.0151515	0.0344828	0.0147059	0.0166667	0.0217391	0.0015	0.0	0.0283019	0.0169492	0.0243902	0.0064935	0.0419162	0.0470588	0.0217391	0.0182927	0.0519481	0.1111111	0.0015	0.0416667	0.25	0.2727273	0.2941176	0.4545455	0.2105263	0.7692308	0.2857143	0.6666667	0.3636364	0.2962963	
cormoran sp.	0.0	0.0	0.0	0.0	0.0	0.0	0.0	0.0	0.0	0.0	0.0	0.0	0.0	0.0	0.0	0.0	0.0	0.0	0.0	0.0	0.0	0.0	0.0	0.0	0.0	0.0	0.009434	0.0	0.0	0.0	0.0	0.0	0.0	0.0	0.0	0.0	0.0	0.0	0.0	0.0	0.0	0.0	0.0	0.0769231	0.0	0.0	0.0	0.0	
Ibis falcinelle	0.0	0.0	0.0	0.0	0.0	0.0	0.0	0.0	0.0	0.0	0.0	0.0	0.0	0.0	0.0	0.0	0.0344828	0.0	0.0	0.0	0.0015	0.0	0.0	0.0	0.0	0.0	0.0	0.0	0.0	0.0	0.0	0.0058824	0.0	0.0	0.0	0.0	0.0	0.0	0.0	0.0	0.0	0.0	0.0	0.0	0.0	0.0	0.0	0.0	
Spatule blanche	0.0384615	0.0	0.0322581	0.05	0.0	0.0	0.0	0.0	0.0	0.0	0.0	0.0	0.0	0.0	0.0	0.0	0.0	0.0	0.0	0.0	0.0	0.0	0.0	0.0	0.0	0.0	0.0	0.0	0.0	0.0	0.0239521	0.0117647	0.0	0.0	0.025974	0.0	0.0	0.0	0.1	0.0909091	0.0588235	0.1818182	0.0526316	0.2307692	0.0	0.3333333	0.0	0.037037	
Bihoreau gris	0.0	0.0	0.0	0.0	0.0	0.0	0.0	0.0	0.0	0.0	0.0	0.0	0.0	0.0	0.0	0.0	0.0	0.0	0.0	0.0	0.0344828	0.0	0.0	0.0	0.0	0.0	0.0	0.0	0.0	0.0	0.0	0.0058824	0.0	0.0	0.0	0.0	0.0	0.0	0.0	0.0	0.0	0.0	0.0	0.0	0.0	0.0	0.0	0.0	
Aigrette garzette	0.1153846	0.1333333	0.0645161	0.0	0.0833333	0.0588235	0.0196078	0.0333333	0.0	0.0434783	0.0333333	0.0238095	0.0	0.04	0.0384615	0.030303	0.0	0.037037	0.027027	0.0015	0.0344828	0.0147059	0.0166667	0.0217391	0.0	0.0	0.0377358	0.0015	0.0081301	0.0064935	0.0598802	0.0588235	0.0326087	0.0060976	0.038961	0.0185185	0.0	0.0	0.15	0.0	0.0588235	0.2727273	0.1052632	0.5384615	0.1428571	0.3333333	0.0909091	0.0015	
Héron garde-boeufs	0.2307692	0.1333333	0.2903226	0.15	0.2083333	0.1176471	0.0784314	0.2333333	0.1333333	0.0869565	0.1333333	0.0714286	0.0	0.0015	0.0	0.0015	0.0344828	0.0740741	0.0540541	0.0151515	0.0689655	0.0	0.0166667	0.0326087	0.0	0.0015	0.0188679	0.0015	0.0162602	0.0194805	0.0359281	0.0588235	0.0217391	0.0060976	0.012987	0.0925926	0.0015	0.0	0.1	0.0	0.1764706	0.6363636	0.2631579	0.6923077	0.1428571	0.3333333	0.3030303	0.2592593	
Grande Aigrette	0.1538462	0.0666667	0.2258065	0.2	0.0416667	0.1176471	0.0784314	0.1666667	0.0	0.0	0.0333333	0.047619	0.0	0.0	0.0	0.0	0.0	0.0	0.0	0.0	0.0344828	0.0	0.0	0.0	0.0	0.0	0.0	0.0	0.0081301	0.0	0.0179641	0.0294118	0.0217391	0.0	0.025974	0.037037	0.0	0.0	0.1	0.1363636	0.1764706	0.2727273	0.3157895	0.6923077	0.0	0.6666667	0.3333333	0.1111111	
Héron cendré	0.3461538	0.2	0.3225806	0.2	0.0833333	0.2352941	0.1176471	0.2666667	0.1333333	0.0434783	0.1333333	0.1190476	0.0526316	0.12	0.0769231	0.030303	0.0344828	0.1481481	0.1351351	0.0454545	0.0344828	0.0294118	0.0333333	0.0543478	0.0086207	0.0413223	0.0471698	0.0762712	0.0325203	0.025974	0.0778443	0.0941176	0.0652174	0.0060976	0.0779221	0.0925926	0.1333333	0.0833333	0.1	0.3181818	0.2352941	0.2727273	0.4210526	0.6923077	0.1428571	0.5555556	0.2727273	0.2222222	
Héron pourpré	0.0	0.0	0.0	0.0	0.0	0.0	0.0	0.0	0.0	0.0	0.0	0.0	0.0	0.0	0.0	0.0	0.0	0.0	0.0	0.0	0.0	0.0	0.0	0.0	0.0	0.0082645	0.0	0.0	0.0081301	0.0	0.005988	0.0058824	0.0015	0.0	0.012987	0.0	0.0	0.0	0.0	0.0	0.0	0.0	0.0	0.0	0.0	0.0	0.0	0.0	
ardeidé sp.	0.0	0.0	0.0	0.0	0.0	0.0	0.0	0.0	0.0	0.0	0.0	0.0	0.0	0.0	0.0	0.0	0.0	0.0	0.0	0.0	0.0	0.0	0.0	0.0108696	0.0	0.0	0.0	0.0	0.0015	0.0	0.0	0.0058824	0.0	0.0	0.0	0.0	0.0	0.0416667	0.0	0.0	0.0	0.0	0.0	0.0	0.0	0.0	0.0	0.0	
aigrette ou héron blanc sp.	0.0	0.0	0.0	0.0	0.0	0.0	0.0	0.0	0.0	0.0	0.0	0.0	0.0526316	0.0	0.0	0.0	0.0	0.0	0.0	0.0	0.0	0.0	0.0	0.0	0.0	0.0	0.0	0.0	0.0	0.0	0.0	0.0	0.0	0.0	0.0	0.0	0.0	0.0	0.0	0.0	0.0	0.0	0.0	0.0	0.0	0.0	0.0	0.0	
Balbuzard pêcheur	0.0	0.0	0.0	0.0	0.0	0.0	0.0	0.0	0.0	0.0	0.0333333	0.0238095	0.0	0.0	0.0	0.0	0.0	0.0	0.0	0.0	0.0	0.0	0.0	0.0	0.0	0.0082645	0.0	0.0	0.0015	0.0064935	0.011976	0.0294118	0.0271739	0.0060976	0.025974	0.0185185	0.0	0.0	0.0	0.0454545	0.0	0.0	0.0	0.0	0.0	0.0	0.0	0.0	
Élanion blanc	0.2307692	0.2666667	0.1612903	0.1	0.0416667	0.1176471	0.0784314	0.1666667	0.0666667	0.0434783	0.0015	0.047619	0.0015	0.0	0.0	0.0	0.0	0.0185185	0.0	0.0151515	0.0689655	0.0	0.0166667	0.0	0.0	0.0	0.009434	0.0	0.0	0.025974	0.0419162	0.0117647	0.0015	0.0121951	0.012987	0.0	0.0	0.0	0.1	0.0909091	0.2352941	0.0909091	0.2105263	0.1538462	0.0	0.4444444	0.1515152	0.037037	
Gypaète barbu	0.1923077	0.0015	0.0322581	0.1	0.0833333	0.0015	0.0588235	0.1	0.2	0.0434783	0.1666667	0.047619	0.1052632	0.2	0.1153846	0.1212121	0.1034483	0.0925926	0.1081081	0.0909091	0.1724138	0.0735294	0.15	0.0978261	0.1465517	0.1652893	0.1226415	0.1949153	0.1626016	0.1753247	0.1377246	0.1470588	0.173913	0.2682927	0.0779221	0.1481481	0.1333333	0.1666667	0.1	0.0015	0.0015	0.0	0.0015	0.0	0.0015	0.0	0.030303	0.0740741	
Percnoptère d'Égypte	0.0	0.0	0.0	0.0	0.0	0.0	0.0	0.0	0.0	0.0	0.0666667	0.0238095	0.1578947	0.04	0.0384615	0.0	0.0344828	0.0555556	0.027027	0.030303	0.1034483	0.0441176	0.1	0.0217391	0.0431034	0.0743802	0.0849057	0.0762712	0.1056911	0.0844156	0.0658683	0.0705882	0.076087	0.0365854	0.0649351	0.0	0.0	0.0	0.0	0.0	0.0	0.0	0.0	0.0	0.0	0.0	0.0	0.0	
Bondrée apivore	0.0	0.0	0.0	0.0	0.0	0.0	0.0	0.0	0.0	0.0	0.0	0.0	0.0	0.0	0.0	0.0	0.0344828	0.0185185	0.027027	0.0151515	0.0689655	0.0147059	0.0	0.0108696	0.0086207	0.0082645	0.0283019	0.0762712	0.0813008	0.0714286	0.0838323	0.1588235	0.1304348	0.1585366	0.0519481	0.0185185	0.0	0.0	0.0	0.0	0.0	0.0	0.0	0.0	0.0	0.0	0.0	0.0	
Vautour moine	0.0	0.0	0.0	0.0	0.0	0.0	0.0	0.0	0.0	0.0	0.0	0.0	0.0	0.0	0.0	0.0	0.0015	0.0185185	0.0	0.0151515	0.0344828	0.0	0.0	0.0	0.0086207	0.0082645	0.009434	0.0084746	0.0015	0.0064935	0.011976	0.0015	0.0054348	0.0060976	0.0	0.0185185	0.0	0.0	0.0	0.0	0.0	0.0	0.0	0.0	0.0	0.0	0.0	0.0	
Vautour fauve	0.2307692	0.0666667	0.1290323	0.15	0.2916667	0.0588235	0.1960784	0.0666667	0.2666667	0.173913	0.4	0.3333333	0.4210526	0.16	0.3846154	0.2727273	0.2413793	0.2962963	0.2972973	0.2424242	0.2068966	0.3529412	0.4	0.423913	0.4396552	0.553719	0.4339623	0.559322	0.4878049	0.4935065	0.497006	0.4647059	0.5271739	0.5487805	0.4545455	0.3518519	0.3333333	0.5	0.45	0.2727273	0.2941176	0.2727273	0.0526316	0.0	0.2857143	0.0	0.1212121	0.2222222	
Circaète Jean-le-Blanc	0.0	0.0	0.0	0.0	0.0	0.0	0.0	0.0	0.0	0.0	0.0	0.0714286	0.0015	0.0	0.0769231	0.0606061	0.1034483	0.0015	0.0540541	0.0151515	0.137931	0.0294118	0.1	0.0217391	0.0689655	0.0743802	0.0660377	0.1440678	0.1544715	0.1363636	0.0958084	0.1	0.1032609	0.097561	0.038961	0.0555556	0.0	0.0416667	0.0	0.0	0.0	0.0	0.0	0.0	0.0	0.0	0.0	0.0	
Aigle botté	0.0	0.0	0.0	0.0	0.0	0.0	0.0	0.0	0.0	0.0	0.0333333	0.0	0.0526316	0.04	0.1153846	0.030303	0.0344828	0.0	0.0540541	0.0454545	0.0689655	0.0294118	0.0333333	0.0015	0.0431034	0.0247934	0.0754717	0.1101695	0.1138211	0.0714286	0.0479042	0.0764706	0.0434783	0.0365854	0.0519481	0.0740741	0.0	0.0	0.0	0.0	0.0	0.0	0.0	0.0	0.0	0.0	0.0	0.0	
Aigle royal	0.0769231	0.0	0.0645161	0.05	0.0416667	0.0015	0.0015	0.0333333	0.0666667	0.0434783	0.0666667	0.047619	0.0526316	0.04	0.0384615	0.0606061	0.0344828	0.037037	0.027027	0.0909091	0.1034483	0.0588235	0.1166667	0.0326087	0.0344828	0.0826446	0.0471698	0.1101695	0.1300813	0.1233766	0.0898204	0.0823529	0.1141304	0.1097561	0.0779221	0.1111111	0.0015	0.0833333	0.15	0.0	0.0	0.0	0.0	0.0	0.0015	0.0	0.0	0.037037	
Aquila sp.	0.0	0.0	0.0	0.0	0.0	0.0	0.0	0.0	0.0	0.0	0.0	0.0	0.0	0.0	0.0	0.0	0.0	0.0	0.0	0.0	0.0	0.0	0.0	0.0	0.0	0.0	0.0	0.0	0.0	0.0	0.0	0.0	0.0054348	0.0	0.012987	0.0	0.0	0.0	0.0	0.0	0.0	0.0	0.0	0.0	0.0	0.0	0.0	0.0	
Épervier d'Europe	0.0769231	0.1333333	0.0	0.05	0.0833333	0.1176471	0.0588235	0.0015	0.0015	0.0869565	0.0333333	0.1190476	0.0015	0.08	0.0	0.030303	0.0	0.0015	0.0540541	0.0015	0.0344828	0.0147059	0.0	0.0015	0.0	0.0330579	0.0566038	0.0338983	0.0731707	0.0779221	0.0778443	0.0823529	0.1195652	0.1463415	0.1038961	0.1296296	0.0666667	0.0416667	0.05	0.0	0.1176471	0.0	0.2105263	0.1538462	0.0	0.0015	0.1515152	0.0740741	
Autour des palombes	0.0	0.0	0.0	0.0	0.0	0.0	0.0196078	0.0	0.0	0.0	0.0	0.0	0.0	0.04	0.0	0.0	0.0	0.0	0.027027	0.0	0.0	0.0	0.0	0.0	0.0	0.0082645	0.009434	0.0169492	0.0325203	0.025974	0.011976	0.0117647	0.0054348	0.0	0.0	0.0	0.0	0.0	0.1	0.0	0.0588235	0.0	0.0	0.0	0.0	0.0	0.0	0.0	
Aerospiza, Tachyspiza, Accipiter ou Astur sp.	0.0	0.0	0.0	0.0	0.0	0.0	0.0	0.0	0.0	0.0	0.0	0.0	0.0	0.0	0.0	0.0	0.0	0.0	0.0	0.0151515	0.0	0.0	0.0	0.0	0.0	0.0	0.009434	0.0	0.0	0.0	0.0	0.0	0.0	0.0	0.0	0.0	0.0	0.0416667	0.0	0.0	0.0	0.0	0.0	0.0	0.0	0.0	0.0	0.0	
Busard des roseaux	0.0769231	0.1333333	0.0322581	0.0	0.0416667	0.0588235	0.0196078	0.0333333	0.0	0.0	0.0	0.0238095	0.0	0.0	0.0	0.0	0.0	0.0	0.0	0.0	0.0	0.0	0.0	0.0	0.0	0.0	0.0015	0.0	0.0081301	0.0324675	0.0299401	0.0352941	0.048913	0.0304878	0.038961	0.037037	0.0	0.0416667	0.0	0.0909091	0.0	0.0	0.1052632	0.0769231	0.0	0.1111111	0.030303	0.0	
Busard Saint-Martin	0.0769231	0.1333333	0.0645161	0.0015	0.0833333	0.1176471	0.0392157	0.0666667	0.0666667	0.0434783	0.0333333	0.0238095	0.0	0.0	0.0	0.0	0.0	0.0	0.0	0.0	0.0	0.0	0.0	0.0	0.0	0.0	0.0	0.0	0.0	0.0	0.005988	0.0058824	0.0	0.0060976	0.0	0.0	0.0	0.0	0.0	0.0454545	0.1176471	0.1818182	0.2105263	0.0769231	0.0	0.2222222	0.0606061	0.0015	
Busard pâle	0.0	0.0	0.0	0.0	0.0	0.0	0.0	0.0	0.0	0.0	0.0	0.0	0.0	0.0	0.0	0.0	0.0	0.0	0.0	0.0	0.0	0.0	0.0	0.0	0.0	0.0	0.0	0.0	0.0	0.0	0.0	0.0	0.0	0.0	0.0	0.0185185	0.0	0.0	0.0	0.0	0.0	0.0	0.0	0.0	0.0	0.0	0.0	0.0	
Busard cendré	0.0	0.0	0.0	0.0	0.0	0.0	0.0	0.0	0.0	0.0	0.0	0.0	0.0	0.0	0.0	0.0	0.0	0.0	0.0	0.0	0.0	0.0	0.0	0.0	0.0	0.0	0.0	0.0084746	0.0081301	0.012987	0.011976	0.0176471	0.0163043	0.0121951	0.0	0.0	0.0	0.0	0.0	0.0	0.0	0.0	0.0	0.0	0.0	0.0	0.0	0.0	
busard sp.	0.0	0.0	0.0	0.0	0.0	0.0	0.0	0.0	0.0	0.0	0.0333333	0.0	0.0	0.0	0.0	0.0	0.0	0.0	0.0	0.0	0.0	0.0	0.0	0.0	0.0	0.0	0.0	0.0	0.0	0.0	0.0	0.0	0.0163043	0.0	0.0	0.0015	0.0	0.0	0.0	0.0	0.0	0.0	0.0	0.0	0.0	0.0	0.0	0.0	
Milan royal	0.5384615	0.4	0.5483871	0.3	0.625	0.4117647	0.3921569	0.4666667	0.4666667	0.2608696	0.4666667	0.452381	0.4736842	0.2	0.3846154	0.2727273	0.3793103	0.3333333	0.3783784	0.2121212	0.3103448	0.1323529	0.25	0.173913	0.2241379	0.3057851	0.1886792	0.2542373	0.2276423	0.2142857	0.1796407	0.2	0.1358696	0.1768293	0.3246753	0.3148148	0.0015	0.5	0.45	0.5	0.4705882	0.6363636	0.5263158	0.7692308	0.4285714	0.6666667	0.4848485	0.4444444	
Milan noir	0.0	0.0	0.0	0.0	0.0	0.0	0.0196078	0.0333333	0.5333333	0.3478261	0.5	0.547619	0.2631579	0.32	0.3461538	0.1818182	0.3448276	0.3703704	0.3783784	0.2272727	0.2413793	0.1617647	0.2333333	0.2173913	0.0862069	0.2644628	0.3207547	0.2711864	0.2357724	0.1818182	0.1137725	0.0823529	0.0543478	0.0426829	0.038961	0.0185185	0.0	0.0	0.05	0.0	0.0	0.0	0.0	0.0	0.0	0.0	0.0	0.0	
Milan royal ou M. noir	0.0	0.0	0.0	0.0	0.0	0.0	0.0015	0.0	0.0	0.0015	0.0	0.0	0.0	0.0	0.0	0.0	0.0015	0.0	0.027027	0.0	0.0	0.0147059	0.0166667	0.0	0.0	0.0	0.009434	0.0	0.0	0.0064935	0.005988	0.0	0.0	0.0060976	0.0	0.0	0.0	0.0	0.0	0.0	0.0	0.0	0.0	0.0	0.0	0.0	0.0	0.0	
Buse variable	0.3846154	0.4	0.4516129	0.3	0.4166667	0.2352941	0.3137255	0.3333333	0.2666667	0.2173913	0.3666667	0.3809524	0.1578947	0.2	0.4230769	0.2424242	0.137931	0.3148148	0.1891892	0.1818182	0.1724138	0.1176471	0.1333333	0.0978261	0.112069	0.1900826	0.2358491	0.2966102	0.195122	0.2012987	0.1796407	0.2352941	0.1847826	0.2195122	0.2467532	0.1851852	0.2	0.25	0.25	0.3181818	0.4705882	0.7272727	0.3157895	0.3846154	0.1428571	0.4444444	0.3636364	0.4074074	
rapace sp.	0.0	0.0	0.0	0.05	0.0	0.0	0.0	0.0	0.0	0.0	0.0	0.0	0.0	0.0	0.0	0.0	0.0	0.0	0.0	0.030303	0.0	0.0	0.0166667	0.0	0.0086207	0.0	0.0	0.0	0.0	0.0	0.0	0.0	0.0108696	0.0	0.0	0.0	0.0	0.0	0.0	0.0	0.0	0.0	0.0	0.0	0.0	0.0	0.0	0.037037	
Effraie des clochers	0.0	0.0	0.0	0.0	0.0015	0.0	0.0	0.0	0.0	0.0434783	0.0333333	0.0	0.0	0.0	0.0	0.0	0.0	0.0185185	0.0	0.0	0.0	0.0	0.0	0.0	0.0	0.0	0.0	0.0015	0.0	0.0064935	0.0015	0.0	0.0	0.0	0.0015	0.0	0.0	0.0	0.0	0.0015	0.0	0.0	0.0	0.0	0.0	0.0015	0.030303	0.0	
Petit-duc scops	0.0	0.0	0.0	0.0	0.0	0.0	0.0	0.0	0.0666667	0.0015	0.0	0.0	0.0	0.0	0.0	0.0	0.0	0.0	0.0015	0.0	0.0	0.0	0.0015	0.0	0.0	0.0	0.0	0.0015	0.0	0.0	0.0	0.0	0.0	0.0	0.0	0.0	0.0	0.0	0.0	0.0	0.0	0.0	0.0	0.0	0.0	0.0	0.0	0.0	
Grand-duc d'Europe	0.0	0.0	0.0	0.0	0.0	0.0	0.0	0.0333333	0.0	0.0	0.0	0.0	0.0	0.0	0.0	0.0	0.0	0.0	0.0015	0.0	0.0	0.0015	0.0	0.0	0.0015	0.0082645	0.0	0.0	0.0	0.0	0.0015	0.0	0.0	0.0015	0.0	0.0	0.0	0.0	0.0	0.0	0.0	0.0	0.0	0.0	0.0	0.0	0.0	0.0015	
Chevêche d'Athéna	0.0	0.0	0.0	0.0	0.0	0.0	0.0	0.0	0.0	0.0	0.0	0.0	0.0	0.0	0.0	0.0	0.0	0.0	0.0	0.0	0.0	0.0	0.0	0.0	0.0	0.0	0.0	0.0015	0.0	0.0	0.0	0.0	0.0	0.0	0.0	0.0	0.0	0.0	0.0	0.0	0.0	0.0	0.0	0.0	0.0	0.0015	0.0	0.0	
Chouette hulotte	0.0015	0.0	0.0	0.0	0.0	0.0015	0.0196078	0.0333333	0.0	0.0869565	0.0	0.0714286	0.0526316	0.0	0.0769231	0.0	0.0	0.0185185	0.0540541	0.0151515	0.0	0.0147059	0.0166667	0.0108696	0.0086207	0.0	0.009434	0.0015	0.0015	0.0194805	0.011976	0.0294118	0.0380435	0.0304878	0.025974	0.0015	0.0015	0.0	0.05	0.0015	0.0588235	0.0	0.0	0.0	0.1428571	0.0	0.0	0.0740741	
Hibou moyen-duc	0.0	0.0	0.0	0.0	0.0	0.0	0.0	0.0015	0.0	0.0	0.0	0.0	0.0	0.0	0.0384615	0.0015	0.0	0.0	0.0	0.0	0.0	0.0	0.0	0.0	0.0	0.0	0.0	0.0	0.0	0.0	0.0015	0.0	0.0	0.0060976	0.0	0.0	0.0	0.0	0.0	0.0	0.0	0.0	0.0	0.0	0.0	0.0	0.0	0.0	
Hibou des marais	0.0	0.0666667	0.0	0.0	0.0	0.0	0.0015	0.0	0.0	0.0	0.0	0.0	0.0	0.0	0.0	0.0	0.0	0.0	0.0	0.0	0.0	0.0	0.0	0.0	0.0	0.0	0.0	0.0	0.0	0.0	0.0	0.0	0.0	0.0	0.0	0.0	0.0	0.0	0.0	0.0	0.0	0.0	0.0	0.0	0.0	0.0	0.0	0.0	
Chouette de Tengmalm	0.0	0.0	0.0	0.0	0.0	0.0	0.0	0.0	0.0666667	0.0	0.0	0.0238095	0.0	0.0	0.0384615	0.0	0.0	0.0	0.0	0.0	0.0	0.0	0.0	0.0	0.0	0.0	0.0	0.0	0.0	0.0	0.0	0.0	0.0	0.0	0.0	0.0	0.0	0.0	0.0	0.0	0.0	0.0	0.0	0.0	0.0	0.0	0.0	0.0	
Strigiformes sp.	0.0	0.0	0.0	0.0	0.0	0.0	0.0	0.0	0.0	0.0	0.0	0.0	0.0	0.0	0.0	0.0	0.0	0.0	0.0	0.0	0.0	0.0	0.0	0.0	0.0	0.0	0.0	0.0	0.0	0.0	0.0	0.0	0.0054348	0.0	0.0	0.0	0.0	0.0	0.0	0.0	0.0	0.0	0.0	0.0769231	0.0	0.0	0.0	0.0	
Huppe fasciée	0.0	0.0	0.0	0.0	0.0	0.0	0.0	0.0	0.0	0.0015	0.0	0.0238095	0.0	0.08	0.0	0.0909091	0.0	0.0185185	0.0015	0.030303	0.0	0.0	0.0	0.0108696	0.0086207	0.0	0.009434	0.0084746	0.0081301	0.012987	0.011976	0.0	0.0	0.0	0.012987	0.0	0.0	0.0	0.0	0.0	0.0	0.0	0.0	0.0	0.0	0.0	0.0	0.0	
Guêpier d'Europe	0.0	0.0	0.0	0.0	0.0	0.0	0.0	0.0	0.0	0.0	0.0	0.0	0.0015	0.0	0.0	0.0	0.0	0.0	0.0	0.0	0.0	0.0	0.0166667	0.0	0.0	0.0	0.0	0.0	0.0081301	0.0	0.0	0.0015	0.0054348	0.0060976	0.0	0.0	0.0	0.0	0.0	0.0	0.0	0.0	0.0	0.0	0.0	0.0	0.0	0.0	
Martin-pêcheur d'Europe	0.0	0.0	0.0	0.05	0.0	0.1176471	0.0	0.0666667	0.0	0.0	0.0	0.0	0.0	0.0	0.0	0.0	0.0344828	0.0	0.0	0.0151515	0.0	0.0147059	0.0	0.0	0.0015	0.0	0.0188679	0.0	0.0243902	0.0064935	0.0179641	0.0235294	0.0108696	0.0015	0.038961	0.0015	0.0	0.0	0.1	0.1363636	0.1176471	0.3636364	0.0526316	0.3846154	0.1428571	0.3333333	0.0909091	0.0	
Rollier d'Europe	0.0	0.0	0.0	0.0	0.0	0.0	0.0	0.0	0.0	0.0	0.0	0.0	0.0	0.0	0.0	0.0	0.0	0.0	0.0	0.0	0.0	0.0	0.0	0.0	0.0	0.0	0.0	0.0	0.0	0.0064935	0.005988	0.0058824	0.0054348	0.0	0.0	0.0	0.0	0.0	0.0	0.0	0.0	0.0	0.0	0.0	0.0	0.0	0.0	0.0	
Torcol fourmilier	0.0	0.0	0.0	0.0	0.0	0.0	0.0	0.0	0.0	0.0	0.0	0.0	0.0	0.0	0.0	0.030303	0.0015	0.0	0.0	0.0	0.0	0.0	0.0	0.0	0.0015	0.0015	0.0188679	0.0	0.0	0.0	0.011976	0.0015	0.0108696	0.0060976	0.0	0.0	0.0	0.0	0.0	0.0	0.0	0.0	0.0	0.0	0.0	0.0	0.0	0.0	
Pic mar	0.0	0.0666667	0.0322581	0.05	0.0416667	0.0	0.0392157	0.0333333	0.0	0.0434783	0.0666667	0.0952381	0.0	0.0	0.0	0.0	0.0344828	0.037037	0.027027	0.0151515	0.0344828	0.0	0.0166667	0.0108696	0.0344828	0.0330579	0.0188679	0.0084746	0.0162602	0.0064935	0.005988	0.0117647	0.0054348	0.0487805	0.0	0.0185185	0.0	0.0	0.1	0.0454545	0.0	0.0909091	0.0	0.0	0.0	0.0	0.0	0.0	
Pic à dos blanc	0.0	0.0	0.0	0.0	0.0	0.0	0.0	0.0	0.0	0.0	0.0	0.0	0.0	0.0	0.0	0.0	0.0	0.0	0.0	0.0	0.0	0.0	0.0	0.0	0.0	0.0	0.009434	0.0	0.0	0.0	0.0	0.0	0.0	0.0	0.0	0.0	0.0	0.0	0.0	0.0	0.0	0.0	0.0	0.0	0.0	0.0	0.0	0.0	
Pic épeiche	0.1538462	0.2	0.1612903	0.15	0.2083333	0.1764706	0.2352941	0.1	0.3333333	0.173913	0.3	0.1666667	0.2105263	0.08	0.1923077	0.0606061	0.1724138	0.1296296	0.1351351	0.1515152	0.0689655	0.0882353	0.0833333	0.0869565	0.0862069	0.0495868	0.1603774	0.1186441	0.0487805	0.0909091	0.0479042	0.0588235	0.076087	0.0792683	0.0519481	0.0925926	0.2	0.125	0.15	0.1363636	0.1176471	0.4545455	0.0	0.3076923	0.1428571	0.2222222	0.1515152	0.2592593	
Dendrocopos sp.	0.0	0.0	0.0	0.0	0.0	0.0	0.0196078	0.0	0.0	0.0	0.0	0.0	0.0	0.0	0.0	0.0	0.0	0.0	0.0	0.0	0.0	0.0	0.0	0.0	0.0	0.0	0.0	0.0	0.0	0.0	0.0	0.0	0.0054348	0.0	0.012987	0.0	0.0	0.0	0.0	0.0	0.0588235	0.0	0.0	0.0	0.0	0.0	0.0	0.0740741	
Pic épeichette	0.0	0.0	0.0	0.0	0.0	0.0	0.0196078	0.0666667	0.0	0.0	0.0	0.1190476	0.0	0.0	0.0	0.0	0.0344828	0.0	0.0	0.0015	0.0	0.0147059	0.0	0.0	0.0086207	0.0	0.0015	0.0	0.0	0.012987	0.011976	0.0058824	0.0	0.0060976	0.0	0.0	0.0	0.0	0.0	0.0	0.0	0.0	0.0526316	0.0	0.0	0.0	0.0606061	0.0	
Pic vert	0.1923077	0.2	0.2258065	0.45	0.0833333	0.1176471	0.1372549	0.2666667	0.0015	0.0869565	0.3333333	0.0952381	0.0526316	0.08	0.1153846	0.1212121	0.137931	0.037037	0.1081081	0.1212121	0.0344828	0.0735294	0.0333333	0.0326087	0.0344828	0.0826446	0.1792453	0.0677966	0.0569106	0.0454545	0.1137725	0.0823529	0.0597826	0.054878	0.1168831	0.1111111	0.1333333	0.0416667	0.1	0.0909091	0.1764706	0.2727273	0.1578947	0.4615385	0.1428571	0.4444444	0.2727273	0.2222222	
Pic de Sharpe	0.0	0.0	0.0	0.0	0.0	0.0	0.0196078	0.0	0.0666667	0.0	0.0	0.0015	0.0526316	0.0	0.0	0.030303	0.0	0.0185185	0.0	0.0	0.0	0.0147059	0.0333333	0.0217391	0.0431034	0.0165289	0.0660377	0.059322	0.0081301	0.012987	0.011976	0.0117647	0.0163043	0.0365854	0.012987	0.037037	0.0	0.0	0.0	0.0454545	0.0588235	0.0	0.0	0.0	0.0	0.0	0.0	0.037037	
Pic vert ou P. de Sharpe	0.0	0.0	0.0	0.0	0.0	0.0	0.0196078	0.0	0.0	0.0	0.0	0.0	0.0	0.04	0.0384615	0.030303	0.0	0.0	0.027027	0.0	0.0	0.0	0.0	0.0108696	0.0086207	0.0	0.0188679	0.0	0.0081301	0.0	0.005988	0.0	0.0054348	0.0060976	0.0	0.0	0.0	0.0	0.0	0.0454545	0.0	0.0	0.0	0.0	0.0	0.0	0.0	0.0	
Pic noir	0.0769231	0.1333333	0.0	0.1	0.0	0.0	0.0392157	0.0333333	0.1333333	0.0	0.0333333	0.0	0.0526316	0.0015	0.1923077	0.030303	0.0344828	0.0555556	0.0540541	0.0454545	0.0	0.0294118	0.0166667	0.0543478	0.0086207	0.0247934	0.0377358	0.0423729	0.0162602	0.0324675	0.0239521	0.0117647	0.0652174	0.1036585	0.0519481	0.0015	0.0666667	0.0416667	0.0015	0.0454545	0.0588235	0.1818182	0.0	0.0769231	0.0	0.1111111	0.1212121	0.0740741	
pic sp.	0.0	0.0	0.0	0.0	0.0	0.0	0.0	0.0	0.0	0.0	0.0	0.0	0.0	0.0	0.0	0.0	0.0	0.0	0.0	0.0	0.0	0.0	0.0166667	0.0	0.0	0.0	0.0	0.0	0.0	0.0	0.0	0.0	0.0	0.0	0.0	0.0	0.0	0.0	0.0	0.0	0.0	0.0	0.0	0.0	0.0	0.0	0.0	0.0	
Faucon crécerellette	0.0	0.0	0.0	0.0	0.0	0.0	0.0	0.0	0.0	0.0	0.0	0.0	0.0	0.0	0.0	0.0	0.0	0.0	0.0	0.0	0.0	0.0	0.0	0.0	0.0	0.0	0.0	0.0	0.0	0.0	0.0	0.0058824	0.0	0.0	0.0	0.0	0.0	0.0	0.0	0.0	0.0	0.0	0.0	0.0	0.0	0.0	0.0	0.0	
Faucon crécerelle	0.3076923	0.0666667	0.2580645	0.2	0.2083333	0.1176471	0.1960784	0.2	0.1333333	0.0869565	0.1666667	0.1666667	0.1578947	0.08	0.1923077	0.0909091	0.2413793	0.1851852	0.3243243	0.1212121	0.2413793	0.2205882	0.3166667	0.1521739	0.2413793	0.2892562	0.2924528	0.3813559	0.2926829	0.2922078	0.3053892	0.2470588	0.3369565	0.3780488	0.2467532	0.1851852	0.0666667	0.125	0.2	0.1818182	0.3529412	0.2727273	0.3157895	0.4615385	0.2857143	0.2222222	0.1818182	0.2962963	
Faucon crécerellette ou F. crécerelle	0.0	0.0	0.0	0.0	0.0	0.0	0.0	0.0	0.0	0.0	0.0	0.0	0.0	0.0	0.0	0.0	0.0	0.0	0.0	0.0	0.0	0.0	0.0	0.0	0.0	0.0	0.0	0.0	0.0	0.0	0.0	0.0	0.0	0.0	0.0	0.0185185	0.0	0.0	0.0	0.0	0.0	0.0	0.0	0.0	0.0	0.0	0.0	0.0	
Faucon kobez	0.0	0.0	0.0	0.0	0.0	0.0	0.0	0.0	0.0	0.0	0.0	0.0	0.0	0.0	0.0	0.0	0.0	0.0	0.027027	0.0	0.0	0.0	0.0	0.0	0.0	0.0	0.0	0.0	0.0	0.0	0.0	0.0	0.0	0.0	0.0	0.0	0.0	0.0	0.0	0.0	0.0	0.0	0.0	0.0	0.0	0.0	0.0	0.0	
Faucon d'Éléonore	0.0	0.0	0.0	0.0	0.0	0.0	0.0	0.0	0.0	0.0	0.0	0.0	0.0	0.0	0.0	0.0	0.0	0.0	0.0	0.0	0.0	0.0	0.0	0.0	0.0	0.0	0.0	0.0	0.0015	0.0	0.0	0.0	0.0	0.0	0.0	0.0	0.0	0.0	0.0	0.0	0.0	0.0	0.0	0.0	0.0	0.0	0.0	0.0	
Faucon émerillon	0.0384615	0.0666667	0.0645161	0.0	0.0	0.0588235	0.0196078	0.0	0.0	0.0	0.0	0.0	0.0	0.0	0.0	0.0	0.0	0.0	0.0	0.0	0.0	0.0	0.0	0.0	0.0	0.0	0.0	0.0	0.0	0.0	0.0	0.0	0.0	0.0060976	0.012987	0.0	0.0	0.0	0.0	0.0	0.0	0.0909091	0.1052632	0.0769231	0.0	0.2222222	0.0	0.0	
Faucon hobereau	0.0	0.0	0.0	0.0	0.0	0.0	0.0	0.0	0.0	0.0	0.0	0.0	0.0	0.0	0.0384615	0.0	0.0	0.0185185	0.0015	0.0	0.0344828	0.0294118	0.0	0.0217391	0.0172414	0.0	0.009434	0.0169492	0.0487805	0.0324675	0.0359281	0.0176471	0.0108696	0.0243902	0.025974	0.0	0.0	0.0	0.0	0.0	0.0	0.0	0.0	0.0	0.0	0.0	0.0	0.0	
Faucon pèlerin	0.0	0.0	0.0967742	0.0	0.0	0.1176471	0.0015	0.0	0.0	0.0015	0.0666667	0.0238095	0.0	0.08	0.0384615	0.0	0.0689655	0.0185185	0.0	0.0606061	0.0	0.0	0.0	0.0108696	0.0258621	0.0165289	0.009434	0.0254237	0.0162602	0.0194805	0.0299401	0.0294118	0.0108696	0.0365854	0.025974	0.0015	0.0	0.0015	0.0	0.0	0.0	0.0909091	0.0526316	0.2307692	0.0	0.2222222	0.1212121	0.0	
Falco sp.	0.0	0.0	0.0	0.0	0.0	0.0	0.0	0.0	0.0	0.0	0.0	0.0	0.0	0.0	0.0	0.0	0.0	0.0	0.0	0.0151515	0.0	0.0	0.0	0.0108696	0.0	0.0	0.009434	0.0	0.0	0.0	0.005988	0.0	0.0054348	0.0060976	0.0015	0.0	0.0	0.0	0.0	0.0454545	0.0	0.0909091	0.0	0.0	0.0	0.0	0.0	0.0	
rapace diurne sp.	0.0	0.0	0.0	0.0	0.0	0.0	0.0	0.0	0.0	0.0	0.0	0.0	0.1578947	0.0015	0.0	0.0	0.0	0.0	0.0	0.0	0.0	0.0	0.0	0.0	0.0	0.0	0.0	0.0	0.0	0.0	0.0	0.0	0.0	0.0	0.0	0.0	0.0	0.0	0.0	0.0	0.0	0.0	0.0	0.0	0.0	0.0	0.0	0.0	
Loriot d'Europe	0.0	0.0	0.0	0.0	0.0	0.0	0.0	0.0	0.0	0.0	0.0	0.0	0.0	0.0	0.0	0.0606061	0.0689655	0.0555556	0.0810811	0.0	0.0689655	0.0	0.0166667	0.0108696	0.0086207	0.0082645	0.0188679	0.0084746	0.0162602	0.025974	0.0239521	0.0058824	0.0	0.0	0.0	0.0	0.0	0.0	0.0	0.0	0.0	0.0	0.0	0.0	0.0	0.0	0.0	0.0	
Pie-grièche écorcheur	0.0	0.0	0.0	0.0	0.0	0.0	0.0	0.0	0.0	0.0	0.0	0.0	0.0	0.0	0.0	0.0	0.0344828	0.037037	0.1351351	0.0909091	0.1724138	0.0588235	0.0666667	0.076087	0.0862069	0.0661157	0.0377358	0.1525424	0.0406504	0.0584416	0.0179641	0.0117647	0.0054348	0.0060976	0.012987	0.0	0.0	0.0	0.0	0.0	0.0	0.0	0.0	0.0	0.0	0.0	0.0	0.0	
Pie-grièche méridionale	0.0	0.0	0.0	0.0	0.0	0.0	0.0196078	0.0	0.0	0.0	0.0	0.0	0.0	0.0	0.0	0.0	0.0	0.0	0.0	0.0	0.0	0.0	0.0	0.0	0.0	0.0	0.0	0.0	0.0	0.0064935	0.0	0.0	0.0	0.0060976	0.0	0.0	0.0	0.0	0.0	0.0	0.0588235	0.0	0.0	0.0	0.0	0.0	0.0	0.0	
Pie-grièche à tête rousse	0.0	0.0	0.0	0.0	0.0	0.0	0.0	0.0	0.0	0.0	0.0	0.0	0.0	0.0	0.0	0.0	0.0	0.0	0.0	0.0	0.0	0.0147059	0.0	0.0	0.0	0.0015	0.0	0.0	0.0	0.0	0.0	0.0058824	0.0	0.0060976	0.0	0.0	0.0	0.0	0.0	0.0	0.0	0.0	0.0	0.0	0.0	0.0	0.0	0.0	
Geai des chênes	0.2692308	0.4	0.4193548	0.25	0.125	0.1764706	0.1372549	0.2666667	0.1333333	0.1304348	0.4333333	0.1428571	0.1052632	0.12	0.2692308	0.2121212	0.2413793	0.2037037	0.2432432	0.1818182	0.2068966	0.2205882	0.3166667	0.2608696	0.2068966	0.1983471	0.2169811	0.2457627	0.1382114	0.1558442	0.1916168	0.1470588	0.2445652	0.2560976	0.2597403	0.2962963	0.2666667	0.4166667	0.4	0.2727273	0.5294118	0.6363636	0.2105263	0.6153846	0.1428571	0.4444444	0.2424242	0.4444444	
Pie bavarde	0.3461538	0.4	0.4516129	0.45	0.375	0.4117647	0.2745098	0.4333333	0.2666667	0.4347826	0.5	0.2380952	0.3684211	0.12	0.3076923	0.2424242	0.2758621	0.3148148	0.2972973	0.1818182	0.2758621	0.1176471	0.1666667	0.2065217	0.0775862	0.1404959	0.2169811	0.1694915	0.0650407	0.1103896	0.1497006	0.1411765	0.048913	0.0670732	0.2337662	0.2592593	0.3333333	0.1666667	0.4	0.4545455	0.6470588	0.6363636	0.4736842	0.4615385	0.5714286	0.5555556	0.5454545	0.2592593	
Crave à bec rouge	0.1153846	0.0	0.0322581	0.1	0.0015	0.0	0.0588235	0.0666667	0.0	0.0015	0.0333333	0.0952381	0.1052632	0.16	0.1923077	0.1818182	0.1724138	0.2222222	0.2162162	0.1515152	0.2758621	0.1617647	0.2666667	0.1413043	0.1810345	0.1652893	0.1698113	0.2881356	0.2520325	0.1948052	0.2095808	0.1941176	0.2336957	0.2195122	0.1818182	0.2407407	0.2666667	0.2916667	0.15	0.0909091	0.0588235	0.0	0.0	0.0	0.0015	0.0	0.030303	0.0015	
Chocard à bec jaune	0.0769231	0.0	0.0322581	0.05	0.0416667	0.0	0.0588235	0.0333333	0.0666667	0.0015	0.1	0.0714286	0.0526316	0.08	0.1153846	0.1515152	0.1034483	0.0740741	0.0810811	0.1060606	0.137931	0.1911765	0.25	0.1956522	0.2586207	0.214876	0.1603774	0.1355932	0.2764228	0.1428571	0.1796407	0.0941176	0.2173913	0.2195122	0.0779221	0.0925926	0.2	0.2916667	0.2	0.0454545	0.0015	0.0	0.0	0.0	0.0	0.0015	0.0	0.0015	
Crave à bec rouge ou Chocard à bec jaune	0.0	0.0	0.0	0.0	0.0	0.0	0.0	0.0	0.0	0.0	0.0	0.0	0.0	0.0	0.0	0.0	0.0	0.0185185	0.0	0.0	0.0	0.0	0.0166667	0.0	0.0	0.0	0.0	0.0	0.0	0.0	0.0	0.0	0.0	0.0	0.0	0.0	0.0	0.0	0.0	0.0	0.0	0.0	0.0	0.0	0.0	0.0	0.0	0.0	
Choucas des tours	0.0	0.0666667	0.0	0.0	0.0833333	0.0	0.0015	0.0333333	0.0	0.0	0.0	0.0015	0.0	0.0	0.0384615	0.0606061	0.0	0.0	0.027027	0.0015	0.0	0.0	0.0015	0.0	0.0	0.0015	0.0377358	0.0	0.0081301	0.0015	0.005988	0.0	0.0	0.0060976	0.0	0.0	0.0	0.0	0.0	0.0	0.0588235	0.0	0.0	0.0	0.0	0.0	0.0606061	0.037037	
Corbeau freux	0.0	0.0	0.0	0.0	0.0	0.0	0.0	0.0	0.0	0.0	0.0	0.0	0.0	0.0	0.0	0.0	0.0	0.0	0.0	0.0	0.0	0.0147059	0.0	0.0	0.0	0.0	0.0	0.0	0.0	0.0	0.0	0.0	0.0	0.0	0.0	0.0015	0.0	0.0	0.0	0.0	0.0	0.0	0.0	0.0	0.0	0.0	0.0	0.0	
Corneille noire	0.6923077	0.6	0.7419355	0.6	0.7916667	0.7058824	0.5686275	0.6333333	0.3333333	0.5652174	0.6666667	0.5952381	0.6315789	0.56	0.5384615	0.3939394	0.5517241	0.462963	0.4594595	0.3939394	0.4482759	0.2941176	0.3166667	0.4347826	0.3275862	0.3057851	0.4245283	0.4491525	0.300813	0.2987013	0.3413174	0.4117647	0.3369565	0.2560976	0.4415584	0.5	0.2666667	0.4583333	0.35	0.5909091	0.7647059	1.0	0.5263158	0.7692308	0.4285714	0.7777778	0.7272727	0.6666667	
corneille sp.	0.0	0.0	0.0	0.0	0.0	0.0	0.0	0.0	0.0	0.0	0.0	0.0	0.0	0.0	0.0	0.0	0.0	0.0015	0.0	0.0	0.0	0.0147059	0.0	0.0108696	0.0	0.0	0.0283019	0.0084746	0.0	0.0064935	0.0	0.0	0.0	0.0015	0.0	0.0	0.0	0.0	0.0015	0.0	0.0	0.0	0.0	0.0	0.0	0.0	0.0	0.0	
Grand Corbeau	0.2692308	0.0666667	0.0645161	0.2	0.2916667	0.0588235	0.2156863	0.0666667	0.1333333	0.0869565	0.4	0.2142857	0.2105263	0.16	0.2692308	0.1212121	0.1724138	0.1851852	0.1351351	0.1969697	0.2758621	0.1911765	0.2333333	0.1304348	0.2155172	0.1983471	0.1320755	0.1864407	0.2113821	0.2207792	0.2335329	0.1941176	0.1304348	0.2073171	0.1428571	0.2407407	0.2666667	0.2916667	0.3	0.1818182	0.1764706	0.1818182	0.0526316	0.0769231	0.1428571	0.0	0.0909091	0.2592593	
Mésange noire	0.1153846	0.1333333	0.0645161	0.15	0.1666667	0.0015	0.1764706	0.1333333	0.3333333	0.1304348	0.2333333	0.1666667	0.2631579	0.2	0.1153846	0.1818182	0.137931	0.1666667	0.1351351	0.2424242	0.1724138	0.2352941	0.1166667	0.25	0.1724138	0.2231405	0.1698113	0.2966102	0.1219512	0.2142857	0.1976048	0.2176471	0.1793478	0.2195122	0.2207792	0.1851852	0.3333333	0.2916667	0.1	0.1818182	0.1176471	0.0	0.0526316	0.0015	0.1428571	0.0	0.1212121	0.0740741	
Mésange huppée	0.3076923	0.0666667	0.0645161	0.15	0.0833333	0.0588235	0.1372549	0.1	0.0666667	0.1304348	0.0666667	0.047619	0.1578947	0.12	0.1153846	0.1515152	0.0689655	0.1111111	0.0540541	0.0909091	0.1724138	0.1323529	0.0833333	0.1521739	0.1206897	0.107438	0.0849057	0.1271186	0.0813008	0.1168831	0.0958084	0.0941176	0.0869565	0.1036585	0.1688312	0.1296296	0.0	0.0833333	0.1	0.1363636	0.2352941	0.0909091	0.0015	0.0	0.1428571	0.0	0.1212121	0.0740741	
Mésange nonnette	0.0384615	0.1333333	0.0322581	0.15	0.0833333	0.2352941	0.3333333	0.0666667	0.4	0.2608696	0.1666667	0.1666667	0.0015	0.12	0.1538462	0.030303	0.0344828	0.0185185	0.0	0.0454545	0.0689655	0.0	0.0166667	0.0543478	0.0431034	0.0165289	0.0283019	0.0423729	0.0243902	0.0584416	0.0479042	0.0117647	0.0326087	0.0792683	0.0519481	0.0185185	0.0666667	0.0015	0.15	0.1363636	0.2352941	0.1818182	0.1052632	0.0769231	0.2857143	0.2222222	0.1818182	0.1851852	
Mésange nonnette ou M. boréale	0.0	0.0	0.0	0.0	0.0	0.0	0.0	0.0	0.0	0.0	0.0	0.0	0.0	0.04	0.0	0.0	0.0	0.0	0.0	0.0	0.0	0.0	0.0	0.0	0.0	0.0	0.0	0.0	0.0	0.0	0.0	0.0	0.0	0.0	0.0	0.0	0.0	0.0	0.0	0.0	0.0	0.0	0.0	0.0	0.0	0.0	0.0	0.0	
Mésange bleue	0.3846154	0.6	0.2258065	0.5	0.5416667	0.1764706	0.4901961	0.3333333	0.6666667	0.6086957	0.6	0.3571429	0.3157895	0.2	0.3076923	0.3030303	0.2413793	0.2407407	0.1621622	0.1060606	0.1724138	0.2205882	0.1166667	0.173913	0.1637931	0.1239669	0.1981132	0.1610169	0.1056911	0.1298701	0.1856287	0.1470588	0.1684783	0.2195122	0.2467532	0.1851852	0.2666667	0.0833333	0.3	0.4090909	0.3529412	0.6363636	0.3684211	0.5384615	0.5714286	0.4444444	0.3939394	0.5925926	
Mésange charbonnière	0.5384615	0.5333333	0.4193548	0.55	0.5416667	0.2941176	0.6078431	0.4333333	0.4666667	0.7391304	0.6	0.4761905	0.2105263	0.36	0.4230769	0.3333333	0.3448276	0.1851852	0.3243243	0.3030303	0.2413793	0.2205882	0.15	0.2065217	0.2413793	0.1818182	0.1792453	0.1694915	0.1788618	0.1558442	0.251497	0.1705882	0.125	0.2073171	0.2597403	0.2962963	0.4	0.3333333	0.35	0.5	0.4117647	0.5454545	0.1578947	0.3846154	0.4285714	0.4444444	0.5757576	0.5555556	
Alouette lulu	0.0	0.0	0.0	0.0	0.0	0.0	0.0015	0.0015	0.0	0.0	0.0	0.0	0.0	0.04	0.0	0.030303	0.0	0.0	0.027027	0.0	0.0	0.0294118	0.0	0.0	0.0086207	0.0082645	0.0	0.0	0.0081301	0.0	0.0	0.0	0.0	0.0	0.0015	0.0	0.0666667	0.0	0.0	0.0454545	0.0	0.0	0.0	0.0	0.0	0.0	0.0	0.0	
Alouette des champs	0.0384615	0.0	0.0	0.0	0.0416667	0.0	0.0980392	0.0666667	0.0	0.0434783	0.0	0.0238095	0.1052632	0.04	0.1153846	0.030303	0.0689655	0.0185185	0.1891892	0.0606061	0.137931	0.0441176	0.0333333	0.0217391	0.0258621	0.0165289	0.0283019	0.0169492	0.0015	0.0	0.0	0.0015	0.0	0.0	0.0	0.0	0.0	0.0	0.05	0.0909091	0.1176471	0.0	0.2631579	0.0	0.0	0.0	0.0606061	0.0740741	
Cochevis huppé	0.0	0.0	0.0	0.0	0.0	0.0	0.0	0.0	0.0	0.0	0.0	0.0	0.0	0.0	0.0	0.0	0.0	0.0	0.0	0.0	0.0344828	0.0	0.0	0.0	0.0	0.0015	0.009434	0.0	0.0	0.0	0.0	0.0	0.0	0.0	0.0	0.0	0.0	0.0	0.0	0.0	0.0	0.0	0.0	0.0	0.0	0.0	0.0	0.0	
alaudidé sp.	0.0	0.0	0.0	0.0	0.0	0.0	0.0	0.0	0.0	0.0	0.0	0.0	0.0	0.0	0.0	0.0	0.0	0.0	0.0	0.0	0.0	0.0	0.0	0.0	0.0	0.0	0.0	0.0	0.0	0.0	0.0	0.0	0.0	0.0	0.0	0.0	0.0	0.0	0.0	0.0	0.0	0.0909091	0.0	0.0	0.0	0.0	0.0	0.0	
Cisticole des joncs	0.0	0.0666667	0.0645161	0.05	0.0416667	0.0	0.0392157	0.0	0.0	0.0	0.0	0.0	0.0	0.0	0.0	0.0	0.0344828	0.0555556	0.0810811	0.030303	0.0689655	0.0147059	0.0	0.0015	0.0086207	0.0082645	0.0283019	0.0	0.0162602	0.025974	0.0179641	0.0117647	0.0	0.0060976	0.0	0.0015	0.0	0.0	0.0	0.0454545	0.1764706	0.0909091	0.0526316	0.0769231	0.0	0.0	0.0	0.037037	
Hypolaïs polyglotte	0.0	0.0	0.0	0.0	0.0	0.0	0.0	0.0	0.0	0.0	0.0	0.0	0.0	0.0	0.0	0.0	0.0	0.0555556	0.027027	0.0151515	0.0344828	0.0147059	0.0166667	0.0108696	0.0015	0.0247934	0.0754717	0.0423729	0.0162602	0.0194805	0.005988	0.0	0.0108696	0.0182927	0.0	0.0	0.0	0.0	0.0	0.0	0.0	0.0	0.0	0.0	0.0	0.0	0.0	0.0	
Rousserolle effarvatte	0.0	0.0	0.0	0.0	0.0	0.0	0.0	0.0	0.0	0.0	0.0	0.0	0.0	0.0	0.0	0.0	0.0	0.0	0.0	0.0	0.0	0.0	0.0	0.0	0.0	0.0	0.0	0.0	0.0	0.0	0.005988	0.0058824	0.0	0.0060976	0.0	0.0	0.0	0.0	0.0	0.0	0.0	0.0	0.0	0.0	0.0	0.0	0.0	0.0	
Acrocephalus sp.	0.0	0.0	0.0	0.0	0.0	0.0	0.0	0.0	0.0	0.0	0.0	0.0	0.0	0.0	0.0	0.0	0.0	0.0	0.0	0.0	0.0	0.0	0.0	0.0	0.0	0.0	0.0	0.0	0.0	0.0	0.0	0.0	0.0054348	0.0	0.0	0.0	0.0	0.0416667	0.0	0.0	0.0	0.0	0.0	0.0	0.0	0.0	0.0	0.0	
Locustelle tachetée	0.0	0.0	0.0	0.0	0.0	0.0	0.0	0.0	0.0	0.0	0.0	0.0	0.0	0.0	0.0	0.0	0.0	0.0	0.0	0.0	0.0	0.0	0.0	0.0	0.0	0.0	0.0	0.0	0.0	0.0015	0.0	0.0058824	0.0	0.0	0.0	0.0	0.0	0.0	0.0	0.0	0.0	0.0	0.0	0.0	0.0	0.0	0.0	0.0	
Hirondelle de rivage	0.0	0.0	0.0	0.0	0.0	0.0	0.0	0.0	0.0	0.0	0.0	0.0	0.0	0.0	0.0	0.0015	0.0	0.0	0.0	0.030303	0.0	0.0	0.0166667	0.0	0.0015	0.0082645	0.0	0.0084746	0.0	0.012987	0.0299401	0.0294118	0.0054348	0.0121951	0.025974	0.037037	0.0	0.0	0.0	0.0	0.0	0.0	0.0	0.0	0.0	0.0	0.0	0.0	
Hirondelle de rochers	0.0384615	0.0	0.0015	0.0015	0.0416667	0.2941176	0.0015	0.0333333	0.0015	0.0434783	0.0333333	0.1904762	0.4210526	0.16	0.1923077	0.2727273	0.2413793	0.1851852	0.1891892	0.1363636	0.2758621	0.2058824	0.15	0.2934783	0.2241379	0.3057851	0.2641509	0.4152542	0.2439024	0.2467532	0.2634731	0.2235294	0.3043478	0.2560976	0.1038961	0.0740741	0.2	0.1666667	0.1	0.2272727	0.1176471	0.0015	0.0526316	0.0	0.0	0.0	0.0	0.1481481	
Hirondelle rustique	0.0	0.0	0.0	0.0	0.0	0.0	0.0	0.0	0.0	0.0	0.0	0.1190476	0.2105263	0.16	0.0769231	0.1818182	0.2758621	0.1851852	0.0810811	0.1060606	0.1724138	0.0588235	0.0833333	0.0217391	0.0431034	0.0909091	0.1792453	0.1864407	0.0406504	0.1493506	0.1377246	0.1470588	0.1467391	0.1341463	0.2207792	0.1666667	0.0	0.0833333	0.05	0.0	0.0	0.0	0.0	0.0769231	0.0	0.0	0.030303	0.0	
Hirondelle de fenêtre	0.0	0.0	0.0	0.0	0.0	0.0	0.0	0.0	0.0	0.0	0.0	0.0238095	0.0	0.0015	0.1153846	0.1818182	0.1724138	0.1296296	0.1621622	0.1666667	0.1724138	0.1470588	0.1666667	0.2717391	0.1982759	0.2975207	0.2641509	0.3135593	0.1869919	0.3116883	0.2275449	0.1705882	0.1576087	0.2317073	0.1428571	0.1666667	0.0666667	0.0	0.0	0.0	0.0588235	0.0	0.0	0.0	0.0	0.0	0.0	0.0	
Hirondelle rousseline	0.0	0.0	0.0	0.0	0.0	0.0	0.0	0.0	0.0	0.0	0.0	0.0	0.0	0.0	0.0	0.0	0.0	0.0	0.0	0.0	0.0	0.0	0.0	0.0	0.0	0.0	0.0	0.0	0.0	0.0	0.0	0.0	0.0	0.0	0.012987	0.0	0.0	0.0	0.0	0.0	0.0	0.0	0.0	0.0	0.0	0.0	0.0	0.0	
hirondelle sp.	0.0	0.0	0.0	0.0	0.0	0.0	0.0	0.0	0.0	0.0	0.0	0.0	0.0	0.0	0.0	0.0	0.0	0.0	0.0	0.0	0.0	0.0	0.0	0.0015	0.0	0.0	0.0	0.0	0.0015	0.0	0.0	0.0	0.0108696	0.0243902	0.0	0.0185185	0.0	0.0416667	0.0	0.0	0.0	0.0	0.0	0.0	0.0	0.0	0.0	0.0	
Pouillot siffleur	0.0	0.0	0.0	0.0	0.0	0.0	0.0	0.0	0.0	0.0	0.0	0.0	0.0	0.0	0.0	0.0	0.0	0.0	0.0	0.0	0.0	0.0	0.0	0.0	0.0	0.0082645	0.009434	0.0	0.0	0.0	0.0	0.0	0.0	0.0	0.0	0.0	0.0	0.0	0.0	0.0	0.0	0.0	0.0	0.0	0.0	0.0	0.0	0.0	
Pouillot de Bonelli	0.0	0.0	0.0	0.0	0.0	0.0	0.0	0.0	0.0	0.0	0.0	0.0238095	0.0	0.0	0.0	0.030303	0.0	0.0	0.0	0.030303	0.0344828	0.0294118	0.0166667	0.0	0.0258621	0.0578512	0.0188679	0.0084746	0.0081301	0.0015	0.011976	0.0058824	0.0	0.0	0.0	0.0	0.0	0.0	0.0	0.0	0.0	0.0	0.0	0.0	0.0	0.0	0.0	0.0	
Pouillot fitis	0.0	0.0	0.0	0.0	0.0	0.0	0.0	0.0	0.0	0.0	0.0	0.0	0.0	0.0	0.0384615	0.030303	0.0344828	0.0	0.0	0.0151515	0.0	0.0	0.0	0.0	0.0	0.0	0.0015	0.0254237	0.0081301	0.038961	0.0299401	0.0588235	0.0597826	0.0792683	0.0779221	0.037037	0.0	0.0	0.0	0.0	0.0	0.0	0.0	0.0	0.0	0.0	0.0	0.0	
Pouillot véloce	0.0769231	0.4666667	0.1935484	0.15	0.25	0.0588235	0.2156863	0.2666667	0.2	0.173913	0.4333333	0.5238095	0.0526316	0.4	0.4615385	0.3030303	0.2758621	0.3888889	0.3783784	0.3484848	0.2413793	0.3529412	0.15	0.2391304	0.3189655	0.1322314	0.1603774	0.1694915	0.0894309	0.2077922	0.1736527	0.1764706	0.2391304	0.2682927	0.1948052	0.2037037	0.4	0.2916667	0.3	0.3181818	0.3529412	0.4545455	0.2631579	0.4615385	0.2857143	0.3333333	0.2424242	0.2222222	
Pouillot ibérique	0.0	0.0	0.0	0.0	0.0	0.0	0.0	0.0	0.0	0.0	0.0	0.0	0.0	0.0	0.0	0.030303	0.0	0.0	0.0015	0.0	0.0	0.0	0.0	0.0	0.0	0.0	0.0	0.0	0.0	0.0	0.0	0.0	0.0	0.0	0.0	0.0	0.0	0.0	0.0	0.0	0.0	0.0	0.0	0.0	0.0	0.0	0.0	0.0	
pouillot sp.	0.0	0.0666667	0.0	0.0	0.0	0.0	0.0	0.0	0.0	0.0	0.0	0.0	0.0	0.0	0.0	0.0	0.0	0.0	0.0	0.0	0.0	0.0	0.0	0.0	0.0	0.0	0.0188679	0.0084746	0.0	0.0	0.0	0.0	0.0054348	0.0121951	0.0	0.0185185	0.0	0.0	0.0	0.0454545	0.0	0.0	0.0	0.0769231	0.0	0.0	0.0	0.0	
Bouscarle de Cetti	0.0384615	0.0	0.0645161	0.05	0.0833333	0.0588235	0.0588235	0.0333333	0.0	0.0434783	0.0666667	0.0	0.0	0.0	0.0	0.030303	0.0	0.0555556	0.0	0.0151515	0.0344828	0.0147059	0.0166667	0.0326087	0.0086207	0.0	0.009434	0.0	0.0	0.0	0.0359281	0.0058824	0.0	0.0	0.0	0.0	0.0	0.0	0.0	0.0454545	0.1176471	0.0909091	0.0526316	0.1538462	0.1428571	0.2222222	0.030303	0.0740741	
Orite à longue queue	0.2692308	0.4	0.2258065	0.25	0.375	0.1176471	0.2352941	0.1666667	0.0666667	0.2173913	0.2666667	0.1428571	0.0526316	0.16	0.2307692	0.0606061	0.0689655	0.0740741	0.027027	0.030303	0.0689655	0.0882353	0.0333333	0.0326087	0.0517241	0.0330579	0.0471698	0.0677966	0.0487805	0.0909091	0.0778443	0.0529412	0.0652174	0.0731707	0.0779221	0.1296296	0.2666667	0.0833333	0.3	0.2727273	0.2941176	0.3636364	0.2105263	0.5384615	0.2857143	0.3333333	0.2727273	0.2962963	
Fauvette à tête noire	0.0384615	0.0	0.0967742	0.0	0.0416667	0.0588235	0.0392157	0.1666667	0.1333333	0.173913	0.4333333	0.4285714	0.0526316	0.24	0.2692308	0.3030303	0.5517241	0.5	0.4594595	0.3939394	0.3448276	0.2941176	0.2666667	0.2826087	0.3706897	0.3305785	0.3867925	0.2288136	0.0894309	0.1428571	0.1437126	0.1529412	0.1902174	0.195122	0.1688312	0.1296296	0.1333333	0.0416667	0.05	0.1818182	0.1176471	0.1818182	0.1052632	0.0769231	0.0	0.0	0.030303	0.0740741	
Fauvette des jardins	0.0	0.0	0.0	0.0	0.0	0.0	0.0	0.0	0.0	0.0	0.0	0.0	0.0	0.0	0.0	0.030303	0.0	0.0	0.027027	0.0909091	0.0	0.0588235	0.0833333	0.0326087	0.0344828	0.0495868	0.0188679	0.0254237	0.0	0.0	0.0015	0.0	0.0217391	0.0243902	0.0	0.0	0.0	0.0	0.0	0.0	0.0	0.0	0.0	0.0	0.0	0.0	0.0	0.0	
Fauvette mélanocéphale	0.0	0.0	0.0	0.0	0.0	0.0	0.0	0.0	0.0	0.0	0.0	0.0	0.0	0.0	0.0	0.0	0.0	0.0	0.0	0.0	0.0	0.0	0.0	0.0	0.0	0.0	0.0	0.0	0.0	0.0	0.011976	0.0	0.0	0.0	0.0	0.0	0.0	0.0	0.0	0.0	0.0	0.0	0.0	0.0	0.0	0.0	0.0	0.0	
Fauvette passerinette	0.0	0.0	0.0	0.0	0.0	0.0	0.0	0.0	0.0	0.0	0.0	0.0	0.0	0.0	0.0	0.0	0.0	0.0	0.0	0.0	0.0	0.0	0.0	0.0108696	0.0015	0.0082645	0.0	0.0	0.0	0.0	0.0	0.0	0.0	0.0	0.0	0.0	0.0	0.0	0.0	0.0	0.0	0.0	0.0	0.0	0.0	0.0	0.0	0.0	
Fauvette grisette	0.0	0.0	0.0	0.0	0.0	0.0	0.0	0.0	0.0	0.0	0.0	0.0	0.0	0.0	0.0	0.0	0.0	0.037037	0.0810811	0.0	0.0689655	0.0147059	0.0166667	0.0	0.0	0.0082645	0.009434	0.0	0.0	0.025974	0.005988	0.0117647	0.0326087	0.0365854	0.0	0.0015	0.0	0.0	0.0	0.0	0.0	0.0	0.0	0.0	0.0	0.0	0.0	0.0	
Fauvette à lunettes	0.0	0.0	0.0	0.0	0.0	0.0	0.0	0.0	0.0	0.0	0.0	0.0	0.0	0.0	0.0	0.0	0.0	0.0	0.0	0.0151515	0.0	0.0	0.0	0.0	0.0	0.0	0.0	0.0	0.0	0.0	0.0	0.0	0.0	0.0	0.0	0.0	0.0	0.0	0.0	0.0	0.0	0.0	0.0	0.0	0.0	0.0	0.0	0.0	
Fauvette pitchou	0.1153846	0.1333333	0.0	0.0	0.0	0.0	0.0	0.0	0.0	0.0	0.0	0.0	0.0	0.0	0.0	0.0	0.0	0.0	0.0	0.0	0.0	0.0	0.0	0.0	0.0	0.0	0.0	0.0	0.0015	0.0	0.0	0.0	0.0	0.0	0.0	0.0	0.0	0.0	0.0	0.0	0.1176471	0.2727273	0.1052632	0.1538462	0.0	0.1111111	0.0	0.0	
Sylvia ou Curruca sp.	0.0	0.0	0.0	0.0	0.0	0.0	0.0	0.0	0.0	0.0	0.0	0.0	0.0	0.0	0.0	0.0	0.0	0.0	0.0	0.0	0.0	0.0	0.0015	0.0	0.0	0.0	0.0	0.0	0.0	0.0	0.0	0.0	0.0	0.0	0.0	0.0	0.0	0.0	0.0	0.0	0.0	0.0	0.0	0.0	0.0	0.0	0.0	0.0	
Léiothrix jaune	0.1153846	0.0666667	0.0	0.05	0.0	0.0588235	0.0588235	0.0	0.0666667	0.0869565	0.0666667	0.0238095	0.0	0.0	0.0	0.030303	0.0344828	0.0185185	0.0	0.0	0.0	0.0	0.0	0.0108696	0.0015	0.0	0.009434	0.0	0.0162602	0.012987	0.011976	0.0	0.0054348	0.0	0.012987	0.0015	0.0	0.0416667	0.05	0.0454545	0.0588235	0.2727273	0.1052632	0.0	0.1428571	0.1111111	0.0606061	0.0740741	
Roitelet huppé	0.1538462	0.0666667	0.0322581	0.05	0.0416667	0.0588235	0.0588235	0.0015	0.0666667	0.0434783	0.0666667	0.1666667	0.2105263	0.08	0.1923077	0.1515152	0.0689655	0.1481481	0.0810811	0.1363636	0.0689655	0.0882353	0.1166667	0.1195652	0.0948276	0.0826446	0.0754717	0.1101695	0.0650407	0.1363636	0.1377246	0.1529412	0.1141304	0.1158537	0.1688312	0.0555556	0.0666667	0.0833333	0.1	0.1818182	0.2941176	0.1818182	0.0015	0.0	0.1428571	0.0	0.1212121	0.1111111	
Roitelet à triple bandeau	0.1153846	0.1333333	0.0645161	0.05	0.125	0.1176471	0.2156863	0.1	0.2	0.0869565	0.2333333	0.1428571	0.3157895	0.2	0.2307692	0.2727273	0.4137931	0.2222222	0.1891892	0.1060606	0.0689655	0.1323529	0.1333333	0.0978261	0.0948276	0.0330579	0.0754717	0.1016949	0.0487805	0.0584416	0.1317365	0.0882353	0.0869565	0.1341463	0.1428571	0.1296296	0.0015	0.0416667	0.25	0.2727273	0.1764706	0.3636364	0.1052632	0.2307692	0.2857143	0.3333333	0.1515152	0.2592593	
Roitelet huppé ou R. à triple bandeau	0.0	0.0	0.0	0.0	0.0	0.0	0.0	0.0333333	0.0	0.0015	0.0	0.0	0.0	0.0	0.0	0.0	0.0	0.0	0.027027	0.0	0.0	0.0	0.0	0.0	0.0	0.0165289	0.0	0.0	0.0	0.012987	0.0	0.0058824	0.0	0.0	0.0	0.0	0.0	0.0	0.0	0.0	0.0	0.0909091	0.0	0.0	0.0	0.0	0.030303	0.0	
Tichodrome échelette	0.0	0.0	0.0322581	0.0	0.0	0.0	0.0	0.0	0.0	0.0	0.0	0.0	0.0	0.0	0.0384615	0.0	0.0	0.037037	0.0	0.0151515	0.0	0.0015	0.05	0.0108696	0.0086207	0.0165289	0.0377358	0.0084746	0.0325203	0.0064935	0.0179641	0.0058824	0.0108696	0.0060976	0.012987	0.0185185	0.0666667	0.0	0.0	0.0	0.0	0.0	0.0	0.0015	0.0	0.0	0.0	0.0015	
Sittelle torchepot	0.3461538	0.3333333	0.2580645	0.35	0.1666667	0.2352941	0.3529412	0.1666667	0.4	0.2608696	0.3666667	0.1428571	0.1578947	0.12	0.2307692	0.0606061	0.137931	0.1111111	0.0540541	0.1666667	0.1034483	0.0441176	0.15	0.0652174	0.1293103	0.0991736	0.1415094	0.2118644	0.1138211	0.1623377	0.1676647	0.0941176	0.1684783	0.152439	0.2337662	0.1666667	0.1333333	0.125	0.15	0.1818182	0.3529412	0.4545455	0.1578947	0.1538462	0.1428571	0.1111111	0.1818182	0.3333333	
Grimpereau des bois	0.0384615	0.0666667	0.0	0.05	0.0	0.0588235	0.0980392	0.0333333	0.0015	0.0	0.0015	0.047619	0.1052632	0.0	0.1153846	0.0606061	0.0	0.0185185	0.1351351	0.0606061	0.0344828	0.0588235	0.0015	0.0434783	0.0172414	0.0082645	0.0188679	0.0423729	0.0162602	0.0454545	0.0419162	0.0352941	0.0652174	0.097561	0.025974	0.0185185	0.0666667	0.0	0.0	0.0454545	0.0	0.0	0.0015	0.0	0.0	0.0	0.030303	0.0015	
Grimpereau des jardins	0.1538462	0.1333333	0.1290323	0.2	0.125	0.1764706	0.1764706	0.1666667	0.4666667	0.3043478	0.1333333	0.047619	0.1052632	0.12	0.0384615	0.1515152	0.1724138	0.1481481	0.1351351	0.0909091	0.1724138	0.0294118	0.1333333	0.0434783	0.1034483	0.0578512	0.0283019	0.1101695	0.0243902	0.0714286	0.1197605	0.0411765	0.0271739	0.0243902	0.0519481	0.1296296	0.0666667	0.0	0.1	0.0909091	0.2941176	0.2727273	0.0	0.3846154	0.0	0.3333333	0.1515152	0.1851852	
Grimpereau des bois ou G. des jardins	0.0	0.0666667	0.0	0.1	0.0015	0.0	0.0196078	0.0015	0.0	0.0	0.0	0.0	0.0	0.04	0.0	0.0	0.0	0.0	0.0540541	0.0	0.0	0.0	0.0	0.0	0.0086207	0.0165289	0.0188679	0.0084746	0.0081301	0.0064935	0.005988	0.0	0.0217391	0.0	0.0	0.0	0.0	0.0416667	0.05	0.0	0.0	0.0	0.0	0.0	0.1428571	0.0	0.0	0.037037	
Troglodyte mignon	0.3846154	0.2666667	0.0645161	0.15	0.125	0.2352941	0.1960784	0.1	0.2	0.173913	0.3333333	0.2142857	0.1578947	0.2	0.3076923	0.3030303	0.2413793	0.2962963	0.1891892	0.1818182	0.2413793	0.1764706	0.2333333	0.1847826	0.1896552	0.2066116	0.1132075	0.1694915	0.0813008	0.1103896	0.0718563	0.0352941	0.0815217	0.097561	0.1038961	0.0925926	0.1333333	0.125	0.1	0.3636364	0.2352941	0.6363636	0.1578947	0.6923077	0.0	0.3333333	0.1818182	0.3703704	
Cincle plongeur	0.2307692	0.0666667	0.0645161	0.0015	0.1666667	0.1764706	0.0392157	0.0666667	0.0666667	0.0434783	0.0333333	0.047619	0.1052632	0.04	0.0769231	0.0909091	0.0689655	0.0925926	0.1621622	0.0909091	0.2068966	0.1323529	0.1666667	0.1413043	0.1293103	0.0991736	0.0660377	0.1016949	0.0731707	0.0909091	0.1077844	0.1	0.1358696	0.1585366	0.0779221	0.0555556	0.2	0.1666667	0.1	0.2272727	0.1176471	0.0909091	0.0526316	0.0769231	0.1428571	0.0	0.030303	0.1481481	
Étourneau sansonnet	0.1538462	0.0666667	0.3870968	0.25	0.2916667	0.1176471	0.1764706	0.3	0.2666667	0.0434783	0.1333333	0.1666667	0.0015	0.16	0.1153846	0.0606061	0.0344828	0.1851852	0.1351351	0.0757576	0.0344828	0.0147059	0.0333333	0.0434783	0.0258621	0.0247934	0.1132075	0.0169492	0.0243902	0.0194805	0.0718563	0.0411765	0.0163043	0.0182927	0.025974	0.0925926	0.0	0.0833333	0.2	0.4090909	0.2941176	0.5454545	0.2631579	0.3076923	0.1428571	0.3333333	0.2727273	0.2222222	
Grive draine	0.1153846	0.2	0.0967742	0.1	0.0833333	0.0015	0.1960784	0.0666667	0.0666667	0.173913	0.0666667	0.0952381	0.0015	0.08	0.3076923	0.1515152	0.1724138	0.0555556	0.1351351	0.1515152	0.0689655	0.1323529	0.1166667	0.076087	0.0517241	0.0495868	0.0566038	0.1101695	0.0325203	0.0324675	0.0299401	0.0470588	0.0869565	0.0792683	0.025974	0.0185185	0.0666667	0.0833333	0.15	0.1363636	0.0588235	0.0	0.0526316	0.1538462	0.0	0.1111111	0.030303	0.2222222	
Grive musicienne	0.0384615	0.0	0.0322581	0.05	0.0833333	0.1176471	0.2156863	0.3333333	0.2	0.2608696	0.3666667	0.2619048	0.0526316	0.2	0.2692308	0.2424242	0.137931	0.1851852	0.1891892	0.1818182	0.137931	0.1176471	0.15	0.1195652	0.0689655	0.0330579	0.0566038	0.0338983	0.0162602	0.0194805	0.0299401	0.0058824	0.0271739	0.0365854	0.025974	0.037037	0.0666667	0.0	0.2	0.3181818	0.2941176	0.2727273	0.0526316	0.2307692	0.0	0.1111111	0.1212121	0.037037	
Grive mauvis	0.0	0.0	0.0322581	0.0	0.0	0.0	0.0392157	0.0333333	0.0666667	0.0869565	0.0	0.0	0.0	0.0	0.0	0.0	0.0	0.0	0.0	0.0	0.0	0.0	0.0	0.0	0.0	0.0	0.0	0.0	0.0	0.0	0.0	0.0	0.0	0.0	0.0	0.0	0.0	0.0	0.05	0.0	0.0	0.0	0.0	0.0769231	0.0	0.1111111	0.0606061	0.0740741	
Merle noir	0.5769231	0.7333333	0.6129032	0.5	0.6666667	0.4705882	0.4901961	0.3666667	0.8	0.6086957	0.4666667	0.5714286	0.5789474	0.32	0.5769231	0.5454545	0.6896552	0.5185185	0.5405405	0.4545455	0.4482759	0.4411765	0.4	0.3586957	0.3275862	0.2644628	0.3113208	0.3728814	0.1463415	0.2012987	0.1976048	0.1764706	0.1467391	0.2560976	0.2467532	0.2592593	0.4666667	0.2916667	0.5	0.6363636	0.7058824	0.7272727	0.4736842	0.7692308	0.5714286	0.6666667	0.4848485	0.5925926	
Grive litorne	0.0384615	0.0	0.0	0.0	0.0	0.0	0.0784314	0.0333333	0.0	0.0869565	0.0	0.0	0.0	0.0	0.0	0.0	0.0	0.0	0.027027	0.0	0.0	0.0	0.0	0.0	0.0	0.0	0.0	0.0	0.0	0.0	0.005988	0.0	0.0	0.0	0.0	0.0	0.0	0.0	0.0	0.0	0.0015	0.0	0.0	0.0769231	0.0015	0.0	0.0	0.0015	
Merle à plastron	0.0	0.0	0.0	0.0	0.0	0.0	0.0	0.0	0.0	0.0	0.0333333	0.0238095	0.1052632	0.12	0.0384615	0.0606061	0.0689655	0.037037	0.1621622	0.030303	0.0689655	0.0294118	0.05	0.0434783	0.0344828	0.0413223	0.0377358	0.0423729	0.0081301	0.025974	0.0299401	0.0015	0.0217391	0.0304878	0.0015	0.0	0.0	0.0	0.05	0.0454545	0.0	0.0	0.0	0.0	0.0	0.0	0.0	0.0	
Turdus sp.	0.0384615	0.0	0.0	0.05	0.0	0.0	0.0	0.0333333	0.0	0.0	0.0	0.0	0.0	0.0	0.0	0.0	0.0	0.0	0.0	0.0	0.0	0.0	0.0	0.0	0.0086207	0.0	0.0	0.0	0.0	0.0	0.0	0.0058824	0.0	0.0182927	0.0	0.0	0.0	0.0	0.0	0.0	0.0	0.0	0.0	0.0	0.0	0.0	0.0	0.0	
Gobemouche gris	0.0	0.0	0.0	0.0	0.0	0.0	0.0	0.0	0.0	0.0	0.0	0.0	0.0	0.0	0.0	0.0	0.0344828	0.0185185	0.0	0.030303	0.1034483	0.0588235	0.0333333	0.0543478	0.0689655	0.0413223	0.0754717	0.0508475	0.0487805	0.0909091	0.1197605	0.0705882	0.048913	0.0426829	0.012987	0.0555556	0.0	0.0	0.0	0.0	0.0	0.0	0.0	0.0	0.0	0.0	0.0	0.0	
Rougegorge familier	0.5384615	0.8666667	0.516129	0.5	0.4166667	0.2941176	0.4901961	0.5333333	0.4666667	0.5652174	0.6333333	0.4761905	0.4736842	0.4	0.5	0.4545455	0.4137931	0.3518519	0.3783784	0.3333333	0.3103448	0.2058824	0.35	0.3043478	0.2586207	0.2396694	0.2169811	0.2881356	0.1544715	0.2337662	0.257485	0.2529412	0.2880435	0.3963415	0.3506494	0.4074074	0.5333333	0.5416667	0.55	0.7272727	0.7058824	0.9090909	0.7368421	0.6923077	0.2857143	0.7777778	0.6060606	0.7777778	
Rossignol philomèle	0.0	0.0	0.0	0.0	0.0	0.0	0.0	0.0	0.0	0.0	0.0	0.0	0.0	0.0	0.0	0.0606061	0.0344828	0.037037	0.0015	0.0	0.0	0.0	0.0166667	0.0108696	0.0086207	0.0082645	0.0188679	0.0	0.0	0.0064935	0.011976	0.0	0.0054348	0.0015	0.0	0.0	0.0	0.0	0.0	0.0	0.0	0.0	0.0	0.0	0.0	0.0	0.0	0.0	
Gorgebleue à miroir	0.0	0.0	0.0	0.0	0.0	0.0	0.0	0.0	0.0	0.0	0.0	0.0	0.0	0.0	0.0	0.0	0.0	0.0	0.0	0.0	0.0	0.0	0.0	0.0	0.0	0.0	0.0	0.0	0.0	0.0	0.0	0.0	0.0	0.0060976	0.0	0.0	0.0	0.0	0.0	0.0	0.0	0.0	0.0	0.0	0.0	0.0	0.0	0.0	
Gobemouche noir	0.0	0.0	0.0	0.0	0.0	0.0	0.0	0.0	0.0	0.0	0.0	0.0	0.0526316	0.04	0.0384615	0.0	0.0344828	0.0	0.0	0.0	0.0	0.0	0.0	0.0	0.0	0.0082645	0.0	0.0015	0.0	0.0974026	0.2215569	0.2941176	0.2934783	0.2804878	0.1298701	0.1111111	0.0	0.0	0.0	0.0	0.0	0.0	0.0	0.0	0.0	0.0	0.0	0.0	
Rougequeue à front blanc	0.0	0.0	0.0	0.0	0.0	0.0	0.0	0.0	0.0	0.0	0.0	0.0	0.0	0.04	0.1153846	0.0606061	0.0	0.0	0.0	0.0151515	0.0344828	0.0	0.0166667	0.0108696	0.0086207	0.0247934	0.0660377	0.0084746	0.0	0.025974	0.0598802	0.0705882	0.1467391	0.0609756	0.0519481	0.0015	0.0	0.0	0.0	0.0	0.0	0.0	0.0	0.0	0.0	0.0	0.0	0.0	
Rougequeue noir	0.0384615	0.0666667	0.1935484	0.1	0.0	0.0588235	0.0015	0.1666667	0.0666667	0.0869565	0.2666667	0.3095238	0.4210526	0.44	0.2692308	0.6060606	0.5517241	0.3703704	0.3243243	0.4242424	0.6551724	0.5441176	0.4333333	0.4891304	0.5172414	0.4628099	0.5188679	0.4915254	0.4146341	0.3961039	0.3712575	0.2352941	0.3586957	0.4146341	0.4025974	0.4814815	0.5333333	0.375	0.5	0.5909091	0.2941176	0.1818182	0.3157895	0.3846154	0.0015	0.1111111	0.0606061	0.2962963	
Monticole de roche	0.0	0.0	0.0	0.0	0.0	0.0	0.0	0.0	0.0	0.0	0.0	0.0	0.0	0.04	0.0	0.030303	0.0689655	0.0015	0.0540541	0.0606061	0.0344828	0.0735294	0.0666667	0.0543478	0.0603448	0.0495868	0.0471698	0.0254237	0.0325203	0.0324675	0.011976	0.0058824	0.0869565	0.0914634	0.0	0.0015	0.0	0.0	0.0	0.0	0.0	0.0	0.0	0.0	0.0	0.0	0.0	0.0	
Monticole bleu	0.0	0.0	0.0	0.0	0.0	0.0	0.0	0.0	0.0	0.0	0.0	0.0	0.0	0.0	0.0	0.0	0.0	0.0	0.0	0.0	0.0	0.0147059	0.0	0.0	0.0	0.0	0.0	0.0	0.0	0.0	0.0	0.0	0.0054348	0.0	0.0	0.0	0.0	0.0	0.0	0.0	0.0	0.0	0.0	0.0	0.0	0.0	0.0	0.0	
Tarier des prés	0.0	0.0	0.0	0.0	0.0	0.0	0.0	0.0	0.0	0.0	0.0	0.0	0.0	0.0	0.0	0.0015	0.0689655	0.0185185	0.1081081	0.0909091	0.2068966	0.0294118	0.1	0.0108696	0.0344828	0.0247934	0.0283019	0.0338983	0.0243902	0.0324675	0.0239521	0.0352941	0.0978261	0.0609756	0.0519481	0.0185185	0.0	0.0	0.0	0.0	0.0	0.0	0.0	0.0	0.0	0.0	0.0	0.0	
Tarier pâtre	0.2692308	0.2666667	0.1935484	0.2	0.125	0.0588235	0.1568627	0.2	0.1333333	0.0434783	0.2	0.0714286	0.0526316	0.08	0.0769231	0.1212121	0.2413793	0.1666667	0.1621622	0.1363636	0.0689655	0.1323529	0.1	0.0326087	0.0689655	0.0909091	0.0566038	0.0932203	0.0487805	0.0909091	0.0838323	0.0647059	0.076087	0.1036585	0.0649351	0.1296296	0.0	0.0416667	0.1	0.1363636	0.1764706	0.2727273	0.3157895	0.3076923	0.0	0.2222222	0.1515152	0.1851852	
Traquet motteux	0.0	0.0	0.0	0.0	0.0	0.0	0.0	0.0	0.0	0.0	0.0	0.0	0.0	0.0015	0.0769231	0.1212121	0.1724138	0.0740741	0.2162162	0.1060606	0.2758621	0.1470588	0.25	0.1956522	0.25	0.2644628	0.1981132	0.1779661	0.2601626	0.1753247	0.239521	0.1117647	0.2228261	0.2621951	0.0909091	0.1296296	0.0	0.0	0.05	0.0454545	0.0588235	0.0	0.0	0.0	0.0	0.0	0.0	0.0	
Accenteur alpin	0.0384615	0.0	0.0322581	0.15	0.0416667	0.0015	0.0196078	0.0015	0.0015	0.0015	0.0	0.0238095	0.0015	0.04	0.1153846	0.030303	0.0015	0.0185185	0.0015	0.0151515	0.1034483	0.0147059	0.0666667	0.0869565	0.1206897	0.1157025	0.0566038	0.0423729	0.1463415	0.0909091	0.1077844	0.0529412	0.0597826	0.054878	0.0519481	0.0015	0.1333333	0.0416667	0.05	0.0	0.0	0.0	0.0	0.0	0.0015	0.1111111	0.0	0.0015	
Accenteur mouchet	0.1153846	0.4	0.0322581	0.2	0.125	0.1764706	0.1568627	0.0666667	0.0015	0.173913	0.1	0.1190476	0.0526316	0.12	0.1538462	0.2121212	0.2413793	0.2592593	0.1081081	0.2121212	0.2413793	0.2352941	0.15	0.1413043	0.0862069	0.0991736	0.0754717	0.1525424	0.1056911	0.0714286	0.0778443	0.0647059	0.1630435	0.2256098	0.1168831	0.1296296	0.2	0.1666667	0.05	0.2272727	0.1764706	0.3636364	0.1578947	0.3076923	0.2857143	0.2222222	0.1212121	0.1851852	
Moineau domestique	0.2692308	0.2666667	0.3870968	0.25	0.3333333	0.4705882	0.2941176	0.2	0.2666667	0.5652174	0.3333333	0.3095238	0.4736842	0.28	0.3076923	0.3333333	0.4827586	0.2592593	0.2162162	0.1969697	0.4137931	0.2647059	0.1833333	0.2608696	0.2413793	0.3057851	0.4433962	0.3898305	0.2357724	0.1818182	0.2035928	0.1882353	0.0597826	0.0487805	0.1298701	0.2407407	0.2	0.25	0.4	0.3636364	0.4705882	0.4545455	0.2105263	0.2307692	0.0	0.2222222	0.2121212	0.2222222	
Moineau friquet	0.0	0.0	0.0	0.0	0.0	0.0	0.0	0.0	0.0	0.0	0.0	0.0015	0.0	0.0	0.0	0.030303	0.0689655	0.037037	0.0	0.0	0.0	0.0	0.0	0.0	0.0015	0.0	0.0015	0.0	0.0015	0.0	0.005988	0.0015	0.0	0.0060976	0.0	0.0	0.0	0.0	0.0	0.0454545	0.0	0.0	0.0526316	0.0	0.1428571	0.0	0.030303	0.0	
Moineau soulcie	0.0	0.0	0.0	0.0	0.0	0.0	0.0	0.0	0.0	0.0	0.0666667	0.0238095	0.0	0.04	0.0	0.0	0.0	0.0185185	0.0	0.0	0.0	0.0	0.0015	0.0	0.0086207	0.0082645	0.009434	0.0	0.0081301	0.0064935	0.0	0.0	0.0	0.0	0.0	0.0	0.0	0.0	0.0	0.0	0.0	0.0	0.0526316	0.0	0.0	0.0	0.030303	0.0	
Niverolle alpine	0.0015	0.0015	0.0015	0.05	0.0416667	0.0015	0.0196078	0.0015	0.0015	0.0015	0.0	0.0015	0.0015	0.04	0.0384615	0.0	0.0	0.0185185	0.027027	0.030303	0.1034483	0.1029412	0.0833333	0.0978261	0.1551724	0.0991736	0.0377358	0.059322	0.0650407	0.0714286	0.0419162	0.0352941	0.0015	0.0060976	0.0519481	0.0	0.0666667	0.0416667	0.05	0.0454545	0.0	0.0	0.0	0.0	0.0	0.0015	0.0	0.0015	
Bergeronnette des ruisseaux	0.1923077	0.0666667	0.1935484	0.3	0.1666667	0.2352941	0.1176471	0.1666667	0.0	0.173913	0.0333333	0.1190476	0.2105263	0.28	0.1153846	0.1818182	0.137931	0.3333333	0.1081081	0.1969697	0.2068966	0.25	0.2166667	0.3152174	0.2068966	0.2396694	0.1981132	0.2542373	0.1626016	0.1688312	0.1796407	0.2	0.2554348	0.2682927	0.2207792	0.1851852	0.2666667	0.2083333	0.1	0.2727273	0.2352941	0.0909091	0.1578947	0.2307692	0.2857143	0.3333333	0.1818182	0.1851852	
Bergeronnette printanière	0.0	0.0	0.0	0.0	0.0	0.0	0.0	0.0	0.0	0.0	0.0	0.0	0.0	0.04	0.0	0.030303	0.0	0.0	0.0	0.0	0.0689655	0.0147059	0.0	0.0015	0.0015	0.0015	0.009434	0.0	0.0	0.0	0.0179641	0.0411765	0.0271739	0.054878	0.012987	0.0555556	0.0	0.0416667	0.05	0.0	0.0	0.0	0.0	0.0	0.0	0.0	0.0	0.0	
Bergeronnette citrine	0.0	0.0	0.0	0.0	0.0	0.0	0.0	0.0	0.0	0.0	0.0	0.0	0.0	0.0	0.0	0.0	0.0	0.0	0.0	0.0	0.0	0.0	0.0	0.0	0.0	0.0	0.0	0.0	0.0	0.0	0.0	0.0058824	0.0	0.0	0.0	0.0	0.0	0.0	0.0	0.0	0.0	0.0	0.0	0.0	0.0	0.0	0.0	0.0	
Bergeronnette grise	0.3846154	0.2	0.3548387	0.4	0.25	0.4117647	0.1764706	0.3666667	0.1333333	0.3043478	0.3	0.2142857	0.3157895	0.52	0.1923077	0.4242424	0.3448276	0.2222222	0.2162162	0.2575758	0.3793103	0.2205882	0.1833333	0.3043478	0.3103448	0.2644628	0.245283	0.3898305	0.203252	0.2467532	0.3053892	0.3058824	0.2065217	0.2134146	0.2467532	0.2777778	0.4666667	0.2083333	0.35	0.5454545	0.4117647	0.4545455	0.2631579	0.6153846	0.2857143	0.5555556	0.3636364	0.3333333	
bergeronette sp.	0.0	0.0	0.0	0.0	0.0	0.0	0.0	0.0	0.0	0.0	0.0	0.0	0.0	0.0	0.0	0.0	0.0	0.0	0.0	0.0	0.0	0.0	0.0	0.0015	0.0	0.0	0.0	0.0	0.0	0.0	0.0	0.0	0.0	0.0121951	0.0	0.0	0.0	0.0	0.0	0.0	0.0	0.0	0.0	0.0	0.0	0.0	0.0	0.0	
Pipit rousseline	0.0	0.0	0.0	0.0	0.0	0.0	0.0	0.0	0.0	0.0	0.0	0.0	0.0	0.0015	0.0	0.0	0.0	0.0	0.0	0.0	0.0344828	0.0	0.0	0.0	0.0015	0.0	0.009434	0.0	0.0	0.0	0.0	0.0015	0.0	0.0	0.0	0.0	0.0	0.0	0.0	0.0	0.0	0.0	0.0	0.0	0.0	0.0	0.0	0.0	
Pipit farlouse	0.1923077	0.0	0.1290323	0.15	0.0416667	0.1176471	0.0196078	0.1	0.0	0.0	0.0666667	0.0714286	0.1052632	0.0	0.0384615	0.030303	0.0689655	0.0	0.0	0.0	0.0	0.0	0.0	0.0015	0.0172414	0.0082645	0.0188679	0.0338983	0.0487805	0.0064935	0.011976	0.0	0.0108696	0.0182927	0.0519481	0.0740741	0.0666667	0.0015	0.1	0.3636364	0.0588235	0.1818182	0.1578947	0.3846154	0.0	0.3333333	0.2424242	0.1851852	
Pipit des arbres	0.0	0.0	0.0	0.0	0.0	0.0	0.0	0.0	0.0	0.0	0.0	0.0	0.1052632	0.08	0.2307692	0.0606061	0.1034483	0.0555556	0.0810811	0.1363636	0.137931	0.0441176	0.0666667	0.0434783	0.0344828	0.0743802	0.0283019	0.059322	0.0406504	0.0584416	0.0658683	0.0411765	0.0434783	0.0731707	0.038961	0.0015	0.0	0.0	0.0	0.0	0.0	0.0	0.0	0.0	0.0	0.0	0.0	0.0	
Pipit spioncelle	0.1153846	0.0015	0.0645161	0.05	0.0	0.1764706	0.0392157	0.0666667	0.0	0.0015	0.0333333	0.0714286	0.2105263	0.2	0.1923077	0.1818182	0.1724138	0.1481481	0.1351351	0.0909091	0.137931	0.1617647	0.2166667	0.2391304	0.2586207	0.2561983	0.1415094	0.1694915	0.2601626	0.1753247	0.239521	0.1411765	0.2065217	0.3170732	0.2597403	0.1851852	0.2	0.1666667	0.15	0.1363636	0.0588235	0.0	0.1578947	0.2307692	0.0	0.2222222	0.1818182	0.0740741	
Pipit farlouse ou P. spioncelle	0.0	0.0	0.0	0.0	0.0	0.0	0.0	0.0015	0.0	0.0	0.0	0.0	0.0	0.04	0.0	0.0	0.0	0.0	0.0	0.0	0.0	0.0	0.0	0.0015	0.0	0.0	0.0	0.0	0.0	0.0064935	0.0	0.0	0.0	0.0	0.0	0.0	0.0	0.0416667	0.0	0.0	0.0	0.0	0.0	0.0	0.0	0.0	0.0	0.0	
Anthus sp.	0.0384615	0.0	0.0	0.0	0.0	0.0	0.0196078	0.0	0.0	0.0	0.0	0.0	0.0	0.0	0.0	0.0	0.0	0.0	0.0	0.0	0.0	0.0	0.0333333	0.0	0.0	0.0	0.0015	0.0	0.0	0.0	0.005988	0.0058824	0.0	0.0121951	0.012987	0.0	0.0	0.0	0.0	0.0	0.0	0.0	0.0	0.0769231	0.0	0.0	0.0	0.0	
Pinson des arbres	0.5	0.5333333	0.516129	0.55	0.4166667	0.3529412	0.5686275	0.4666667	0.5333333	0.4347826	0.6	0.547619	0.3157895	0.32	0.5769231	0.4848485	0.5517241	0.5	0.5675676	0.5757576	0.6206897	0.5147059	0.3666667	0.4673913	0.4913793	0.4958678	0.3679245	0.4491525	0.2682927	0.3051948	0.3652695	0.2823529	0.3152174	0.2560976	0.3116883	0.2222222	0.3333333	0.375	0.35	0.5454545	0.5882353	0.7272727	0.3157895	0.6153846	0.4285714	0.5555556	0.5454545	0.7037037	
Pinson du Nord	0.0	0.0	0.0322581	0.2	0.1666667	0.1764706	0.0980392	0.1666667	0.2	0.0434783	0.0333333	0.0	0.0	0.0	0.0	0.0	0.0	0.0	0.0	0.0	0.0	0.0	0.0	0.0	0.0	0.0	0.0	0.0	0.0	0.0	0.0	0.0	0.0	0.0	0.0	0.0	0.0	0.0	0.1	0.1818182	0.0588235	0.3636364	0.0	0.3846154	0.1428571	0.0015	0.1212121	0.0740741	
Grosbec casse-noyaux	0.0	0.0666667	0.0	0.0	0.0416667	0.0	0.0196078	0.0333333	0.0666667	0.0	0.0015	0.0	0.0	0.0	0.0	0.0	0.0	0.0185185	0.0	0.0	0.0	0.0	0.0	0.0	0.0	0.0	0.0015	0.0015	0.0015	0.0	0.005988	0.0	0.0	0.0	0.0	0.0	0.0	0.0	0.05	0.0909091	0.1176471	0.0	0.0	0.0	0.0	0.0	0.0606061	0.0740741	
Bouvreuil pivoine	0.0384615	0.0	0.0	0.05	0.0416667	0.0588235	0.0784314	0.0015	0.2	0.1304348	0.1333333	0.1666667	0.0526316	0.04	0.0769231	0.0909091	0.0689655	0.037037	0.0540541	0.0757576	0.0	0.0735294	0.0333333	0.0543478	0.0603448	0.0991736	0.1226415	0.0762712	0.0162602	0.0779221	0.0179641	0.0015	0.0869565	0.054878	0.012987	0.0185185	0.0015	0.0	0.1	0.0	0.0	0.0	0.0526316	0.0	0.0	0.0	0.0	0.1851852	
Verdier d'Europe	0.0769231	0.0	0.0	0.05	0.0833333	0.0588235	0.0196078	0.0666667	0.1333333	0.1304348	0.2333333	0.0714286	0.0015	0.08	0.0384615	0.1212121	0.0689655	0.037037	0.0810811	0.0151515	0.137931	0.0294118	0.0833333	0.0326087	0.0431034	0.0330579	0.0660377	0.0423729	0.0162602	0.0064935	0.0239521	0.0015	0.0	0.0060976	0.0	0.0185185	0.0015	0.0	0.0	0.2272727	0.0	0.0	0.0	0.0769231	0.1428571	0.0	0.1212121	0.0015	
Linotte mélodieuse	0.0	0.0	0.0967742	0.05	0.125	0.1176471	0.0392157	0.0	0.0	0.0434783	0.0666667	0.0714286	0.0526316	0.12	0.1153846	0.0909091	0.0689655	0.0925926	0.2162162	0.1060606	0.2068966	0.1470588	0.1666667	0.0978261	0.1465517	0.1900826	0.1415094	0.1864407	0.1300813	0.1428571	0.1377246	0.0647059	0.1195652	0.1036585	0.1428571	0.0	0.0666667	0.0	0.15	0.0909091	0.0015	0.0909091	0.0526316	0.2307692	0.0	0.1111111	0.030303	0.037037	
Bec-croisé des sapins	0.0	0.0	0.0	0.0	0.0	0.0	0.0015	0.0015	0.0	0.0	0.0	0.0	0.0526316	0.04	0.0769231	0.0606061	0.0	0.037037	0.027027	0.0151515	0.0344828	0.0441176	0.0	0.0108696	0.0015	0.0247934	0.0377358	0.0508475	0.0162602	0.0454545	0.0239521	0.0176471	0.0163043	0.0243902	0.012987	0.0	0.0	0.0416667	0.0	0.0	0.0	0.0	0.0	0.0	0.0	0.0	0.0	0.0	
Chardonneret élégant	0.1923077	0.2	0.1612903	0.15	0.125	0.1764706	0.1372549	0.2	0.2	0.173913	0.2333333	0.1428571	0.0015	0.08	0.1153846	0.1818182	0.2413793	0.2037037	0.2432432	0.0757576	0.137931	0.1029412	0.0833333	0.0652174	0.1551724	0.1157025	0.1792453	0.1186441	0.097561	0.0649351	0.1017964	0.0647059	0.0597826	0.1097561	0.0519481	0.037037	0.1333333	0.0416667	0.15	0.3181818	0.1764706	0.4545455	0.1578947	0.3076923	0.1428571	0.2222222	0.1818182	0.2592593	
Venturon montagnard	0.0	0.0	0.0	0.0	0.0	0.0	0.0015	0.0	0.0	0.0	0.0	0.0	0.0526316	0.0	0.0384615	0.0	0.0344828	0.0185185	0.027027	0.0015	0.0344828	0.0882353	0.1	0.0869565	0.0431034	0.0661157	0.0754717	0.0762712	0.0487805	0.0454545	0.0359281	0.0294118	0.0380435	0.0487805	0.025974	0.0185185	0.0	0.0416667	0.0	0.0	0.0	0.0	0.0	0.0	0.0	0.0	0.0	0.0	
Serin cini	0.0	0.0	0.0322581	0.0015	0.0	0.0	0.0015	0.0333333	0.0	0.0434783	0.1333333	0.0238095	0.0015	0.08	0.0384615	0.1515152	0.1724138	0.1296296	0.0540541	0.1212121	0.2758621	0.1029412	0.1666667	0.1304348	0.2327586	0.1900826	0.1981132	0.1525424	0.0162602	0.012987	0.0538922	0.0411765	0.0869565	0.1158537	0.0519481	0.0555556	0.0666667	0.0	0.0	0.0909091	0.0	0.0909091	0.0	0.0	0.0	0.0	0.030303	0.0	
Tarin des aulnes	0.0769231	0.2	0.0322581	0.05	0.0416667	0.0588235	0.1176471	0.0666667	0.0	0.0	0.0	0.0015	0.0	0.0	0.0	0.0	0.0	0.0	0.0540541	0.0	0.0344828	0.0294118	0.0	0.0	0.0086207	0.0	0.009434	0.0084746	0.0015	0.0	0.0015	0.0058824	0.0217391	0.0015	0.0015	0.0	0.0666667	0.0	0.15	0.2272727	0.0588235	0.0	0.0	0.0769231	0.0	0.0015	0.0909091	0.037037	
Bruant proyer	0.0	0.0	0.0	0.0	0.0	0.0	0.0196078	0.0	0.0	0.0	0.0666667	0.0238095	0.0	0.0	0.0769231	0.030303	0.0015	0.0555556	0.0810811	0.0151515	0.0344828	0.0294118	0.05	0.0	0.0	0.0082645	0.0	0.0	0.0	0.0	0.0	0.0	0.0	0.0	0.0	0.0	0.0	0.0	0.05	0.0	0.1176471	0.0	0.0526316	0.0	0.0	0.0	0.0	0.0	
Bruant fou	0.0384615	0.0666667	0.0322581	0.0	0.0	0.0015	0.0588235	0.0	0.1333333	0.0	0.0666667	0.0238095	0.0526316	0.0	0.0384615	0.0606061	0.0	0.0	0.027027	0.0	0.0344828	0.0882353	0.0333333	0.0108696	0.0431034	0.0082645	0.0188679	0.0423729	0.0162602	0.0	0.0	0.0235294	0.0271739	0.0304878	0.025974	0.0015	0.0666667	0.0	0.0	0.0	0.0	0.0	0.0	0.0	0.0	0.0	0.0	0.037037	
Bruant zizi	0.0	0.0666667	0.1612903	0.0015	0.0416667	0.0588235	0.0392157	0.2	0.1333333	0.0	0.0333333	0.1428571	0.0	0.04	0.0	0.0	0.0689655	0.0555556	0.0	0.0	0.0344828	0.0	0.0166667	0.0217391	0.0258621	0.0165289	0.0660377	0.0169492	0.0	0.0064935	0.0239521	0.0058824	0.0108696	0.0	0.0	0.0	0.0	0.0	0.05	0.0454545	0.0588235	0.1818182	0.0526316	0.2307692	0.0	0.1111111	0.1212121	0.1111111	
Bruant jaune	0.0	0.0666667	0.0	0.0	0.0833333	0.0	0.0015	0.0	0.0	0.0	0.1666667	0.0238095	0.0526316	0.12	0.0769231	0.030303	0.2068966	0.1296296	0.2162162	0.1212121	0.2413793	0.0735294	0.1166667	0.0434783	0.1293103	0.1570248	0.1320755	0.1610169	0.0569106	0.0324675	0.0239521	0.0470588	0.0815217	0.1219512	0.0519481	0.037037	0.0	0.0	0.0	0.0	0.0	0.0909091	0.0	0.0	0.0	0.0	0.030303	0.0	
Bruant ortolan	0.0	0.0	0.0	0.0	0.0	0.0	0.0	0.0	0.0	0.0	0.0	0.0	0.0	0.0	0.0	0.0	0.0	0.0	0.0	0.0	0.0	0.0015	0.0	0.0	0.0	0.0	0.0	0.0	0.0	0.0	0.0	0.0	0.0163043	0.0060976	0.0015	0.0	0.0	0.0	0.0	0.0	0.0	0.0	0.0	0.0	0.0	0.0	0.0	0.0	
Bruant des roseaux	0.0384615	0.1333333	0.1612903	0.1	0.0833333	0.1176471	0.0196078	0.1	0.0	0.0	0.0	0.0	0.0	0.0	0.0	0.0	0.0	0.0	0.0	0.0	0.0	0.0	0.0	0.0	0.0	0.0	0.0	0.0	0.0	0.0	0.0	0.0	0.0	0.0	0.0	0.0	0.0	0.0	0.0	0.0	0.0	0.1818182	0.0526316	0.0769231	0.0	0.2222222	0.1818182	0.0740741	
Emberiza sp.	0.0	0.0	0.0	0.0	0.0	0.0	0.0	0.0	0.0	0.0	0.0	0.0	0.0	0.0	0.0	0.0	0.0	0.0	0.0	0.0	0.0	0.0	0.0	0.0	0.0	0.0	0.0	0.0	0.0	0.0	0.0	0.0	0.0	0.0	0.012987	0.0	0.0	0.0	0.0	0.0	0.0	0.0	0.0	0.0	0.0	0.0	0.0	0.0	
passereau sp.	0.0	0.0	0.0	0.0	0.0	0.0	0.0	0.0	0.0	0.0	0.0	0.0	0.0526316	0.0015	0.0	0.0	0.0	0.0	0.027027	0.0	0.0	0.0	0.0166667	0.0	0.0086207	0.0	0.0	0.0	0.0162602	0.0	0.0	0.0	0.0054348	0.0060976	0.0	0.0555556	0.0	0.0	0.0	0.0	0.0	0.0	0.0	0.0	0.0	0.0	0.0	0.0	
oiseau sp.	0.0	0.0	0.0	0.0	0.0	0.0	0.0	0.0	0.0	0.0	0.0	0.0	0.0	0.0	0.0	0.0	0.0	0.0	0.0	0.0	0.0	0.0	0.0	0.0	0.0	0.0	0.0	0.0	0.0	0.0	0.0	0.0	0.0	0.0060976	0.0	0.0	0.0	0.0	0.0	0.0	0.0	0.0	0.0	0.0	0.0	0.0	0.0	0.0	

