









Frequency of observations in the selected location(s).:
Number of taxa: 	261

	Jan				Feb				Mar				Apr				May				Jun				Jul				Aug				Sep				Oct				Nov				Dec				
Sample Size:	44.0	38.0	19.0	14.0	24.0	54.0	41.0	48.0	56.0	39.0	60.0	53.0	45.0	51.0	65.0	52.0	42.0	54.0	53.0	118.0	71.0	75.0	44.0	45.0	26.0	41.0	32.0	38.0	32.0	19.0	25.0	39.0	19.0	19.0	25.0	34.0	10.0	24.0	32.0	28.0	19.0	42.0	30.0	20.0	11.0	16.0	24.0	48.0	

Oie cendrée	0.0	0.0526316	0.0	0.0015	0.0	0.0555556	0.097561	0.0208333	0.0015	0.0512821	0.05	0.0566038	0.0	0.0196078	0.0153846	0.0015	0.0	0.0185185	0.0188679	0.0084746	0.0	0.0	0.0227273	0.0	0.0015	0.0	0.0	0.0263158	0.125	0.0	0.0	0.025641	0.0	0.0	0.0	0.0294118	0.0	0.0	0.0	0.0357143	0.0	0.0238095	0.0666667	0.15	0.0015	0.0	0.0833333	0.0416667	
Oie rieuse	0.0	0.0	0.0	0.0	0.0	0.0	0.0	0.0208333	0.0	0.0	0.0	0.0	0.0	0.0	0.0	0.0	0.0	0.0	0.0	0.0	0.0	0.0	0.0	0.0	0.0	0.0	0.0	0.0	0.0	0.0	0.0	0.0	0.0	0.0	0.0	0.0	0.0	0.0	0.0	0.0	0.0	0.0	0.0	0.0	0.0	0.0	0.0416667	0.0	
Oie rieuse ou O. naine	0.0	0.0	0.0	0.0	0.0	0.0	0.0	0.0	0.0	0.0	0.0	0.0	0.0	0.0	0.0	0.0	0.0015	0.0	0.0	0.0	0.0	0.0	0.0	0.0	0.0	0.0	0.0	0.0	0.0	0.0	0.0	0.0	0.0	0.0	0.0	0.0	0.0	0.0	0.0	0.0	0.0	0.0	0.0	0.0	0.0	0.0	0.0	0.0	
Oie de toundra	0.0	0.0	0.0	0.0	0.0	0.0	0.0731707	0.0	0.0	0.0	0.0166667	0.0	0.0	0.0	0.0	0.0	0.0	0.0	0.0	0.0	0.0	0.0	0.0	0.0	0.0	0.0	0.0	0.0	0.0	0.0	0.0	0.0	0.0	0.0	0.0	0.0	0.0	0.0	0.0	0.0	0.0	0.0	0.0	0.0	0.0	0.0	0.0	0.0	
Bernache nonnette	0.0	0.0	0.0	0.0	0.0	0.0	0.0	0.0	0.0015	0.0015	0.0	0.0188679	0.0	0.0	0.0	0.0	0.0	0.0	0.0	0.0	0.0	0.0	0.0	0.0	0.0	0.0	0.0	0.0	0.0	0.0	0.0	0.0	0.0	0.0	0.0	0.0015	0.0	0.0	0.0	0.0	0.0	0.0	0.0	0.0	0.0	0.0	0.0	0.0416667	
Bernache du Canada	0.0681818	0.0263158	0.1578947	0.0714286	0.0416667	0.0555556	0.1463415	0.125	0.0892857	0.0512821	0.1166667	0.1698113	0.1111111	0.1568627	0.0615385	0.0384615	0.0238095	0.0925926	0.0566038	0.0932203	0.1267606	0.0666667	0.0681818	0.0666667	0.1153846	0.1463415	0.03125	0.0263158	0.09375	0.0015	0.08	0.0769231	0.0526316	0.0526316	0.2	0.1764706	0.1	0.0416667	0.03125	0.0357143	0.0526316	0.1666667	0.1666667	0.05	0.0909091	0.0	0.125	0.1041667	
Hybride Oie cendrée x Bernache du Canada	0.0	0.0	0.0	0.0	0.0	0.0	0.0	0.0	0.0	0.0	0.0	0.0	0.0	0.0	0.0	0.0	0.0	0.0	0.0	0.0	0.0140845	0.0	0.0	0.0	0.0	0.0	0.0	0.0	0.0	0.0	0.0	0.0	0.0	0.0	0.0	0.0	0.0	0.0	0.0	0.0	0.0	0.0	0.0	0.0	0.0	0.0	0.0	0.0	
Bernache à cou roux	0.0	0.0	0.0	0.0	0.0	0.0	0.0	0.0	0.0	0.0	0.0	0.0	0.0	0.0	0.0	0.0	0.0	0.0	0.0	0.0	0.0	0.0	0.0	0.0	0.0	0.0	0.0	0.0	0.0	0.0	0.0	0.0	0.0	0.0	0.0	0.0015	0.0	0.0	0.0	0.0	0.0	0.0	0.0	0.0	0.0	0.0	0.0	0.0	
Cygne tuberculé	0.3409091	0.3421053	0.4736842	0.4285714	0.2083333	0.0740741	0.2682927	0.3333333	0.1785714	0.2051282	0.2666667	0.3396226	0.1111111	0.3137255	0.2153846	0.3269231	0.2619048	0.1666667	0.2641509	0.2627119	0.3802817	0.2	0.2954545	0.3333333	0.2307692	0.2682927	0.28125	0.2631579	0.21875	0.1052632	0.2	0.2820513	0.4736842	0.3157895	0.28	0.4117647	0.5	0.375	0.28125	0.5	0.2105263	0.3333333	0.3333333	0.45	0.4545455	0.125	0.125	0.5	
Cygne noir	0.0	0.0	0.0	0.0	0.0	0.0	0.0	0.0	0.0	0.0	0.0	0.0	0.0	0.0	0.0	0.0	0.0	0.0	0.0	0.0	0.0	0.0	0.0	0.0	0.0	0.0243902	0.0	0.0	0.0	0.0	0.0	0.0	0.0	0.0	0.0	0.0	0.0	0.0	0.0	0.0	0.0	0.0	0.0333333	0.0	0.0	0.0	0.0	0.0	
anatidé sp. (oie sp.)	0.0	0.0	0.0	0.0	0.0	0.0	0.0	0.0	0.0	0.0	0.0	0.0	0.0	0.0	0.0	0.0	0.0	0.0	0.0	0.0	0.0	0.0266667	0.0	0.0	0.0	0.0	0.0	0.0	0.0	0.0	0.0	0.0	0.0	0.0	0.0	0.0	0.0	0.0	0.0	0.0	0.0	0.0	0.0333333	0.0	0.0	0.0	0.0	0.0	
Ouette d'Égypte	0.0227273	0.0	0.0526316	0.0714286	0.0	0.0185185	0.0	0.0208333	0.0	0.025641	0.0166667	0.0377358	0.0	0.0196078	0.0	0.0	0.0238095	0.0	0.0377358	0.0423729	0.028169	0.0133333	0.0227273	0.0444444	0.0769231	0.0487805	0.0	0.0015	0.0	0.0	0.0	0.0	0.0	0.0	0.0	0.0	0.0	0.0	0.0	0.0	0.0015	0.0	0.0333333	0.05	0.0	0.0	0.0	0.0208333	
Tadorne casarca	0.0	0.0	0.0	0.0	0.0	0.0	0.0	0.0015	0.0	0.0	0.0	0.0	0.0	0.0	0.0	0.0	0.0	0.0	0.0015	0.0169492	0.0	0.0	0.0	0.0222222	0.0384615	0.0	0.0	0.0	0.0	0.0	0.0	0.0	0.0	0.0526316	0.04	0.0015	0.0	0.0	0.0	0.0357143	0.0	0.0	0.0666667	0.0	0.0	0.0	0.0	0.0208333	
Tadorne de Belon	0.0454545	0.0526316	0.0526316	0.1428571	0.0416667	0.037037	0.0731707	0.0625	0.0357143	0.0512821	0.15	0.1509434	0.0666667	0.0784314	0.0615385	0.1346154	0.1428571	0.0740741	0.0943396	0.0423729	0.0015	0.0133333	0.1363636	0.0	0.0	0.0243902	0.0625	0.0789474	0.03125	0.0	0.0	0.025641	0.0	0.0	0.0	0.0	0.0	0.0	0.0	0.0	0.0	0.0	0.0	0.0	0.0909091	0.0	0.0	0.0416667	
Canard musqué	0.0	0.0	0.0	0.0	0.0	0.0	0.0	0.0	0.0	0.0	0.0	0.0	0.0	0.0	0.0	0.0	0.0	0.0015	0.0	0.0	0.0	0.0133333	0.0	0.0	0.0	0.0	0.0	0.0	0.0	0.0	0.0	0.0	0.0	0.0	0.0	0.0	0.0	0.0	0.0	0.0	0.0	0.0	0.0	0.0	0.0	0.0	0.0	0.0	
Canard carolin	0.0	0.0	0.0	0.0	0.0	0.0	0.0	0.0	0.0	0.0	0.0	0.0	0.0	0.0	0.0	0.0	0.0	0.0	0.0	0.0	0.0015	0.0133333	0.0	0.0	0.0	0.0	0.0	0.0	0.0	0.0	0.0	0.025641	0.0	0.0	0.0	0.0015	0.0	0.0	0.0	0.0	0.0	0.0	0.0	0.0	0.0	0.0	0.0	0.0	
Canard mandarin	0.0	0.0	0.0526316	0.0	0.0	0.0	0.0	0.0	0.0	0.0	0.0166667	0.0	0.0	0.0392157	0.0	0.0	0.0	0.0	0.0	0.0	0.0140845	0.0	0.0	0.0	0.0	0.0	0.0	0.0	0.03125	0.0	0.0015	0.0	0.0	0.0	0.0	0.0	0.0	0.0	0.0	0.0357143	0.0	0.0	0.0	0.0	0.0	0.0	0.0	0.0416667	
Sarcelle d'été	0.0	0.0	0.0	0.0	0.0	0.0	0.0	0.0	0.0	0.0	0.0	0.0377358	0.0	0.0196078	0.0153846	0.0192308	0.0238095	0.0185185	0.0	0.0	0.0	0.0	0.0227273	0.0	0.0	0.0	0.0	0.0	0.0	0.0	0.0	0.0	0.0	0.0	0.0	0.0	0.0	0.0	0.0	0.0	0.0	0.0	0.0	0.0	0.0	0.0	0.0	0.0	
Canard souchet	0.0909091	0.0789474	0.2105263	0.2142857	0.0416667	0.0185185	0.097561	0.0208333	0.0	0.0512821	0.1333333	0.1132075	0.0222222	0.0980392	0.0615385	0.0769231	0.047619	0.0	0.0566038	0.0	0.0	0.0	0.0	0.0222222	0.0	0.0243902	0.0	0.0263158	0.0625	0.0	0.0	0.025641	0.0526316	0.0526316	0.08	0.0294118	0.0	0.0	0.0625	0.1071429	0.0526316	0.0714286	0.0666667	0.15	0.2727273	0.0625	0.0416667	0.125	
Canard chipeau	0.2727273	0.2894737	0.3157895	0.0714286	0.0416667	0.0740741	0.1219512	0.0833333	0.0535714	0.0769231	0.1	0.1132075	0.0	0.0392157	0.0	0.0	0.0238095	0.0	0.0	0.0015	0.0	0.0133333	0.0227273	0.0222222	0.0	0.0	0.0015	0.0526316	0.03125	0.0	0.0	0.025641	0.1052632	0.0	0.0	0.1176471	0.1	0.0416667	0.03125	0.1785714	0.0526316	0.1190476	0.0666667	0.25	0.3636364	0.125	0.0	0.2291667	
Canard siffleur	0.0681818	0.1315789	0.0526316	0.0	0.0833333	0.0185185	0.097561	0.0833333	0.0178571	0.0512821	0.05	0.0	0.0	0.0392157	0.0	0.0	0.0238095	0.0	0.0188679	0.0	0.0	0.0	0.0	0.0	0.0	0.0	0.0	0.0	0.0	0.0	0.0	0.0	0.0	0.0	0.0	0.1764706	0.0	0.0	0.0625	0.0714286	0.0	0.047619	0.1	0.05	0.2727273	0.0	0.0	0.125	
Canard colvert	0.4545455	0.3421053	0.5789474	0.4285714	0.25	0.1296296	0.3170732	0.3958333	0.2321429	0.2564103	0.3666667	0.4150943	0.2222222	0.3921569	0.3230769	0.3076923	0.3333333	0.2222222	0.3962264	0.3474576	0.3098592	0.2533333	0.2727273	0.3111111	0.3076923	0.3658537	0.25	0.3157895	0.25	0.1052632	0.16	0.3589744	0.4736842	0.5263158	0.56	0.5	0.4	0.2916667	0.25	0.4642857	0.3684211	0.4047619	0.4	0.5	0.7272727	0.1875	0.2083333	0.625	
Canard pilet	0.0	0.0526316	0.0	0.0	0.0	0.0185185	0.0	0.0416667	0.0	0.025641	0.0666667	0.0	0.0222222	0.0196078	0.0	0.0	0.0	0.0	0.0	0.0	0.0	0.0	0.0	0.0222222	0.0	0.0	0.0	0.0	0.0	0.0	0.0	0.0	0.0	0.0	0.0	0.0	0.0	0.0	0.0	0.0	0.0	0.0	0.0	0.0	0.0	0.0	0.0416667	0.0	
Sarcelle d'hiver	0.1590909	0.1052632	0.1052632	0.0714286	0.0833333	0.037037	0.0487805	0.0416667	0.0	0.0512821	0.1166667	0.1509434	0.0222222	0.0	0.0307692	0.0	0.047619	0.0	0.0	0.0	0.0	0.0133333	0.0681818	0.0	0.0	0.0243902	0.0	0.0	0.0	0.0	0.0	0.0769231	0.2105263	0.2105263	0.04	0.1470588	0.2	0.0	0.0625	0.1785714	0.0526316	0.0714286	0.0333333	0.15	0.3636364	0.0625	0.0	0.1458333	
Sarcelle marbrée	0.0	0.0	0.0	0.0	0.0	0.0	0.0	0.0	0.0	0.0	0.0	0.0	0.0	0.0	0.0	0.0	0.0	0.0	0.0	0.0	0.0	0.0	0.0227273	0.0	0.0	0.0	0.0	0.0	0.0	0.0	0.0	0.0	0.0	0.0	0.0	0.0	0.0	0.0	0.0	0.0	0.0	0.0	0.0	0.0	0.0	0.0	0.0	0.0	
Nette rousse	0.0227273	0.0526316	0.1052632	0.0	0.0	0.0015	0.0243902	0.0208333	0.0178571	0.025641	0.0166667	0.0188679	0.0	0.0196078	0.0	0.0384615	0.0238095	0.0185185	0.0	0.0254237	0.0140845	0.0133333	0.0227273	0.0	0.0	0.0	0.0	0.0	0.0	0.0	0.0	0.0	0.0015	0.0	0.0	0.0294118	0.0	0.0	0.0	0.0357143	0.0	0.0	0.0	0.05	0.1818182	0.0	0.0416667	0.125	
Fuligule milouin	0.25	0.2368421	0.2631579	0.2857143	0.0015	0.0740741	0.1707317	0.125	0.0535714	0.1025641	0.1	0.0377358	0.0	0.0392157	0.0153846	0.0384615	0.0238095	0.0185185	0.0188679	0.0508475	0.0	0.0266667	0.0227273	0.0222222	0.0	0.0243902	0.0	0.0263158	0.0625	0.0526316	0.0	0.025641	0.0	0.1052632	0.08	0.1764706	0.0	0.2083333	0.125	0.1428571	0.0526316	0.1190476	0.1	0.25	0.4545455	0.125	0.1666667	0.3333333	
Fuligule à bec cerclé	0.0	0.0	0.0	0.0714286	0.0	0.0	0.0	0.0	0.0	0.0	0.0	0.0	0.0	0.0	0.0	0.0	0.0	0.0	0.0	0.0	0.0	0.0	0.0	0.0	0.0	0.0	0.0	0.0	0.0	0.0	0.0	0.0	0.0	0.0	0.0	0.0	0.0	0.0	0.0	0.0	0.0	0.0	0.0333333	0.0	0.0	0.0	0.0	0.0625	
Fuligule nyroca	0.0681818	0.0526316	0.0526316	0.0714286	0.0416667	0.037037	0.0243902	0.0	0.0	0.0	0.0166667	0.0	0.0	0.0	0.0	0.0	0.0	0.0	0.0	0.0	0.0	0.0	0.0	0.0	0.0	0.0	0.0	0.0	0.0	0.0	0.0	0.0	0.0	0.0	0.0	0.0294118	0.0	0.0416667	0.0	0.0	0.0526316	0.047619	0.0333333	0.0	0.2727273	0.0	0.0	0.0833333	
Hybride Fuligule milouin x F. nyroca	0.0	0.0	0.0526316	0.0	0.0	0.0	0.0	0.0	0.0	0.0	0.0	0.0	0.0	0.0	0.0	0.0	0.0	0.0	0.0	0.0	0.0	0.0	0.0	0.0	0.0	0.0	0.0	0.0	0.0	0.0	0.0	0.0	0.0	0.0	0.0	0.0	0.0	0.0	0.0	0.0	0.0	0.0	0.0	0.0	0.0	0.0	0.0	0.0	
Fuligule morillon	0.2727273	0.3157895	0.3157895	0.2142857	0.125	0.0740741	0.2195122	0.1875	0.0535714	0.1538462	0.1666667	0.1509434	0.1111111	0.1176471	0.0769231	0.2115385	0.1428571	0.0740741	0.1509434	0.059322	0.0	0.04	0.1136364	0.0444444	0.0384615	0.1219512	0.125	0.0263158	0.09375	0.0526316	0.0	0.1025641	0.1052632	0.3684211	0.12	0.2352941	0.0	0.0416667	0.25	0.2142857	0.0526316	0.1666667	0.1	0.3	0.4545455	0.125	0.1666667	0.3541667	
Fuligule milouinan	0.0	0.0263158	0.0526316	0.0714286	0.0416667	0.0	0.0	0.0	0.0	0.025641	0.0	0.0	0.0	0.0	0.0	0.0	0.0	0.0	0.0	0.0	0.0	0.0	0.0	0.0	0.0	0.0	0.0	0.0	0.0	0.0	0.0	0.0	0.0	0.0	0.0	0.0	0.0	0.0	0.0	0.0	0.0	0.0	0.0	0.0	0.0	0.0	0.0	0.0	
Fuligule à tête noire	0.0	0.0	0.0	0.0	0.0	0.0	0.0	0.0	0.0	0.0	0.0	0.0	0.0	0.0	0.0	0.0	0.0	0.0	0.0	0.0	0.0	0.0	0.0	0.0	0.0	0.0	0.0	0.0	0.0	0.0	0.0	0.0	0.0	0.0526316	0.0	0.0	0.0	0.0	0.0	0.0	0.0	0.0	0.0	0.0	0.0	0.0	0.0	0.0	
Macreuse brune	0.0	0.0789474	0.0	0.0	0.0	0.0185185	0.0	0.0	0.0	0.0	0.0	0.0	0.0	0.0	0.0	0.0	0.0	0.0	0.0	0.0	0.0	0.0	0.0	0.0	0.0	0.0	0.0	0.0	0.0	0.0	0.0	0.0	0.0	0.0	0.0	0.0	0.0	0.0	0.0	0.0	0.0	0.0238095	0.0	0.0	0.1818182	0.0	0.0	0.0	
Garrot à oeil d'or	0.1136364	0.0789474	0.0526316	0.0	0.0	0.0185185	0.0243902	0.0208333	0.0	0.025641	0.0666667	0.0	0.0	0.0	0.0	0.0	0.0238095	0.0	0.0	0.0	0.0	0.0	0.0	0.0	0.0	0.0	0.0	0.0	0.0	0.0	0.0	0.0	0.0	0.0	0.0	0.0	0.0	0.0	0.0	0.0	0.0	0.0	0.0	0.0	0.0	0.0625	0.0	0.0208333	
Harle piette	0.0	0.0	0.0	0.0	0.0	0.0015	0.0	0.0	0.0	0.0	0.0	0.0	0.0	0.0	0.0	0.0	0.0	0.0	0.0	0.0	0.0	0.0	0.0	0.0	0.0	0.0	0.0	0.0	0.0	0.0	0.0	0.0	0.0	0.0	0.0	0.0	0.0	0.0	0.0	0.0	0.0	0.0	0.0	0.0	0.0	0.0	0.0	0.0	
Harle bièvre	0.0	0.0	0.0015	0.0714286	0.0	0.0	0.0	0.0	0.0015	0.0	0.0	0.0	0.0	0.0	0.0	0.0	0.0	0.0	0.0	0.0	0.0	0.0	0.0	0.0	0.0	0.0	0.0	0.0	0.0	0.0	0.0	0.0	0.0	0.0	0.0	0.0	0.0	0.0	0.0	0.0	0.0	0.0	0.0	0.0	0.0	0.0	0.0	0.0	
anatidé sp. (canard sp.)	0.0	0.0	0.0	0.0	0.0	0.0	0.0	0.0	0.0	0.025641	0.0	0.0	0.0	0.0	0.0	0.0	0.0	0.0	0.0	0.0	0.0	0.0	0.0	0.0222222	0.0	0.0	0.0	0.0	0.0	0.0	0.0	0.0	0.0	0.0	0.0	0.0	0.0	0.0	0.0	0.0	0.0	0.0	0.0	0.0	0.0	0.0	0.0	0.0	
Perdrix grise	0.0	0.0263158	0.0	0.0	0.0015	0.0015	0.0243902	0.0	0.0	0.0	0.0666667	0.0188679	0.0	0.0588235	0.0307692	0.0192308	0.047619	0.0185185	0.0377358	0.0338983	0.028169	0.0133333	0.0	0.0222222	0.0	0.0243902	0.0	0.0	0.03125	0.0526316	0.04	0.0512821	0.0	0.0	0.0015	0.0	0.0	0.0	0.0625	0.0357143	0.0	0.0	0.0015	0.0	0.0	0.0	0.0	0.0416667	
Faisan vénéré	0.0	0.0	0.0	0.0	0.0	0.0	0.0015	0.0	0.0	0.0	0.0015	0.0188679	0.0	0.0	0.0	0.0	0.0	0.0015	0.0	0.0254237	0.0	0.0133333	0.0	0.0	0.0	0.0	0.0	0.0	0.0	0.0	0.0	0.0	0.0	0.0	0.0	0.0	0.0	0.0	0.0	0.0	0.0	0.0	0.0	0.0	0.0	0.0	0.0	0.0	
Faisan de Colchide	0.0909091	0.0789474	0.0	0.0	0.0416667	0.0	0.0487805	0.0625	0.1071429	0.025641	0.0833333	0.0943396	0.0666667	0.1176471	0.1384615	0.1538462	0.2380952	0.0925926	0.2075472	0.1271186	0.084507	0.0933333	0.0909091	0.0666667	0.0769231	0.1707317	0.0015	0.1052632	0.0625	0.0	0.08	0.025641	0.0	0.1052632	0.08	0.0882353	0.0	0.1666667	0.09375	0.2142857	0.2105263	0.1428571	0.1333333	0.1	0.0	0.0625	0.125	0.0833333	
Caille des blés	0.0	0.0	0.0	0.0	0.0	0.0	0.0	0.0	0.0	0.0	0.0	0.0	0.0222222	0.0	0.0	0.0	0.0	0.0185185	0.0	0.0169492	0.0	0.0	0.0227273	0.0222222	0.0	0.0243902	0.0015	0.0263158	0.03125	0.0526316	0.04	0.0	0.0	0.0	0.0	0.0	0.0	0.0	0.0	0.0714286	0.0	0.0	0.0	0.0	0.0	0.0	0.0	0.0	
Perdrix rouge	0.0227273	0.0	0.0	0.0	0.0	0.0	0.0	0.0	0.0535714	0.0	0.0	0.0	0.0	0.0	0.0	0.0	0.0015	0.0015	0.0188679	0.0	0.0	0.0	0.0	0.0	0.0	0.0243902	0.0	0.0263158	0.0	0.0	0.0	0.0	0.0	0.0	0.0	0.0	0.0	0.0	0.0	0.0	0.0	0.0	0.0	0.0	0.0	0.0	0.0	0.0	
Pigeon biset	0.1136364	0.0263158	0.0526316	0.0714286	0.125	0.1666667	0.0487805	0.125	0.0015	0.025641	0.0333333	0.0943396	0.0444444	0.254902	0.1384615	0.0961538	0.047619	0.0740741	0.0754717	0.1610169	0.2394366	0.24	0.1363636	0.1555556	0.1538462	0.1219512	0.15625	0.1578947	0.125	0.3157895	0.36	0.3076923	0.0526316	0.0526316	0.2	0.2941176	0.3	0.2916667	0.3125	0.25	0.1578947	0.1666667	0.3	0.2	0.0909091	0.125	0.0416667	0.0416667	
Pigeon colombin	0.0454545	0.0263158	0.0	0.0	0.0416667	0.0185185	0.0731707	0.0625	0.0535714	0.1282051	0.0833333	0.1320755	0.0222222	0.0980392	0.0769231	0.1153846	0.2142857	0.2222222	0.1886792	0.0508475	0.0422535	0.0666667	0.0909091	0.0	0.1538462	0.0731707	0.03125	0.1052632	0.0625	0.1578947	0.04	0.1282051	0.1052632	0.1578947	0.2	0.0882353	0.1	0.125	0.03125	0.1071429	0.0	0.0015	0.0	0.05	0.0909091	0.3125	0.0	0.0015	
Pigeon ramier	0.7272727	0.5263158	0.5789474	0.7857143	0.625	0.4444444	0.5853659	0.7916667	0.625	0.6923077	0.7333333	0.754717	0.8	0.8039216	0.7230769	0.8269231	0.8333333	0.7592593	0.8301887	0.6355932	0.6619718	0.7466667	0.8409091	0.6888889	0.7692308	0.7073171	0.78125	0.8421053	0.78125	0.7368421	0.88	0.7179487	0.8421053	0.8421053	0.76	0.7058824	0.6	0.625	0.84375	0.8571429	0.7894737	0.5952381	0.5333333	0.65	0.9090909	0.8125	0.625	0.7083333	
Tourterelle des bois	0.0	0.0	0.0	0.0	0.0	0.0	0.0	0.0	0.0	0.0	0.0	0.0	0.0	0.0	0.0	0.0384615	0.0015	0.0740741	0.1320755	0.0677966	0.0140845	0.0666667	0.1136364	0.0888889	0.0015	0.1463415	0.0625	0.0789474	0.09375	0.0	0.04	0.0512821	0.0526316	0.0	0.0	0.0294118	0.0	0.0	0.0	0.0	0.0	0.0	0.0	0.0	0.0	0.0	0.0	0.0	
Tourterelle turque	0.2272727	0.1052632	0.2105263	0.1428571	0.2083333	0.2777778	0.2682927	0.3125	0.2142857	0.2820513	0.2333333	0.1886792	0.1777778	0.3333333	0.2307692	0.1923077	0.2142857	0.2592593	0.1886792	0.1864407	0.3239437	0.1866667	0.1363636	0.1333333	0.1538462	0.2439024	0.15625	0.3421053	0.46875	0.4210526	0.52	0.4358974	0.2631579	0.1578947	0.2	0.2352941	0.3	0.1666667	0.3125	0.1428571	0.2105263	0.047619	0.0333333	0.1	0.0015	0.1875	0.25	0.125	
Coucou gris	0.0	0.0	0.0	0.0	0.0	0.0	0.0	0.0	0.0	0.0	0.0	0.0188679	0.0888889	0.1764706	0.2307692	0.1153846	0.3095238	0.2962963	0.3962264	0.1949153	0.1549296	0.1733333	0.0909091	0.0888889	0.0015	0.0	0.0	0.0263158	0.0	0.0	0.04	0.0	0.0526316	0.0	0.0	0.0	0.0	0.0	0.0	0.0	0.0	0.0	0.0	0.0	0.0	0.0	0.0	0.0	
Engoulevent d'Europe	0.0	0.0	0.0	0.0	0.0	0.0	0.0	0.0	0.0	0.0	0.0	0.0	0.0	0.0	0.0	0.0	0.0	0.0	0.0	0.0	0.0	0.0133333	0.0	0.0	0.0769231	0.0	0.0	0.0	0.0	0.0	0.0	0.0	0.0	0.0	0.0	0.0	0.0	0.0	0.0	0.0	0.0	0.0	0.0	0.0	0.0	0.0	0.0	0.0	
Martinet noir	0.0	0.0	0.0	0.0	0.0	0.0	0.0	0.0	0.0	0.0	0.0	0.0	0.0	0.0	0.1076923	0.4807692	0.5	0.462963	0.3773585	0.4322034	0.4788732	0.3466667	0.5	0.3555556	0.4230769	0.2682927	0.28125	0.2368421	0.0625	0.0015	0.0015	0.0015	0.0015	0.0015	0.0	0.0	0.0	0.0	0.0	0.0	0.0	0.0	0.0	0.0	0.0	0.0	0.0	0.0	
Râle d'eau	0.0	0.0263158	0.0	0.0714286	0.0	0.0015	0.0	0.0208333	0.0	0.0015	0.0166667	0.0188679	0.0	0.0392157	0.0153846	0.0192308	0.0015	0.0	0.0377358	0.0	0.0140845	0.0266667	0.0	0.0666667	0.0	0.0	0.0	0.0	0.03125	0.0526316	0.0	0.0	0.0	0.0526316	0.0	0.0	0.1	0.0	0.0	0.0357143	0.0	0.047619	0.0333333	0.1	0.0	0.0625	0.0	0.0208333	
Marouette ponctuée	0.0	0.0	0.0	0.0	0.0	0.0	0.0	0.0	0.0	0.0	0.0	0.0	0.0	0.0196078	0.0	0.0	0.0	0.0	0.0	0.0	0.0	0.0	0.0	0.0	0.0	0.0	0.0	0.0	0.0	0.0	0.0	0.0	0.0	0.0	0.0	0.0	0.0	0.0	0.0	0.0	0.0	0.0	0.0	0.0	0.0	0.0	0.0	0.0	
Gallinule poule-d'eau	0.25	0.1315789	0.2105263	0.1428571	0.2083333	0.1296296	0.1463415	0.25	0.1785714	0.1025641	0.15	0.1698113	0.0888889	0.254902	0.2	0.1538462	0.2380952	0.1296296	0.245283	0.1864407	0.1267606	0.1733333	0.1590909	0.1111111	0.2692308	0.2195122	0.15625	0.2894737	0.28125	0.0526316	0.12	0.2307692	0.5263158	0.4210526	0.32	0.2647059	0.4	0.2916667	0.1875	0.3928571	0.1578947	0.1904762	0.3333333	0.35	0.5454545	0.1875	0.2083333	0.3541667	
Foulque macroule	0.4318182	0.3421053	0.4210526	0.5	0.2083333	0.1666667	0.2682927	0.375	0.1607143	0.2307692	0.3333333	0.3962264	0.2222222	0.372549	0.2615385	0.3269231	0.3095238	0.1851852	0.3018868	0.3050847	0.3661972	0.2266667	0.3181818	0.3333333	0.4230769	0.4146341	0.34375	0.3684211	0.3125	0.2631579	0.16	0.3076923	0.4736842	0.5263158	0.44	0.4411765	0.3	0.2916667	0.3125	0.5357143	0.2105263	0.3809524	0.3666667	0.45	0.6363636	0.125	0.25	0.5833333	
Grue cendrée	0.0	0.0	0.0	0.0	0.0	0.0	0.0	0.0	0.0015	0.0015	0.0	0.0	0.0	0.0	0.0	0.0015	0.0	0.0185185	0.0	0.0	0.0	0.0	0.0	0.0	0.0	0.0	0.0	0.0	0.0	0.0	0.0	0.0	0.0	0.0	0.0	0.0	0.0	0.0	0.0	0.0	0.0	0.0	0.0	0.0	0.0	0.0	0.0	0.0	
Oedicnème criard	0.0	0.0	0.0	0.0	0.0	0.0	0.0	0.0	0.0	0.0512821	0.0166667	0.0188679	0.0	0.0196078	0.0307692	0.0	0.0238095	0.0015	0.0015	0.0	0.0	0.0133333	0.0	0.0	0.0	0.0243902	0.0	0.0	0.0	0.0	0.0	0.0	0.0	0.0	0.0015	0.0	0.0	0.0	0.0	0.0015	0.0	0.0	0.0	0.0	0.0015	0.0	0.0	0.0208333	
Échasse blanche	0.0	0.0	0.0	0.0	0.0	0.0	0.0	0.0	0.0	0.0	0.0	0.0188679	0.0222222	0.0	0.0153846	0.0192308	0.047619	0.0	0.0188679	0.0	0.0140845	0.0	0.0454545	0.0	0.0	0.0243902	0.0	0.0263158	0.0	0.0	0.0	0.0	0.0	0.0	0.0	0.0	0.0	0.0	0.0	0.0	0.0	0.0	0.0	0.0	0.0	0.0	0.0	0.0	
Avocette élégante	0.0	0.0	0.0	0.0	0.0	0.0	0.0	0.0	0.0	0.0	0.0	0.0	0.0222222	0.0	0.0153846	0.0	0.047619	0.0	0.0188679	0.0084746	0.0	0.0	0.0227273	0.0	0.0	0.0243902	0.0	0.0	0.0	0.0	0.0	0.0	0.0	0.0	0.0	0.0	0.0	0.0	0.0	0.0	0.0	0.0	0.0	0.0	0.0	0.0	0.0	0.0	
Pluvier argenté	0.0	0.0	0.0	0.0	0.0	0.0	0.0	0.0	0.0	0.0	0.0	0.0	0.0	0.0	0.0	0.0	0.0	0.0	0.0	0.0084746	0.0140845	0.0	0.0	0.0	0.0	0.0	0.0	0.0	0.0	0.0	0.0	0.0	0.0	0.0	0.0	0.0	0.0	0.0	0.0	0.0	0.0	0.0	0.0	0.0	0.0	0.0	0.0	0.0	
Pluvier doré	0.0	0.0263158	0.0	0.0	0.0	0.037037	0.0	0.0	0.0178571	0.0	0.0	0.0	0.0	0.0	0.0	0.0	0.0	0.0	0.0	0.0	0.0	0.0	0.0	0.0	0.0	0.0	0.0	0.0	0.0	0.0	0.0	0.0	0.0526316	0.0	0.0015	0.0	0.0	0.0	0.03125	0.1071429	0.2631579	0.0015	0.0333333	0.05	0.0015	0.0625	0.0	0.0015	
Grand Gravelot	0.0	0.0	0.0	0.0	0.0	0.0	0.0	0.0	0.0	0.0	0.0	0.0	0.0	0.0	0.0	0.0	0.047619	0.0185185	0.0188679	0.0084746	0.0	0.0	0.0	0.0	0.0	0.0	0.0	0.0	0.0	0.0	0.0	0.0	0.0	0.0	0.04	0.0294118	0.0	0.0	0.0	0.0	0.0	0.0	0.0	0.0	0.0	0.0	0.0	0.0	
Petit Gravelot	0.0	0.0	0.0	0.0	0.0	0.0	0.0	0.0	0.0178571	0.025641	0.05	0.0566038	0.0444444	0.0392157	0.0307692	0.1153846	0.0714286	0.0185185	0.0943396	0.0338983	0.0	0.0	0.0454545	0.0	0.0	0.0487805	0.0	0.0263158	0.03125	0.0	0.0	0.025641	0.0	0.0	0.0	0.0	0.0	0.0	0.0	0.0	0.0	0.0	0.0	0.0	0.0	0.0	0.0	0.0	
Vanneau huppé	0.1136364	0.1052632	0.1052632	0.0714286	0.0833333	0.1296296	0.0487805	0.0833333	0.0178571	0.1282051	0.1333333	0.0754717	0.0666667	0.0588235	0.0769231	0.1538462	0.1190476	0.037037	0.1886792	0.059322	0.0	0.0133333	0.1590909	0.0444444	0.0	0.1707317	0.15625	0.1315789	0.125	0.0	0.04	0.1025641	0.3684211	0.3157895	0.16	0.2058824	0.0	0.25	0.125	0.25	0.3157895	0.1190476	0.1333333	0.2	0.2727273	0.1875	0.0833333	0.3541667	
Courlis corlieu	0.0	0.0	0.0	0.0	0.0	0.0	0.0	0.0	0.0	0.0	0.0	0.0015	0.0	0.0	0.0	0.0	0.0	0.0	0.0	0.0	0.0	0.0	0.0	0.0	0.0	0.0	0.0	0.0	0.0	0.0	0.0	0.0	0.0	0.0	0.0	0.0	0.0	0.0	0.0	0.0	0.0	0.0	0.0	0.0	0.0	0.0	0.0	0.0	
Courlis cendré	0.0	0.0	0.0	0.0	0.0	0.0185185	0.0	0.0	0.0178571	0.0	0.0166667	0.0	0.0	0.0	0.0307692	0.0015	0.0238095	0.0	0.0	0.0	0.0140845	0.0	0.0	0.0	0.0	0.0	0.0	0.0	0.0	0.0	0.0	0.0	0.0	0.0	0.0	0.0	0.0	0.0	0.0	0.0	0.0	0.0	0.0	0.0	0.0	0.0	0.0	0.0	
Barge rousse	0.0	0.0	0.0	0.0	0.0	0.0	0.0	0.0	0.0	0.0	0.0	0.0	0.0	0.0	0.0	0.0015	0.0	0.0	0.0	0.0	0.0	0.0	0.0	0.0	0.0	0.0	0.0	0.0	0.0	0.0	0.0	0.0	0.0	0.0	0.0	0.0	0.0	0.0	0.0	0.0	0.0	0.0	0.0	0.0	0.0	0.0	0.0	0.0	
Barge à queue noire	0.0	0.0	0.0	0.0	0.0	0.0	0.0	0.0	0.0	0.0	0.0	0.0188679	0.0	0.0	0.0153846	0.0	0.0	0.0	0.0	0.0	0.0	0.0	0.0	0.0	0.0	0.0	0.0	0.0	0.0	0.0	0.0	0.0	0.0	0.0	0.0	0.0	0.0	0.0	0.0	0.0	0.0	0.0	0.0	0.0	0.0	0.0	0.0	0.0	
Bécassine sourde	0.0	0.0	0.0	0.0	0.0	0.0	0.0243902	0.0	0.0	0.0015	0.0	0.0	0.0222222	0.0	0.0	0.0	0.0	0.0	0.0	0.0	0.0	0.0	0.0	0.0	0.0	0.0	0.0	0.0	0.0	0.0	0.0	0.0	0.0	0.0	0.0	0.0	0.0	0.0	0.0	0.0	0.0	0.0	0.0	0.0	0.0	0.0	0.0	0.0	
Bécasse des bois	0.0454545	0.0	0.0	0.0	0.0	0.0185185	0.0	0.0	0.0178571	0.025641	0.0333333	0.0	0.0015	0.0	0.0015	0.0	0.0	0.0	0.0	0.0	0.0	0.0015	0.0	0.0	0.0769231	0.0	0.0	0.0	0.0	0.0	0.0	0.0	0.0	0.0	0.0	0.0	0.0	0.0	0.0	0.0	0.0015	0.0	0.0333333	0.0	0.0	0.0625	0.0	0.0	
Bécassine des marais	0.0454545	0.0789474	0.0526316	0.0714286	0.0416667	0.0185185	0.0731707	0.0208333	0.0178571	0.025641	0.1333333	0.0754717	0.0222222	0.0	0.0307692	0.0576923	0.047619	0.0	0.0	0.0	0.0	0.0	0.0	0.0	0.0	0.0	0.0	0.0	0.0	0.0	0.0015	0.0769231	0.2631579	0.2105263	0.12	0.0588235	0.1	0.0	0.0	0.0	0.0526316	0.0714286	0.0	0.05	0.0	0.0	0.0	0.0208333	
Chevalier guignette	0.0	0.0	0.0	0.0	0.0	0.0	0.0	0.0	0.0	0.0	0.0	0.0	0.0015	0.0392157	0.0461538	0.1153846	0.047619	0.0740741	0.0377358	0.0338983	0.0	0.0	0.0	0.0	0.0	0.0487805	0.03125	0.1052632	0.15625	0.0526316	0.04	0.1538462	0.3157895	0.2631579	0.16	0.1470588	0.0	0.0416667	0.03125	0.0	0.0526316	0.0238095	0.0333333	0.05	0.0	0.0	0.0	0.0	
Chevalier culblanc	0.0909091	0.0263158	0.1052632	0.0	0.0	0.0185185	0.0	0.0416667	0.0	0.0512821	0.0666667	0.1320755	0.0444444	0.0588235	0.0461538	0.0192308	0.0238095	0.0	0.0	0.0	0.0140845	0.0133333	0.0909091	0.0444444	0.0	0.0487805	0.0	0.0789474	0.03125	0.0	0.08	0.0769231	0.0015	0.0526316	0.04	0.0	0.0	0.0	0.0	0.0357143	0.0526316	0.0714286	0.0	0.1	0.0909091	0.0625	0.0	0.0015	
Chevalier sylvain	0.0	0.0	0.0	0.0	0.0	0.0	0.0	0.0	0.0	0.0	0.0	0.0	0.0	0.0	0.0	0.0384615	0.047619	0.0	0.0188679	0.0	0.0	0.0	0.0	0.0	0.0	0.0	0.0	0.0	0.0	0.0	0.0	0.0512821	0.0	0.0	0.0	0.0	0.0	0.0	0.0	0.0	0.0	0.0	0.0	0.0	0.0	0.0	0.0	0.0	
Chevalier gambette	0.0	0.0	0.0	0.0	0.0	0.0	0.0	0.0	0.0	0.025641	0.0	0.0188679	0.0444444	0.0196078	0.0615385	0.0192308	0.047619	0.037037	0.0566038	0.0423729	0.0140845	0.0	0.0	0.0	0.0	0.0	0.0	0.0	0.0	0.0	0.0	0.025641	0.0	0.0	0.0	0.0	0.0	0.0	0.0	0.0	0.0	0.0	0.0	0.0	0.0	0.0	0.0	0.0	
Chevalier arlequin	0.0	0.0	0.0	0.0	0.0	0.0	0.0	0.0	0.0	0.0	0.0166667	0.0	0.0	0.0	0.0	0.0	0.047619	0.0	0.0	0.0084746	0.0	0.0	0.0	0.0	0.0	0.0	0.0	0.0	0.0	0.0	0.0	0.0	0.0	0.0526316	0.0	0.0294118	0.0	0.0	0.0	0.0	0.0	0.0	0.0	0.0	0.0	0.0	0.0	0.0	
Chevalier aboyeur	0.0	0.0	0.0	0.0	0.0	0.0	0.0	0.0	0.0	0.0	0.0	0.0	0.0	0.0196078	0.0461538	0.0769231	0.047619	0.037037	0.0377358	0.0084746	0.0	0.0	0.0	0.0	0.0	0.0487805	0.0	0.0	0.0	0.0	0.0	0.0769231	0.3157895	0.0526316	0.04	0.0294118	0.0	0.0	0.0	0.0	0.0	0.0	0.0	0.0	0.0	0.0	0.0	0.0	
Bécasseau maubèche	0.0	0.0	0.0	0.0	0.0	0.0	0.0	0.0	0.0	0.0	0.0	0.0	0.0	0.0	0.0	0.0	0.0	0.0185185	0.0	0.0	0.0	0.0	0.0	0.0	0.0	0.0	0.0	0.0	0.0	0.0	0.0	0.0	0.0	0.0	0.0	0.0	0.0	0.0	0.0	0.0	0.0	0.0	0.0	0.0	0.0	0.0	0.0	0.0	
Combattant varié	0.0	0.0	0.0	0.0	0.0	0.0	0.0	0.0	0.0	0.0	0.0	0.0188679	0.0	0.0	0.0153846	0.0192308	0.047619	0.0	0.0	0.0	0.0	0.0	0.0	0.0	0.0	0.0	0.0	0.0	0.0	0.0	0.0	0.025641	0.0015	0.0	0.04	0.0294118	0.0	0.0	0.0	0.0	0.0	0.0	0.0	0.0	0.0	0.0	0.0	0.0	
Bécasseau cocorli	0.0	0.0	0.0	0.0	0.0	0.0	0.0	0.0	0.0	0.0	0.0	0.0	0.0	0.0	0.0	0.0	0.0	0.0	0.0	0.0084746	0.0	0.0	0.0	0.0	0.0	0.0	0.0	0.0	0.0	0.0	0.0	0.0	0.0	0.0	0.04	0.0	0.0	0.0	0.0	0.0	0.0	0.0	0.0	0.0	0.0	0.0	0.0	0.0	
Bécasseau de Temminck	0.0	0.0	0.0	0.0	0.0	0.0	0.0	0.0	0.0	0.0	0.0	0.0	0.0	0.0	0.0	0.0	0.0	0.0	0.0188679	0.0	0.0	0.0	0.0	0.0	0.0	0.0	0.0	0.0	0.0	0.0	0.0	0.0	0.0	0.0	0.0	0.0	0.0	0.0	0.0	0.0	0.0	0.0	0.0	0.0	0.0	0.0	0.0	0.0	
Bécasseau sanderling	0.0	0.0	0.0	0.0	0.0	0.0	0.0	0.0	0.0	0.0	0.0	0.0	0.0	0.0	0.0	0.0	0.0238095	0.0	0.0188679	0.0	0.0	0.0	0.0	0.0	0.0	0.0	0.0	0.0	0.0	0.0	0.0	0.0	0.0	0.0	0.0	0.0	0.0	0.0	0.0	0.0	0.0	0.0	0.0	0.0	0.0	0.0	0.0	0.0	
Bécasseau variable	0.0	0.0	0.0	0.0	0.0	0.0	0.0	0.0	0.0015	0.025641	0.0166667	0.0188679	0.0444444	0.0196078	0.0153846	0.0	0.0238095	0.0	0.0188679	0.0	0.0	0.0	0.0	0.0	0.0	0.0	0.0	0.0	0.03125	0.0	0.0	0.0	0.0526316	0.0526316	0.04	0.1176471	0.0	0.0	0.0	0.0357143	0.0	0.0	0.0	0.0	0.0	0.0	0.0	0.0	
Bécasseau minute	0.0	0.0	0.0	0.0	0.0	0.0	0.0	0.0	0.0	0.0	0.0	0.0	0.0	0.0	0.0	0.0	0.0	0.0	0.0	0.0	0.0	0.0	0.0	0.0	0.0	0.0	0.0	0.0	0.0	0.0	0.0	0.0	0.0	0.0	0.0	0.0294118	0.0	0.0	0.0	0.0	0.0	0.0	0.0	0.0	0.0	0.0	0.0	0.0	
limicole sp.	0.0	0.0	0.0	0.0	0.0	0.0	0.0	0.0	0.0	0.0	0.0	0.0	0.0	0.0196078	0.0	0.0	0.0	0.0	0.0	0.0	0.0	0.0	0.0	0.0	0.0	0.0	0.0	0.0	0.0	0.0	0.0	0.0	0.0	0.0	0.0	0.0	0.0	0.0	0.0	0.0	0.0	0.0	0.0	0.0	0.0	0.0	0.0	0.0	
Mouette pygmée	0.0	0.0	0.0	0.0	0.0	0.0	0.0	0.0	0.0	0.0	0.0	0.0188679	0.0015	0.0	0.0153846	0.0192308	0.0238095	0.0	0.0	0.0	0.0	0.0	0.0	0.0	0.0	0.0	0.0	0.0	0.0	0.0	0.0	0.0	0.0	0.0	0.0	0.0	0.0	0.0	0.0	0.0	0.0	0.0	0.0	0.0	0.0	0.0	0.0	0.0	
Mouette rieuse	0.3863636	0.3157895	0.4736842	0.5	0.2083333	0.1666667	0.2439024	0.3125	0.1071429	0.2307692	0.2666667	0.245283	0.1111111	0.3137255	0.2	0.25	0.2619048	0.1296296	0.3018868	0.1949153	0.1830986	0.1866667	0.2272727	0.2444444	0.1923077	0.3170732	0.28125	0.3684211	0.28125	0.2631579	0.12	0.2820513	0.4736842	0.4736842	0.24	0.4411765	0.1	0.25	0.28125	0.5714286	0.2631579	0.3333333	0.3	0.45	0.3636364	0.3125	0.4166667	0.6875	
Mouette mélanocéphale	0.0	0.0	0.0	0.0	0.0	0.0	0.0	0.0	0.0	0.0	0.05	0.0188679	0.0	0.0	0.0153846	0.0	0.0238095	0.0	0.0377358	0.0	0.0	0.0015	0.0227273	0.0	0.0	0.0	0.0	0.0	0.0	0.0	0.0	0.0	0.0	0.0	0.0	0.0	0.0	0.0	0.0	0.0	0.0	0.0	0.0	0.0	0.0	0.0	0.0	0.0	
Goéland cendré	0.0	0.0	0.0	0.0015	0.0	0.0	0.0243902	0.0	0.0	0.025641	0.0	0.0	0.0	0.0	0.0153846	0.0	0.0	0.0	0.0	0.0	0.0	0.0	0.0	0.0	0.0	0.0	0.0	0.0	0.0	0.0	0.0	0.0	0.0	0.0	0.0	0.0294118	0.0	0.0	0.0	0.0	0.0526316	0.0	0.0	0.05	0.0	0.0	0.0	0.0	
Goéland pontique	0.0	0.0	0.0526316	0.0714286	0.0	0.0	0.0243902	0.0416667	0.0	0.0	0.0	0.0	0.0	0.0	0.0	0.0	0.0	0.0	0.0	0.0	0.0	0.0	0.0	0.0	0.0	0.0	0.03125	0.0	0.0	0.0	0.0	0.0	0.0	0.0	0.0015	0.0	0.1	0.0	0.0	0.0	0.0	0.0	0.0	0.05	0.0015	0.0	0.0	0.0015	
Goéland argenté	0.0	0.0526316	0.1578947	0.1428571	0.0	0.0	0.0243902	0.0625	0.0	0.025641	0.0	0.0015	0.0	0.0	0.0	0.0	0.0238095	0.0015	0.0	0.0	0.0140845	0.0133333	0.0	0.0	0.0384615	0.0243902	0.03125	0.0015	0.0	0.0	0.0	0.025641	0.0	0.0	0.0	0.0588235	0.1	0.0833333	0.0625	0.0357143	0.0	0.0238095	0.0333333	0.0	0.0015	0.125	0.0416667	0.2083333	
Goéland leucophée	0.0454545	0.0263158	0.0526316	0.0714286	0.0	0.0	0.0	0.0208333	0.0	0.0	0.0	0.0188679	0.0	0.0	0.0153846	0.0384615	0.0238095	0.0015	0.0377358	0.0254237	0.0	0.0133333	0.0681818	0.0222222	0.0384615	0.0487805	0.1875	0.1315789	0.09375	0.0015	0.08	0.1794872	0.1578947	0.1578947	0.2	0.1470588	0.2	0.2083333	0.03125	0.0357143	0.0	0.0238095	0.0333333	0.1	0.0909091	0.0625	0.0	0.0416667	
Goéland argenté ou G. leucophée	0.0	0.0	0.0	0.0	0.0	0.0	0.0	0.0	0.0	0.0	0.0	0.0	0.0	0.0	0.0	0.0	0.0	0.0	0.0	0.0	0.0	0.0	0.0	0.0	0.0	0.0	0.0	0.0	0.0	0.0	0.0	0.0	0.0	0.0	0.0	0.0	0.0	0.0	0.0	0.0	0.0526316	0.0	0.0	0.0	0.0	0.0	0.0	0.0	
Goéland brun	0.0454545	0.1578947	0.1052632	0.1428571	0.0	0.0	0.0731707	0.0208333	0.0	0.0769231	0.0166667	0.0	0.0	0.0	0.0	0.0	0.0	0.0	0.0	0.0084746	0.0	0.0	0.0	0.0222222	0.0	0.0487805	0.125	0.0789474	0.0	0.0	0.08	0.1282051	0.2631579	0.0526316	0.08	0.1176471	0.1	0.0833333	0.125	0.2142857	0.2105263	0.0238095	0.0666667	0.0	0.0909091	0.125	0.0	0.125	
goéland sp. (Larus sp.)	0.0015	0.0263158	0.0526316	0.0714286	0.0416667	0.0	0.0243902	0.0833333	0.0178571	0.0	0.0166667	0.0015	0.0	0.0	0.0	0.0384615	0.0	0.0	0.0188679	0.0	0.0	0.0	0.0	0.0	0.0	0.0243902	0.0	0.0263158	0.03125	0.0	0.0	0.025641	0.0526316	0.0	0.04	0.0294118	0.0	0.0	0.03125	0.0357143	0.0526316	0.0238095	0.0333333	0.1	0.0	0.0	0.0416667	0.0208333	
goéland ou mouette sp.	0.0	0.0	0.0	0.0	0.0	0.0	0.0	0.0	0.0	0.0	0.0	0.0015	0.0	0.0	0.0	0.0	0.0	0.0	0.0	0.0	0.0	0.0	0.0	0.0	0.0384615	0.0	0.0	0.0	0.0	0.0	0.0	0.025641	0.0	0.0	0.0	0.0	0.0	0.0	0.0	0.0	0.0	0.0	0.0	0.0	0.0	0.0015	0.0	0.0	
Sterne caspienne	0.0	0.0	0.0	0.0	0.0	0.0	0.0	0.0	0.0	0.0	0.0	0.0	0.0	0.0	0.0	0.0	0.0238095	0.0	0.0	0.0	0.0	0.0	0.0	0.0	0.0	0.0	0.0	0.0	0.0	0.0	0.0	0.0	0.0	0.0	0.0	0.0	0.0	0.0	0.0	0.0	0.0	0.0	0.0	0.0	0.0	0.0	0.0	0.0	
Guifette noire	0.0	0.0	0.0	0.0	0.0	0.0	0.0	0.0	0.0	0.0	0.0	0.0	0.0	0.0	0.0	0.0192308	0.0015	0.0	0.0	0.0338983	0.0	0.0133333	0.0	0.0	0.0	0.0	0.0	0.0	0.0	0.0	0.0	0.0	0.0	0.0	0.0	0.0294118	0.0	0.0	0.0	0.0	0.0	0.0	0.0	0.0	0.0	0.0	0.0	0.0	
Sterne pierregarin	0.0	0.0	0.0	0.0	0.0	0.0	0.0	0.0	0.0	0.0	0.0	0.0188679	0.0222222	0.0784314	0.0461538	0.2115385	0.2380952	0.0555556	0.2264151	0.1610169	0.084507	0.1333333	0.2272727	0.1555556	0.1923077	0.195122	0.25	0.3157895	0.1875	0.0	0.04	0.0512821	0.0015	0.0	0.0	0.0	0.0	0.0	0.0	0.0	0.0	0.0	0.0	0.0	0.0	0.0	0.0	0.0	
Sterne pierregarin ou S. arctique	0.0	0.0	0.0	0.0	0.0	0.0	0.0	0.0	0.0	0.0	0.0	0.0	0.0	0.0	0.0	0.0	0.0	0.0	0.0	0.0	0.0	0.0	0.0	0.0	0.0	0.0	0.0	0.0015	0.0	0.0	0.0	0.0	0.0	0.0	0.0	0.0	0.0	0.0	0.0	0.0	0.0	0.0	0.0	0.0	0.0	0.0	0.0	0.0	
Grèbe castagneux	0.25	0.1842105	0.3157895	0.1428571	0.0416667	0.0740741	0.097561	0.1041667	0.0357143	0.0769231	0.1333333	0.0566038	0.0666667	0.0980392	0.0153846	0.0384615	0.0	0.0015	0.0015	0.0084746	0.028169	0.0	0.1136364	0.0222222	0.0	0.0487805	0.03125	0.1052632	0.03125	0.1052632	0.08	0.1025641	0.1052632	0.0526316	0.12	0.2647059	0.4	0.2083333	0.125	0.1785714	0.1578947	0.1904762	0.2333333	0.2	0.6363636	0.125	0.0833333	0.3125	
Grèbe esclavon	0.0227273	0.0263158	0.0	0.0	0.0	0.0	0.0	0.0	0.0	0.0	0.0166667	0.0566038	0.0	0.0	0.0	0.0	0.0	0.0	0.0	0.0	0.0	0.0	0.0	0.0	0.0	0.0	0.0	0.0	0.0	0.0	0.0	0.0	0.0	0.0	0.0	0.0	0.0	0.0	0.0	0.0	0.0	0.0	0.0	0.0	0.0	0.0625	0.0	0.0	
Grèbe jougris	0.0	0.0	0.0	0.0	0.0	0.0	0.0	0.0	0.0	0.0	0.0166667	0.0	0.0	0.0	0.0	0.0	0.0	0.0	0.0	0.0	0.0	0.0	0.0	0.0	0.0	0.0	0.0	0.0	0.0	0.0	0.0	0.0	0.0	0.0	0.0	0.0588235	0.0	0.0	0.0	0.0	0.0	0.0	0.0	0.0	0.0	0.0	0.0	0.0	
Grèbe huppé	0.3409091	0.3157895	0.3684211	0.3571429	0.2083333	0.1296296	0.2195122	0.3333333	0.1071429	0.2820513	0.3	0.2641509	0.2222222	0.254902	0.2153846	0.3076923	0.1904762	0.1296296	0.2830189	0.2711864	0.3380282	0.1733333	0.2272727	0.2888889	0.2307692	0.3170732	0.21875	0.2894737	0.25	0.1578947	0.12	0.2307692	0.3684211	0.4736842	0.24	0.3823529	0.4	0.2916667	0.28125	0.5357143	0.1052632	0.2619048	0.2333333	0.35	0.4545455	0.1875	0.2083333	0.4375	
Grèbe à cou noir	0.0681818	0.0263158	0.0526316	0.0714286	0.0	0.0185185	0.0487805	0.0416667	0.0178571	0.025641	0.0166667	0.0566038	0.0444444	0.0392157	0.0153846	0.1153846	0.0	0.0185185	0.0566038	0.0677966	0.0	0.0133333	0.0227273	0.0015	0.0	0.0487805	0.0	0.0263158	0.03125	0.0	0.0	0.0	0.0	0.0	0.0	0.0	0.0	0.0	0.03125	0.0357143	0.0	0.0714286	0.0333333	0.05	0.0909091	0.0625	0.0	0.1041667	
Cigogne noire	0.0	0.0	0.0	0.0	0.0	0.0	0.0	0.0	0.0	0.0	0.0	0.0	0.0	0.0	0.0015	0.0	0.0	0.0	0.0	0.0169492	0.0	0.0	0.0227273	0.0	0.0	0.0	0.0	0.0	0.0	0.0	0.04	0.0	0.0	0.0526316	0.0	0.0	0.0	0.0	0.0	0.0	0.0	0.0	0.0	0.0	0.0	0.0	0.0	0.0	
Cigogne blanche	0.0	0.0	0.0526316	0.0015	0.0015	0.0	0.0243902	0.0	0.0015	0.0015	0.0166667	0.0377358	0.0	0.0196078	0.0153846	0.0192308	0.0238095	0.0015	0.0188679	0.0	0.0	0.0	0.0227273	0.0	0.0	0.0	0.0	0.0	0.0	0.0	0.04	0.025641	0.0015	0.0	0.08	0.0015	0.0015	0.0833333	0.0	0.0	0.0	0.0	0.0	0.0	0.0	0.0	0.0015	0.0208333	
Fou de Bassan	0.0	0.0	0.0	0.0	0.0	0.0	0.0	0.0	0.0	0.0	0.0	0.0	0.0	0.0	0.0	0.0	0.0	0.0	0.0	0.0	0.0	0.0	0.0	0.0	0.0	0.0	0.0	0.0	0.0	0.0	0.0	0.0	0.0	0.0	0.0	0.0	0.0	0.0	0.0	0.0	0.0	0.0	0.0	0.0	0.0	0.0	0.0	0.0015	
Grand Cormoran	0.5	0.3947368	0.5263158	0.3571429	0.25	0.1481481	0.2439024	0.3125	0.1428571	0.2307692	0.2666667	0.2264151	0.1333333	0.1568627	0.2	0.1346154	0.1428571	0.1111111	0.2075472	0.1694915	0.1408451	0.08	0.1363636	0.1111111	0.1923077	0.1219512	0.0625	0.1578947	0.09375	0.1578947	0.16	0.2051282	0.4736842	0.3684211	0.2	0.4117647	0.5	0.375	0.1875	0.3214286	0.3157895	0.4761905	0.3	0.55	0.7272727	0.1875	0.3333333	0.5833333	
Ibis falcinelle	0.0	0.0	0.0	0.0	0.0	0.0	0.0	0.0	0.0	0.0	0.0	0.0	0.0	0.0	0.0	0.0	0.0	0.0	0.0	0.0084746	0.0	0.0	0.0	0.0	0.0	0.0	0.0	0.0	0.0	0.0	0.0	0.0	0.0	0.0	0.0	0.0	0.0	0.0	0.0	0.0	0.0	0.0	0.0	0.0	0.0	0.0	0.0	0.0	
Spatule blanche	0.0	0.0	0.0	0.0	0.0	0.0	0.0243902	0.0	0.0	0.0	0.0	0.0	0.0	0.0	0.0	0.0	0.0	0.0	0.0	0.0	0.0	0.0	0.0	0.0	0.0	0.0	0.0	0.0	0.0	0.0	0.0	0.0	0.0	0.0	0.0	0.0	0.0	0.0	0.0	0.0	0.0	0.0	0.0	0.0	0.0	0.0	0.0	0.0416667	
Butor étoilé	0.0	0.0	0.0	0.0	0.0	0.0	0.0	0.0	0.0	0.0	0.0	0.0	0.0	0.0	0.0	0.0	0.0	0.0	0.0	0.0	0.0140845	0.0	0.0	0.0	0.0	0.0	0.0	0.0	0.0	0.0	0.0	0.0	0.0	0.0	0.0	0.0	0.0	0.0	0.0	0.0	0.0	0.0	0.0	0.0	0.0	0.0	0.0	0.0	
Blongios nain	0.0	0.0	0.0	0.0	0.0	0.0	0.0	0.0	0.0	0.0	0.0	0.0	0.0	0.0	0.0	0.0	0.0	0.0	0.0	0.0084746	0.0140845	0.0133333	0.0	0.0	0.0	0.0	0.0	0.0	0.0	0.0	0.0	0.0	0.0	0.0	0.0	0.0	0.0	0.0	0.0	0.0	0.0	0.0	0.0	0.0	0.0	0.0	0.0	0.0	
Aigrette garzette	0.1590909	0.1315789	0.3684211	0.0714286	0.0833333	0.0740741	0.0487805	0.0625	0.0178571	0.1282051	0.1	0.1132075	0.0666667	0.0	0.0153846	0.0192308	0.0015	0.0185185	0.0754717	0.0015	0.0	0.0015	0.0909091	0.0	0.0384615	0.0487805	0.0	0.0526316	0.0625	0.0	0.12	0.1025641	0.0015	0.1578947	0.04	0.2058824	0.1	0.0416667	0.125	0.1071429	0.0526316	0.0952381	0.1333333	0.25	0.3636364	0.125	0.0416667	0.1875	
Crabier chevelu	0.0	0.0	0.0	0.0	0.0	0.0	0.0	0.0	0.0	0.0	0.0	0.0	0.0	0.0	0.0	0.0	0.0	0.0185185	0.0	0.0	0.0	0.0	0.0	0.0	0.0	0.0	0.0	0.0	0.0	0.0	0.0	0.0	0.0	0.0	0.0	0.0	0.0	0.0	0.0	0.0	0.0	0.0	0.0	0.0	0.0	0.0	0.0	0.0	
Héron garde-boeufs	0.0	0.0	0.0	0.0	0.0	0.0015	0.0	0.0	0.0	0.0	0.0166667	0.0377358	0.0	0.0196078	0.0153846	0.0	0.0	0.037037	0.0	0.0084746	0.0	0.0133333	0.0681818	0.0222222	0.0	0.0	0.0	0.0	0.0	0.0526316	0.0015	0.025641	0.0015	0.0	0.04	0.0	0.0	0.0416667	0.0	0.0	0.0	0.0	0.0	0.0	0.0	0.0	0.0	0.0015	
Grande Aigrette	0.25	0.2368421	0.3684211	0.1428571	0.2083333	0.1111111	0.1463415	0.125	0.0535714	0.1282051	0.0833333	0.0377358	0.0444444	0.0392157	0.0307692	0.0192308	0.0238095	0.0	0.0188679	0.0169492	0.0140845	0.0	0.0681818	0.0222222	0.0769231	0.0	0.0	0.1052632	0.0625	0.0526316	0.12	0.025641	0.0526316	0.2631579	0.08	0.1176471	0.1	0.2916667	0.0625	0.1785714	0.1578947	0.2142857	0.2	0.25	0.6363636	0.1875	0.0833333	0.3125	
Héron cendré	0.4318182	0.3684211	0.3684211	0.2857143	0.25	0.1481481	0.195122	0.1875	0.125	0.1025641	0.1833333	0.1698113	0.1777778	0.254902	0.1538462	0.2115385	0.1666667	0.1111111	0.245283	0.2372881	0.1971831	0.1866667	0.3409091	0.3111111	0.3461538	0.2439024	0.21875	0.3684211	0.1875	0.2105263	0.28	0.2820513	0.5263158	0.5263158	0.24	0.5	0.4	0.5	0.28125	0.4285714	0.3684211	0.3571429	0.3666667	0.5	0.6363636	0.1875	0.1666667	0.4791667	
Héron pourpré	0.0	0.0	0.0	0.0	0.0	0.0	0.0	0.0	0.0	0.0	0.0	0.0	0.0	0.0	0.0	0.0	0.0	0.0	0.0	0.0	0.0	0.0	0.0	0.0222222	0.0	0.0	0.0	0.0	0.03125	0.0	0.0	0.0	0.0	0.0	0.0	0.0	0.0	0.0	0.0	0.0	0.0	0.0	0.0	0.0	0.0	0.0	0.0	0.0	
ardeidé sp.	0.0	0.0	0.0	0.0	0.0	0.0	0.0	0.0	0.0	0.0	0.0	0.0	0.0	0.0	0.0	0.0	0.0	0.0	0.0	0.0	0.0	0.0	0.0	0.0	0.0	0.0	0.0	0.0	0.0	0.0	0.0	0.0	0.0	0.0	0.0	0.0	0.0	0.0	0.0	0.0	0.0	0.0	0.0	0.0	0.0	0.0	0.0	0.0015	
aigrette ou héron blanc sp.	0.0	0.0	0.0	0.0015	0.0	0.0	0.0	0.0	0.0	0.0	0.0	0.0	0.0	0.0	0.0	0.0	0.0	0.0	0.0	0.0	0.0	0.0	0.0	0.0	0.0	0.0	0.0	0.0	0.0	0.0	0.0	0.0	0.0	0.0	0.0	0.0	0.0	0.0	0.0	0.0	0.0	0.0	0.0	0.0	0.0	0.0	0.0	0.0	
Balbuzard pêcheur	0.0	0.0	0.0	0.0	0.0	0.0	0.0	0.0	0.0	0.0	0.0	0.0	0.0	0.0015	0.0	0.0384615	0.0	0.0	0.0	0.0	0.0	0.0	0.0	0.0	0.0	0.0	0.0	0.0	0.03125	0.0526316	0.04	0.0	0.0015	0.0	0.0	0.0294118	0.0	0.0	0.0	0.0	0.0526316	0.0	0.0	0.0	0.0	0.0	0.0	0.0	
Élanion blanc	0.0	0.0	0.0	0.0	0.0	0.0	0.0	0.0	0.0	0.0	0.0	0.0	0.0	0.0	0.0	0.0	0.0	0.0	0.0	0.0	0.0	0.0	0.0	0.0	0.0	0.0	0.0	0.0	0.0	0.0	0.0	0.0	0.0	0.0	0.0	0.0	0.0	0.0	0.0	0.0	0.0	0.0238095	0.0	0.0	0.0	0.0	0.0	0.0	
Bondrée apivore	0.0	0.0	0.0	0.0	0.0	0.0	0.0	0.0	0.0	0.0	0.0	0.0	0.0	0.0	0.0	0.0	0.0015	0.0555556	0.0377358	0.0508475	0.0140845	0.0	0.0227273	0.0666667	0.0	0.0731707	0.0625	0.1052632	0.15625	0.2631579	0.04	0.025641	0.0	0.0526316	0.08	0.0294118	0.0	0.0	0.0	0.0	0.0	0.0	0.0	0.0	0.0	0.0	0.0	0.0	
Épervier d'Europe	0.0227273	0.0263158	0.1052632	0.2142857	0.0	0.0	0.0731707	0.0	0.0015	0.025641	0.0333333	0.0188679	0.0222222	0.0392157	0.0307692	0.0192308	0.0238095	0.0185185	0.0377358	0.0	0.0140845	0.0133333	0.0	0.0	0.0769231	0.0487805	0.03125	0.0263158	0.09375	0.1052632	0.04	0.1025641	0.0526316	0.0	0.08	0.0588235	0.0	0.0833333	0.03125	0.1785714	0.1052632	0.1190476	0.0666667	0.1	0.0015	0.0625	0.0416667	0.0416667	
Autour des palombes	0.0	0.0	0.0	0.0015	0.0	0.0015	0.0	0.0	0.0	0.025641	0.0015	0.0	0.0	0.0	0.0153846	0.0	0.0238095	0.0015	0.0	0.0015	0.0	0.0015	0.0227273	0.0	0.0	0.0	0.03125	0.0	0.0	0.0	0.04	0.0	0.0015	0.0	0.0	0.0294118	0.0	0.0	0.0	0.0	0.1052632	0.0	0.0	0.0	0.0	0.0015	0.0	0.0015	
Busard des roseaux	0.0	0.0	0.0526316	0.0	0.0	0.0	0.0	0.0208333	0.0	0.0015	0.0	0.0188679	0.0015	0.0196078	0.0	0.0384615	0.0015	0.037037	0.0377358	0.0169492	0.0140845	0.0266667	0.0	0.0444444	0.0	0.0	0.0015	0.0526316	0.0	0.0015	0.04	0.0769231	0.1052632	0.0526316	0.08	0.0882353	0.0	0.0416667	0.0	0.0	0.0	0.0238095	0.0	0.0	0.0	0.0	0.0	0.0	
Busard Saint-Martin	0.0	0.0789474	0.0	0.0	0.0416667	0.0015	0.0243902	0.0208333	0.0	0.025641	0.0333333	0.0	0.0	0.0392157	0.0153846	0.0192308	0.0238095	0.0015	0.0377358	0.0	0.0	0.0133333	0.0	0.0444444	0.0769231	0.0	0.0	0.0	0.0	0.0	0.0	0.0512821	0.0526316	0.1052632	0.08	0.0588235	0.0015	0.125	0.03125	0.0714286	0.0526316	0.0238095	0.0	0.05	0.0	0.0	0.0	0.0015	
Busard pâle	0.0	0.0	0.0	0.0	0.0	0.0	0.0	0.0	0.0	0.0	0.0	0.0	0.0	0.0	0.0	0.0	0.0	0.0	0.0	0.0	0.0	0.0	0.0	0.0	0.0	0.0	0.0	0.0	0.0	0.0	0.0	0.0	0.0	0.0	0.04	0.0	0.0	0.0	0.0	0.0	0.0	0.0	0.0	0.0	0.0	0.0	0.0	0.0	
Busard cendré	0.0	0.0	0.0	0.0	0.0	0.0	0.0	0.0	0.0	0.0	0.0	0.0	0.0	0.0	0.0	0.0	0.0	0.0015	0.0188679	0.0	0.0	0.0015	0.0	0.0015	0.0	0.0	0.0	0.0	0.0	0.0	0.0	0.0	0.0	0.0	0.0	0.0	0.0	0.0	0.0	0.0	0.0	0.0	0.0	0.0	0.0	0.0	0.0	0.0	
Busard Saint-Martin ou B. cendré	0.0	0.0	0.0	0.0	0.0	0.0	0.0	0.0	0.0	0.0	0.0	0.0	0.0	0.0	0.0	0.0	0.0238095	0.0	0.0	0.0	0.0	0.0	0.0	0.0	0.0	0.0	0.0	0.0	0.0	0.0	0.0	0.0	0.0	0.0	0.0	0.0	0.0	0.0	0.0	0.0	0.0	0.0	0.0	0.0	0.0	0.0	0.0	0.0	
busard sp.	0.0	0.0	0.0	0.0	0.0	0.0	0.0	0.0	0.0	0.0	0.0	0.0	0.0	0.0	0.0015	0.0	0.0	0.0	0.0	0.0	0.0	0.0	0.0	0.0	0.0	0.0	0.0	0.0	0.0	0.0	0.0	0.0	0.0	0.0	0.0	0.0294118	0.0015	0.0	0.0	0.0	0.0	0.0	0.0	0.0	0.0	0.0	0.0	0.0	
Milan royal	0.0	0.0	0.0	0.0	0.0	0.0	0.0	0.0	0.0	0.0015	0.0	0.0188679	0.0	0.0	0.0	0.0	0.0238095	0.0	0.0	0.0	0.0140845	0.0015	0.0	0.0015	0.0015	0.0015	0.0	0.0	0.0	0.0	0.0	0.0	0.0	0.0526316	0.0	0.0015	0.0	0.0833333	0.0	0.0	0.1052632	0.0	0.0	0.0	0.0	0.0	0.0	0.0	
Milan noir	0.0	0.0	0.0	0.0	0.0	0.0	0.0	0.0	0.0178571	0.0	0.0333333	0.1132075	0.0444444	0.1176471	0.0307692	0.0576923	0.0714286	0.0555556	0.0754717	0.0169492	0.028169	0.04	0.0454545	0.0666667	0.0769231	0.0243902	0.0	0.0526316	0.0	0.0526316	0.04	0.0	0.0	0.0	0.0	0.0	0.0015	0.0	0.0	0.0	0.0	0.0	0.0	0.0	0.0	0.0	0.0	0.0	
Milan royal ou M. noir	0.0	0.0	0.0	0.0	0.0	0.0	0.0	0.0	0.0	0.0	0.0	0.0	0.0	0.0	0.0	0.0192308	0.0	0.0015	0.0	0.0	0.0	0.0	0.0	0.0	0.0	0.0	0.0	0.0	0.0	0.0	0.0	0.0	0.0	0.0	0.0	0.0	0.0	0.0	0.0	0.0	0.0	0.0	0.0	0.0	0.0	0.0	0.0	0.0	
Pygargue à queue blanche	0.0	0.0263158	0.0	0.0	0.0	0.0	0.0	0.0	0.0	0.0	0.0	0.0	0.0	0.0	0.0	0.0	0.0	0.0	0.0	0.0	0.0	0.0	0.0	0.0	0.0	0.0	0.0	0.0	0.0	0.0	0.0	0.0	0.0	0.0	0.0	0.0	0.0	0.0	0.0	0.0357143	0.0	0.0	0.0	0.0	0.0	0.0	0.0	0.0	
Buse variable	0.2272727	0.1578947	0.0526316	0.3571429	0.25	0.1481481	0.2682927	0.1666667	0.1785714	0.2307692	0.2	0.2641509	0.1333333	0.3921569	0.2769231	0.3076923	0.2380952	0.2222222	0.2264151	0.2033898	0.1267606	0.12	0.2045455	0.1777778	0.1923077	0.2195122	0.15625	0.2894737	0.25	0.1052632	0.24	0.2307692	0.3157895	0.2105263	0.32	0.2647059	0.3	0.25	0.3125	0.25	0.5263158	0.1666667	0.1333333	0.35	0.4545455	0.3125	0.125	0.125	
Buteo sp.	0.0	0.0	0.0	0.0	0.0	0.0185185	0.0	0.0	0.0	0.0	0.0	0.0	0.0	0.0	0.0	0.0	0.0	0.0	0.0	0.0	0.0	0.0	0.0	0.0	0.0	0.0	0.0	0.0	0.0	0.0	0.0	0.0	0.0	0.0	0.0	0.0	0.1	0.0	0.0	0.0	0.0	0.0015	0.0	0.0	0.0	0.0	0.0	0.0	
rapace sp.	0.0	0.0	0.0	0.0	0.0	0.0185185	0.0	0.0	0.0	0.0	0.0	0.0	0.0	0.0	0.0	0.0	0.0	0.0	0.0	0.0	0.0	0.0	0.0	0.0	0.0	0.0	0.0	0.0	0.03125	0.0	0.0	0.025641	0.0	0.0	0.0	0.0	0.0	0.0	0.0	0.0	0.0	0.0	0.0	0.0	0.0	0.0	0.0	0.0	
Effraie des clochers	0.0015	0.0263158	0.0015	0.0714286	0.0	0.0015	0.0243902	0.0	0.0	0.0	0.0333333	0.0188679	0.0222222	0.0392157	0.0307692	0.0769231	0.0015	0.0	0.0188679	0.0169492	0.0	0.0	0.0015	0.0	0.0	0.0	0.0015	0.0015	0.0	0.0	0.0	0.0512821	0.0	0.0	0.0015	0.0015	0.0	0.0416667	0.0	0.0	0.0	0.0	0.0	0.0	0.0015	0.0	0.0	0.0015	
Chevêche d'Athéna	0.0	0.0	0.0	0.0	0.0	0.0015	0.0	0.0	0.0	0.0	0.0	0.0	0.0	0.0196078	0.0015	0.0	0.0015	0.0	0.0	0.0	0.0	0.0	0.0015	0.0015	0.0	0.0	0.0	0.0	0.0	0.0	0.0	0.0	0.0	0.0	0.0	0.0015	0.0	0.0416667	0.0	0.0	0.0	0.0	0.0	0.0	0.0	0.0	0.0	0.0	
Chouette hulotte	0.0227273	0.0263158	0.0015	0.0714286	0.0015	0.0015	0.097561	0.0015	0.0015	0.025641	0.05	0.0188679	0.0222222	0.0392157	0.0153846	0.0015	0.0238095	0.0015	0.0	0.0	0.0	0.0015	0.0015	0.0015	0.0	0.0243902	0.0015	0.0015	0.03125	0.0	0.0015	0.025641	0.0526316	0.0526316	0.08	0.0294118	0.1	0.0015	0.0015	0.0714286	0.1052632	0.0015	0.1	0.1	0.0015	0.0015	0.0015	0.0416667	
Hibou moyen-duc	0.0	0.0	0.0	0.0015	0.0	0.0	0.0	0.0	0.0	0.0	0.0	0.0	0.0	0.0	0.0	0.0	0.0	0.0015	0.0	0.0	0.0	0.0	0.0227273	0.0222222	0.0	0.0	0.0	0.0	0.0	0.0	0.0	0.0	0.0	0.0	0.0	0.0	0.0	0.0	0.0	0.0	0.0	0.0015	0.0	0.0	0.0	0.0	0.0	0.0	
Hibou des marais	0.0	0.0	0.0	0.0015	0.0	0.0	0.0	0.0	0.0	0.0	0.0	0.0	0.0	0.0	0.0	0.0	0.0	0.0	0.0	0.0	0.0	0.0	0.0	0.0	0.0	0.0	0.0	0.0	0.0	0.0	0.0	0.0	0.0	0.0	0.0	0.0	0.0	0.0	0.0	0.0	0.0	0.0	0.0	0.0	0.0	0.0	0.0	0.0015	
Huppe fasciée	0.0	0.0	0.0	0.0	0.0	0.0	0.0	0.0	0.0	0.0	0.0	0.0	0.0	0.0	0.0	0.0	0.0	0.0	0.0	0.0084746	0.0	0.0133333	0.0	0.0	0.0	0.0	0.0	0.0	0.0	0.0	0.0	0.0	0.0	0.0	0.0	0.0	0.0	0.0	0.0	0.0	0.0	0.0	0.0	0.0	0.0	0.0	0.0	0.0	
Guêpier d'Europe	0.0	0.0	0.0	0.0	0.0	0.0	0.0	0.0	0.0	0.0	0.0	0.0	0.0	0.0	0.0	0.0	0.0	0.0185185	0.0	0.0169492	0.0140845	0.0	0.0227273	0.0	0.0015	0.0243902	0.0015	0.0263158	0.03125	0.0015	0.04	0.025641	0.0	0.0	0.0	0.0	0.0	0.0	0.0	0.0	0.0	0.0	0.0	0.0	0.0	0.0	0.0	0.0	
Martin-pêcheur d'Europe	0.2727273	0.1052632	0.2105263	0.0714286	0.3333333	0.0925926	0.0731707	0.1041667	0.0714286	0.025641	0.0833333	0.1132075	0.0444444	0.0588235	0.0153846	0.0384615	0.0714286	0.0185185	0.1886792	0.0254237	0.1126761	0.0266667	0.1363636	0.0666667	0.1153846	0.0487805	0.03125	0.1578947	0.125	0.2105263	0.04	0.1794872	0.4736842	0.4736842	0.36	0.2941176	0.4	0.1666667	0.15625	0.2857143	0.2631579	0.2380952	0.1666667	0.2	0.2727273	0.0625	0.1666667	0.2083333	
Torcol fourmilier	0.0	0.0	0.0	0.0	0.0	0.0	0.0	0.0	0.0	0.0	0.0	0.0	0.0	0.0	0.0153846	0.0	0.0	0.0	0.0377358	0.0	0.028169	0.0015	0.0909091	0.0	0.0	0.0	0.0	0.0	0.0	0.0	0.0	0.025641	0.0	0.0	0.0	0.0	0.0	0.0	0.0	0.0	0.0	0.0	0.0	0.0	0.0	0.0	0.0	0.0	
Pic mar	0.1590909	0.0263158	0.0	0.0714286	0.2083333	0.037037	0.0487805	0.0208333	0.0357143	0.1282051	0.1	0.0188679	0.0888889	0.0784314	0.1076923	0.0192308	0.0238095	0.037037	0.0566038	0.0254237	0.028169	0.0933333	0.0681818	0.0222222	0.0769231	0.0243902	0.0625	0.1052632	0.0625	0.0015	0.08	0.0769231	0.0015	0.1052632	0.12	0.0588235	0.1	0.0416667	0.0625	0.1785714	0.1052632	0.1190476	0.1	0.15	0.0909091	0.125	0.0	0.0416667	
Pic épeiche	0.4545455	0.3684211	0.1578947	0.4285714	0.4166667	0.0740741	0.3170732	0.2291667	0.2142857	0.2820513	0.2666667	0.2075472	0.2888889	0.2745098	0.3076923	0.1923077	0.3809524	0.3148148	0.2830189	0.1864407	0.1971831	0.2533333	0.3181818	0.2	0.1538462	0.1219512	0.15625	0.3157895	0.3125	0.3684211	0.44	0.3846154	0.4210526	0.5263158	0.52	0.1764706	0.5	0.4166667	0.28125	0.5	0.4210526	0.3095238	0.3666667	0.45	0.4545455	0.375	0.375	0.2291667	
Dendrocopos sp.	0.0	0.0	0.0	0.0	0.0	0.0	0.0	0.0	0.0	0.0	0.0	0.0	0.0	0.0196078	0.0	0.0	0.0238095	0.0	0.0	0.0	0.0	0.0	0.0	0.0	0.0	0.0	0.0	0.0	0.0	0.0	0.0	0.0	0.0	0.0	0.0	0.0	0.0	0.0	0.0	0.0	0.0	0.0	0.0	0.0	0.0	0.0	0.0416667	0.0	
Pic épeichette	0.0454545	0.0789474	0.0526316	0.0714286	0.0416667	0.0	0.0487805	0.0	0.0	0.025641	0.0166667	0.0566038	0.0	0.0392157	0.0461538	0.0192308	0.0238095	0.0	0.0188679	0.0169492	0.0015	0.0015	0.0227273	0.0222222	0.0015	0.0243902	0.0	0.0526316	0.0015	0.0	0.0	0.0512821	0.0	0.0526316	0.04	0.0	0.0	0.0416667	0.0625	0.0	0.0	0.047619	0.0	0.0	0.0015	0.0	0.0416667	0.0625	
Pic vert	0.2727273	0.1842105	0.2631579	0.1428571	0.2916667	0.2222222	0.1707317	0.2291667	0.3214286	0.2820513	0.3333333	0.3584906	0.4888889	0.3137255	0.1076923	0.1730769	0.2142857	0.1851852	0.245283	0.0677966	0.1408451	0.12	0.1818182	0.2222222	0.1923077	0.2926829	0.125	0.3421053	0.46875	0.3157895	0.44	0.3076923	0.4210526	0.4736842	0.28	0.2647059	0.3	0.5	0.40625	0.3928571	0.4210526	0.1904762	0.2333333	0.4	0.2727273	0.125	0.125	0.25	
Pic noir	0.1363636	0.0526316	0.1578947	0.3571429	0.0833333	0.0015	0.097561	0.0416667	0.0357143	0.0512821	0.05	0.0377358	0.0444444	0.0392157	0.1076923	0.1153846	0.1190476	0.1111111	0.0943396	0.0338983	0.0140845	0.0266667	0.0681818	0.0	0.0	0.0015	0.0	0.0526316	0.0	0.0526316	0.0	0.0512821	0.1578947	0.1052632	0.04	0.0	0.0	0.0015	0.03125	0.1428571	0.0526316	0.0238095	0.1666667	0.05	0.0909091	0.0625	0.0833333	0.0625	
Faucon crécerelle	0.1590909	0.2368421	0.1578947	0.0714286	0.0416667	0.0185185	0.097561	0.1041667	0.0892857	0.1025641	0.15	0.1320755	0.1555556	0.2352941	0.1846154	0.0961538	0.1428571	0.0555556	0.0566038	0.0677966	0.1549296	0.0666667	0.2727273	0.0888889	0.0384615	0.2439024	0.125	0.2368421	0.1875	0.1052632	0.28	0.2820513	0.1578947	0.1578947	0.04	0.2058824	0.0	0.2916667	0.21875	0.2142857	0.3157895	0.1428571	0.0333333	0.3	0.2727273	0.375	0.0833333	0.1458333	
Faucon émerillon	0.0	0.0	0.0526316	0.0	0.0	0.0	0.0	0.0	0.0	0.0	0.0	0.0	0.0	0.0	0.0	0.0	0.0	0.0	0.0	0.0	0.0	0.0	0.0	0.0	0.0	0.0	0.0	0.0	0.0	0.0	0.0	0.0	0.0	0.0	0.04	0.0	0.0	0.0	0.03125	0.0357143	0.0526316	0.0	0.0333333	0.0	0.0	0.0	0.0	0.0	
Faucon hobereau	0.0	0.0	0.0	0.0	0.0	0.0	0.0	0.0	0.0	0.0	0.0	0.0	0.0	0.0	0.0307692	0.0961538	0.0238095	0.0555556	0.0566038	0.0084746	0.0140845	0.04	0.0227273	0.0444444	0.1153846	0.0487805	0.0625	0.0526316	0.1875	0.0526316	0.04	0.0769231	0.1052632	0.0526316	0.0	0.0588235	0.0	0.0	0.0	0.0	0.0	0.0	0.0	0.0	0.0	0.0	0.0	0.0	
Faucon pèlerin	0.0	0.0526316	0.0	0.0	0.0	0.0	0.0243902	0.0	0.0	0.025641	0.0	0.0015	0.0	0.0	0.0	0.0192308	0.0	0.0	0.0	0.0	0.0	0.0	0.0	0.0	0.0015	0.0	0.0	0.0	0.0015	0.0	0.0	0.0015	0.0526316	0.0	0.0	0.0	0.0	0.0416667	0.03125	0.0	0.1052632	0.047619	0.0333333	0.0	0.0	0.0	0.0	0.0015	
Falco sp.	0.0	0.0	0.0	0.0	0.0	0.0185185	0.0	0.0	0.0	0.0	0.0	0.0	0.0	0.0	0.0	0.0	0.0	0.0	0.0	0.0	0.0	0.0133333	0.0	0.0	0.0	0.0	0.0	0.0	0.0	0.0	0.0	0.0	0.0	0.0	0.0	0.0	0.0	0.0	0.03125	0.0	0.0526316	0.0	0.0	0.0	0.0	0.0	0.0	0.0	
rapace diurne sp.	0.0	0.0	0.0	0.0	0.0	0.0	0.0	0.0	0.0	0.0	0.0	0.0	0.0	0.0	0.0	0.0	0.0	0.0	0.0	0.0	0.0	0.0133333	0.0	0.0	0.0	0.0	0.0	0.0	0.0	0.0	0.0	0.0	0.0	0.0	0.0	0.0	0.0	0.0	0.0	0.0	0.0	0.0	0.0	0.0	0.0	0.0	0.0	0.0	
Perruche à collier	0.0681818	0.0263158	0.0526316	0.0015	0.0416667	0.0185185	0.0487805	0.0625	0.0535714	0.0512821	0.0666667	0.0943396	0.0015	0.0392157	0.0307692	0.0384615	0.1666667	0.0925926	0.0754717	0.1101695	0.084507	0.0666667	0.0909091	0.0222222	0.0769231	0.1219512	0.0625	0.0263158	0.0625	0.2631579	0.28	0.0769231	0.1052632	0.1578947	0.12	0.1470588	0.2	0.125	0.03125	0.0357143	0.0015	0.1190476	0.2	0.05	0.1818182	0.0625	0.25	0.1666667	
Loriot d'Europe	0.0	0.0	0.0	0.0	0.0	0.0	0.0	0.0	0.0	0.0	0.0	0.0	0.0015	0.0	0.0307692	0.0192308	0.0714286	0.0740741	0.1320755	0.059322	0.0422535	0.0533333	0.1363636	0.0222222	0.0769231	0.0487805	0.03125	0.0789474	0.0015	0.0	0.0	0.0	0.0	0.0	0.0	0.0	0.0	0.0	0.0	0.0	0.0	0.0	0.0	0.0	0.0	0.0	0.0	0.0	
Pie-grièche écorcheur	0.0	0.0	0.0	0.0	0.0	0.0	0.0	0.0	0.0	0.0	0.0	0.0	0.0	0.0	0.0	0.0	0.0	0.0015	0.0754717	0.0508475	0.0140845	0.0266667	0.0681818	0.0222222	0.0384615	0.0243902	0.0	0.0789474	0.0625	0.0526316	0.04	0.025641	0.0	0.0	0.0	0.0	0.0	0.0	0.0	0.0	0.0	0.0	0.0	0.0	0.0	0.0	0.0	0.0	
Pie-grièche grise	0.0	0.0	0.0	0.0	0.0	0.0	0.0	0.0	0.0	0.0	0.0	0.0	0.0	0.0	0.0	0.0	0.0	0.0	0.0	0.0	0.0	0.0	0.0	0.0	0.0	0.0	0.0	0.0	0.0	0.0	0.0	0.0	0.0	0.0	0.0	0.0	0.0	0.0	0.0	0.0	0.0	0.0	0.0	0.0015	0.0	0.0	0.0	0.0	
Geai des chênes	0.4772727	0.3421053	0.3157895	0.5714286	0.2083333	0.1481481	0.0487805	0.1458333	0.1428571	0.1794872	0.1333333	0.1320755	0.2222222	0.2352941	0.2461538	0.1346154	0.2380952	0.1851852	0.1886792	0.1016949	0.2112676	0.12	0.1363636	0.1555556	0.1923077	0.1219512	0.125	0.0789474	0.09375	0.1578947	0.24	0.1794872	0.5789474	0.6315789	0.4	0.3235294	0.5	0.3333333	0.375	0.3928571	0.5263158	0.3333333	0.3	0.45	0.3636364	0.3125	0.125	0.2291667	
Pie bavarde	0.5227273	0.4210526	0.6315789	0.2142857	0.75	0.4814815	0.5853659	0.6458333	0.6428571	0.5897436	0.7	0.6037736	0.4222222	0.6078431	0.4153846	0.5	0.4285714	0.4444444	0.490566	0.3474576	0.4225352	0.28	0.5227273	0.3555556	0.4615385	0.3414634	0.25	0.2631579	0.28125	0.3157895	0.68	0.5128205	0.5789474	0.4736842	0.48	0.4705882	0.6	0.5	0.53125	0.4285714	0.4736842	0.3809524	0.3	0.4	0.5454545	0.3125	0.4583333	0.5208333	
Choucas des tours	0.2045455	0.1578947	0.1052632	0.0015	0.1666667	0.0555556	0.1219512	0.1875	0.1071429	0.1538462	0.1666667	0.1509434	0.0888889	0.0980392	0.0615385	0.0	0.1666667	0.0925926	0.0377358	0.0338983	0.0704225	0.04	0.1590909	0.0666667	0.0769231	0.0243902	0.0	0.0263158	0.0	0.0526316	0.04	0.0512821	0.0526316	0.1052632	0.0	0.1470588	0.0	0.25	0.25	0.25	0.1578947	0.1190476	0.1	0.2	0.0	0.375	0.0416667	0.0625	
Corbeau freux	0.1136364	0.0526316	0.1052632	0.0015	0.125	0.0185185	0.1463415	0.1041667	0.1071429	0.0512821	0.05	0.0754717	0.0015	0.1568627	0.0615385	0.0961538	0.1190476	0.0555556	0.0943396	0.0254237	0.0140845	0.0266667	0.1136364	0.0015	0.0384615	0.0487805	0.03125	0.0263158	0.03125	0.0526316	0.04	0.0769231	0.0	0.0526316	0.12	0.2058824	0.2	0.0416667	0.1875	0.1785714	0.1052632	0.0238095	0.0015	0.0	0.0015	0.0	0.0833333	0.0625	
Corneille noire	0.7954545	0.7631579	0.7894737	0.8571429	0.7083333	0.5185185	0.7317073	0.75	0.5535714	0.6923077	0.7333333	0.7358491	0.6222222	0.8431373	0.6307692	0.6153846	0.7619048	0.6296296	0.7924528	0.4491525	0.6197183	0.6	0.6136364	0.5555556	0.5769231	0.6097561	0.5625	0.6052632	0.625	0.5789474	0.56	0.5641026	0.8421053	0.7894737	0.76	0.8529412	0.9	0.7083333	0.84375	0.8928571	0.7894737	0.6666667	0.8	0.6	0.8181818	0.625	0.5	0.625	
corneille sp.	0.0	0.0	0.0	0.0	0.0	0.0185185	0.0	0.0208333	0.0	0.0	0.0	0.0	0.0	0.0	0.0	0.0	0.0	0.0	0.0188679	0.0	0.0	0.0	0.0	0.0	0.0	0.0	0.0	0.0	0.0	0.0	0.0	0.0	0.0	0.0	0.0	0.0	0.0	0.0	0.0	0.0	0.0526316	0.0	0.0	0.0	0.0	0.0	0.0	0.0208333	
Grand Corbeau	0.0	0.0263158	0.0	0.0	0.0015	0.0	0.0	0.0	0.0	0.0	0.0	0.0	0.0	0.0	0.0	0.0	0.0	0.0015	0.0	0.0	0.0	0.0	0.0227273	0.0	0.0	0.0	0.0	0.0	0.0	0.0	0.0	0.0015	0.0015	0.0	0.04	0.0	0.0	0.0	0.0	0.0	0.0	0.0238095	0.0	0.0	0.0	0.0	0.0	0.0	
Mésange noire	0.0227273	0.0789474	0.1052632	0.0714286	0.125	0.037037	0.1463415	0.125	0.1428571	0.0015	0.0166667	0.0188679	0.0	0.0	0.0	0.0	0.0	0.0	0.0566038	0.0169492	0.0140845	0.0	0.0227273	0.0444444	0.0015	0.0243902	0.0	0.0263158	0.0	0.0	0.0	0.0512821	0.0526316	0.0	0.08	0.0294118	0.0	0.0	0.03125	0.0357143	0.1052632	0.0238095	0.0015	0.0015	0.1818182	0.0625	0.0416667	0.0	
Mésange huppée	0.1363636	0.1315789	0.0526316	0.1428571	0.0416667	0.0555556	0.0243902	0.0208333	0.0535714	0.0	0.0166667	0.0188679	0.0222222	0.0	0.0153846	0.0	0.0015	0.0185185	0.0188679	0.0084746	0.0140845	0.04	0.0909091	0.0222222	0.0384615	0.0	0.0625	0.0526316	0.03125	0.1578947	0.04	0.025641	0.0526316	0.0526316	0.08	0.0	0.0	0.0	0.09375	0.0714286	0.0526316	0.0238095	0.0333333	0.0	0.1818182	0.25	0.0833333	0.0625	
Mésange nonnette	0.4318182	0.4473684	0.3157895	0.5	0.4583333	0.1111111	0.2682927	0.1458333	0.1428571	0.2820513	0.1833333	0.1320755	0.3555556	0.1372549	0.2153846	0.1153846	0.0952381	0.0925926	0.0943396	0.0847458	0.1126761	0.0933333	0.1363636	0.0444444	0.0769231	0.0243902	0.0625	0.1842105	0.21875	0.1578947	0.32	0.3333333	0.4736842	0.3157895	0.48	0.2647059	0.2	0.25	0.09375	0.3214286	0.4210526	0.2619048	0.2666667	0.4	0.3636364	0.25	0.1666667	0.2291667	
Mésange boréale	0.0	0.0	0.0	0.0	0.0	0.0	0.0	0.0	0.0	0.025641	0.0	0.0	0.0	0.0	0.0153846	0.0192308	0.0	0.0	0.0	0.0	0.0	0.0	0.0	0.0	0.0	0.0	0.0	0.0789474	0.0	0.0015	0.0	0.0	0.0526316	0.0	0.0	0.0	0.0	0.0	0.0	0.0357143	0.0	0.0238095	0.0333333	0.0	0.0	0.0	0.0	0.0	
Mésange nonnette ou M. boréale	0.0	0.0	0.0	0.0	0.0	0.0	0.0	0.0	0.0	0.0	0.0166667	0.0	0.0	0.0	0.0153846	0.0	0.0	0.0	0.0	0.0	0.0	0.0	0.0	0.0	0.0	0.0	0.0	0.0	0.0	0.0	0.0	0.0	0.0	0.0	0.0	0.0	0.0	0.0	0.0	0.0	0.0	0.0	0.0	0.0	0.0	0.0	0.0	0.0	
Mésange bleue	0.8409091	0.7368421	0.7368421	0.6428571	1.0	0.6666667	0.8536585	0.7916667	0.8035714	0.7948718	0.7333333	0.6792453	0.7555556	0.7647059	0.6	0.5384615	0.6666667	0.4814815	0.5660377	0.3728814	0.4647887	0.4266667	0.4545455	0.2888889	0.4230769	0.2926829	0.28125	0.3947368	0.46875	0.4736842	0.6	0.3846154	0.8421053	0.6842105	0.56	0.5294118	0.8	0.6666667	0.5	0.6785714	0.6315789	0.5714286	0.5333333	0.75	0.8181818	0.375	0.6666667	0.5625	
Mésange charbonnière	0.8863636	0.6842105	0.5263158	0.7142857	0.9583333	0.5740741	0.7073171	0.6875	0.8214286	0.7179487	0.7833333	0.7924528	0.7333333	0.8039216	0.7076923	0.5769231	0.6904762	0.5555556	0.6415094	0.3559322	0.3802817	0.3866667	0.3409091	0.2222222	0.3461538	0.2682927	0.21875	0.3684211	0.34375	0.4736842	0.76	0.4102564	0.4736842	0.6842105	0.56	0.5294118	0.4	0.625	0.5	0.6071429	0.7368421	0.6428571	0.6	0.65	0.8181818	0.4375	0.5833333	0.5	
Alouette lulu	0.0	0.0	0.0526316	0.0	0.0	0.0015	0.0	0.0	0.0	0.0	0.0	0.0	0.0	0.0	0.0	0.0	0.0	0.0015	0.0	0.0	0.0	0.0	0.0	0.0	0.0	0.0	0.0	0.0	0.0	0.0	0.0	0.0	0.0	0.0	0.0	0.0	0.0	0.125	0.03125	0.0714286	0.1052632	0.0	0.0	0.0	0.0	0.0	0.0	0.0	
Alouette des champs	0.0909091	0.0526316	0.0526316	0.0	0.0	0.0555556	0.0731707	0.1458333	0.0892857	0.1538462	0.1833333	0.1509434	0.1555556	0.2745098	0.1230769	0.25	0.1904762	0.1481481	0.1509434	0.1271186	0.0704225	0.1333333	0.1363636	0.0666667	0.1153846	0.1707317	0.0625	0.0789474	0.0625	0.1052632	0.0	0.025641	0.0	0.1052632	0.0	0.0588235	0.0	0.1666667	0.09375	0.1428571	0.3684211	0.1190476	0.1333333	0.1	0.0909091	0.125	0.0	0.0416667	
Cisticole des joncs	0.0	0.0	0.0	0.0	0.0	0.0	0.0	0.0	0.0	0.0	0.0	0.0188679	0.0	0.0	0.0015	0.0	0.0	0.0	0.0	0.0	0.0	0.0	0.0227273	0.0	0.0	0.0	0.0	0.0	0.0	0.0	0.0	0.0	0.0	0.0	0.0	0.0	0.0	0.0	0.0	0.0	0.0	0.0	0.0	0.0	0.0	0.0	0.0	0.0	
Hypolaïs polyglotte	0.0	0.0	0.0	0.0	0.0	0.0	0.0	0.0	0.0	0.0	0.0	0.0	0.0	0.0	0.0153846	0.0192308	0.1904762	0.2592593	0.1320755	0.1016949	0.0985915	0.16	0.1136364	0.1111111	0.0	0.0731707	0.03125	0.0263158	0.0	0.0	0.0	0.025641	0.0	0.0	0.0	0.0	0.0	0.0	0.0	0.0	0.0	0.0	0.0	0.0	0.0	0.0	0.0	0.0	
Hypolaïs ictérine	0.0	0.0	0.0	0.0	0.0	0.0	0.0	0.0	0.0	0.0	0.0	0.0	0.0	0.0	0.0	0.0192308	0.0	0.0	0.0	0.0084746	0.0	0.0	0.0	0.0	0.0	0.0	0.0	0.0	0.0	0.0	0.0	0.0	0.0	0.0	0.0	0.0	0.0	0.0	0.0	0.0	0.0	0.0	0.0	0.0	0.0	0.0	0.0	0.0	
Phragmite des joncs	0.0	0.0	0.0	0.0	0.0	0.0	0.0	0.0	0.0	0.0	0.0333333	0.0	0.0222222	0.0588235	0.0769231	0.0192308	0.0714286	0.037037	0.1132075	0.0254237	0.0	0.0266667	0.0681818	0.0666667	0.0	0.0	0.0	0.0263158	0.0	0.0	0.0015	0.0	0.0526316	0.0	0.0	0.0	0.0	0.0	0.0	0.0	0.0	0.0	0.0	0.0	0.0	0.0	0.0	0.0	
Rousserolle verderolle	0.0	0.0	0.0	0.0	0.0	0.0	0.0	0.0	0.0	0.0	0.0	0.0	0.0	0.0	0.0	0.0	0.0	0.0185185	0.0566038	0.0677966	0.0140845	0.0533333	0.0681818	0.0222222	0.0769231	0.0243902	0.0	0.0263158	0.0	0.0	0.0	0.0	0.0	0.0	0.0	0.0	0.0	0.0	0.0	0.0	0.0	0.0	0.0	0.0	0.0	0.0	0.0	0.0	
Rousserolle effarvatte	0.0	0.0	0.0	0.0	0.0	0.0	0.0	0.0	0.0	0.0	0.0	0.0	0.0	0.0	0.0153846	0.0384615	0.1190476	0.0740741	0.1698113	0.1610169	0.0422535	0.1333333	0.1818182	0.0888889	0.0769231	0.1219512	0.03125	0.0526316	0.09375	0.1052632	0.04	0.0	0.0	0.0	0.04	0.0588235	0.0	0.0	0.0	0.0	0.0	0.0	0.0	0.0	0.0	0.0	0.0	0.0	
Rousserolle turdoïde	0.0	0.0	0.0	0.0	0.0	0.0	0.0	0.0	0.0	0.0	0.0	0.0	0.0	0.0	0.0	0.0	0.0	0.0	0.0	0.0015	0.0	0.0	0.0227273	0.0	0.0	0.0	0.0	0.0	0.0	0.0526316	0.0	0.0	0.0	0.0	0.0	0.0	0.0	0.0	0.0	0.0	0.0	0.0	0.0	0.0	0.0	0.0	0.0	0.0	
Locustelle luscinioïde	0.0	0.0	0.0	0.0	0.0	0.0	0.0	0.0	0.0	0.0	0.0	0.0	0.0	0.0392157	0.0153846	0.0192308	0.0	0.0185185	0.0566038	0.0169492	0.0	0.0266667	0.0227273	0.0444444	0.0	0.0	0.0	0.0263158	0.0	0.0	0.0	0.0	0.0	0.0	0.0	0.0	0.0	0.0	0.0	0.0	0.0	0.0	0.0	0.0	0.0	0.0	0.0	0.0	
Locustelle tachetée	0.0	0.0	0.0	0.0	0.0	0.0	0.0	0.0	0.0	0.0	0.0	0.0	0.0222222	0.1568627	0.0461538	0.0192308	0.0	0.0185185	0.0188679	0.0084746	0.0140845	0.0	0.0	0.0666667	0.0015	0.0	0.0	0.0015	0.0	0.0	0.0	0.0	0.0	0.0	0.04	0.0	0.0	0.0	0.0	0.0	0.0	0.0	0.0	0.0	0.0	0.0	0.0	0.0	
Hirondelle de rivage	0.0	0.0	0.0	0.0	0.0	0.0	0.0	0.0	0.0	0.0	0.0166667	0.0377358	0.0444444	0.0588235	0.0615385	0.2307692	0.1666667	0.1666667	0.1320755	0.0847458	0.056338	0.08	0.0909091	0.0444444	0.0	0.0243902	0.0625	0.0789474	0.09375	0.0	0.04	0.025641	0.0	0.0	0.0	0.0294118	0.0	0.0	0.0	0.0	0.0	0.0	0.0	0.0	0.0	0.0	0.0	0.0	
Hirondelle rustique	0.0	0.0	0.0526316	0.0	0.0	0.0	0.0	0.0	0.0	0.0	0.0166667	0.1509434	0.1777778	0.4117647	0.3076923	0.25	0.2857143	0.3333333	0.4150943	0.1610169	0.2112676	0.2533333	0.2045455	0.1777778	0.3076923	0.3658537	0.0625	0.5	0.4375	0.2631579	0.36	0.4871795	0.4736842	0.1578947	0.04	0.1764706	0.1	0.125	0.03125	0.0	0.0	0.0	0.0	0.0	0.0	0.0	0.0	0.0	
Hirondelle de fenêtre	0.0	0.0	0.0	0.0	0.0	0.0	0.0	0.0	0.0	0.0	0.0	0.0188679	0.0015	0.1568627	0.1230769	0.0769231	0.1904762	0.2037037	0.1698113	0.2457627	0.1549296	0.2933333	0.1363636	0.0666667	0.3076923	0.2195122	0.15625	0.3684211	0.40625	0.2105263	0.28	0.3589744	0.1578947	0.1578947	0.04	0.1470588	0.0	0.125	0.0	0.0	0.0	0.0	0.0	0.0	0.0	0.0	0.0	0.0	
hirondelle sp.	0.0	0.0	0.0	0.0	0.0	0.0	0.0	0.0	0.0	0.0	0.0	0.0	0.0	0.0	0.0	0.0	0.0	0.0	0.0	0.0	0.0	0.0133333	0.0	0.0	0.0	0.0	0.0	0.0	0.0	0.0	0.0	0.0	0.0	0.0	0.0	0.0	0.0	0.0	0.0	0.0	0.0	0.0	0.0	0.0	0.0	0.0	0.0	0.0	
Pouillot siffleur	0.0	0.0	0.0	0.0	0.0	0.0	0.0	0.0	0.0	0.0	0.0	0.0	0.0	0.0	0.0153846	0.0192308	0.0015	0.0185185	0.0377358	0.0084746	0.028169	0.0015	0.0015	0.0015	0.0	0.0	0.0	0.0	0.03125	0.0	0.0	0.0	0.0	0.0	0.0	0.0	0.0	0.0	0.0	0.0	0.0	0.0	0.0	0.0	0.0	0.0	0.0	0.0	
Pouillot de Bonelli	0.0	0.0	0.0	0.0	0.0	0.0	0.0	0.0	0.0	0.0	0.0	0.0	0.0	0.0	0.0	0.0192308	0.0	0.0	0.0	0.0	0.0	0.0	0.0	0.0	0.0	0.0	0.0	0.0	0.0	0.0	0.0	0.0	0.0	0.0	0.0	0.0	0.0	0.0	0.0	0.0	0.0	0.0	0.0	0.0	0.0	0.0	0.0	0.0	
Pouillot à grands sourcils	0.0	0.0	0.0	0.0	0.0	0.0	0.0	0.0	0.0	0.0	0.0	0.0	0.0	0.0	0.0	0.0	0.0	0.0	0.0	0.0	0.0	0.0	0.0	0.0	0.0	0.0	0.0	0.0	0.0	0.0	0.0	0.0	0.0	0.0	0.0	0.0	0.0	0.0	0.0	0.0015	0.0	0.0	0.0	0.0	0.0	0.0	0.0	0.0	
Pouillot fitis	0.0	0.0	0.0	0.0	0.0	0.0	0.0	0.0	0.0	0.0	0.0	0.0377358	0.1333333	0.2745098	0.2	0.2115385	0.2857143	0.1666667	0.1886792	0.0423729	0.0985915	0.0533333	0.0909091	0.0	0.0384615	0.0	0.0	0.0526316	0.03125	0.0526316	0.12	0.1025641	0.2105263	0.1052632	0.04	0.0294118	0.0	0.0	0.0	0.0357143	0.0	0.0	0.0	0.0	0.0	0.0	0.0	0.0	
Pouillot véloce	0.0227273	0.0263158	0.0	0.0	0.0416667	0.037037	0.097561	0.2916667	0.6607143	0.5641026	0.7833333	0.8113208	0.8444444	0.7843137	0.7076923	0.5192308	0.8333333	0.5185185	0.6415094	0.3813559	0.4507042	0.4933333	0.5681818	0.3555556	0.4615385	0.3658537	0.25	0.4210526	0.4375	0.5789474	0.52	0.5897436	0.6315789	0.6842105	0.56	0.5	0.4	0.3333333	0.21875	0.3214286	0.4210526	0.1428571	0.2	0.25	0.3636364	0.0625	0.0015	0.0833333	
Pouillot fitis ou P. véloce	0.0	0.0	0.0	0.0	0.0	0.0	0.0	0.0	0.0	0.0	0.0	0.0	0.0	0.0	0.0153846	0.0	0.0	0.0	0.0	0.0	0.0	0.0	0.0	0.0	0.0	0.0	0.0	0.0	0.0	0.0	0.0	0.0	0.0	0.0	0.0	0.0	0.0	0.0	0.03125	0.0357143	0.0	0.0	0.0	0.0	0.0	0.0	0.0	0.0	
Bouscarle de Cetti	0.0	0.0263158	0.0	0.0714286	0.1666667	0.037037	0.0	0.0833333	0.0357143	0.025641	0.0666667	0.1320755	0.0888889	0.1176471	0.0769231	0.0576923	0.0714286	0.0740741	0.1132075	0.0847458	0.056338	0.04	0.0681818	0.0666667	0.0	0.0	0.0	0.0263158	0.03125	0.0015	0.0015	0.0512821	0.0526316	0.0	0.08	0.0588235	0.0015	0.0	0.0	0.0714286	0.0526316	0.1428571	0.1	0.05	0.0909091	0.0	0.0	0.0	
Orite à longue queue	0.3863636	0.3947368	0.2105263	0.4285714	0.75	0.3518519	0.3414634	0.375	0.2142857	0.1794872	0.2333333	0.1886792	0.2	0.3137255	0.1230769	0.1730769	0.1190476	0.2037037	0.1509434	0.1186441	0.0985915	0.0533333	0.1818182	0.0888889	0.1153846	0.0731707	0.0625	0.0789474	0.0625	0.0526316	0.16	0.2307692	0.2631579	0.3684211	0.28	0.1764706	0.2	0.375	0.1875	0.2142857	0.4210526	0.3095238	0.2666667	0.45	0.6363636	0.0625	0.0833333	0.2708333	
Fauvette à tête noire	0.0	0.0263158	0.0	0.0	0.0	0.0	0.1463415	0.1458333	0.1964286	0.0769231	0.1666667	0.2830189	0.7555556	0.7647059	0.6923077	0.75	0.7857143	0.6296296	0.7169811	0.4830508	0.4507042	0.5333333	0.6818182	0.4222222	0.6153846	0.4634146	0.3125	0.3684211	0.28125	0.2631579	0.36	0.3333333	0.5789474	0.3157895	0.28	0.1176471	0.1	0.0833333	0.0625	0.0357143	0.0	0.047619	0.0	0.0	0.0	0.0	0.0	0.0208333	
Fauvette des jardins	0.0	0.0	0.0	0.0	0.0	0.0	0.0	0.0	0.0	0.0	0.0	0.0	0.0	0.0	0.0307692	0.2115385	0.2380952	0.2407407	0.1886792	0.0932203	0.1408451	0.1066667	0.1818182	0.1555556	0.0	0.0243902	0.03125	0.0263158	0.0	0.0	0.0	0.025641	0.0	0.0	0.0	0.0	0.0	0.0	0.0	0.0	0.0	0.0	0.0	0.0	0.0	0.0	0.0	0.0	
Fauvette babillarde	0.0	0.0	0.0	0.0	0.0	0.0	0.0	0.0	0.0	0.0	0.0	0.0	0.0	0.0	0.0	0.0192308	0.0	0.0185185	0.0	0.0015	0.0	0.0133333	0.0227273	0.0	0.0	0.0	0.0	0.0	0.0	0.0	0.0	0.0	0.0	0.0	0.0	0.0	0.0	0.0	0.0	0.0	0.0	0.0	0.0	0.0	0.0	0.0	0.0	0.0	
Fauvette grisette	0.0	0.0	0.0	0.0	0.0	0.0	0.0	0.0	0.0	0.0	0.0	0.0	0.0444444	0.2156863	0.2461538	0.2115385	0.3095238	0.2592593	0.3018868	0.220339	0.2535211	0.08	0.2954545	0.2444444	0.0769231	0.1219512	0.09375	0.0526316	0.0625	0.1578947	0.12	0.0769231	0.0526316	0.0526316	0.0	0.0294118	0.0	0.0	0.0	0.0	0.0	0.0	0.0	0.0	0.0	0.0	0.0	0.0	
Roitelet huppé	0.1590909	0.3157895	0.0526316	0.2857143	0.0	0.0740741	0.097561	0.0416667	0.1071429	0.0	0.0015	0.0188679	0.0444444	0.0196078	0.0153846	0.0576923	0.0015	0.0015	0.0015	0.0254237	0.028169	0.04	0.0909091	0.0	0.0769231	0.0243902	0.0	0.0	0.0	0.0526316	0.08	0.025641	0.0526316	0.1052632	0.08	0.0588235	0.1	0.0	0.09375	0.2142857	0.2631579	0.2380952	0.2333333	0.3	0.2727273	0.1875	0.0833333	0.125	
Roitelet à triple bandeau	0.2045455	0.1315789	0.0	0.2142857	0.0416667	0.1296296	0.1219512	0.0833333	0.1607143	0.1794872	0.0833333	0.0943396	0.1555556	0.1568627	0.2	0.0961538	0.1190476	0.0925926	0.1509434	0.0254237	0.028169	0.0533333	0.0454545	0.0015	0.1153846	0.0243902	0.0	0.0526316	0.0	0.0	0.08	0.1282051	0.0526316	0.0	0.16	0.0	0.0	0.0416667	0.0625	0.1071429	0.1052632	0.0238095	0.1	0.2	0.2727273	0.125	0.0	0.0625	
Roitelet huppé ou R. à triple bandeau	0.0	0.0	0.0	0.0	0.0833333	0.0	0.0	0.0	0.0	0.0	0.0	0.0	0.0	0.0	0.0307692	0.0	0.0	0.0	0.0	0.0	0.0	0.0	0.0	0.0	0.0	0.0	0.0	0.0263158	0.03125	0.0	0.0	0.0	0.0	0.0	0.0	0.0	0.0	0.0	0.03125	0.0	0.0	0.0	0.0	0.0	0.0	0.0	0.0	0.0	
Sittelle torchepot	0.4545455	0.3157895	0.2105263	0.5	0.2083333	0.1111111	0.2439024	0.1875	0.1428571	0.3076923	0.2	0.1698113	0.2888889	0.2745098	0.2307692	0.1153846	0.1190476	0.0925926	0.1509434	0.0762712	0.1267606	0.1333333	0.2272727	0.0666667	0.1538462	0.097561	0.125	0.1578947	0.1875	0.2105263	0.28	0.2820513	0.3157895	0.3157895	0.4	0.1764706	0.1	0.2083333	0.15625	0.25	0.4210526	0.3571429	0.3333333	0.35	0.3636364	0.1875	0.2083333	0.2291667	
Grimpereau des bois	0.0015	0.0	0.0	0.0714286	0.0416667	0.0	0.0487805	0.0	0.0015	0.0512821	0.0166667	0.0015	0.0	0.0	0.0461538	0.0	0.0015	0.0	0.0015	0.0	0.0015	0.0	0.0	0.0	0.0	0.0	0.0	0.0	0.0	0.0	0.0	0.0	0.0	0.0	0.0	0.0	0.0	0.0	0.0	0.0	0.0	0.0	0.0	0.0	0.0	0.0	0.0	0.0	
Grimpereau des jardins	0.25	0.2368421	0.1052632	0.4285714	0.4166667	0.1111111	0.3170732	0.2083333	0.2678571	0.3076923	0.2166667	0.1698113	0.2888889	0.3333333	0.2923077	0.2115385	0.2142857	0.2222222	0.3207547	0.2542373	0.2535211	0.1866667	0.1590909	0.1555556	0.3076923	0.0731707	0.125	0.3157895	0.25	0.2105263	0.2	0.3846154	0.2105263	0.2105263	0.24	0.3235294	0.5	0.0833333	0.21875	0.1071429	0.3157895	0.1666667	0.2333333	0.25	0.3636364	0.0625	0.2083333	0.1458333	
Grimpereau des bois ou G. des jardins	0.0	0.0	0.0526316	0.0	0.0416667	0.0185185	0.0	0.0	0.0	0.0	0.0	0.0	0.0	0.0015	0.0153846	0.0	0.0	0.0185185	0.0	0.0	0.0	0.0133333	0.0	0.0	0.0	0.0	0.0	0.0	0.0	0.0	0.0	0.0	0.0	0.0526316	0.0	0.0	0.0	0.0	0.0	0.0	0.0526316	0.0	0.0	0.0	0.0	0.0	0.0	0.0	
Troglodyte mignon	0.6136364	0.5263158	0.5789474	0.4285714	0.375	0.1851852	0.3170732	0.5416667	0.5	0.5384615	0.6166667	0.6226415	0.6	0.5490196	0.4615385	0.5	0.547619	0.3703704	0.5849057	0.3644068	0.2957746	0.36	0.3636364	0.2666667	0.4230769	0.3658537	0.15625	0.1315789	0.25	0.1578947	0.12	0.2051282	0.2105263	0.3157895	0.32	0.2647059	0.5	0.25	0.3125	0.5357143	0.6842105	0.5	0.4666667	0.55	0.7272727	0.375	0.25	0.3958333	
Étourneau sansonnet	0.3863636	0.3157895	0.3157895	0.2142857	0.2916667	0.2592593	0.2926829	0.3541667	0.3392857	0.3333333	0.45	0.3773585	0.3111111	0.5098039	0.2923077	0.2884615	0.5714286	0.3888889	0.5471698	0.2881356	0.2676056	0.32	0.4772727	0.1555556	0.3461538	0.2926829	0.15625	0.2368421	0.15625	0.2631579	0.48	0.3846154	0.3684211	0.2631579	0.32	0.2941176	0.2	0.375	0.59375	0.6071429	0.5263158	0.2857143	0.2333333	0.3	0.2727273	0.375	0.2083333	0.3958333	
Grive draine	0.1590909	0.1842105	0.0	0.1428571	0.0833333	0.0740741	0.097561	0.0625	0.0535714	0.1538462	0.0833333	0.1509434	0.1111111	0.0392157	0.0769231	0.0384615	0.0238095	0.0	0.0377358	0.0169492	0.0140845	0.04	0.0227273	0.0015	0.0	0.0243902	0.0	0.0263158	0.03125	0.0	0.0	0.0	0.0	0.0	0.0	0.0588235	0.1	0.1666667	0.09375	0.1071429	0.2105263	0.1666667	0.1666667	0.2	0.1818182	0.125	0.0833333	0.1458333	
Grive musicienne	0.0909091	0.0789474	0.0526316	0.0714286	0.125	0.1666667	0.3902439	0.3541667	0.2857143	0.2820513	0.3166667	0.1886792	0.4222222	0.3529412	0.2	0.2307692	0.2857143	0.2222222	0.2641509	0.1864407	0.1549296	0.1733333	0.4090909	0.1555556	0.3076923	0.195122	0.125	0.0526316	0.125	0.0526316	0.04	0.0	0.1578947	0.0526316	0.16	0.1470588	0.2	0.0833333	0.1875	0.2142857	0.4210526	0.1666667	0.0333333	0.1	0.0909091	0.25	0.0416667	0.0625	
Grive mauvis	0.1590909	0.2631579	0.1578947	0.3571429	0.375	0.1296296	0.0731707	0.1458333	0.0535714	0.1794872	0.1	0.0566038	0.0	0.0392157	0.0307692	0.0	0.0	0.0	0.0	0.0	0.0	0.0	0.0	0.0	0.0	0.0	0.0	0.0	0.0	0.0	0.0	0.0	0.0	0.0	0.0	0.0	0.0	0.0833333	0.0625	0.2857143	0.3684211	0.2142857	0.1	0.3	0.4545455	0.1875	0.125	0.125	
Merle noir	0.7954545	0.7894737	0.6842105	0.7857143	0.5416667	0.462963	0.6829268	0.6458333	0.6428571	0.7948718	0.7333333	0.6415094	0.8	0.8627451	0.7538462	0.75	0.9047619	0.8518519	0.7924528	0.6779661	0.6197183	0.6133333	0.7272727	0.7333333	0.6923077	0.7073171	0.28125	0.5263158	0.375	0.2631579	0.48	0.4871795	0.5789474	0.4736842	0.36	0.3823529	0.4	0.5	0.65625	0.75	0.8947368	0.6428571	0.5	0.7	0.9090909	0.5	0.7083333	0.6041667	
Grive litorne	0.0681818	0.1052632	0.0015	0.0	0.0	0.0555556	0.0243902	0.0208333	0.0178571	0.025641	0.0	0.0188679	0.0444444	0.0196078	0.0307692	0.0192308	0.0	0.0	0.0	0.0	0.0	0.0	0.0	0.0	0.0	0.0	0.0	0.0	0.0	0.0	0.0	0.0	0.0	0.0	0.0	0.0	0.0	0.0	0.03125	0.0357143	0.1578947	0.0952381	0.0666667	0.1	0.1818182	0.0625	0.0	0.0625	
Merle à plastron	0.0	0.0	0.0	0.0	0.0	0.0	0.0	0.0	0.0	0.0	0.0	0.0	0.0222222	0.0196078	0.0	0.0384615	0.0	0.0	0.0	0.0	0.0	0.0	0.0	0.0	0.0	0.0	0.0	0.0	0.0	0.0	0.0	0.0	0.0	0.0	0.0	0.0	0.0	0.0	0.0	0.0	0.0	0.0	0.0	0.0	0.0	0.0	0.0	0.0	
Turdus sp.	0.0	0.0	0.0	0.0714286	0.0416667	0.0	0.0	0.0	0.0	0.0	0.0	0.0188679	0.0	0.0	0.0	0.0	0.0	0.0	0.0	0.0	0.0	0.0	0.0	0.0	0.0	0.0	0.0	0.0	0.0	0.0	0.0	0.0	0.0	0.0	0.0	0.0	0.0	0.0416667	0.03125	0.0357143	0.0	0.0	0.0	0.0	0.0	0.0	0.0	0.0	
Gobemouche gris	0.0	0.0	0.0	0.0	0.0	0.0	0.0	0.0	0.0	0.0	0.0	0.0	0.0	0.0	0.0	0.0	0.0015	0.037037	0.0566038	0.0254237	0.0	0.08	0.0454545	0.0015	0.0769231	0.097561	0.03125	0.2105263	0.125	0.1052632	0.12	0.1025641	0.1578947	0.0	0.16	0.1176471	0.0	0.0416667	0.0	0.0	0.0	0.0	0.0	0.0	0.0	0.0	0.0	0.0	
Rougegorge familier	0.8181818	0.6842105	0.7368421	0.7142857	0.9166667	0.6111111	0.7560976	0.7916667	0.7678571	0.7179487	0.65	0.6981132	0.7777778	0.8039216	0.5846154	0.5384615	0.7380952	0.537037	0.5471698	0.3559322	0.4788732	0.3466667	0.4090909	0.2	0.4230769	0.3414634	0.15625	0.2894737	0.28125	0.2105263	0.24	0.3846154	0.6842105	0.6315789	0.56	0.7058824	0.8	0.7916667	0.71875	0.7142857	0.8421053	0.6666667	0.6	0.7	0.7272727	0.375	0.625	0.5208333	
Rossignol philomèle	0.0	0.0	0.0	0.0	0.0	0.0	0.0	0.0	0.0	0.0	0.0	0.0	0.0222222	0.3333333	0.3230769	0.4038462	0.6190476	0.3703704	0.3962264	0.1779661	0.2112676	0.1333333	0.1590909	0.0222222	0.0384615	0.0243902	0.03125	0.0	0.0	0.0	0.0	0.0	0.0	0.0	0.0	0.0	0.0	0.0	0.0	0.0	0.0	0.0	0.0	0.0	0.0	0.0	0.0	0.0	
Gorgebleue à miroir	0.0	0.0	0.0	0.0	0.0	0.0	0.0	0.0	0.0	0.025641	0.05	0.0188679	0.0222222	0.0392157	0.0153846	0.0192308	0.0714286	0.0185185	0.0377358	0.0169492	0.0	0.0	0.0227273	0.0444444	0.0	0.0	0.0	0.0263158	0.0015	0.0526316	0.04	0.0	0.0	0.0	0.0	0.0	0.0	0.0	0.0	0.0	0.0	0.0	0.0	0.0	0.0	0.0	0.0	0.0	
Gobemouche noir	0.0	0.0	0.0	0.0	0.0	0.0	0.0	0.0	0.0	0.0	0.0	0.0	0.0015	0.0588235	0.0615385	0.0384615	0.047619	0.1111111	0.1132075	0.0084746	0.0422535	0.0015	0.0	0.0	0.0	0.0	0.03125	0.0263158	0.0	0.0	0.04	0.1025641	0.1578947	0.1052632	0.0	0.0	0.0	0.0416667	0.0	0.0	0.0	0.0	0.0	0.0	0.0	0.0	0.0	0.0	
Rougequeue à front blanc	0.0	0.0	0.0	0.0	0.0	0.0	0.0	0.0	0.0	0.0	0.0	0.0	0.0222222	0.1176471	0.1384615	0.0769231	0.2142857	0.1481481	0.0566038	0.0677966	0.084507	0.08	0.0454545	0.0	0.1923077	0.0	0.0	0.0263158	0.0	0.0	0.0	0.0512821	0.2105263	0.0015	0.0015	0.0588235	0.0	0.0416667	0.0	0.0	0.0	0.0	0.0	0.0	0.0	0.0	0.0	0.0	
Rougequeue noir	0.0	0.0015	0.0	0.0	0.0416667	0.037037	0.0731707	0.0625	0.2142857	0.2051282	0.1333333	0.3396226	0.1333333	0.4509804	0.2923077	0.25	0.1666667	0.2592593	0.2075472	0.1440678	0.2394366	0.12	0.1136364	0.0666667	0.0384615	0.1219512	0.0015	0.0789474	0.15625	0.2105263	0.28	0.1282051	0.0526316	0.0526316	0.0015	0.1470588	0.3	0.2083333	0.28125	0.1428571	0.1052632	0.0	0.0015	0.0	0.0	0.0	0.0416667	0.0	
Tarier des prés	0.0	0.0	0.0	0.0	0.0	0.0	0.0	0.0	0.0	0.0	0.0	0.0	0.0	0.0015	0.0	0.0384615	0.0238095	0.0015	0.0754717	0.0169492	0.0140845	0.0	0.0	0.0444444	0.0	0.0	0.0	0.0263158	0.0	0.0	0.04	0.0769231	0.0015	0.0	0.0	0.0294118	0.0	0.0	0.0	0.0	0.0	0.0	0.0	0.0	0.0	0.0	0.0	0.0	
Tarier pâtre	0.0227273	0.0263158	0.0	0.0	0.0	0.0	0.0243902	0.0208333	0.0357143	0.025641	0.05	0.0377358	0.0222222	0.0588235	0.0769231	0.0961538	0.1190476	0.0555556	0.0377358	0.0508475	0.0140845	0.0533333	0.0454545	0.0888889	0.0015	0.0731707	0.03125	0.0789474	0.03125	0.0	0.0	0.0769231	0.0526316	0.1052632	0.04	0.0	0.1	0.0833333	0.0	0.1071429	0.1052632	0.0714286	0.0	0.0	0.0	0.0	0.0	0.0208333	
Traquet motteux	0.0	0.0	0.0	0.0	0.0	0.0	0.0	0.0	0.0	0.0	0.0	0.0	0.0	0.0392157	0.0015	0.0384615	0.047619	0.0	0.0	0.0	0.0	0.0	0.0	0.0	0.0	0.0	0.0	0.0	0.0	0.0	0.04	0.0	0.0526316	0.0	0.0015	0.0	0.0	0.0	0.0	0.0	0.0	0.0	0.0	0.0	0.0	0.0	0.0	0.0	
Accenteur mouchet	0.1363636	0.1842105	0.0526316	0.1428571	0.1666667	0.3518519	0.2926829	0.4375	0.4821429	0.3076923	0.4	0.4528302	0.4	0.4705882	0.2307692	0.1346154	0.3095238	0.2222222	0.3207547	0.1016949	0.1830986	0.1333333	0.1590909	0.0666667	0.1153846	0.0487805	0.0625	0.0789474	0.0625	0.1052632	0.16	0.0769231	0.1578947	0.2631579	0.0015	0.1470588	0.2	0.0416667	0.21875	0.2142857	0.2631579	0.1428571	0.1	0.35	0.4545455	0.125	0.1666667	0.1458333	
Moineau domestique	0.1590909	0.1842105	0.2631579	0.1428571	0.4166667	0.4444444	0.4390244	0.5	0.5178571	0.4102564	0.4333333	0.5283019	0.3333333	0.4509804	0.3846154	0.3653846	0.2380952	0.3518519	0.3773585	0.3474576	0.4366197	0.3866667	0.2954545	0.3333333	0.3461538	0.4390244	0.40625	0.4210526	0.34375	0.3157895	0.52	0.3333333	0.0526316	0.0015	0.12	0.2058824	0.3	0.25	0.34375	0.1428571	0.1052632	0.1904762	0.1	0.15	0.0909091	0.25	0.375	0.2291667	
Moineau friquet	0.0	0.0	0.0	0.0	0.0	0.0185185	0.0243902	0.0208333	0.0357143	0.0	0.1	0.0	0.0	0.0	0.0	0.0	0.0	0.0	0.0	0.0	0.0140845	0.0	0.0	0.0	0.0	0.0	0.0	0.0	0.0	0.0	0.0015	0.025641	0.0	0.0	0.0	0.0	0.0	0.0	0.0	0.0	0.0	0.0	0.0666667	0.05	0.0	0.0	0.0	0.0	
Bergeronnette des ruisseaux	0.0454545	0.0789474	0.1052632	0.0015	0.2083333	0.0925926	0.0	0.2083333	0.1607143	0.1794872	0.0833333	0.1320755	0.0444444	0.1372549	0.1076923	0.0015	0.0238095	0.037037	0.0943396	0.059322	0.0704225	0.0933333	0.0227273	0.0444444	0.0769231	0.0487805	0.0625	0.0789474	0.0625	0.0526316	0.0015	0.0769231	0.0526316	0.2631579	0.08	0.1764706	0.1	0.125	0.1875	0.1785714	0.0526316	0.047619	0.1666667	0.1	0.1818182	0.0625	0.0416667	0.0015	
Bergeronnette printanière	0.0	0.0	0.0	0.0	0.0	0.0	0.0	0.0	0.0	0.0	0.0166667	0.0566038	0.0	0.1372549	0.0923077	0.2692308	0.1428571	0.037037	0.1132075	0.0254237	0.056338	0.0133333	0.0681818	0.0	0.0384615	0.0731707	0.0625	0.0526316	0.0	0.0526316	0.08	0.1282051	0.3684211	0.1052632	0.12	0.0294118	0.1	0.0416667	0.0	0.0	0.0	0.0	0.0	0.0	0.0	0.0	0.0	0.0	
Bergeronnette grise	0.0	0.0526316	0.0	0.0714286	0.0	0.0555556	0.0487805	0.1458333	0.1428571	0.2820513	0.4166667	0.4150943	0.1777778	0.4509804	0.1846154	0.3269231	0.2857143	0.1481481	0.3396226	0.2288136	0.2112676	0.2533333	0.2045455	0.1555556	0.2692308	0.3414634	0.1875	0.3421053	0.15625	0.0526316	0.12	0.2820513	0.3684211	0.3684211	0.24	0.4117647	0.3	0.375	0.34375	0.25	0.2631579	0.2142857	0.0333333	0.1	0.0909091	0.0	0.0	0.0416667	
bergeronette sp.	0.0	0.0	0.0	0.0	0.0	0.0	0.0	0.0	0.0	0.0	0.0	0.0	0.0	0.0	0.0	0.0	0.0	0.0	0.0	0.0	0.0	0.0	0.0	0.0	0.0	0.0	0.0	0.0	0.0	0.0	0.0	0.0	0.0	0.0	0.0	0.0	0.0	0.0416667	0.0	0.0	0.0	0.0	0.0	0.0	0.0	0.0	0.0	0.0	
Pipit rousseline	0.0	0.0	0.0	0.0	0.0	0.0	0.0	0.0	0.0	0.0	0.0	0.0	0.0	0.0	0.0	0.0	0.0	0.0	0.0	0.0	0.0	0.0	0.0	0.0	0.0	0.0	0.0	0.0	0.0	0.0	0.0	0.025641	0.0	0.0015	0.0	0.0	0.0	0.0	0.0	0.0	0.0	0.0	0.0	0.0	0.0	0.0	0.0	0.0	
Pipit farlouse	0.0909091	0.0789474	0.0526316	0.0	0.0	0.0555556	0.0243902	0.0	0.0	0.025641	0.1	0.0566038	0.0444444	0.1568627	0.0461538	0.0384615	0.0238095	0.0	0.0188679	0.0084746	0.0	0.0	0.0	0.0666667	0.0	0.0	0.0	0.0	0.0	0.0	0.0	0.0	0.0	0.0	0.04	0.1764706	0.0	0.1666667	0.15625	0.1785714	0.3684211	0.1904762	0.1	0.05	0.2727273	0.1875	0.0	0.0625	
Pipit des arbres	0.0	0.0	0.0	0.0	0.0	0.0	0.0	0.0	0.0	0.0	0.0	0.0	0.0444444	0.0784314	0.0923077	0.1153846	0.1666667	0.0925926	0.0943396	0.0423729	0.084507	0.04	0.1818182	0.0222222	0.0	0.0243902	0.0625	0.0	0.0	0.0015	0.0	0.0512821	0.0526316	0.0526316	0.0015	0.1176471	0.0	0.0	0.0	0.0	0.0	0.0	0.0	0.0	0.0	0.0	0.0	0.0	
Pipit spioncelle	0.0227273	0.0789474	0.1578947	0.0714286	0.0416667	0.037037	0.0731707	0.0	0.0	0.0512821	0.0666667	0.0566038	0.0222222	0.0	0.0	0.0	0.0	0.0	0.0	0.0	0.0	0.0	0.0	0.0	0.0	0.0	0.0	0.0	0.0	0.0	0.0	0.0	0.0	0.0	0.0	0.0	0.0	0.0	0.0	0.1428571	0.1052632	0.1190476	0.1	0.15	0.2727273	0.0625	0.0	0.0625	
Anthus sp.	0.0	0.0	0.0	0.0	0.0	0.0	0.0	0.0	0.0	0.0	0.0	0.0188679	0.0	0.0	0.0	0.0	0.0	0.0	0.0	0.0	0.0	0.0	0.0	0.0	0.0	0.0	0.0	0.0	0.0	0.0	0.0	0.0	0.0	0.0	0.0	0.0	0.0	0.0	0.0	0.0	0.0	0.0	0.0	0.0	0.0	0.0	0.0	0.0	
Pinson des arbres	0.75	0.6315789	0.5263158	0.8571429	0.7083333	0.5925926	0.6829268	0.625	0.8214286	0.7179487	0.7833333	0.6603774	0.7777778	0.7254902	0.6153846	0.7307692	0.7857143	0.6851852	0.6226415	0.4915254	0.5774648	0.6266667	0.7045455	0.5777778	0.6153846	0.6585366	0.625	0.4473684	0.3125	0.2631579	0.28	0.3333333	0.7368421	0.7894737	0.48	0.3235294	0.5	0.5416667	0.5625	0.75	0.6842105	0.6666667	0.5666667	0.7	0.8181818	0.4375	0.5416667	0.4791667	
Pinson du Nord	0.1818182	0.1052632	0.0	0.2142857	0.0833333	0.0185185	0.0015	0.0416667	0.0357143	0.0769231	0.0333333	0.0015	0.0015	0.0196078	0.0	0.0	0.0	0.0	0.0	0.0	0.0	0.0	0.0	0.0	0.0	0.0	0.0	0.0	0.0	0.0	0.0	0.0	0.0	0.0	0.0	0.0	0.0	0.0	0.09375	0.1785714	0.3157895	0.2619048	0.1666667	0.2	0.1818182	0.0	0.0	0.0015	
Grosbec casse-noyaux	0.25	0.2631579	0.2105263	0.1428571	0.0833333	0.0185185	0.1463415	0.1666667	0.0357143	0.0512821	0.1	0.0377358	0.1111111	0.0784314	0.0923077	0.0384615	0.047619	0.037037	0.0188679	0.0169492	0.028169	0.0133333	0.0227273	0.0222222	0.1153846	0.0	0.03125	0.0	0.0	0.0	0.04	0.0	0.0015	0.0	0.04	0.0015	0.0	0.0416667	0.03125	0.1071429	0.2105263	0.0714286	0.1333333	0.1	0.2727273	0.0015	0.0416667	0.0	
Bouvreuil pivoine	0.1818182	0.0789474	0.0	0.1428571	0.0833333	0.0555556	0.0015	0.0625	0.0178571	0.0015	0.0666667	0.0566038	0.0222222	0.1372549	0.0923077	0.1346154	0.1190476	0.037037	0.0566038	0.0169492	0.0140845	0.0266667	0.0227273	0.0444444	0.0	0.0243902	0.0	0.0263158	0.09375	0.0	0.04	0.0769231	0.1578947	0.0526316	0.0	0.0294118	0.0	0.0416667	0.03125	0.2142857	0.2631579	0.1428571	0.1	0.0	0.3636364	0.125	0.0416667	0.0416667	
Verdier d'Europe	0.1818182	0.1578947	0.0526316	0.1428571	0.2083333	0.1851852	0.2926829	0.25	0.1964286	0.2564103	0.2333333	0.2264151	0.2666667	0.2745098	0.2307692	0.1346154	0.1190476	0.2222222	0.1886792	0.1101695	0.084507	0.2133333	0.0909091	0.0444444	0.1923077	0.0487805	0.09375	0.2105263	0.15625	0.0526316	0.24	0.1538462	0.0526316	0.1052632	0.08	0.0	0.0015	0.2083333	0.0625	0.1428571	0.2105263	0.1428571	0.0333333	0.3	0.0909091	0.125	0.0833333	0.0416667	
Linotte mélodieuse	0.0227273	0.1052632	0.0526316	0.0	0.0416667	0.0555556	0.0	0.0208333	0.0357143	0.0512821	0.15	0.1132075	0.0888889	0.3333333	0.1538462	0.25	0.0952381	0.1296296	0.1320755	0.1101695	0.0985915	0.1333333	0.0681818	0.1111111	0.0769231	0.2195122	0.125	0.1842105	0.15625	0.1052632	0.2	0.2051282	0.1578947	0.1578947	0.12	0.1470588	0.2	0.2083333	0.09375	0.1785714	0.3157895	0.1428571	0.0333333	0.05	0.1818182	0.0625	0.0	0.0208333	
Sizerin flammé	0.0	0.0263158	0.1052632	0.0015	0.0015	0.0185185	0.0	0.0	0.0	0.0	0.0	0.0188679	0.0	0.0	0.0461538	0.0015	0.0	0.0	0.0	0.0	0.0	0.0	0.0	0.0	0.0	0.0	0.0	0.0	0.0	0.0	0.0	0.0	0.0	0.0	0.0	0.0	0.0	0.0	0.0	0.0	0.0526316	0.047619	0.1	0.05	0.1818182	0.0	0.0416667	0.0015	
Bec-croisé des sapins	0.0227273	0.0	0.0526316	0.0	0.0015	0.0015	0.0015	0.0208333	0.0015	0.025641	0.0	0.0	0.0	0.0	0.0153846	0.0	0.0	0.0	0.0	0.0	0.0	0.0	0.0	0.0	0.0015	0.0	0.0	0.0	0.0	0.0	0.0	0.0	0.0	0.0	0.0	0.0	0.0	0.0	0.0	0.0	0.0015	0.0238095	0.0	0.0	0.0	0.0625	0.0	0.0	
Chardonneret élégant	0.3181818	0.1842105	0.3684211	0.2142857	0.625	0.2962963	0.4878049	0.3958333	0.3214286	0.1794872	0.2166667	0.3018868	0.1777778	0.254902	0.2	0.2115385	0.0952381	0.1481481	0.1886792	0.0762712	0.0985915	0.16	0.25	0.1111111	0.2307692	0.1463415	0.21875	0.2631579	0.1875	0.1578947	0.28	0.3076923	0.3157895	0.1052632	0.08	0.1470588	0.1	0.2083333	0.4375	0.3928571	0.4210526	0.2619048	0.1333333	0.5	0.4545455	0.1875	0.1666667	0.2291667	
Serin cini	0.0	0.0	0.0	0.0	0.0	0.0185185	0.0243902	0.2916667	0.375	0.2564103	0.1	0.1509434	0.0888889	0.0588235	0.1230769	0.0384615	0.047619	0.0185185	0.0188679	0.0169492	0.056338	0.04	0.0681818	0.0222222	0.1153846	0.0243902	0.0015	0.0	0.0015	0.0	0.0	0.0	0.0	0.0526316	0.04	0.0294118	0.0	0.0	0.0	0.0357143	0.0	0.0	0.0	0.0	0.0	0.0	0.0	0.0015	
Tarin des aulnes	0.2954545	0.2368421	0.4736842	0.1428571	0.2083333	0.0185185	0.0731707	0.1041667	0.1071429	0.025641	0.0833333	0.0377358	0.0	0.0	0.0153846	0.0	0.0	0.0	0.0	0.0	0.0	0.0	0.0	0.0	0.0	0.0	0.0	0.0	0.0	0.0	0.0	0.0	0.0	0.0	0.0	0.0	0.2	0.0416667	0.09375	0.2857143	0.4210526	0.2619048	0.3333333	0.3	0.4545455	0.0625	0.125	0.0625	
Bruant proyer	0.0227273	0.0	0.0	0.0	0.0	0.0	0.0	0.0	0.0	0.0512821	0.0333333	0.0015	0.0	0.1176471	0.0153846	0.0384615	0.047619	0.0740741	0.1320755	0.0508475	0.0140845	0.0266667	0.0681818	0.0666667	0.0384615	0.0243902	0.0	0.0	0.0	0.0	0.04	0.0512821	0.0	0.0	0.0	0.0	0.0	0.0	0.0	0.0357143	0.0526316	0.0	0.0	0.0	0.0	0.0625	0.0	0.0	
Bruant zizi	0.0	0.0	0.0	0.0	0.0	0.0	0.0	0.0	0.0	0.0	0.0166667	0.0	0.0	0.0196078	0.0015	0.0192308	0.0	0.0	0.0	0.0084746	0.0	0.0015	0.0	0.0222222	0.0	0.0	0.03125	0.0	0.03125	0.0	0.0	0.0	0.0	0.0	0.0	0.0	0.0	0.0	0.0	0.0	0.0	0.0	0.0	0.0	0.0	0.0	0.0	0.0	
Bruant jaune	0.0454545	0.1052632	0.0	0.0	0.0416667	0.0185185	0.0	0.0	0.0357143	0.025641	0.0333333	0.0015	0.0444444	0.1176471	0.0461538	0.0576923	0.0952381	0.0740741	0.0566038	0.0677966	0.0140845	0.0533333	0.0227273	0.1111111	0.0769231	0.097561	0.09375	0.0789474	0.0625	0.1052632	0.04	0.025641	0.1052632	0.0526316	0.0	0.0	0.0	0.0	0.0625	0.1071429	0.2105263	0.047619	0.0	0.0	0.0	0.0625	0.0	0.0208333	
Bruant ortolan	0.0	0.0	0.0	0.0	0.0	0.0	0.0	0.0	0.0	0.0	0.0	0.0	0.0	0.0	0.0	0.0192308	0.0	0.0	0.0	0.0	0.0	0.0	0.0	0.0	0.0	0.0	0.0	0.0	0.0	0.0	0.0	0.0	0.0	0.0	0.0	0.0	0.0	0.0	0.0	0.0	0.0	0.0	0.0	0.0	0.0	0.0	0.0	0.0	
Bruant des roseaux	0.0909091	0.1315789	0.1578947	0.0714286	0.0	0.037037	0.0	0.0625	0.0178571	0.0769231	0.1833333	0.0566038	0.0444444	0.0784314	0.0461538	0.0769231	0.0238095	0.0185185	0.0754717	0.0423729	0.0140845	0.0	0.0681818	0.1333333	0.0384615	0.0	0.0	0.0263158	0.03125	0.0	0.0	0.025641	0.0	0.0526316	0.0	0.0588235	0.0	0.0416667	0.0625	0.2142857	0.2631579	0.1666667	0.0666667	0.2	0.2727273	0.125	0.0833333	0.0625	
Emberiza sp.	0.0	0.0	0.0	0.0	0.0	0.0	0.0	0.0	0.0	0.0	0.0	0.0	0.0	0.0	0.0	0.0	0.0	0.0	0.0	0.0	0.0	0.0133333	0.0	0.0	0.0	0.0	0.0	0.0	0.0	0.0	0.0	0.0	0.0	0.0	0.0	0.0	0.0	0.0	0.0	0.0	0.0	0.0	0.0	0.0	0.0	0.0	0.0	0.0	
passereau sp.	0.0	0.0	0.0	0.0	0.0	0.0185185	0.0	0.0	0.0	0.0015	0.0	0.0	0.0	0.0	0.0	0.0	0.0	0.0	0.0	0.0	0.0	0.0	0.0	0.0	0.0	0.0	0.0	0.0263158	0.0	0.0	0.0	0.0	0.0	0.0	0.0	0.0	0.0	0.0	0.0	0.0357143	0.0	0.0	0.0	0.0	0.0	0.0	0.0	0.0	

