









Frequency of observations in the selected location(s).:
Number of taxa: 	277

	Jan				Feb				Mar				Apr				May				Jun				Jul				Aug				Sep				Oct				Nov				Dec				
Sample Size:	19.0	25.0	20.0	20.0	7.0	24.0	28.0	10.0	41.0	20.0	33.0	49.0	56.0	90.0	78.0	86.0	101.0	105.0	92.0	158.0	111.0	77.0	87.0	113.0	70.0	97.0	64.0	96.0	100.0	76.0	54.0	58.0	39.0	39.0	48.0	43.0	46.0	60.0	37.0	50.0	23.0	25.0	15.0	21.0	11.0	7.0	4.0	28.0	

Dendrocygne fauve	0.0	0.0	0.0	0.0	0.0	0.0	0.0	0.0	0.0	0.0	0.0	0.0	0.0	0.0	0.0	0.0	0.0	0.0	0.0	0.0	0.0	0.0	0.0	0.0	0.0	0.0	0.0	0.0	0.0	0.0	0.0	0.0	0.0	0.0	0.0	0.0	0.0	0.0	0.0	0.02	0.0	0.0	0.0	0.0	0.0	0.0	0.0	0.0	
Oie cendrée	0.0	0.0	0.05	0.05	0.1428571	0.0	0.1428571	0.0	0.0731707	0.0	0.0606061	0.0	0.0178571	0.0111111	0.0128205	0.0116279	0.0015	0.0190476	0.0108696	0.0063291	0.0	0.012987	0.0114943	0.0088496	0.0	0.0	0.0	0.0208333	0.0	0.0	0.0	0.0	0.025641	0.0	0.0208333	0.0	0.0	0.0833333	0.027027	0.04	0.0	0.04	0.1333333	0.0	0.0	0.0	0.0	0.0	
Anser sp. (forme domestique)	0.0	0.0	0.0	0.0	0.0	0.0	0.0	0.0	0.0	0.0	0.0	0.0	0.0	0.0	0.0128205	0.0	0.0	0.0	0.0	0.0	0.0	0.0	0.0	0.0015	0.0	0.0	0.0	0.0	0.0	0.0	0.0	0.0	0.0	0.025641	0.0	0.0	0.0217391	0.0	0.0	0.0	0.0	0.0	0.0	0.0	0.0	0.0	0.0	0.0	
Bernache du Canada	0.0	0.0	0.0	0.05	0.0	0.0	0.0	0.0	0.0	0.0	0.0	0.0	0.0	0.0	0.0	0.0	0.0	0.0	0.0	0.0	0.0	0.0	0.0	0.0	0.0	0.0	0.0	0.0	0.0	0.0	0.0	0.0	0.0	0.0	0.0	0.0	0.0	0.0	0.0	0.0	0.0	0.0	0.0	0.0	0.0	0.0	0.0	0.0	
Cygne tuberculé	0.2105263	0.12	0.2	0.4	0.2857143	0.25	0.3214286	0.1	0.1219512	0.25	0.2121212	0.1428571	0.125	0.0555556	0.0897436	0.0930233	0.0594059	0.0857143	0.0543478	0.056962	0.0630631	0.0909091	0.0574713	0.0176991	0.0714286	0.0412371	0.078125	0.0104167	0.05	0.0526316	0.1666667	0.0689655	0.1025641	0.2051282	0.1666667	0.1395349	0.1086957	0.15	0.0810811	0.12	0.3043478	0.12	0.2666667	0.2857143	0.2727273	0.2857143	0.0	0.2142857	
Cygne noir	0.0015	0.0	0.0	0.0	0.0	0.0	0.0	0.0	0.0	0.0	0.0	0.0	0.0178571	0.0	0.0	0.0	0.0	0.0	0.0	0.0015	0.009009	0.0	0.0	0.0	0.0	0.0	0.0	0.0	0.0	0.0	0.0	0.0	0.0	0.0	0.0208333	0.0232558	0.0	0.0	0.0	0.0	0.0434783	0.0	0.0	0.0	0.0	0.0	0.0	0.0	
Cygne de Bewick	0.0	0.0	0.0	0.05	0.0	0.2083333	0.0	0.0	0.0	0.0	0.0	0.0	0.0	0.0	0.0	0.0	0.0	0.0	0.0	0.0	0.0	0.0	0.0	0.0	0.0	0.0	0.0	0.0	0.0	0.0	0.0	0.0	0.0	0.0	0.0	0.0	0.0	0.0	0.0	0.0	0.0	0.0	0.0	0.0	0.0	0.0	0.0	0.0	
Ouette d'Égypte	0.0	0.0	0.0	0.0	0.0	0.0	0.0357143	0.0	0.0	0.0	0.0	0.0	0.0	0.0	0.0	0.0	0.0	0.0	0.0	0.0	0.0	0.0	0.0	0.0	0.0	0.0	0.0	0.0	0.0	0.0	0.0	0.0	0.0	0.0	0.0	0.0	0.0	0.0	0.0	0.0	0.0	0.0	0.0	0.0	0.0	0.0	0.0	0.0	
Tadorne casarca	0.0	0.0	0.0	0.0	0.0	0.0	0.0	0.0	0.0243902	0.0	0.0	0.0	0.0	0.0	0.0	0.0	0.0	0.0	0.0	0.0063291	0.0	0.0	0.0	0.0	0.0	0.0	0.0	0.0	0.0	0.0	0.0	0.0	0.0	0.0	0.0	0.0232558	0.0217391	0.0166667	0.0	0.0	0.0	0.0	0.0	0.0	0.0	0.1428571	0.0	0.0	
Tadorne de Belon	0.0	0.0	0.0	0.15	0.0	0.0833333	0.1071429	0.0	0.0487805	0.0	0.030303	0.0204082	0.0357143	0.0111111	0.0	0.0116279	0.0015	0.0	0.0	0.0	0.0	0.0	0.0	0.0	0.0	0.0	0.0	0.0	0.0	0.0	0.0	0.0	0.0	0.025641	0.0208333	0.0	0.0	0.0	0.0	0.0	0.0	0.0	0.0	0.047619	0.0909091	0.1428571	0.0	0.0	
Canard musqué	0.0	0.0	0.0	0.0	0.0	0.0416667	0.0	0.0	0.0	0.0	0.0	0.0	0.0	0.0	0.0	0.0	0.0	0.0	0.0	0.0	0.018018	0.0	0.0	0.0	0.0	0.0	0.0	0.0015	0.0	0.0131579	0.0	0.0	0.0	0.0	0.0	0.0	0.0	0.0	0.0	0.0	0.0	0.0	0.0	0.047619	0.0	0.0	0.0	0.1071429	
Canard mandarin	0.0	0.0	0.0	0.0	0.0	0.0416667	0.0	0.0	0.0	0.0	0.0	0.0	0.0	0.0	0.0128205	0.0	0.0	0.0	0.0	0.0	0.0	0.0	0.0	0.0	0.0	0.0	0.0	0.0	0.0	0.0	0.0	0.0	0.0	0.0	0.0	0.0	0.0	0.0	0.0	0.0	0.0	0.0	0.0	0.0	0.0	0.0	0.0	0.0	
Sarcelle d'été	0.0	0.0	0.0	0.0	0.0	0.0	0.0	0.0	0.0731707	0.05	0.0015	0.0612245	0.0892857	0.0444444	0.0384615	0.0	0.0	0.0	0.0108696	0.0063291	0.0	0.0	0.0	0.0	0.0	0.0	0.0	0.0104167	0.0	0.0	0.0	0.0	0.0	0.025641	0.0208333	0.0	0.0	0.0	0.0	0.0	0.0	0.0	0.0	0.0	0.0	0.0	0.0	0.0	
Sarcelle cannelle	0.0	0.0	0.0	0.0	0.0	0.0	0.0	0.0	0.0	0.0	0.0	0.0	0.0	0.0	0.0	0.0	0.0	0.0	0.0	0.0	0.0	0.0	0.0	0.0	0.0	0.0	0.0	0.0	0.0	0.0	0.0	0.0	0.0	0.0	0.0	0.0	0.0	0.0	0.0	0.0	0.0434783	0.0	0.0	0.0	0.0	0.0	0.0	0.0	
Canard souchet	0.1052632	0.12	0.1	0.4	0.2857143	0.2083333	0.25	0.1	0.1219512	0.05	0.1818182	0.0612245	0.0535714	0.0444444	0.025641	0.0116279	0.0015	0.0	0.0	0.0126582	0.009009	0.0	0.0114943	0.0	0.0	0.0	0.0	0.0	0.01	0.0131579	0.0740741	0.0344828	0.025641	0.0	0.0625	0.0465116	0.0652174	0.0833333	0.0810811	0.08	0.173913	0.16	0.2666667	0.1904762	0.2727273	0.2857143	0.0	0.1785714	
Canard chipeau	0.2631579	0.16	0.05	0.2	0.1428571	0.2083333	0.25	0.0	0.0731707	0.05	0.1212121	0.0612245	0.0178571	0.0111111	0.0512821	0.0232558	0.0015	0.0190476	0.0	0.0253165	0.009009	0.012987	0.0	0.0088496	0.0	0.0	0.0	0.0104167	0.01	0.0131579	0.037037	0.0172414	0.025641	0.0769231	0.1666667	0.1162791	0.0869565	0.0833333	0.027027	0.08	0.0434783	0.04	0.2666667	0.1904762	0.0909091	0.2857143	0.0	0.1428571	
Canard siffleur	0.0015	0.04	0.05	0.05	0.0	0.2083333	0.0714286	0.0	0.0	0.0	0.0909091	0.0	0.0178571	0.0	0.0	0.0	0.0	0.0	0.0	0.0	0.009009	0.012987	0.0	0.0	0.0	0.0	0.0	0.0	0.01	0.0	0.0	0.0344828	0.0	0.1025641	0.0208333	0.0232558	0.0652174	0.0833333	0.027027	0.06	0.0869565	0.04	0.1333333	0.0952381	0.0909091	0.1428571	0.0	0.1071429	
Canard colvert	0.4210526	0.12	0.3	0.4	0.7142857	0.2916667	0.5357143	0.3	0.195122	0.35	0.1818182	0.3265306	0.1607143	0.1666667	0.2179487	0.2093023	0.1089109	0.1428571	0.1847826	0.1518987	0.1441441	0.1168831	0.1034483	0.079646	0.1	0.0927835	0.125	0.1666667	0.13	0.2105263	0.2222222	0.2586207	0.2564103	0.2307692	0.2291667	0.255814	0.2391304	0.25	0.2432432	0.3	0.3478261	0.16	0.3333333	0.2857143	0.2727273	0.4285714	0.0	0.5	
Canard pilet	0.1052632	0.12	0.05	0.3	0.1428571	0.1666667	0.2142857	0.0	0.0731707	0.0	0.0909091	0.0204082	0.0178571	0.0	0.0	0.0	0.0	0.0	0.0	0.0	0.0	0.0	0.0	0.0	0.0	0.0	0.0	0.0	0.0	0.0	0.0	0.0	0.0	0.0	0.0208333	0.0	0.0217391	0.0333333	0.0	0.1	0.1304348	0.16	0.2	0.0952381	0.2727273	0.2857143	0.0	0.1071429	
Sarcelle d'hiver	0.2631579	0.16	0.25	0.5	0.4285714	0.25	0.3214286	0.2	0.1219512	0.2	0.1515152	0.122449	0.0714286	0.0666667	0.025641	0.0232558	0.0	0.0	0.0	0.0126582	0.009009	0.0	0.0114943	0.0088496	0.0	0.0206186	0.015625	0.0104167	0.02	0.0263158	0.0925926	0.1551724	0.1538462	0.1538462	0.1458333	0.0465116	0.0652174	0.1333333	0.1891892	0.16	0.3478261	0.16	0.2666667	0.2857143	0.4545455	0.4285714	0.0	0.4285714	
Nette rousse	0.0	0.0	0.0	0.0	0.0	0.0	0.0	0.0	0.0	0.05	0.0015	0.0204082	0.0357143	0.0222222	0.0128205	0.0116279	0.0015	0.0	0.0326087	0.0	0.0	0.0	0.0	0.0	0.0	0.0	0.0	0.0	0.0	0.0131579	0.0	0.0	0.0	0.025641	0.0208333	0.0	0.0	0.0166667	0.0	0.02	0.0	0.0	0.0	0.0	0.0	0.0	0.0	0.0	
Fuligule milouin	0.1578947	0.08	0.15	0.35	0.2857143	0.25	0.2142857	0.1	0.097561	0.05	0.0909091	0.0612245	0.0178571	0.0444444	0.0128205	0.0116279	0.019802	0.0190476	0.0326087	0.0379747	0.027027	0.012987	0.0	0.0	0.0142857	0.0206186	0.0	0.03125	0.02	0.0131579	0.0925926	0.0517241	0.025641	0.1282051	0.1041667	0.1162791	0.0869565	0.1333333	0.0540541	0.12	0.0869565	0.12	0.2	0.2380952	0.3636364	0.2857143	0.0	0.2142857	
Fuligule nyroca	0.0526316	0.0	0.05	0.05	0.1428571	0.0	0.0714286	0.0	0.0243902	0.0	0.030303	0.0	0.0	0.0222222	0.0128205	0.0116279	0.0	0.0	0.0108696	0.0189873	0.018018	0.012987	0.0114943	0.0	0.0142857	0.0206186	0.0015	0.0208333	0.02	0.0	0.0	0.0172414	0.025641	0.0512821	0.0208333	0.0465116	0.0	0.0333333	0.0	0.0	0.0	0.0	0.0	0.0	0.0	0.0	0.0	0.1071429	
Fuligule morillon	0.1052632	0.0	0.05	0.0	0.0	0.0	0.0	0.0	0.0	0.0	0.0	0.0204082	0.0	0.0111111	0.0	0.0	0.0	0.0	0.0	0.0	0.0	0.0	0.0114943	0.0	0.0	0.0	0.0	0.0	0.01	0.0	0.0	0.0	0.0	0.0	0.0208333	0.0	0.0	0.0166667	0.0	0.0	0.0	0.0	0.0	0.0952381	0.1818182	0.0	0.0	0.0357143	
Harle huppé	0.0526316	0.0	0.0	0.0	0.0	0.0	0.0	0.0	0.0	0.0	0.0	0.0	0.0	0.0	0.0	0.0	0.0	0.0	0.0	0.0	0.0	0.0	0.0	0.0	0.0	0.0	0.0	0.0	0.0	0.0	0.0	0.0	0.0	0.0	0.0	0.0	0.0	0.0	0.0	0.0	0.0	0.0	0.0	0.0	0.0	0.0	0.0	0.0	
anatidé sp. (canard sp.)	0.0	0.0	0.0	0.0	0.0	0.0	0.0	0.0	0.0	0.05	0.0	0.0	0.0	0.0	0.0	0.0	0.0	0.0	0.0	0.0	0.009009	0.0	0.0	0.0	0.0142857	0.0	0.0	0.0	0.0	0.0	0.0	0.0	0.0	0.0	0.0	0.0	0.0217391	0.0166667	0.0	0.0	0.0	0.0	0.0	0.0	0.0	0.0	0.0	0.0	
Perdrix grise	0.0	0.0	0.0	0.0015	0.0	0.0	0.0	0.0	0.0	0.0	0.0	0.0	0.0	0.0111111	0.0	0.0232558	0.0	0.0	0.0108696	0.0063291	0.0	0.0	0.0	0.0	0.0142857	0.0103093	0.0	0.0104167	0.0	0.0	0.0185185	0.0	0.0	0.0	0.0	0.0	0.0	0.0	0.0	0.0015	0.0869565	0.0	0.0	0.0	0.0	0.0	0.0	0.0357143	
Faisan de Colchide	0.1052632	0.0	0.0015	0.05	0.0	0.0	0.0357143	0.0015	0.0487805	0.05	0.0909091	0.1020408	0.0357143	0.1111111	0.1538462	0.0465116	0.0594059	0.1047619	0.0869565	0.056962	0.0540541	0.1168831	0.0229885	0.0442478	0.0015	0.0309278	0.03125	0.0104167	0.03	0.0131579	0.0185185	0.0517241	0.025641	0.0769231	0.0625	0.0015	0.0869565	0.0666667	0.1081081	0.0015	0.2173913	0.0	0.0	0.0952381	0.0909091	0.1428571	0.0	0.1071429	
Caille des blés	0.0	0.0	0.0	0.0	0.0	0.0	0.0	0.0	0.0	0.0	0.0	0.0	0.0	0.0	0.0	0.0465116	0.029703	0.047619	0.076087	0.0379747	0.009009	0.012987	0.1494253	0.1061947	0.0714286	0.1546392	0.03125	0.0416667	0.01	0.0015	0.0	0.0	0.0	0.0	0.0	0.0	0.0	0.0	0.0	0.0	0.0	0.0	0.0	0.0	0.0	0.0	0.0	0.0	
Perdrix rouge	0.0	0.0	0.0	0.0	0.0	0.0	0.0	0.0	0.0	0.0	0.0	0.0	0.0015	0.0	0.0	0.0	0.0	0.0	0.0	0.0	0.0	0.0	0.0	0.0	0.0	0.0	0.0	0.0	0.0	0.0	0.0	0.0	0.0	0.0	0.0	0.0	0.0	0.0166667	0.0	0.0	0.0	0.0	0.0	0.0	0.0	0.0	0.0	0.0	
Perdrix bartavelle	0.0	0.0	0.0	0.0	0.0	0.0	0.0	0.0	0.0	0.0	0.0	0.0	0.0	0.0	0.0	0.0	0.0	0.0	0.0	0.0	0.0	0.0	0.0	0.0	0.0	0.0	0.0	0.0	0.0	0.0	0.0	0.0	0.0	0.0	0.0	0.0	0.0217391	0.0	0.0	0.0	0.0	0.0	0.0	0.0	0.0	0.0	0.0	0.0	
Perdrix rouge ou P. bartavelle	0.0	0.0	0.0	0.0	0.0	0.0	0.0	0.0	0.0	0.0	0.0	0.0	0.0	0.0	0.0	0.0	0.0	0.0	0.0	0.0	0.0	0.0	0.0	0.0	0.0	0.0	0.0	0.0	0.01	0.0	0.0	0.0	0.0	0.0	0.0	0.0	0.0	0.0	0.0	0.0	0.0	0.0	0.0	0.0	0.0	0.0	0.0	0.0	
Pigeon biset	0.2631579	0.48	0.3	0.1	0.0	0.3333333	0.3214286	0.2	0.2195122	0.15	0.3636364	0.2244898	0.1964286	0.1444444	0.2435897	0.255814	0.2574257	0.1714286	0.2826087	0.335443	0.2162162	0.2597403	0.2183908	0.3185841	0.3142857	0.257732	0.265625	0.2708333	0.28	0.3815789	0.3888889	0.3793103	0.2051282	0.3076923	0.375	0.372093	0.3478261	0.3166667	0.5945946	0.2	0.5217391	0.32	0.2666667	0.2857143	0.1818182	0.4285714	0.5	0.5	
Pigeon colombin	0.0526316	0.0	0.0	0.0	0.0	0.0	0.0	0.0	0.0	0.0	0.0	0.0	0.0	0.0	0.0	0.0	0.0	0.0	0.0	0.0	0.0	0.0	0.0	0.0	0.0	0.0	0.0	0.0	0.0	0.0	0.0	0.0	0.0	0.0	0.0	0.0	0.0	0.0	0.0	0.02	0.0434783	0.04	0.0	0.0	0.0	0.0	0.0	0.0	
Pigeon ramier	0.2631579	0.32	0.5	0.35	0.4285714	0.3333333	0.5357143	0.4	0.3170732	0.45	0.2727273	0.5102041	0.3571429	0.3555556	0.3846154	0.4883721	0.4356436	0.4095238	0.3586957	0.4303797	0.3963964	0.4285714	0.4942529	0.4778761	0.5714286	0.4948454	0.421875	0.59375	0.48	0.5131579	0.5555556	0.5	0.3589744	0.3846154	0.1458333	0.2325581	0.1521739	0.3166667	0.3243243	0.22	0.2173913	0.08	0.4	0.3333333	0.4545455	0.5714286	0.5	0.4285714	
Tourterelle des bois	0.0	0.0	0.0	0.0	0.0	0.0	0.0	0.0	0.0	0.0	0.0	0.0	0.0178571	0.0	0.025641	0.0813953	0.039604	0.1809524	0.0978261	0.1455696	0.2162162	0.1818182	0.1609195	0.1150442	0.2285714	0.2886598	0.25	0.1145833	0.19	0.0921053	0.1481481	0.0517241	0.025641	0.025641	0.0	0.0232558	0.0217391	0.0	0.0	0.0	0.0	0.0	0.0	0.0	0.0	0.0	0.0	0.0	
Tourterelle turque	0.1578947	0.16	0.15	0.3	0.0015	0.4583333	0.3928571	0.4	0.2926829	0.35	0.2727273	0.3673469	0.3928571	0.3222222	0.3333333	0.4302326	0.3366337	0.352381	0.3478261	0.3481013	0.3603604	0.5324675	0.3678161	0.4424779	0.5	0.3402062	0.390625	0.3958333	0.39	0.5394737	0.5740741	0.5689655	0.3846154	0.5128205	0.375	0.3953488	0.3478261	0.35	0.2972973	0.3	0.2608696	0.24	0.2	0.3333333	0.3636364	0.5714286	0.5	0.3571429	
Coucou gris	0.0	0.0	0.0	0.0	0.0	0.0	0.0	0.0	0.0	0.0	0.0	0.0204082	0.0178571	0.2333333	0.1025641	0.244186	0.0891089	0.2571429	0.25	0.2088608	0.2072072	0.1558442	0.1609195	0.0265487	0.0428571	0.0206186	0.015625	0.0	0.0	0.0131579	0.0	0.0	0.0	0.0	0.0	0.0	0.0	0.0	0.0	0.0	0.0	0.0	0.0	0.0	0.0	0.0	0.0	0.0	
Engoulevent d'Europe	0.0	0.0	0.0	0.0	0.0	0.0	0.0	0.0	0.0	0.0	0.0	0.0	0.0	0.0	0.0	0.0	0.009901	0.0190476	0.0217391	0.0189873	0.009009	0.0	0.045977	0.0015	0.0142857	0.0103093	0.015625	0.0	0.01	0.0	0.0	0.0	0.0015	0.0	0.0208333	0.0	0.0	0.0	0.0	0.0	0.0	0.0	0.0	0.0	0.0	0.0	0.0	0.0	
Martinet à ventre blanc	0.0	0.0	0.0	0.0	0.0	0.0	0.0	0.0	0.0	0.0	0.0	0.0	0.0178571	0.0	0.0	0.0	0.009901	0.0	0.0	0.0	0.0	0.0	0.0114943	0.0	0.0142857	0.0	0.015625	0.0104167	0.0	0.0	0.0	0.0	0.0	0.0	0.0	0.0	0.0	0.0	0.0	0.0	0.0	0.0	0.0	0.0	0.0	0.0	0.0	0.0	
Martinet noir	0.0	0.0	0.0	0.0	0.0	0.0	0.0	0.0	0.0	0.0	0.0	0.0816327	0.125	0.2	0.3333333	0.4069767	0.3564356	0.3047619	0.4347826	0.3987342	0.3783784	0.5064935	0.4252874	0.4424779	0.3	0.257732	0.21875	0.09375	0.07	0.0789474	0.0925926	0.0015	0.025641	0.0	0.0	0.0	0.0	0.0166667	0.0	0.0	0.0	0.0	0.0	0.0	0.0	0.0	0.0	0.0	
apodidé sp.	0.0	0.0	0.0	0.0	0.0	0.0	0.0	0.0	0.0	0.0	0.0	0.0	0.0	0.0	0.0	0.0	0.0	0.0	0.0108696	0.0	0.0	0.0	0.0015	0.0	0.0	0.0	0.0015	0.0	0.0	0.0	0.0	0.0	0.0	0.0	0.0	0.0	0.0	0.0	0.0	0.0	0.0	0.0	0.0	0.0	0.0	0.0	0.0	0.0	
Râle d'eau	0.1578947	0.04	0.05	0.35	0.1428571	0.1666667	0.0357143	0.0	0.0243902	0.0	0.0	0.0204082	0.0	0.0444444	0.0	0.0	0.0	0.0095238	0.0	0.0379747	0.0	0.0	0.0	0.0176991	0.0	0.0206186	0.0	0.0	0.0	0.0394737	0.037037	0.0	0.0	0.0	0.0416667	0.0232558	0.0	0.0833333	0.027027	0.06	0.0869565	0.16	0.2	0.0952381	0.0909091	0.2857143	0.0	0.1428571	
Marouette ponctuée	0.0	0.0	0.0	0.0	0.0	0.0	0.0	0.0	0.0	0.0	0.0	0.0204082	0.0178571	0.0	0.0	0.0	0.0	0.0	0.0	0.0	0.0	0.0	0.0	0.0	0.0	0.0	0.0	0.0	0.0	0.0	0.0	0.0	0.0	0.0	0.0	0.0	0.0	0.0	0.0	0.0	0.0	0.0	0.0	0.0	0.0	0.0	0.0	0.0	
Gallinule poule-d'eau	0.1578947	0.08	0.2	0.4	0.2857143	0.1666667	0.2857143	0.1	0.1219512	0.2	0.1515152	0.0612245	0.0714286	0.1111111	0.1282051	0.1162791	0.029703	0.0857143	0.1195652	0.0822785	0.0720721	0.1038961	0.091954	0.079646	0.1142857	0.0824742	0.078125	0.0520833	0.09	0.1447368	0.1481481	0.1034483	0.0512821	0.1794872	0.1666667	0.1860465	0.0869565	0.1333333	0.1081081	0.14	0.2608696	0.12	0.2	0.2380952	0.4545455	0.2857143	0.0	0.2142857	
Foulque macroule	0.2631579	0.12	0.25	0.45	0.5714286	0.4166667	0.5357143	0.4	0.2439024	0.35	0.2727273	0.3673469	0.1785714	0.2333333	0.2051282	0.255814	0.0891089	0.1714286	0.173913	0.1772152	0.2072072	0.1818182	0.1264368	0.0973451	0.2428571	0.0824742	0.140625	0.1354167	0.14	0.2631579	0.3148148	0.2931034	0.2564103	0.2051282	0.2083333	0.2790698	0.1086957	0.3	0.2432432	0.22	0.3913043	0.12	0.1333333	0.2857143	0.0909091	0.4285714	0.0	0.3214286	
gallinule, foulque ou talève sp.	0.0	0.0	0.0	0.0	0.0	0.0	0.0	0.0	0.0	0.0	0.0	0.0	0.0	0.0	0.0	0.0	0.0	0.0	0.0	0.0	0.0	0.0	0.0	0.0	0.0	0.0103093	0.0	0.0	0.0	0.0	0.0	0.0	0.0	0.0	0.0	0.0	0.0	0.0166667	0.0	0.0	0.0	0.0	0.0	0.0015	0.0	0.0	0.0	0.0	
Grue cendrée	0.0	0.0	0.0	0.0	0.0	0.0	0.0	0.0015	0.0	0.0	0.0	0.0	0.0	0.0	0.0	0.0	0.0	0.0	0.0	0.0	0.0	0.0	0.0	0.0	0.0	0.0	0.0	0.0	0.0	0.0	0.0	0.0	0.0	0.0	0.0	0.0	0.0	0.0	0.0	0.0	0.0	0.04	0.0	0.047619	0.0	0.0	0.0	0.0	
Oedicnème criard	0.0	0.0	0.0	0.0	0.0	0.0	0.0	0.0	0.0	0.0	0.0	0.0	0.0	0.0	0.0	0.0116279	0.0	0.0	0.0	0.0	0.009009	0.0	0.0	0.0	0.0	0.0	0.0	0.0	0.0	0.0015	0.0	0.0	0.0	0.0	0.0	0.0	0.0	0.0	0.0	0.0	0.0	0.0	0.0	0.0	0.0	0.0	0.0	0.0	
Échasse blanche	0.0	0.0	0.0	0.0	0.0	0.0	0.0	0.0	0.0	0.0	0.030303	0.0	0.0535714	0.0555556	0.0128205	0.0465116	0.0015	0.0095238	0.0217391	0.0189873	0.045045	0.038961	0.0344828	0.0353982	0.0285714	0.0412371	0.0625	0.0520833	0.06	0.1052632	0.1666667	0.0862069	0.025641	0.0512821	0.0208333	0.0	0.0	0.0	0.0	0.0	0.0	0.0	0.0	0.0	0.0	0.0	0.0	0.0	
Avocette élégante	0.0	0.0	0.0	0.0	0.0	0.0	0.0	0.0	0.0	0.0	0.030303	0.0	0.0	0.0	0.0	0.0	0.0	0.0	0.0	0.0	0.0	0.0	0.0	0.0	0.0	0.0	0.0	0.0	0.0	0.0	0.0	0.0	0.0	0.0	0.0	0.0	0.0217391	0.0	0.0	0.0	0.0	0.0	0.0	0.0	0.0	0.0	0.0	0.0	
Huîtrier pie	0.0	0.0	0.0	0.0	0.0	0.0	0.0	0.0	0.0243902	0.0	0.0	0.0	0.0	0.0	0.0	0.0	0.0	0.0	0.0	0.0	0.0	0.0	0.0	0.0	0.0	0.0	0.0	0.0	0.0	0.0	0.0	0.0	0.0	0.0	0.0	0.0	0.0	0.0	0.0	0.0	0.0	0.0	0.0	0.0	0.0	0.0	0.0	0.0	
Pluvier doré	0.0	0.0	0.0	0.0	0.0	0.0	0.0	0.0	0.0	0.0	0.0	0.0	0.0	0.0	0.0	0.0	0.0	0.0	0.0	0.0	0.0	0.0	0.0	0.0	0.0	0.0	0.0	0.0	0.0	0.0	0.0	0.0	0.0	0.0	0.0	0.0	0.0	0.0	0.0	0.0	0.0	0.0	0.0	0.0	0.0015	0.0	0.0	0.0	
Grand Gravelot	0.0	0.0	0.0	0.0	0.0	0.0	0.0	0.0	0.0	0.0	0.0	0.0	0.0	0.0	0.0	0.0	0.0015	0.0	0.0	0.0	0.0	0.0	0.0	0.0	0.0	0.0	0.0	0.0	0.0	0.0	0.0	0.0	0.0512821	0.0	0.0	0.0	0.0	0.0	0.0	0.0	0.0	0.0	0.0	0.0	0.0	0.0	0.0	0.0	
Petit Gravelot	0.0	0.0	0.0	0.0	0.0	0.0	0.0	0.0	0.0	0.0	0.0	0.0	0.0178571	0.0	0.0	0.0	0.0	0.0095238	0.0	0.0	0.009009	0.0	0.0	0.0088496	0.0015	0.0	0.0	0.0104167	0.0	0.0	0.0	0.0	0.0	0.0	0.0	0.0015	0.0	0.0166667	0.0	0.0	0.0	0.0	0.0	0.0	0.0	0.0	0.0	0.0	
Vanneau huppé	0.2105263	0.08	0.1	0.2	0.0	0.1666667	0.1071429	0.0	0.0	0.0	0.0	0.0	0.0	0.0	0.0	0.0	0.0	0.0	0.0	0.0	0.0	0.0	0.0	0.0	0.0	0.0	0.0	0.0	0.0	0.0	0.0	0.0	0.0	0.0	0.0	0.0	0.0	0.05	0.0	0.02	0.0869565	0.16	0.2	0.1904762	0.1818182	0.2857143	0.0	0.0714286	
Courlis cendré	0.0526316	0.04	0.0	0.05	0.0	0.0416667	0.1071429	0.0	0.0	0.0	0.0606061	0.0204082	0.0178571	0.0	0.0	0.0	0.0	0.0	0.0	0.0	0.0	0.0	0.0	0.0	0.0	0.0	0.0	0.0	0.0	0.0	0.0185185	0.0	0.0	0.0	0.0416667	0.0232558	0.0	0.0333333	0.027027	0.0	0.0869565	0.04	0.2666667	0.0	0.0	0.1428571	0.0	0.0	
Barge à queue noire	0.0526316	0.04	0.0	0.05	0.0	0.0833333	0.0357143	0.0	0.0	0.0	0.030303	0.0	0.0	0.0	0.0128205	0.0	0.0015	0.0095238	0.0	0.0	0.0	0.0	0.0	0.0	0.0	0.0	0.0	0.0	0.0	0.0	0.0	0.0	0.0	0.0	0.0	0.0232558	0.0	0.0333333	0.027027	0.0	0.0869565	0.0	0.0666667	0.0	0.0	0.0	0.0	0.0	
Bécasse des bois	0.0	0.0	0.0	0.0	0.0	0.0	0.0	0.0	0.0	0.0	0.0	0.0	0.0	0.0	0.0	0.0	0.0	0.0	0.0	0.0	0.0	0.0	0.0	0.0	0.0	0.0	0.0	0.0	0.0	0.0	0.0	0.0	0.0	0.0	0.0208333	0.0	0.0	0.0	0.0	0.0	0.0	0.0	0.0	0.0	0.0	0.0	0.25	0.0	
Bécassine des marais	0.1052632	0.2	0.05	0.35	0.1428571	0.1666667	0.1428571	0.0	0.0487805	0.0	0.0606061	0.0612245	0.0357143	0.0015	0.0128205	0.0116279	0.0	0.0	0.0	0.0	0.0	0.0	0.0	0.0	0.0	0.0	0.0	0.0	0.01	0.0	0.0185185	0.0	0.025641	0.025641	0.0833333	0.0232558	0.0	0.1	0.0540541	0.06	0.2608696	0.08	0.2	0.0952381	0.3636364	0.2857143	0.0	0.0714286	
Gallinago sp.	0.0	0.0	0.0	0.05	0.0	0.0	0.0	0.0	0.0	0.0	0.0	0.0	0.0178571	0.0	0.0	0.0	0.0	0.0	0.0	0.0	0.0	0.0	0.0	0.0	0.0	0.0	0.0	0.0	0.0	0.0	0.0	0.0	0.0	0.0	0.0	0.0	0.0	0.0	0.0	0.0	0.0	0.0	0.0	0.0	0.0	0.0	0.0	0.0	
Chevalier guignette	0.0526316	0.0	0.15	0.05	0.1428571	0.0416667	0.0357143	0.1	0.0243902	0.05	0.0909091	0.0816327	0.0178571	0.0555556	0.0769231	0.0348837	0.009901	0.0285714	0.0	0.0	0.009009	0.0	0.0114943	0.0088496	0.0428571	0.0412371	0.09375	0.0729167	0.13	0.1052632	0.1666667	0.2068966	0.1282051	0.1282051	0.0416667	0.1395349	0.0434783	0.1	0.1081081	0.08	0.0434783	0.04	0.0	0.1428571	0.0909091	0.0	0.0	0.1785714	
Chevalier culblanc	0.0	0.04	0.0	0.0	0.0	0.0	0.0357143	0.0	0.0243902	0.0	0.030303	0.0	0.0178571	0.0222222	0.0128205	0.0116279	0.0015	0.0	0.0	0.0	0.0	0.0	0.0	0.0	0.0	0.0206186	0.015625	0.0208333	0.02	0.0	0.0185185	0.0	0.0	0.0	0.0015	0.0	0.0	0.0	0.027027	0.0	0.0	0.08	0.0	0.0	0.0	0.0	0.0	0.0	
Chevalier stagnatile	0.0	0.0	0.0	0.0	0.0	0.0	0.0	0.0	0.0	0.0	0.0	0.0	0.0	0.0111111	0.0	0.0	0.0	0.0	0.0	0.0	0.0	0.0	0.0	0.0	0.0	0.0	0.0	0.0208333	0.03	0.0	0.0185185	0.0172414	0.0	0.0	0.0	0.0	0.0	0.0	0.0	0.0	0.0	0.0	0.0	0.0	0.0	0.0	0.0	0.0	
Chevalier sylvain	0.0	0.0	0.0	0.0	0.0	0.0	0.0	0.0	0.0	0.0	0.0	0.0	0.0	0.0333333	0.0128205	0.0581395	0.009901	0.0	0.0	0.0	0.0	0.0	0.0	0.0	0.0015	0.0412371	0.03125	0.03125	0.03	0.0526316	0.1111111	0.0344828	0.0512821	0.0	0.0208333	0.0	0.0	0.0166667	0.0	0.0	0.0	0.0	0.0	0.0	0.0	0.0	0.0	0.0	
Chevalier gambette	0.0	0.0	0.0	0.0	0.0	0.0	0.0	0.0	0.0	0.0	0.030303	0.0	0.0	0.0	0.0	0.0	0.0	0.0	0.0	0.0063291	0.0	0.012987	0.0	0.0	0.0	0.0	0.0	0.0	0.0	0.0131579	0.0	0.0172414	0.0	0.0	0.0	0.0	0.0217391	0.0	0.0	0.0	0.0	0.0	0.0	0.0	0.0	0.0	0.0	0.0	
Chevalier arlequin	0.0526316	0.0	0.0	0.25	0.0	0.1666667	0.0714286	0.0	0.0	0.0	0.0606061	0.0	0.0357143	0.0111111	0.0128205	0.0	0.0	0.0	0.0	0.0	0.0	0.0	0.0	0.0	0.0	0.0	0.0	0.0	0.0	0.0	0.037037	0.0	0.0	0.0	0.0	0.0232558	0.0	0.05	0.0540541	0.02	0.0869565	0.04	0.2	0.0	0.0909091	0.1428571	0.0	0.0	
Chevalier aboyeur	0.0526316	0.08	0.0	0.1	0.0	0.0416667	0.0714286	0.0	0.0243902	0.05	0.0606061	0.0204082	0.0535714	0.0111111	0.0128205	0.0116279	0.009901	0.0	0.0	0.0	0.0	0.0	0.0	0.0	0.0	0.0206186	0.0015	0.0015	0.0	0.0263158	0.037037	0.0	0.025641	0.0769231	0.0416667	0.0232558	0.0	0.05	0.027027	0.04	0.0	0.0	0.2	0.0	0.0	0.0015	0.0	0.0714286	
Combattant varié	0.0	0.04	0.0	0.05	0.0	0.0	0.1071429	0.0	0.0	0.0	0.0909091	0.0204082	0.0178571	0.0222222	0.025641	0.0116279	0.0	0.0	0.0	0.0	0.0	0.0	0.0	0.0	0.0	0.0	0.0	0.0	0.0	0.0	0.037037	0.0	0.025641	0.0	0.0208333	0.0232558	0.0	0.0166667	0.0810811	0.02	0.0869565	0.04	0.0666667	0.0	0.0	0.1428571	0.0	0.0	
Bécasseau cocorli	0.0	0.0	0.0	0.0	0.0	0.0	0.0	0.0	0.0	0.0	0.0	0.0	0.0	0.0	0.0	0.0232558	0.0	0.0	0.0	0.0	0.0	0.0	0.0	0.0	0.0	0.0	0.0	0.0	0.0	0.0	0.0185185	0.0	0.0	0.0	0.0	0.0	0.0	0.0	0.0	0.0	0.0	0.0	0.0	0.0	0.0	0.0	0.0	0.0	
Bécasseau variable	0.0526316	0.04	0.0	0.0	0.0	0.125	0.0357143	0.0	0.0	0.0	0.0606061	0.0	0.0357143	0.0	0.0	0.0	0.009901	0.0	0.0	0.0	0.0	0.0	0.0	0.0	0.0	0.0	0.0	0.0	0.0	0.0	0.0185185	0.0172414	0.025641	0.0	0.0	0.0	0.0	0.05	0.027027	0.02	0.0434783	0.04	0.1333333	0.0	0.0	0.2857143	0.0	0.0357143	
Bécasseau minute	0.0	0.0	0.0	0.0	0.0	0.0	0.0	0.0	0.0	0.0	0.030303	0.0	0.0015	0.0	0.0	0.0	0.0	0.0	0.0	0.0	0.0	0.0	0.0	0.0	0.0	0.0	0.0	0.0	0.0	0.0	0.0	0.0	0.025641	0.0	0.0	0.0	0.0	0.0166667	0.0	0.0	0.0	0.0	0.0	0.0	0.0	0.0	0.0	0.0	
Mouette pygmée	0.0526316	0.0	0.0	0.0	0.0	0.0	0.0	0.0	0.0	0.0	0.0	0.0	0.0	0.0	0.0128205	0.0	0.0	0.0	0.0	0.0	0.0	0.0	0.0	0.0	0.0	0.0	0.0	0.0	0.0	0.0	0.0	0.0	0.0	0.0	0.0	0.0	0.0	0.0	0.0	0.0	0.0	0.0	0.0	0.0	0.0	0.0	0.0	0.0	
Mouette rieuse	0.1578947	0.16	0.2	0.45	0.4285714	0.25	0.3928571	0.2	0.2195122	0.3	0.1212121	0.0612245	0.0357143	0.0444444	0.0	0.0930233	0.019802	0.0285714	0.0015	0.0316456	0.036036	0.0519481	0.0114943	0.0530973	0.1857143	0.0618557	0.125	0.1666667	0.11	0.2105263	0.2037037	0.2586207	0.2307692	0.1794872	0.2083333	0.1860465	0.2391304	0.25	0.2432432	0.16	0.2608696	0.2	0.2666667	0.1904762	0.2727273	0.2857143	0.0	0.3214286	
Mouette mélanocéphale	0.0526316	0.04	0.0	0.0	0.0	0.0	0.0357143	0.0	0.0	0.0	0.0	0.0	0.0	0.0	0.0	0.0	0.0	0.0	0.0	0.0	0.0	0.0	0.0	0.0	0.0	0.0	0.0	0.0	0.0	0.0	0.0	0.0	0.0	0.0	0.0	0.0	0.0	0.0	0.0	0.0	0.0	0.04	0.0	0.0	0.0	0.0	0.0	0.0	
Goéland cendré	0.0526316	0.0	0.0	0.0	0.0	0.0	0.0	0.0	0.0	0.0	0.0	0.0	0.0	0.0	0.0	0.0	0.0	0.0	0.0	0.0	0.0	0.0	0.0	0.0	0.0015	0.0	0.0	0.0	0.0	0.0	0.0	0.0	0.0	0.0	0.0	0.0	0.0	0.0	0.027027	0.0	0.0434783	0.04	0.0	0.0015	0.0	0.0	0.0	0.0357143	
Goéland pontique	0.0526316	0.0	0.0	0.0	0.0	0.0	0.0	0.0	0.0	0.0	0.030303	0.0	0.0	0.0	0.0	0.0	0.0	0.0	0.0	0.0	0.0	0.0	0.0	0.0	0.0	0.0	0.0	0.0	0.0	0.0	0.0	0.0	0.0	0.0	0.0015	0.0	0.0	0.0	0.0	0.0	0.0	0.0	0.0	0.0	0.0	0.0	0.0	0.0357143	
Goéland leucophée	0.3157895	0.16	0.1	0.15	0.0	0.2083333	0.25	0.0	0.097561	0.15	0.0606061	0.1632653	0.0892857	0.1111111	0.1025641	0.1046512	0.0594059	0.1142857	0.0543478	0.0506329	0.0720721	0.1038961	0.0689655	0.0619469	0.1285714	0.0309278	0.15625	0.1145833	0.22	0.1973684	0.2777778	0.2413793	0.2820513	0.1282051	0.2083333	0.1860465	0.1521739	0.2166667	0.2432432	0.18	0.2173913	0.2	0.2	0.1428571	0.2727273	0.2857143	0.0015	0.1428571	
Goéland pontique ou G. leucophée	0.0	0.0	0.0	0.0	0.0	0.0	0.0	0.0	0.0	0.0	0.0	0.0	0.0	0.0	0.0	0.0	0.0	0.0	0.0	0.0	0.0	0.0	0.0	0.0	0.0	0.0	0.0	0.0	0.0	0.0	0.0	0.0	0.0	0.0	0.0	0.0	0.0	0.0	0.0	0.0	0.0	0.0	0.0	0.0	0.0	0.0	0.0	0.0357143	
Goéland brun	0.0	0.0	0.0	0.0	0.0	0.0	0.0	0.0	0.0	0.0	0.030303	0.0	0.0	0.0	0.0	0.0	0.0	0.0	0.0	0.0	0.0	0.0	0.0	0.0	0.0	0.0	0.0	0.0015	0.0	0.0	0.0	0.0	0.0	0.0	0.0	0.0	0.0217391	0.0	0.0	0.0	0.0434783	0.0	0.0	0.0	0.0	0.0	0.0	0.0357143	
Goéland leucophée ou G. brun	0.0	0.0	0.0	0.0	0.0	0.0	0.0	0.0	0.0	0.0	0.0	0.0	0.0	0.0	0.0	0.0	0.0	0.0	0.0	0.0	0.0	0.0	0.0	0.0	0.0	0.0	0.0	0.0	0.0	0.0	0.0	0.0	0.0	0.0	0.0208333	0.0	0.0	0.0	0.0	0.0	0.0	0.0	0.0	0.0	0.0	0.0	0.0	0.0	
goéland ou mouette sp.	0.0	0.0	0.0	0.0	0.0	0.0	0.0	0.0	0.0	0.0	0.0	0.0	0.0	0.0	0.0	0.0	0.0	0.0095238	0.0	0.0	0.0	0.012987	0.0114943	0.0	0.0285714	0.0103093	0.0	0.0	0.0	0.0131579	0.0185185	0.0	0.0	0.0	0.0	0.0	0.0	0.0166667	0.0	0.0	0.0	0.04	0.0	0.0	0.0	0.0	0.0	0.0	
Sterne naine	0.0	0.0	0.0	0.0	0.0	0.0	0.0	0.0	0.0	0.0	0.0	0.0	0.0	0.0	0.0015	0.0	0.0	0.0	0.0	0.0	0.0	0.0	0.0	0.0	0.0	0.0	0.0	0.0	0.0	0.0	0.0	0.0	0.0	0.0	0.0	0.0	0.0	0.0	0.0	0.0	0.0	0.0	0.0	0.0	0.0	0.0	0.0	0.0	
Sterne hansel	0.0	0.0	0.0	0.0	0.0	0.0	0.0	0.0	0.0	0.0	0.0	0.0	0.0	0.0	0.0	0.0	0.009901	0.0	0.0	0.0	0.0	0.0	0.0	0.0	0.0	0.0	0.0	0.0	0.0	0.0	0.0185185	0.0	0.0	0.0	0.0	0.0	0.0	0.0	0.0	0.0	0.0	0.0	0.0	0.0	0.0	0.0	0.0	0.0	
Sterne caspienne	0.0	0.0	0.0	0.0	0.0	0.0	0.0	0.0	0.0	0.0	0.0	0.0204082	0.0	0.0	0.0	0.0	0.0	0.0	0.0	0.0	0.0	0.0	0.0	0.0176991	0.0	0.0	0.0	0.0	0.0	0.0	0.0185185	0.0	0.0	0.0	0.0	0.0	0.0	0.0	0.0	0.0	0.0	0.0	0.0	0.0	0.0	0.0	0.0	0.0	
Guifette noire	0.0	0.0	0.0	0.0	0.0	0.0	0.0	0.0	0.0	0.0	0.0	0.0	0.0	0.0	0.0128205	0.0	0.0	0.0095238	0.0	0.0	0.0	0.0	0.0	0.0	0.0	0.0	0.0	0.0	0.0	0.0	0.0	0.0	0.0	0.0	0.0	0.0	0.0	0.0	0.0	0.0	0.0	0.0	0.0	0.0	0.0	0.0	0.0	0.0	
Guifette leucoptère	0.0	0.0	0.0	0.0	0.0	0.0	0.0	0.0	0.0	0.0	0.0	0.0	0.0	0.0	0.0	0.0	0.0	0.0	0.0	0.0	0.0	0.0	0.0	0.0	0.0	0.0	0.0	0.0	0.0	0.0	0.0	0.0	0.025641	0.0	0.0	0.0	0.0	0.0	0.0	0.0	0.0	0.0	0.0	0.0	0.0	0.0	0.0	0.0	
Sterne pierregarin	0.0	0.0	0.0	0.0	0.0	0.0	0.0	0.0	0.0	0.0	0.0	0.0	0.0	0.0	0.0	0.0116279	0.009901	0.0190476	0.0	0.0	0.0	0.0015	0.0	0.0015	0.0142857	0.0	0.0	0.0	0.0	0.0	0.0	0.0172414	0.0	0.0	0.0	0.0	0.0	0.0	0.0	0.0	0.0	0.0	0.0	0.0	0.0	0.0	0.0	0.0	
Sterne caugek	0.0	0.0	0.0	0.0	0.0	0.0	0.0	0.0	0.0	0.0	0.0	0.0	0.0	0.0	0.0	0.0	0.0	0.0	0.0	0.0	0.0	0.0	0.0	0.0	0.0	0.0	0.015625	0.0	0.0	0.0	0.0	0.0	0.0	0.0	0.0	0.0	0.0	0.0	0.0	0.0	0.0	0.0	0.0	0.0	0.0	0.0	0.0	0.0	
sterne sp.	0.0	0.0	0.0	0.0	0.0	0.0	0.0	0.0	0.0	0.0	0.0	0.0	0.0	0.0	0.0	0.0	0.0	0.0	0.0	0.0	0.0	0.0	0.0114943	0.0	0.0	0.0	0.0	0.0	0.0	0.0	0.0	0.0	0.0	0.0	0.0	0.0	0.0217391	0.0	0.0	0.02	0.0	0.0	0.0	0.0	0.0	0.0	0.0	0.0	
Flamant rose	0.1052632	0.08	0.05	0.2	0.1428571	0.125	0.1071429	0.1	0.0731707	0.0	0.1212121	0.0204082	0.0357143	0.0333333	0.025641	0.0116279	0.0	0.0	0.0217391	0.0063291	0.009009	0.012987	0.0	0.0	0.0142857	0.0103093	0.0	0.03125	0.0	0.0131579	0.0555556	0.0172414	0.0015	0.025641	0.0625	0.0465116	0.0217391	0.05	0.0	0.06	0.1304348	0.12	0.2	0.1428571	0.2727273	0.2857143	0.0	0.0357143	
Grèbe castagneux	0.2631579	0.16	0.15	0.25	0.1428571	0.1666667	0.3214286	0.1	0.1463415	0.05	0.0909091	0.1020408	0.0015	0.0888889	0.0128205	0.0348837	0.0	0.0380952	0.0543478	0.056962	0.0540541	0.012987	0.0114943	0.0176991	0.0428571	0.0309278	0.0015	0.0208333	0.04	0.1184211	0.1111111	0.1206897	0.1794872	0.1794872	0.125	0.1627907	0.0869565	0.1833333	0.1351351	0.24	0.2608696	0.08	0.2	0.4285714	0.3636364	0.2857143	0.0	0.1428571	
Grèbe huppé	0.1578947	0.04	0.1	0.25	0.1428571	0.2916667	0.3571429	0.1	0.1219512	0.25	0.1212121	0.2653061	0.1607143	0.1666667	0.1410256	0.1860465	0.1089109	0.1428571	0.0869565	0.1075949	0.1711712	0.1298701	0.0804598	0.0619469	0.2142857	0.0721649	0.15625	0.15625	0.1	0.2105263	0.2407407	0.2931034	0.2820513	0.1282051	0.1875	0.1627907	0.2173913	0.2833333	0.2432432	0.2	0.2173913	0.2	0.1333333	0.3333333	0.3636364	0.2857143	0.0	0.2142857	
Grèbe à cou noir	0.0526316	0.0	0.0	0.0	0.0	0.0	0.0	0.0	0.0243902	0.0	0.0	0.0204082	0.0	0.0	0.0	0.0	0.0015	0.0	0.0	0.0	0.0	0.0015	0.0	0.0088496	0.0	0.0	0.0	0.0	0.0	0.0	0.0	0.0	0.025641	0.0	0.0015	0.0	0.0	0.0333333	0.027027	0.04	0.0434783	0.0	0.0	0.047619	0.0	0.0	0.0	0.0	
Cigogne noire	0.0	0.0	0.0	0.0	0.0	0.0	0.0	0.0	0.0	0.0	0.0	0.0	0.0	0.0	0.0	0.0	0.0	0.0	0.0	0.0	0.0	0.0	0.0	0.0	0.0	0.0	0.0	0.0104167	0.0	0.0	0.0	0.0	0.0	0.0	0.0	0.0	0.0	0.0	0.0	0.0	0.0	0.0	0.0	0.0	0.0	0.0	0.0	0.0	
Cigogne blanche	0.0	0.0	0.0	0.0	0.0	0.0	0.0	0.0	0.0	0.0	0.0	0.0	0.0	0.0	0.0	0.0	0.0015	0.0	0.0	0.0015	0.0	0.0	0.0	0.0015	0.0	0.0	0.0	0.0	0.0	0.0	0.0	0.0	0.025641	0.0	0.0	0.0	0.0	0.0	0.0	0.0	0.0	0.0	0.0	0.0	0.0	0.0	0.0	0.0	
Cormoran pygmée	0.2105263	0.12	0.05	0.35	0.1428571	0.0833333	0.25	0.1	0.097561	0.05	0.1212121	0.1836735	0.0714286	0.0444444	0.025641	0.0232558	0.049505	0.0761905	0.0434783	0.0632911	0.0540541	0.0649351	0.0344828	0.0353982	0.1142857	0.0618557	0.046875	0.09375	0.13	0.0789474	0.1666667	0.137931	0.1282051	0.1282051	0.1458333	0.1627907	0.0869565	0.1666667	0.1351351	0.14	0.1304348	0.12	0.2666667	0.2380952	0.3636364	0.2857143	0.0	0.1785714	
Grand Cormoran	0.1578947	0.16	0.25	0.45	0.2857143	0.25	0.3928571	0.0	0.195122	0.15	0.1818182	0.3265306	0.125	0.1555556	0.1538462	0.1395349	0.049505	0.1428571	0.1195652	0.1455696	0.1531532	0.1558442	0.0804598	0.0619469	0.2142857	0.0412371	0.09375	0.125	0.09	0.1973684	0.2222222	0.2758621	0.2564103	0.1794872	0.25	0.2325581	0.2608696	0.3166667	0.2972973	0.3	0.3478261	0.16	0.3333333	0.3809524	0.5454545	0.2857143	0.0	0.4642857	
Ibis falcinelle	0.0	0.0	0.0	0.05	0.1428571	0.0	0.0357143	0.0	0.0243902	0.0	0.0015	0.0	0.0178571	0.0	0.0384615	0.0232558	0.0015	0.0	0.0217391	0.0253165	0.018018	0.025974	0.0114943	0.0176991	0.0	0.0309278	0.015625	0.0208333	0.01	0.0394737	0.037037	0.0172414	0.0	0.025641	0.0416667	0.0232558	0.0217391	0.0	0.0	0.0	0.0	0.04	0.0666667	0.0	0.0	0.0	0.0	0.0357143	
Ibis sacré	0.0015	0.0	0.0	0.1	0.0	0.0	0.0714286	0.0	0.0	0.0	0.0606061	0.0204082	0.0	0.0111111	0.0128205	0.0232558	0.0015	0.0095238	0.0015	0.0189873	0.009009	0.012987	0.0114943	0.0	0.0	0.0103093	0.0	0.0	0.01	0.0	0.0185185	0.0	0.0	0.0	0.0	0.0	0.0	0.0	0.0	0.02	0.0	0.04	0.1333333	0.047619	0.1818182	0.1428571	0.0	0.1428571	
Spatule blanche	0.1052632	0.08	0.0	0.35	0.1428571	0.1666667	0.1428571	0.0	0.0487805	0.05	0.0606061	0.0	0.0178571	0.0111111	0.0128205	0.0232558	0.0	0.0	0.0217391	0.0189873	0.009009	0.0	0.0114943	0.0088496	0.0142857	0.0	0.0	0.03125	0.01	0.0263158	0.037037	0.0015	0.025641	0.025641	0.0625	0.0465116	0.0434783	0.0833333	0.0540541	0.1	0.0869565	0.12	0.2	0.0015	0.0909091	0.2857143	0.0	0.1071429	
Butor étoilé	0.0	0.0	0.0	0.1	0.0	0.0833333	0.0357143	0.0	0.0	0.0	0.0	0.0	0.0178571	0.0	0.0	0.0	0.0	0.0	0.0	0.0	0.0	0.0	0.0	0.0	0.0285714	0.0	0.0	0.0	0.0	0.0	0.0	0.0	0.0	0.0	0.0208333	0.0	0.0	0.0166667	0.0	0.0	0.0	0.0	0.0	0.0	0.2727273	0.0	0.0	0.0	
Blongios nain	0.0	0.0	0.0	0.0	0.0	0.0	0.0	0.0	0.0	0.0	0.0	0.0	0.0	0.0015	0.0	0.0	0.019802	0.0095238	0.0	0.0063291	0.009009	0.012987	0.0	0.0088496	0.0142857	0.0	0.015625	0.0104167	0.0	0.0	0.0	0.0	0.0	0.0	0.0	0.0	0.0	0.0	0.0	0.0	0.0	0.0	0.0	0.0	0.0	0.0	0.0	0.0	
Bihoreau gris	0.0	0.0	0.0	0.0	0.0	0.0	0.0	0.0	0.0	0.0	0.0	0.0	0.0	0.0444444	0.0128205	0.0232558	0.029703	0.0380952	0.0543478	0.0822785	0.036036	0.038961	0.0229885	0.0088496	0.0857143	0.0412371	0.0015	0.0416667	0.02	0.0263158	0.0925926	0.0517241	0.025641	0.0512821	0.0208333	0.0	0.0	0.0	0.0	0.0	0.0	0.0	0.0	0.0	0.0	0.0	0.0	0.0	
Aigrette garzette	0.1578947	0.08	0.15	0.35	0.2857143	0.1666667	0.2857143	0.0	0.1219512	0.15	0.0909091	0.1836735	0.125	0.1222222	0.1282051	0.1511628	0.0990099	0.1238095	0.1304348	0.1139241	0.1351351	0.2077922	0.1034483	0.1061947	0.2	0.1030928	0.15625	0.15625	0.19	0.2368421	0.3148148	0.3448276	0.2307692	0.2051282	0.2708333	0.2790698	0.173913	0.2	0.2972973	0.26	0.3478261	0.24	0.2	0.1904762	0.3636364	0.4285714	0.0015	0.3214286	
Aigrette des récifs	0.0	0.0	0.0	0.0	0.0	0.0	0.0	0.0	0.0	0.0	0.0	0.0	0.0	0.0	0.0	0.0	0.0	0.0	0.0	0.0	0.0	0.0	0.0	0.0	0.0	0.0	0.0	0.0	0.01	0.0	0.0	0.0	0.0	0.0	0.0	0.0	0.0	0.0	0.0	0.0	0.0	0.0	0.0	0.0	0.0	0.0	0.0	0.0	
Crabier chevelu	0.0	0.0	0.0	0.0	0.0	0.0	0.0	0.0	0.0	0.0	0.0	0.0	0.0	0.0	0.0512821	0.0348837	0.009901	0.0571429	0.0326087	0.056962	0.027027	0.0015	0.0229885	0.0265487	0.0714286	0.0309278	0.03125	0.0416667	0.03	0.1052632	0.0925926	0.0517241	0.0512821	0.0769231	0.0208333	0.0465116	0.0217391	0.0	0.0	0.0	0.0	0.0	0.0	0.0	0.0	0.0	0.0	0.0	
Héron garde-boeufs	0.1578947	0.04	0.15	0.1	0.0	0.1666667	0.1785714	0.2	0.0487805	0.0015	0.1212121	0.122449	0.0535714	0.0555556	0.0641026	0.127907	0.0594059	0.0857143	0.1195652	0.1075949	0.1261261	0.0909091	0.0689655	0.0353982	0.1428571	0.2164948	0.140625	0.15625	0.2	0.1447368	0.2037037	0.137931	0.1025641	0.1282051	0.1041667	0.1395349	0.0434783	0.1666667	0.0540541	0.02	0.0869565	0.08	0.0666667	0.1428571	0.1818182	0.2857143	0.0015	0.1428571	
Grande Aigrette	0.1578947	0.16	0.15	0.45	0.4285714	0.2083333	0.3928571	0.0	0.1463415	0.1	0.1515152	0.122449	0.0535714	0.0666667	0.0641026	0.0581395	0.019802	0.0380952	0.0108696	0.1075949	0.0630631	0.0519481	0.0229885	0.0442478	0.0571429	0.0515464	0.0625	0.0833333	0.09	0.1184211	0.2037037	0.1206897	0.1794872	0.2051282	0.125	0.1627907	0.173913	0.2	0.2972973	0.24	0.2608696	0.2	0.2666667	0.1904762	0.1818182	0.4285714	0.0015	0.3928571	
Héron cendré	0.2631579	0.16	0.2	0.5	0.4285714	0.2916667	0.5	0.1	0.1707317	0.25	0.1818182	0.244898	0.1607143	0.1888889	0.1538462	0.2209302	0.0792079	0.2	0.1304348	0.164557	0.2252252	0.1558442	0.0804598	0.1238938	0.2428571	0.1030928	0.125	0.1770833	0.18	0.2368421	0.2962963	0.3448276	0.2820513	0.2307692	0.2708333	0.2325581	0.2391304	0.3166667	0.3513514	0.36	0.3913043	0.2	0.2666667	0.4285714	0.6363636	0.4285714	0.0	0.5	
Héron pourpré	0.0	0.0	0.0	0.0	0.0	0.0	0.0	0.0	0.0	0.0	0.0015	0.0	0.0178571	0.0111111	0.0128205	0.0465116	0.009901	0.047619	0.0543478	0.0632911	0.036036	0.012987	0.0229885	0.0353982	0.0857143	0.0103093	0.03125	0.0625	0.0	0.0394737	0.0925926	0.0344828	0.025641	0.025641	0.0208333	0.0465116	0.0	0.0333333	0.0	0.0	0.0	0.0	0.0	0.0	0.0	0.0	0.0	0.0	
aigrette ou héron blanc sp.	0.0	0.0	0.0	0.0	0.0	0.0	0.0	0.0	0.0	0.0	0.0	0.0	0.0	0.0	0.0128205	0.0	0.0	0.0	0.0	0.0	0.0	0.0	0.0	0.0	0.0	0.0	0.0	0.0	0.0	0.0	0.0	0.0	0.0	0.0	0.0	0.0	0.0	0.0	0.0	0.0	0.0	0.0	0.0	0.0	0.0	0.0	0.0	0.0	
Pélican blanc	0.0	0.0	0.0	0.0	0.0	0.0	0.0	0.0	0.0	0.0	0.0	0.0	0.0	0.0	0.0	0.0	0.0	0.0	0.0	0.0	0.0	0.0	0.0	0.0	0.0	0.0	0.0	0.0	0.0	0.0	0.0	0.0	0.0	0.0	0.0	0.0	0.0	0.0	0.0	0.0	0.0	0.04	0.0	0.0	0.0	0.0	0.0	0.0	
Balbuzard pêcheur	0.0526316	0.0	0.0	0.1	0.1428571	0.1666667	0.1071429	0.0	0.0487805	0.05	0.0	0.0	0.0178571	0.0	0.0	0.0	0.0	0.0095238	0.0108696	0.0	0.0	0.0	0.0	0.0	0.0	0.0	0.0	0.0	0.0	0.0	0.0	0.0172414	0.0	0.0	0.0208333	0.0015	0.0	0.0	0.0	0.0	0.0	0.04	0.0666667	0.0015	0.1818182	0.1428571	0.0	0.0	
Bondrée apivore	0.0	0.0	0.0	0.0	0.0	0.0	0.0	0.0	0.0	0.0	0.0	0.0	0.0	0.0	0.0	0.0116279	0.009901	0.0285714	0.0108696	0.0126582	0.018018	0.0	0.0	0.0176991	0.0142857	0.0309278	0.015625	0.03125	0.08	0.0394737	0.037037	0.0172414	0.025641	0.0	0.0208333	0.0	0.0	0.0166667	0.0	0.0	0.0	0.0	0.0	0.0	0.0	0.0	0.0	0.0	
Vautour fauve	0.0	0.0	0.0	0.0	0.0	0.0	0.0015	0.0	0.0	0.0	0.0	0.0	0.0	0.0	0.0	0.0	0.0	0.0	0.0	0.0	0.0	0.0	0.0	0.0	0.0	0.0	0.0	0.0	0.0	0.0	0.0	0.0	0.0	0.0	0.0	0.0	0.0	0.0	0.0	0.0015	0.0	0.0	0.0	0.0	0.0	0.0	0.0	0.0	
Circaète Jean-le-Blanc	0.0	0.0	0.0	0.0	0.0	0.0	0.0	0.0	0.0243902	0.0	0.0	0.0408163	0.0	0.0222222	0.0128205	0.0232558	0.029703	0.0571429	0.0434783	0.056962	0.018018	0.012987	0.0574713	0.0176991	0.0142857	0.0824742	0.015625	0.0104167	0.04	0.0657895	0.0740741	0.0344828	0.0512821	0.0512821	0.0	0.0	0.0	0.0	0.0	0.0	0.0	0.0	0.0	0.0	0.0	0.0	0.0	0.0	
Aigle botté	0.0	0.0	0.0	0.0	0.0	0.0	0.0	0.0	0.0	0.0	0.0	0.0	0.0	0.0	0.0	0.0	0.0	0.0	0.0	0.0	0.0	0.0015	0.0	0.0	0.0	0.0	0.0	0.0	0.0	0.0	0.0	0.0	0.0	0.0	0.0	0.0232558	0.0	0.0	0.0	0.0	0.0	0.0	0.0	0.0	0.0	0.0	0.0	0.0	
Aigle royal	0.0	0.0	0.0	0.0015	0.0	0.0	0.0	0.1	0.0	0.0	0.0	0.0	0.0	0.0	0.0	0.0232558	0.0	0.0	0.0	0.0	0.009009	0.0	0.0	0.0	0.0	0.0	0.0	0.0104167	0.0	0.0131579	0.0	0.0	0.0	0.0	0.0	0.0	0.0217391	0.0	0.0	0.0	0.0434783	0.0	0.0	0.0	0.0	0.0	0.0	0.0357143	
Épervier d'Europe	0.0526316	0.0	0.1	0.0	0.0015	0.0833333	0.0357143	0.0	0.0487805	0.0	0.0	0.0	0.0	0.0111111	0.0	0.0015	0.009901	0.0	0.0108696	0.0126582	0.018018	0.012987	0.045977	0.0176991	0.0571429	0.0206186	0.03125	0.0104167	0.03	0.0263158	0.0555556	0.0172414	0.025641	0.0512821	0.0208333	0.0697674	0.0434783	0.0333333	0.027027	0.04	0.0869565	0.0015	0.0666667	0.0	0.0015	0.1428571	0.0	0.1785714	
Autour des palombes	0.0	0.0	0.0	0.0	0.0	0.0	0.0357143	0.0	0.0	0.0	0.0	0.0	0.0	0.0	0.0	0.0015	0.0	0.0	0.0	0.0	0.0	0.0	0.0	0.0088496	0.0	0.0	0.0	0.0104167	0.0	0.0	0.0	0.0	0.0	0.0	0.0	0.0	0.0	0.0	0.0	0.0	0.0	0.0	0.0	0.0	0.0	0.0	0.0	0.0	
Aerospiza, Tachyspiza, Accipiter ou Astur sp.	0.0	0.0	0.0	0.0	0.0	0.0	0.0	0.1	0.0	0.0	0.0	0.0	0.0	0.0	0.0	0.0	0.0	0.0	0.0	0.0	0.0	0.0	0.0	0.0	0.0	0.0	0.0	0.0	0.0	0.0	0.0015	0.0	0.0	0.0	0.0	0.0	0.0	0.0	0.0	0.0	0.0	0.0	0.0	0.0	0.0	0.0	0.0	0.0	
Busard des roseaux	0.1578947	0.04	0.1	0.4	0.1428571	0.1666667	0.1785714	0.1	0.097561	0.05	0.1515152	0.1428571	0.0714286	0.0333333	0.0512821	0.0581395	0.0015	0.0571429	0.0326087	0.056962	0.009009	0.0	0.0229885	0.0088496	0.0142857	0.0206186	0.015625	0.0104167	0.01	0.0789474	0.0925926	0.0344828	0.0769231	0.0512821	0.1041667	0.0015	0.0434783	0.15	0.0540541	0.08	0.0434783	0.08	0.2	0.1428571	0.3636364	0.2857143	0.0	0.1428571	
Busard Saint-Martin	0.0	0.0	0.0	0.0	0.0	0.0416667	0.0357143	0.1	0.0	0.0	0.0015	0.0	0.0	0.0	0.0	0.0	0.0	0.0	0.0	0.0	0.0	0.0	0.0	0.0	0.0	0.0	0.0	0.0	0.0	0.0	0.0	0.0	0.0	0.0	0.0	0.0	0.0217391	0.0	0.0	0.0	0.0434783	0.04	0.0	0.047619	0.0909091	0.0	0.0	0.0714286	
Busard cendré	0.0	0.0	0.0	0.0	0.0	0.0	0.0	0.0	0.0	0.0	0.0015	0.0	0.0	0.0111111	0.0	0.0232558	0.0015	0.0190476	0.0	0.0126582	0.0015	0.012987	0.0	0.0088496	0.0571429	0.0412371	0.015625	0.0	0.0	0.0	0.0	0.0	0.025641	0.0	0.0	0.0	0.0	0.0	0.0	0.0	0.0	0.0	0.0	0.0	0.0	0.0	0.0	0.0	
Milan royal	0.0	0.0	0.0	0.0	0.0	0.0	0.0	0.0	0.0	0.0	0.0	0.0408163	0.0178571	0.0015	0.025641	0.0015	0.0	0.0	0.0	0.0063291	0.0	0.0015	0.0114943	0.0015	0.0	0.0	0.0	0.0	0.01	0.0	0.0185185	0.0	0.0	0.0015	0.0	0.0	0.0015	0.0	0.0015	0.0	0.0	0.0	0.0	0.0	0.0	0.0	0.0	0.0	
Milan noir	0.0	0.0	0.0	0.0	0.0	0.0	0.0	0.0	0.0	0.0	0.030303	0.0204082	0.0357143	0.0333333	0.0512821	0.0232558	0.0015	0.0380952	0.0326087	0.056962	0.045045	0.012987	0.0114943	0.0088496	0.0285714	0.0103093	0.03125	0.0520833	0.03	0.0394737	0.0185185	0.0	0.0	0.025641	0.0	0.0232558	0.0217391	0.0	0.0	0.0	0.0	0.0	0.0	0.0	0.0	0.0	0.0	0.0	
Buse variable	0.0526316	0.08	0.15	0.1	0.2857143	0.125	0.1428571	0.0	0.1463415	0.05	0.0909091	0.1020408	0.0357143	0.1555556	0.0512821	0.0697674	0.0891089	0.0666667	0.0869565	0.0822785	0.018018	0.0779221	0.0804598	0.0442478	0.0571429	0.1340206	0.078125	0.0625	0.04	0.1447368	0.1666667	0.0344828	0.2051282	0.2307692	0.0625	0.1627907	0.1304348	0.2	0.027027	0.1	0.1304348	0.08	0.1333333	0.1904762	0.3636364	0.4285714	0.0	0.2857143	
rapace sp.	0.0	0.0	0.0	0.0	0.0	0.0	0.0	0.0	0.0	0.0	0.0	0.0	0.0	0.0	0.0	0.0	0.0	0.0	0.0	0.0	0.0	0.0	0.0	0.0088496	0.0142857	0.0	0.0	0.0	0.0	0.0	0.0185185	0.0	0.0	0.0	0.0	0.0	0.0	0.0	0.0	0.0	0.0	0.0	0.0015	0.0	0.0	0.0	0.0	0.0	
Effraie des clochers	0.0	0.0	0.0	0.0	0.0	0.0	0.0357143	0.0	0.0	0.0	0.0	0.0	0.0	0.0	0.0	0.0	0.0	0.0	0.0	0.0	0.0	0.0	0.0	0.0	0.0	0.0015	0.0	0.0	0.0	0.0	0.0	0.0	0.0	0.0	0.0	0.0232558	0.0	0.0	0.0	0.0015	0.0015	0.0	0.0	0.047619	0.0	0.0	0.0	0.0015	
Petit-duc scops	0.0	0.0	0.0	0.0	0.1428571	0.0	0.0	0.0	0.0	0.0	0.0	0.0	0.0015	0.0111111	0.0128205	0.0116279	0.0	0.047619	0.0	0.0063291	0.009009	0.0015	0.0114943	0.0015	0.0285714	0.0206186	0.046875	0.0104167	0.03	0.0394737	0.0	0.0015	0.0	0.0	0.0	0.0	0.0	0.0	0.0	0.0	0.0	0.0	0.0	0.0	0.0	0.0	0.0	0.0	
Chevêche d'Athéna	0.0526316	0.0	0.1	0.0	0.0	0.0833333	0.0714286	0.0	0.0	0.05	0.0	0.0	0.0178571	0.0222222	0.0128205	0.0465116	0.019802	0.0190476	0.0	0.0015	0.036036	0.012987	0.0229885	0.0015	0.0285714	0.0015	0.03125	0.0729167	0.12	0.0921053	0.0925926	0.0689655	0.0512821	0.0015	0.0	0.0015	0.0434783	0.0166667	0.027027	0.0	0.0	0.0	0.0	0.047619	0.0	0.0	0.0	0.0	
Chouette hulotte	0.0	0.0	0.0	0.05	0.1428571	0.0	0.0	0.0	0.0	0.0	0.0	0.0	0.0	0.0222222	0.0128205	0.0	0.0	0.0095238	0.0	0.0015	0.009009	0.012987	0.0	0.0088496	0.0	0.0206186	0.0	0.03125	0.01	0.0015	0.0	0.0015	0.025641	0.025641	0.0015	0.0232558	0.0217391	0.0333333	0.0	0.02	0.0	0.04	0.0015	0.047619	0.0	0.0	0.0	0.0	
Hibou moyen-duc	0.0	0.0	0.0	0.0	0.0	0.0	0.0	0.0	0.0243902	0.0	0.0	0.0	0.0	0.0	0.0	0.0116279	0.0	0.0095238	0.0	0.0	0.0	0.0	0.0229885	0.0	0.0	0.0206186	0.0	0.0104167	0.0	0.0	0.0	0.0015	0.0	0.0	0.0	0.0	0.0	0.0	0.0	0.0	0.0	0.0	0.0	0.0	0.0	0.0	0.0	0.0	
Strigiformes sp.	0.0	0.0	0.0	0.0	0.0	0.0	0.0	0.0	0.0	0.0	0.0	0.0	0.0	0.0	0.0	0.0	0.0	0.0	0.0	0.0	0.0	0.0	0.0	0.0	0.0	0.0	0.0	0.0	0.0	0.0	0.0	0.0	0.0	0.0	0.0015	0.0	0.0	0.0	0.0	0.0	0.0	0.0	0.0	0.0	0.0	0.0	0.0	0.0	
Huppe fasciée	0.0	0.0	0.0	0.0	0.0	0.0	0.0	0.0	0.0	0.0	0.030303	0.0204082	0.0714286	0.1555556	0.1923077	0.2093023	0.0990099	0.1238095	0.1847826	0.1708861	0.2792793	0.2077922	0.1264368	0.079646	0.1142857	0.1134021	0.109375	0.1979167	0.21	0.2105263	0.2407407	0.0517241	0.025641	0.0	0.0	0.0232558	0.0	0.0	0.0015	0.0	0.0	0.0	0.0	0.0	0.0015	0.0	0.0	0.0	
Guêpier d'Europe	0.0	0.0	0.0	0.0	0.0	0.0	0.0	0.0	0.0	0.0	0.0	0.0	0.0	0.0222222	0.0128205	0.0465116	0.0990099	0.0952381	0.0869565	0.0506329	0.0720721	0.0779221	0.0344828	0.0088496	0.1	0.1340206	0.109375	0.09375	0.11	0.1578947	0.2777778	0.2413793	0.1282051	0.1282051	0.0	0.0015	0.0	0.0	0.0	0.0	0.0	0.0	0.0	0.0	0.0	0.0	0.0	0.0	
Martin-pêcheur d'Europe	0.1052632	0.0	0.0	0.05	0.1428571	0.0833333	0.0714286	0.0	0.0487805	0.0	0.030303	0.0204082	0.0178571	0.0222222	0.0128205	0.0116279	0.0015	0.0095238	0.0	0.0126582	0.027027	0.012987	0.0114943	0.0176991	0.0428571	0.0309278	0.03125	0.03125	0.06	0.0394737	0.0740741	0.0689655	0.0769231	0.1282051	0.1458333	0.0697674	0.0869565	0.1166667	0.1081081	0.1	0.0869565	0.16	0.1333333	0.0952381	0.1818182	0.1428571	0.0	0.1785714	
Rollier d'Europe	0.0	0.0	0.0	0.0	0.0	0.0	0.0	0.0	0.0	0.0	0.0	0.0	0.0	0.0	0.0	0.0	0.0	0.0	0.0108696	0.0	0.0	0.0	0.0	0.0	0.0	0.0	0.015625	0.0	0.0	0.0263158	0.0555556	0.0015	0.0	0.0	0.0	0.0	0.0	0.0	0.0	0.0	0.0	0.0	0.0	0.0	0.0	0.0	0.0	0.0	
Torcol fourmilier	0.0	0.0	0.0	0.0	0.0	0.0	0.0	0.0	0.0	0.0	0.0	0.0015	0.0	0.0444444	0.0384615	0.0465116	0.009901	0.0095238	0.0326087	0.0	0.0	0.0015	0.0114943	0.0	0.0	0.0103093	0.0015	0.0104167	0.01	0.0131579	0.0185185	0.0	0.0	0.025641	0.0	0.0	0.0	0.0	0.0	0.0	0.0	0.0	0.0	0.0	0.0	0.0	0.0	0.0	
Pic épeiche	0.0526316	0.08	0.15	0.25	0.1428571	0.1666667	0.2857143	0.1	0.1463415	0.05	0.1212121	0.1632653	0.0714286	0.0666667	0.0641026	0.0813953	0.0693069	0.0380952	0.0015	0.0949367	0.0630631	0.0519481	0.045977	0.079646	0.0285714	0.0927835	0.125	0.15625	0.14	0.1578947	0.1481481	0.1551724	0.2051282	0.2051282	0.1458333	0.0930233	0.0434783	0.15	0.1081081	0.18	0.2608696	0.04	0.2	0.1904762	0.3636364	0.2857143	0.0	0.1785714	
Pic épeichette	0.0526316	0.0	0.05	0.1	0.1428571	0.0833333	0.1071429	0.1	0.0243902	0.0	0.0	0.0	0.0	0.0015	0.0128205	0.0	0.0015	0.0	0.0	0.0	0.009009	0.012987	0.0229885	0.0353982	0.0	0.0103093	0.015625	0.0208333	0.02	0.0394737	0.0185185	0.0	0.0015	0.025641	0.0208333	0.0697674	0.0	0.0166667	0.027027	0.02	0.0	0.0	0.0666667	0.1428571	0.0	0.1428571	0.0	0.0357143	
Pic vert	0.0015	0.16	0.45	0.45	0.4285714	0.2083333	0.4285714	0.2	0.2195122	0.2	0.2121212	0.1836735	0.1428571	0.1888889	0.1538462	0.1627907	0.0594059	0.1238095	0.0978261	0.0949367	0.0720721	0.1168831	0.0574713	0.0973451	0.2285714	0.4020619	0.203125	0.4479167	0.38	0.2763158	0.2037037	0.2758621	0.3333333	0.3846154	0.2291667	0.255814	0.173913	0.2833333	0.1891892	0.14	0.173913	0.04	0.2666667	0.1428571	0.1818182	0.2857143	0.0	0.2142857	
pic sp.	0.0	0.0	0.0	0.0	0.0	0.0	0.0	0.0	0.0	0.0	0.0	0.0	0.0	0.0	0.0	0.0	0.0	0.0	0.0	0.0	0.0	0.0	0.0	0.0	0.0	0.0103093	0.0	0.0	0.0	0.0	0.037037	0.0	0.0	0.0	0.0	0.0	0.0217391	0.0166667	0.0	0.0	0.0	0.0	0.0	0.0	0.0	0.0	0.0	0.0	
Faucon crécerellette	0.0	0.0	0.0	0.0	0.0	0.0	0.0	0.0	0.0	0.0	0.0	0.0	0.0	0.0111111	0.0	0.0	0.0	0.0	0.0108696	0.0	0.0	0.0	0.0	0.0	0.0	0.0	0.0	0.0	0.01	0.0	0.0	0.0	0.0015	0.0	0.0	0.0232558	0.0	0.0	0.0	0.0	0.0	0.0	0.0	0.0	0.0	0.0	0.0	0.0	
Faucon crécerelle	0.0526316	0.04	0.05	0.1	0.2857143	0.0833333	0.1428571	0.0015	0.0243902	0.05	0.0909091	0.0408163	0.0714286	0.1444444	0.0641026	0.1046512	0.0594059	0.152381	0.1086957	0.0949367	0.0990991	0.0779221	0.1264368	0.0442478	0.1714286	0.1958763	0.125	0.09375	0.12	0.1315789	0.2037037	0.0862069	0.1794872	0.1538462	0.0625	0.0930233	0.1956522	0.1166667	0.0810811	0.16	0.0434783	0.08	0.1333333	0.0952381	0.0	0.1428571	0.5	0.2142857	
Faucon crécerellette ou F. crécerelle	0.0	0.0	0.0	0.0	0.0	0.0	0.0	0.0	0.0	0.0	0.0	0.0	0.0	0.0	0.0	0.0	0.0	0.0	0.0	0.0063291	0.0	0.0	0.0	0.0015	0.0	0.0	0.0	0.0	0.0	0.0	0.0	0.0	0.0	0.0	0.0	0.0	0.0	0.0	0.0	0.0	0.0	0.0	0.0	0.0	0.0	0.0	0.0	0.0	
Faucon kobez	0.0	0.0	0.0	0.0	0.0	0.0	0.0	0.0	0.0	0.0	0.0	0.0	0.0	0.0015	0.0	0.0232558	0.019802	0.0	0.0217391	0.0	0.0	0.0	0.0	0.0	0.0	0.0	0.0	0.0	0.0	0.0	0.0	0.0	0.0	0.0	0.0	0.0	0.0	0.0	0.0	0.0	0.0	0.0	0.0	0.0	0.0	0.0	0.0	0.0	
Faucon émerillon	0.0526316	0.0	0.0	0.0	0.0	0.0	0.0	0.0	0.0	0.0	0.0	0.0	0.0	0.0	0.0	0.0	0.0	0.0	0.0	0.0	0.0	0.0	0.0	0.0	0.0	0.0	0.0	0.0	0.0	0.0	0.0	0.0	0.0	0.0	0.0	0.0	0.0	0.0	0.0	0.0	0.0434783	0.0	0.0	0.0	0.0	0.0015	0.0	0.0	
Faucon hobereau	0.0	0.0	0.0	0.0	0.0	0.0	0.0	0.0	0.0	0.0	0.0	0.0	0.0	0.0015	0.0128205	0.0232558	0.009901	0.0095238	0.0217391	0.0253165	0.0	0.0	0.0229885	0.0088496	0.0285714	0.0103093	0.0	0.03125	0.03	0.0263158	0.037037	0.0689655	0.1025641	0.025641	0.0015	0.0232558	0.0	0.0	0.0	0.0	0.0	0.0	0.0	0.0	0.0	0.0	0.0	0.0	
Faucon lanier	0.0	0.0	0.0	0.0	0.0	0.0	0.0	0.0	0.0	0.0	0.0	0.0	0.0	0.0	0.0	0.0116279	0.0	0.0	0.0	0.0	0.0	0.0	0.0	0.0	0.0	0.0	0.0	0.0	0.0	0.0	0.0	0.0	0.0	0.0	0.0	0.0	0.0	0.0	0.0	0.0	0.0	0.0	0.0	0.0	0.0	0.0	0.0	0.0	
Faucon pèlerin	0.0	0.0	0.0	0.0	0.0	0.0	0.0	0.0	0.0	0.0	0.0	0.0612245	0.0	0.0333333	0.0128205	0.0116279	0.0015	0.0095238	0.0217391	0.0189873	0.018018	0.012987	0.0114943	0.0176991	0.0142857	0.0206186	0.015625	0.0208333	0.0	0.0394737	0.0740741	0.0344828	0.0769231	0.025641	0.0	0.0232558	0.0217391	0.0	0.0	0.0	0.0434783	0.04	0.0	0.0015	0.0	0.0	0.0	0.0	
Falco sp.	0.0	0.0	0.0015	0.0	0.0	0.0	0.0357143	0.0015	0.0	0.0	0.0	0.0204082	0.0	0.0	0.0	0.0	0.0	0.0	0.0	0.0	0.0	0.0	0.0015	0.0	0.0142857	0.0	0.0	0.0	0.0	0.0	0.0185185	0.0	0.0	0.0	0.0	0.0	0.0015	0.0	0.0	0.0	0.0	0.0	0.0	0.0	0.0909091	0.0	0.0	0.0	
Perruche à collier	0.0	0.0	0.0	0.0	0.0	0.0	0.0	0.1	0.0	0.0	0.0	0.0204082	0.0	0.0111111	0.0	0.0	0.0	0.0	0.0	0.0	0.0	0.0	0.0	0.0	0.0	0.0	0.0	0.0	0.0	0.0	0.0	0.0	0.0	0.0	0.0	0.0	0.0	0.0	0.0	0.0	0.0	0.0	0.0	0.0	0.0	0.0	0.0	0.0	
Loriot d'Europe	0.0	0.0	0.0	0.0	0.0	0.0	0.0	0.0	0.0	0.0	0.0	0.0	0.0	0.0111111	0.0512821	0.0697674	0.0792079	0.1047619	0.1195652	0.1012658	0.2072072	0.0649351	0.1724138	0.1415929	0.1285714	0.2268041	0.21875	0.1666667	0.12	0.2368421	0.1111111	0.0344828	0.025641	0.0	0.0	0.0	0.0	0.0	0.0	0.0	0.0	0.0	0.0	0.0	0.0	0.0	0.0	0.0	
Pie-grièche écorcheur	0.0	0.0	0.0	0.0	0.0	0.0	0.0	0.0	0.0	0.0	0.0	0.0	0.0	0.0	0.0	0.0	0.0	0.0571429	0.0434783	0.0443038	0.009009	0.012987	0.0689655	0.0530973	0.0571429	0.0721649	0.0625	0.0625	0.02	0.0657895	0.0740741	0.0015	0.025641	0.025641	0.0	0.0232558	0.0	0.0	0.0	0.0	0.0	0.0	0.0	0.0	0.0	0.0	0.0	0.0	
Pie-grièche grise	0.0	0.0	0.0	0.0	0.0	0.0	0.0	0.0	0.0	0.0	0.0	0.0	0.0	0.0	0.0	0.0	0.0	0.0	0.0	0.0	0.0	0.0	0.0	0.0	0.0	0.0	0.0	0.0	0.0	0.0	0.0	0.0	0.0	0.0	0.0	0.0	0.0	0.0	0.0	0.0	0.0	0.0	0.0	0.0	0.0	0.0	0.0	0.0357143	
Pie-grièche à tête rousse	0.0	0.0	0.0	0.0	0.0	0.0	0.0	0.0	0.0	0.0	0.0	0.0	0.0	0.0	0.0	0.0	0.0015	0.0	0.0108696	0.0015	0.0015	0.0	0.0	0.0	0.0	0.0	0.0	0.0104167	0.0015	0.0	0.0185185	0.0	0.0	0.0	0.0	0.0	0.0	0.0	0.0	0.0	0.0	0.0	0.0	0.0	0.0	0.0	0.0	0.0	
Laniidés sp.	0.0	0.0	0.0	0.0	0.0	0.0	0.0	0.0	0.0	0.0	0.0	0.0	0.0	0.0	0.0	0.0	0.0	0.0	0.0	0.0	0.0	0.0	0.0	0.0	0.0142857	0.0	0.0	0.0	0.0	0.0	0.0	0.0	0.0	0.0	0.0	0.0	0.0	0.0	0.0	0.0	0.0	0.0	0.0	0.0	0.0	0.0	0.0	0.0	
Geai des chênes	0.2105263	0.0	0.2	0.2	0.5714286	0.0833333	0.25	0.2	0.097561	0.15	0.1818182	0.0612245	0.125	0.1888889	0.1666667	0.1511628	0.1287129	0.1333333	0.1195652	0.1518987	0.2342342	0.2467532	0.2068966	0.1504425	0.1	0.1958763	0.171875	0.28125	0.19	0.1973684	0.1666667	0.1724138	0.2051282	0.3589744	0.3125	0.255814	0.1956522	0.2333333	0.1891892	0.22	0.2608696	0.2	0.2666667	0.1904762	0.1818182	0.5714286	0.25	0.3928571	
Pie bavarde	0.5263158	0.2	0.5	0.45	0.7142857	0.3333333	0.6071429	0.7	0.2682927	0.5	0.2727273	0.3673469	0.4107143	0.2333333	0.3717949	0.3372093	0.2970297	0.3714286	0.3043478	0.3544304	0.3513514	0.3766234	0.1954023	0.300885	0.3714286	0.257732	0.375	0.3854167	0.26	0.3289474	0.3888889	0.3965517	0.3846154	0.4615385	0.2291667	0.4186047	0.3913043	0.3833333	0.4864865	0.44	0.5217391	0.4	0.2666667	0.5238095	0.3636364	0.5714286	0.25	0.4285714	
Crave à bec rouge	0.0	0.0	0.0	0.0015	0.0	0.0	0.0	0.0	0.0	0.0	0.0	0.0	0.0	0.0	0.0	0.0	0.0015	0.0	0.0108696	0.0	0.009009	0.0	0.0	0.0088496	0.0285714	0.0	0.015625	0.0	0.0	0.0131579	0.0	0.0	0.0	0.0	0.0	0.0	0.0	0.0	0.0	0.0	0.0	0.0	0.0	0.0	0.0	0.0	0.0	0.0	
Chocard à bec jaune	0.0	0.0	0.0	0.0	0.0	0.0	0.0	0.0	0.0	0.0	0.0	0.0	0.0	0.0	0.0	0.0	0.0	0.0	0.0	0.0	0.0	0.0	0.0	0.0	0.0	0.0	0.0	0.0	0.0	0.0	0.0	0.0	0.0	0.0	0.0	0.0	0.0217391	0.0	0.0	0.0	0.0	0.0	0.0	0.0	0.0	0.0	0.0	0.0	
Choucas des tours	0.2631579	0.16	0.25	0.25	0.2857143	0.375	0.3571429	0.3	0.3658537	0.25	0.3636364	0.3469388	0.2142857	0.2444444	0.2948718	0.3837209	0.2871287	0.1904762	0.2608696	0.2911392	0.1801802	0.3766234	0.2298851	0.2300885	0.2142857	0.1237113	0.171875	0.1458333	0.09	0.1184211	0.1111111	0.2241379	0.1538462	0.3076923	0.375	0.3953488	0.3695652	0.3666667	0.4594595	0.44	0.2608696	0.36	0.4	0.2857143	0.7272727	0.2857143	0.25	0.25	
Corneille mantelée	0.3684211	0.32	0.65	0.45	0.4285714	0.4166667	0.75	0.7	0.4390244	0.45	0.3333333	0.5306122	0.3214286	0.3888889	0.3205128	0.4186047	0.4059406	0.3428571	0.3913043	0.5379747	0.4504505	0.5194805	0.4942529	0.380531	0.6	0.5670103	0.453125	0.5208333	0.41	0.4473684	0.5	0.5172414	0.5128205	0.5384615	0.375	0.4186047	0.5652174	0.5166667	0.4594595	0.46	0.5217391	0.32	0.4	0.5714286	0.4545455	0.8571429	0.75	0.6428571	
corneille sp.	0.0	0.0	0.0	0.0	0.0	0.0	0.0	0.0	0.0	0.0	0.0	0.0	0.0	0.0	0.0	0.0	0.0	0.0	0.0	0.0126582	0.0	0.0	0.0	0.0	0.0	0.0	0.0	0.0	0.0	0.0	0.0	0.0	0.0	0.0	0.0416667	0.0	0.0	0.0	0.0	0.0	0.0	0.0	0.0	0.0	0.0	0.0	0.0	0.0	
Grand Corbeau	0.0	0.0	0.0	0.0015	0.0	0.0833333	0.1071429	0.0	0.0	0.05	0.0	0.0	0.0178571	0.0111111	0.0	0.0	0.019802	0.0	0.0015	0.0126582	0.036036	0.012987	0.0	0.0	0.0	0.0103093	0.0	0.0	0.0	0.0131579	0.0	0.0	0.0015	0.025641	0.0	0.0232558	0.0	0.0166667	0.0	0.02	0.0	0.0	0.0	0.0	0.0	0.0	0.0	0.0	
Mésange noire	0.0526316	0.04	0.1	0.0015	0.0	0.0015	0.0	0.0	0.0015	0.0015	0.030303	0.0408163	0.0357143	0.0777778	0.025641	0.0232558	0.0015	0.0095238	0.0108696	0.0126582	0.018018	0.025974	0.0114943	0.0088496	0.0	0.0515464	0.015625	0.0520833	0.01	0.0	0.0	0.0689655	0.0512821	0.1025641	0.0416667	0.0232558	0.0434783	0.0	0.0	0.02	0.0869565	0.0	0.0	0.047619	0.0	0.0	0.0	0.0357143	
Mésange huppée	0.0	0.0	0.0	0.0	0.0	0.0416667	0.0	0.0	0.0	0.0	0.0	0.0	0.0	0.0	0.0	0.0	0.0	0.0	0.0	0.0	0.009009	0.0	0.0	0.0	0.0	0.0	0.0	0.0	0.0	0.0	0.0	0.0	0.0	0.0	0.0	0.0	0.0	0.0	0.0	0.0	0.0	0.0	0.0	0.0	0.0	0.0	0.0	0.0	
Mésange nonnette	0.0015	0.04	0.1	0.4	0.1428571	0.125	0.1428571	0.2	0.0487805	0.0	0.1212121	0.0204082	0.0178571	0.0555556	0.0128205	0.0232558	0.019802	0.0095238	0.0108696	0.0189873	0.009009	0.012987	0.0229885	0.0	0.0142857	0.0	0.03125	0.1145833	0.03	0.0131579	0.0185185	0.0	0.0	0.0	0.0208333	0.0697674	0.0434783	0.0666667	0.027027	0.04	0.0869565	0.04	0.0666667	0.1428571	0.2727273	0.1428571	0.25	0.1785714	
Mésange bleue	0.5789474	0.48	0.65	0.5	0.8571429	0.4166667	0.75	0.7	0.4634146	0.35	0.5151515	0.6326531	0.5178571	0.3888889	0.3974359	0.3372093	0.2574257	0.247619	0.2391304	0.2911392	0.2972973	0.2987013	0.2643678	0.1681416	0.2285714	0.2989691	0.25	0.4270833	0.34	0.2894737	0.3333333	0.4137931	0.3333333	0.5897436	0.375	0.3023256	0.3913043	0.35	0.2972973	0.34	0.4347826	0.16	0.4666667	0.3333333	0.6363636	0.8571429	0.5	0.5714286	
Mésange charbonnière	0.4736842	0.48	0.5	0.35	0.7142857	0.4166667	0.75	0.5	0.2926829	0.5	0.3939394	0.5306122	0.4821429	0.4555556	0.4871795	0.4186047	0.3762376	0.2761905	0.2065217	0.2911392	0.2972973	0.2727273	0.1034483	0.1504425	0.1714286	0.1340206	0.234375	0.2604167	0.19	0.1973684	0.2407407	0.1896552	0.1538462	0.4615385	0.2916667	0.3255814	0.3043478	0.2833333	0.4054054	0.38	0.5217391	0.2	0.5333333	0.4285714	0.6363636	0.7142857	0.5	0.4642857	
paridé sp.	0.0	0.0	0.0	0.0	0.0	0.0	0.0	0.0	0.0	0.0	0.0	0.0	0.0	0.0	0.0	0.0	0.0	0.0	0.0	0.0	0.0	0.0	0.0	0.0	0.0	0.0	0.0	0.0	0.0	0.0	0.0185185	0.0	0.0	0.0	0.0	0.0	0.0	0.0	0.0	0.0	0.0	0.0	0.0	0.0	0.0	0.0	0.0	0.0	
Rémiz penduline	0.0	0.0	0.0	0.0015	0.0	0.0	0.0	0.0	0.0243902	0.0	0.030303	0.0204082	0.0	0.0333333	0.0	0.0	0.009901	0.0285714	0.0108696	0.0	0.018018	0.0	0.0015	0.0	0.0285714	0.0103093	0.015625	0.0208333	0.01	0.0131579	0.0	0.0	0.0	0.0	0.0	0.0	0.0	0.0	0.0	0.0	0.0	0.0	0.0	0.0	0.0	0.0	0.0	0.1071429	
Alouette lulu	0.0	0.0	0.05	0.05	0.0	0.0	0.0	0.0	0.097561	0.0	0.0909091	0.0	0.0535714	0.1	0.0	0.0697674	0.019802	0.1047619	0.0652174	0.0696203	0.0630631	0.0519481	0.045977	0.0619469	0.0015	0.0618557	0.015625	0.0208333	0.0	0.0131579	0.0015	0.0	0.0	0.0	0.0208333	0.0930233	0.0217391	0.0833333	0.0810811	0.0	0.0434783	0.0	0.0	0.0	0.0	0.1428571	0.0	0.0357143	
Alouette des champs	0.0	0.0	0.05	0.0	0.0	0.0	0.0357143	0.0	0.0	0.0	0.0606061	0.0015	0.0178571	0.1444444	0.025641	0.127907	0.0594059	0.0571429	0.0978261	0.0886076	0.045045	0.038961	0.1724138	0.0973451	0.1	0.1340206	0.046875	0.0208333	0.02	0.0263158	0.037037	0.0	0.0	0.0	0.0	0.0465116	0.0217391	0.0333333	0.0015	0.04	0.0869565	0.08	0.0666667	0.0015	0.0	0.0	0.0	0.0	
Cochevis huppé	0.0526316	0.0	0.0	0.05	0.0	0.0416667	0.0357143	0.0	0.0	0.0	0.0	0.0204082	0.0178571	0.0	0.0128205	0.0116279	0.009901	0.0095238	0.0217391	0.0063291	0.0	0.0	0.0229885	0.0	0.0285714	0.0103093	0.0	0.0208333	0.0	0.0	0.0	0.0172414	0.025641	0.0	0.0015	0.0232558	0.0217391	0.0166667	0.0	0.06	0.0	0.04	0.0	0.0	0.0	0.1428571	0.0	0.0	
Alouette calandrelle	0.0	0.0	0.0	0.0	0.0	0.0	0.0	0.0	0.0	0.0	0.0	0.0	0.0	0.0	0.0	0.0116279	0.0	0.0	0.0	0.0	0.0	0.0	0.0114943	0.0	0.0142857	0.0	0.0	0.0	0.0	0.0	0.0	0.0	0.0	0.0	0.0	0.0	0.0	0.0	0.0	0.0	0.0	0.0	0.0	0.0	0.0	0.0	0.0	0.0	
alaudidé sp.	0.0	0.0	0.0	0.0	0.0	0.0	0.0	0.0	0.0	0.0	0.0	0.0	0.0	0.0	0.0	0.0	0.0	0.0	0.0	0.0	0.0	0.0	0.0	0.0	0.0	0.0	0.0	0.0	0.0	0.0	0.0	0.0	0.0	0.0	0.0	0.0	0.0	0.0166667	0.0	0.0	0.0	0.0	0.0	0.0	0.0	0.0	0.0	0.0	
Panure à moustaches	0.0	0.0	0.0	0.0	0.0	0.0	0.0	0.0	0.0243902	0.0	0.0	0.0	0.0	0.0	0.0128205	0.0	0.0	0.0	0.0	0.0	0.0	0.0	0.0	0.0	0.0	0.0	0.0	0.0	0.0	0.0	0.0015	0.0	0.0	0.0	0.0	0.0	0.0	0.0	0.0	0.0	0.0	0.0	0.0	0.0	0.0	0.0	0.0	0.0	
Cisticole des joncs	0.2105263	0.0	0.1	0.05	0.0	0.0416667	0.1071429	0.1	0.0487805	0.1	0.0606061	0.0408163	0.0892857	0.1111111	0.0897436	0.0813953	0.039604	0.0761905	0.0217391	0.1075949	0.1351351	0.1038961	0.1149425	0.0530973	0.1714286	0.1030928	0.09375	0.1875	0.21	0.1447368	0.1481481	0.0862069	0.0512821	0.1025641	0.0208333	0.0465116	0.0	0.0	0.027027	0.0	0.0434783	0.04	0.1333333	0.047619	0.0909091	0.1428571	0.0	0.1428571	
Hypolaïs polyglotte	0.0	0.0	0.0	0.0	0.0	0.0	0.0	0.0	0.0	0.0	0.0	0.0	0.0	0.0	0.0	0.0	0.0015	0.0	0.0	0.0126582	0.0015	0.0	0.0	0.0088496	0.0	0.0	0.0	0.0	0.01	0.0131579	0.0	0.0	0.0	0.0	0.0	0.0	0.0	0.0	0.0	0.0	0.0	0.0	0.0	0.0	0.0	0.0	0.0	0.0	
Hypolaïs ictérine	0.0	0.0	0.0	0.0	0.0	0.0	0.0	0.0	0.0	0.0	0.0	0.0	0.0	0.0	0.0	0.0	0.0	0.0095238	0.0	0.0	0.0	0.0	0.0	0.0	0.0	0.0	0.0	0.0	0.0	0.0	0.0	0.0	0.0	0.0	0.0	0.0	0.0	0.0	0.0	0.0	0.0	0.0	0.0	0.0	0.0	0.0	0.0	0.0	
Hypolaïs polyglotte ou H. ictérine	0.0	0.0	0.0	0.0	0.0	0.0	0.0	0.0	0.0	0.0	0.0	0.0	0.0	0.0	0.0	0.0	0.0	0.0	0.0	0.0	0.0	0.0	0.0	0.0	0.0	0.0	0.0	0.0	0.0	0.0	0.0	0.0015	0.0	0.0	0.0	0.0	0.0	0.0	0.0	0.0	0.0	0.0	0.0	0.0	0.0	0.0	0.0	0.0	
Lusciniole à moustaches	0.0526316	0.0	0.0	0.0015	0.1428571	0.0833333	0.0	0.0	0.0	0.0	0.0	0.0	0.0	0.0111111	0.0	0.0	0.0	0.0	0.0	0.0	0.0	0.0	0.0	0.0	0.0	0.0	0.0	0.0	0.0	0.0	0.0	0.0172414	0.0	0.0	0.0	0.0	0.0	0.0	0.0	0.0	0.0434783	0.04	0.0	0.047619	0.0909091	0.0	0.0	0.0	
Phragmite des joncs	0.0	0.0	0.0	0.0	0.0	0.0	0.0	0.0	0.0	0.0	0.0	0.0	0.0	0.0111111	0.0	0.0	0.0	0.0095238	0.0	0.0063291	0.0	0.0015	0.0	0.0	0.0	0.0	0.0	0.0	0.0015	0.0131579	0.0	0.0172414	0.0	0.0	0.0	0.0	0.0	0.0	0.0	0.0	0.0	0.0	0.0	0.0	0.0	0.0	0.0	0.0	
Rousserolle verderolle	0.0	0.0	0.0	0.0	0.0	0.0	0.0	0.0	0.0	0.0	0.0	0.0	0.0	0.0	0.0	0.0	0.0	0.0	0.0	0.0	0.0	0.0	0.0	0.0	0.0	0.0	0.0	0.0	0.0	0.0	0.0015	0.0172414	0.0	0.0	0.0	0.0	0.0	0.0	0.0	0.0	0.0	0.0	0.0	0.0	0.0	0.0	0.0	0.0	
Rousserolle effarvatte	0.0	0.0	0.0	0.0	0.0	0.0	0.0	0.0	0.0	0.0	0.0	0.0	0.0	0.0	0.0128205	0.0232558	0.009901	0.0952381	0.076087	0.1075949	0.1081081	0.0779221	0.0574713	0.0619469	0.0714286	0.0618557	0.078125	0.09375	0.05	0.0789474	0.0555556	0.0344828	0.0015	0.0769231	0.0416667	0.0	0.0	0.0	0.0	0.0	0.0	0.0	0.0	0.0	0.0	0.0	0.0	0.0	
Rousserolle turdoïde	0.0	0.0	0.0	0.0	0.0	0.0	0.0	0.0	0.0	0.0	0.0	0.0	0.0	0.0111111	0.0128205	0.0465116	0.029703	0.0571429	0.0434783	0.0316456	0.0720721	0.025974	0.0689655	0.0176991	0.1	0.0309278	0.015625	0.03125	0.02	0.0526316	0.0015	0.0	0.0	0.0	0.0	0.0	0.0	0.0	0.0	0.0	0.0	0.0	0.0	0.0	0.0	0.0	0.0	0.0	
Acrocephalus sp.	0.0	0.0	0.0	0.0	0.0	0.0	0.0	0.0	0.0	0.0	0.0	0.0	0.0	0.0	0.0	0.0	0.0	0.0	0.0	0.0	0.0	0.0	0.0	0.0	0.0142857	0.0	0.0	0.0	0.0	0.0	0.0	0.0	0.0	0.0	0.0	0.0	0.0	0.0	0.0	0.0	0.0	0.0	0.0	0.0	0.0	0.0	0.0	0.0	
Hirondelle de rivage	0.0	0.0	0.0	0.0	0.0	0.0	0.0	0.0	0.0	0.0	0.0	0.0	0.0178571	0.0111111	0.0	0.0	0.0015	0.0095238	0.0	0.0	0.0	0.0	0.0	0.0	0.0	0.0	0.0	0.0	0.01	0.0	0.0	0.0	0.025641	0.025641	0.0416667	0.0232558	0.0217391	0.0	0.0	0.02	0.0	0.0	0.0	0.0	0.0	0.0	0.0	0.0	
Hirondelle de rochers	0.0	0.0	0.0	0.0	0.0	0.0	0.0	0.0	0.0243902	0.0015	0.0	0.0	0.0	0.0	0.0	0.0	0.0015	0.0	0.0015	0.0253165	0.0	0.0	0.0015	0.0015	0.0142857	0.0103093	0.0	0.0015	0.02	0.0	0.0	0.0172414	0.0	0.0	0.0208333	0.0	0.0	0.0166667	0.0	0.0	0.0	0.0	0.0	0.0015	0.0	0.0	0.0	0.0	
Hirondelle rustique	0.0	0.0	0.0	0.0	0.0	0.0	0.0	0.0	0.0487805	0.0	0.1515152	0.1836735	0.25	0.2222222	0.2435897	0.2325581	0.1287129	0.2285714	0.2391304	0.1835443	0.2522523	0.2337662	0.2298851	0.2566372	0.3857143	0.3917526	0.421875	0.5	0.43	0.5789474	0.6111111	0.5517241	0.4102564	0.2051282	0.0625	0.0697674	0.0869565	0.0333333	0.0540541	0.0	0.0	0.0	0.0	0.0	0.0	0.0	0.0	0.0	
Hirondelle de fenêtre	0.0	0.0	0.0	0.0	0.0	0.0	0.0357143	0.0015	0.097561	0.05	0.2424242	0.1632653	0.0892857	0.1888889	0.1410256	0.2325581	0.2673267	0.247619	0.326087	0.3481013	0.2612613	0.2857143	0.3678161	0.4867257	0.4	0.371134	0.4375	0.3645833	0.51	0.3947368	0.2777778	0.1724138	0.1794872	0.1025641	0.1875	0.0930233	0.0434783	0.0333333	0.0	0.0	0.0	0.0	0.0	0.0	0.0	0.0	0.0	0.0	
hirondelle sp.	0.0	0.0	0.0	0.0	0.0	0.0	0.0	0.0	0.0	0.0	0.0	0.0	0.0	0.0	0.0	0.0	0.0	0.0095238	0.0	0.0	0.0	0.0	0.0015	0.0	0.0142857	0.0	0.0	0.0	0.0	0.0	0.0	0.0	0.025641	0.0	0.0	0.0	0.0	0.0	0.0	0.0	0.0	0.0	0.0	0.0	0.0	0.0	0.0	0.0	
Pouillot siffleur	0.0	0.0	0.0	0.0	0.0	0.0	0.0	0.0	0.0	0.0	0.0	0.0	0.0	0.0	0.0015	0.0465116	0.0015	0.0	0.0108696	0.0253165	0.0	0.0	0.0114943	0.0	0.0	0.0	0.0	0.0104167	0.0	0.0131579	0.0	0.0172414	0.0	0.0	0.0208333	0.0	0.0	0.0	0.0	0.0	0.0	0.0	0.0	0.0	0.0	0.0	0.0	0.0	
Pouillot de Bonelli	0.0	0.0	0.0	0.0	0.0	0.0	0.0	0.0	0.0	0.0	0.0	0.0	0.0	0.0555556	0.0128205	0.0465116	0.049505	0.047619	0.0652174	0.0379747	0.0810811	0.0779221	0.0344828	0.0088496	0.0428571	0.0309278	0.0	0.0208333	0.0	0.0	0.0	0.0	0.0015	0.0	0.0	0.0	0.0	0.0	0.0	0.0	0.0	0.0	0.0	0.0	0.0	0.0	0.0	0.0	
Pouillot fitis	0.0	0.0	0.0	0.0	0.0	0.0	0.0	0.0	0.0	0.0	0.0	0.0	0.0	0.0555556	0.0128205	0.0	0.009901	0.0	0.0	0.0	0.0	0.0	0.0	0.0	0.0	0.0	0.0	0.0	0.0	0.0	0.0	0.0	0.0	0.025641	0.0	0.0	0.0	0.0	0.0	0.0	0.0	0.0	0.0	0.0	0.0	0.0	0.0	0.0	
Pouillot véloce	0.2105263	0.16	0.3	0.3	0.2857143	0.1666667	0.3571429	0.1	0.195122	0.25	0.1818182	0.244898	0.1607143	0.2222222	0.0897436	0.1395349	0.029703	0.1428571	0.0978261	0.1012658	0.2162162	0.1558442	0.1724138	0.0884956	0.0857143	0.0824742	0.0	0.1145833	0.05	0.0526316	0.0555556	0.1551724	0.0769231	0.0769231	0.0833333	0.1860465	0.1521739	0.1833333	0.3783784	0.32	0.4347826	0.16	0.3333333	0.2857143	0.3636364	0.7142857	0.0	0.25	
pouillot sp.	0.0	0.0	0.0	0.0	0.0	0.0	0.0	0.0	0.0	0.0	0.0	0.0	0.0	0.0	0.0	0.0	0.0	0.0	0.0	0.0	0.0	0.0	0.0	0.0	0.0	0.0	0.0	0.0104167	0.0	0.0131579	0.0185185	0.0	0.0	0.0	0.0	0.0	0.0	0.0	0.0	0.0	0.0	0.0	0.0	0.0	0.0	0.0	0.0	0.0	
Bouscarle de Cetti	0.2631579	0.08	0.15	0.25	0.4285714	0.3333333	0.4642857	0.2	0.1219512	0.2	0.2121212	0.2244898	0.1428571	0.2	0.1282051	0.127907	0.0594059	0.1142857	0.1195652	0.1329114	0.1441441	0.0649351	0.0574713	0.0442478	0.0571429	0.0309278	0.015625	0.0729167	0.05	0.1052632	0.1296296	0.1551724	0.2307692	0.2564103	0.2291667	0.1627907	0.0434783	0.1666667	0.1081081	0.26	0.2608696	0.12	0.3333333	0.2380952	0.1818182	0.2857143	0.0	0.2857143	
Orite à longue queue	0.1578947	0.16	0.45	0.45	0.8571429	0.25	0.5357143	0.2	0.1463415	0.1	0.1212121	0.1020408	0.1428571	0.1555556	0.1410256	0.1395349	0.1287129	0.047619	0.0869565	0.1329114	0.1351351	0.1298701	0.1264368	0.0442478	0.0714286	0.1237113	0.109375	0.1875	0.12	0.1578947	0.1481481	0.137931	0.1538462	0.1538462	0.2291667	0.1860465	0.173913	0.2833333	0.2432432	0.22	0.3478261	0.08	0.4	0.3333333	0.1818182	0.5714286	0.5	0.4285714	
Fauvette à tête noire	0.1578947	0.4	0.3	0.35	0.4285714	0.4166667	0.6428571	0.4	0.3414634	0.5	0.3636364	0.5714286	0.4642857	0.5111111	0.474359	0.5581395	0.4158416	0.3809524	0.4347826	0.4556962	0.5675676	0.5194805	0.5172414	0.4070796	0.3428571	0.4329897	0.40625	0.5520833	0.36	0.1842105	0.2037037	0.1034483	0.1538462	0.2051282	0.1875	0.255814	0.2173913	0.1666667	0.1891892	0.34	0.173913	0.2	0.3333333	0.2857143	0.5454545	0.7142857	0.5	0.3928571	
Fauvette des jardins	0.0	0.0	0.0	0.0	0.0	0.0	0.0	0.0	0.0	0.0	0.0	0.0	0.0	0.0	0.0	0.0116279	0.009901	0.0	0.0	0.0	0.0	0.0	0.0	0.0	0.0	0.0	0.0	0.0	0.01	0.0131579	0.0185185	0.0	0.0	0.0	0.0015	0.0	0.0	0.0	0.0	0.0	0.0	0.0	0.0	0.0	0.0	0.0	0.0	0.0	
Fauvette mélanocéphale	0.2105263	0.04	0.05	0.1	0.0	0.125	0.1428571	0.1	0.1707317	0.1	0.030303	0.0612245	0.1607143	0.1111111	0.1153846	0.0581395	0.1089109	0.0666667	0.0543478	0.0379747	0.0900901	0.0519481	0.091954	0.0973451	0.0714286	0.0824742	0.140625	0.09375	0.06	0.0789474	0.0555556	0.1896552	0.1282051	0.1282051	0.1666667	0.0697674	0.0434783	0.15	0.2162162	0.18	0.173913	0.12	0.2666667	0.1428571	0.0909091	0.4285714	0.0	0.1071429	
Fauvette de Moltoni	0.0	0.0	0.0	0.0	0.0	0.0	0.0	0.0	0.0	0.0	0.0	0.0	0.0	0.0	0.0	0.0015	0.009901	0.0	0.0	0.0	0.0	0.0	0.0	0.0	0.0	0.0	0.0	0.0	0.0	0.0	0.0	0.0	0.0	0.0	0.0	0.0	0.0	0.0	0.0	0.0	0.0	0.0	0.0	0.0	0.0	0.0	0.0	0.0	
Fauvette des Balkans	0.0	0.0	0.0	0.0	0.0	0.0	0.0	0.0	0.0	0.0	0.0	0.0	0.0	0.0333333	0.0015	0.0232558	0.019802	0.0380952	0.0217391	0.0316456	0.0990991	0.1038961	0.0229885	0.0176991	0.0015	0.0103093	0.046875	0.03125	0.0015	0.0394737	0.037037	0.0172414	0.0	0.025641	0.0	0.0465116	0.0	0.0	0.0	0.0	0.0	0.0	0.0	0.0	0.0	0.0	0.0	0.0	
Fauvette de Moltoni, F. passerinette ou F. des Balkans	0.0	0.0	0.0	0.0	0.0	0.0	0.0	0.0	0.0	0.0	0.0	0.0	0.0	0.0	0.0	0.0	0.009901	0.0	0.0	0.0	0.009009	0.0	0.0	0.0	0.0	0.0	0.0	0.0104167	0.0	0.0	0.0	0.0	0.0	0.0	0.0	0.0	0.0	0.0	0.0	0.0	0.0	0.0	0.0	0.0	0.0	0.0	0.0	0.0	
Fauvette grisette	0.0	0.0	0.0	0.0	0.0	0.0	0.0	0.0	0.0	0.0	0.0	0.0204082	0.0	0.0444444	0.0128205	0.1162791	0.009901	0.0666667	0.0434783	0.0506329	0.018018	0.0	0.0689655	0.0442478	0.0142857	0.0412371	0.0	0.0208333	0.0	0.0	0.0185185	0.0	0.0015	0.0	0.0	0.0	0.0	0.0	0.0	0.0	0.0	0.0	0.0	0.0	0.0	0.0	0.0	0.0	
Sylvia ou Curruca sp.	0.0	0.0	0.0	0.0	0.0	0.0	0.0	0.0	0.0	0.0	0.0	0.0	0.0	0.0	0.0	0.0	0.0	0.0	0.0	0.0	0.0	0.0	0.0	0.0	0.0142857	0.0	0.0	0.0104167	0.0	0.0	0.0	0.0172414	0.0	0.0	0.0	0.0	0.0	0.0	0.0	0.0	0.0	0.0	0.0	0.0	0.0	0.0	0.0	0.0	
Passeriformes sp. (fauvette de l'ancien monde sp.)	0.0	0.0	0.0	0.0	0.0	0.0	0.0	0.0	0.0	0.0	0.0	0.0	0.0	0.0	0.0	0.0	0.0	0.0	0.0	0.0	0.0	0.0	0.0	0.0	0.0	0.0	0.0	0.0	0.0	0.0	0.0	0.0	0.0	0.0	0.0	0.0	0.0217391	0.0	0.0	0.0	0.0	0.0	0.0	0.0	0.0	0.0	0.0	0.0	
Roitelet huppé	0.1052632	0.0	0.1	0.05	0.1428571	0.0416667	0.0	0.0	0.0243902	0.0	0.030303	0.0	0.0	0.0	0.0128205	0.0116279	0.0	0.0095238	0.0	0.0126582	0.009009	0.0	0.0	0.0088496	0.0	0.0	0.0	0.0	0.0	0.0	0.0	0.0	0.0015	0.0	0.0208333	0.0465116	0.0	0.0666667	0.0015	0.06	0.173913	0.04	0.1333333	0.0	0.0909091	0.1428571	0.0	0.1428571	
Roitelet à triple bandeau	0.1052632	0.04	0.15	0.1	0.0015	0.0416667	0.1428571	0.0	0.1463415	0.05	0.1515152	0.1020408	0.1071429	0.0666667	0.0769231	0.0930233	0.0693069	0.0571429	0.0978261	0.0949367	0.1081081	0.0649351	0.0804598	0.0619469	0.0571429	0.0103093	0.0625	0.0416667	0.06	0.0263158	0.0185185	0.0344828	0.0769231	0.1025641	0.1458333	0.0015	0.0652174	0.1	0.0540541	0.04	0.0869565	0.0	0.1333333	0.0015	0.0909091	0.1428571	0.25	0.0357143	
Roitelet huppé ou R. à triple bandeau	0.0	0.0	0.0	0.0	0.0	0.0	0.0	0.0	0.0	0.0	0.0	0.0	0.0	0.0	0.0	0.0	0.0	0.0	0.0	0.0	0.0	0.0	0.0	0.0	0.0	0.0	0.0	0.0	0.0	0.0	0.0	0.0	0.0015	0.0	0.0	0.0	0.0	0.0	0.0	0.0	0.0	0.0	0.0	0.0	0.0	0.0	0.0	0.0	
Tichodrome échelette	0.0	0.0	0.0	0.0	0.0	0.0	0.0	0.1	0.0	0.0015	0.0	0.0	0.0	0.0	0.0	0.0	0.0	0.0	0.0	0.0	0.0	0.0	0.0	0.0	0.0	0.0	0.0	0.0	0.0	0.0	0.0	0.0	0.0	0.0	0.0	0.0	0.0	0.0	0.0	0.0015	0.0	0.0	0.0	0.0	0.0	0.0	0.0	0.0	
Sittelle torchepot	0.2105263	0.08	0.3	0.4	0.1428571	0.1666667	0.2142857	0.2	0.097561	0.1	0.1818182	0.1428571	0.125	0.1	0.0384615	0.1046512	0.049505	0.047619	0.0108696	0.056962	0.0810811	0.0649351	0.045977	0.0884956	0.0428571	0.0618557	0.03125	0.1041667	0.14	0.1184211	0.0740741	0.0517241	0.025641	0.2564103	0.1458333	0.1627907	0.1521739	0.0833333	0.0810811	0.08	0.0869565	0.04	0.2	0.3333333	0.3636364	0.2857143	0.0	0.1785714	
Grimpereau des bois	0.0	0.0	0.0	0.0	0.0	0.0	0.0	0.0	0.0	0.0	0.0	0.0	0.0357143	0.0	0.0	0.0116279	0.0	0.0	0.0	0.0	0.0	0.0	0.0	0.0	0.0	0.0	0.0	0.0	0.0	0.0	0.0	0.0	0.025641	0.0	0.0416667	0.0	0.0	0.0	0.0015	0.0	0.0	0.0	0.0	0.0	0.0	0.0	0.0	0.0	
Grimpereau des jardins	0.1578947	0.08	0.2	0.15	0.1428571	0.25	0.3928571	0.2	0.0731707	0.2	0.1818182	0.1632653	0.1607143	0.1333333	0.1282051	0.1976744	0.1386139	0.0380952	0.076087	0.0822785	0.1891892	0.025974	0.1034483	0.0530973	0.0714286	0.1752577	0.125	0.2083333	0.21	0.1710526	0.1666667	0.0862069	0.0512821	0.2051282	0.125	0.0930233	0.1086957	0.0833333	0.1351351	0.12	0.1304348	0.08	0.2666667	0.1904762	0.1818182	0.2857143	0.0	0.25	
Grimpereau des bois ou G. des jardins	0.0	0.0	0.0	0.0	0.0	0.0	0.0357143	0.0	0.0	0.0	0.0	0.0	0.0	0.0	0.0	0.0	0.0	0.0	0.0	0.0	0.0	0.0	0.0	0.0	0.0	0.0	0.0	0.0	0.0	0.0	0.0185185	0.0	0.0	0.0	0.0	0.0	0.0	0.0	0.0	0.0	0.0	0.0	0.0	0.0	0.0	0.0	0.0	0.0	
Troglodyte mignon	0.0526316	0.0	0.05	0.2	0.0	0.1666667	0.2142857	0.0015	0.1707317	0.0015	0.030303	0.1836735	0.1428571	0.0777778	0.0512821	0.1046512	0.0891089	0.047619	0.1086957	0.1835443	0.1531532	0.1948052	0.1149425	0.0707965	0.0714286	0.0618557	0.015625	0.09375	0.05	0.0	0.0185185	0.0344828	0.0015	0.0769231	0.0416667	0.0232558	0.0434783	0.0666667	0.0540541	0.02	0.2173913	0.0	0.2666667	0.047619	0.0909091	0.2857143	0.0	0.1785714	
Cincle plongeur	0.0	0.0	0.05	0.0	0.0	0.0	0.0	0.0	0.0	0.0	0.0	0.0	0.0	0.0	0.0	0.0	0.009901	0.0	0.0	0.0	0.0	0.0	0.0	0.0	0.0	0.0	0.0	0.0	0.0	0.0	0.0	0.0	0.0	0.0	0.0	0.0	0.0	0.0	0.0	0.0	0.0	0.0	0.0	0.0	0.0	0.0	0.0	0.0	
Étourneau sansonnet	0.2631579	0.28	0.3	0.4	0.1428571	0.1666667	0.4285714	0.4	0.3414634	0.45	0.3636364	0.3265306	0.3392857	0.2222222	0.3205128	0.4418605	0.2970297	0.2857143	0.3586957	0.3734177	0.3243243	0.2987013	0.2413793	0.2566372	0.3857143	0.2164948	0.203125	0.3020833	0.19	0.1973684	0.3333333	0.4137931	0.3333333	0.3846154	0.1458333	0.2093023	0.2391304	0.3666667	0.3783784	0.46	0.4347826	0.28	0.3333333	0.5714286	0.5454545	0.4285714	0.25	0.3571429	
Grive draine	0.0	0.0	0.0	0.0015	0.0015	0.0	0.0	0.0	0.0243902	0.0	0.030303	0.0	0.0178571	0.0111111	0.025641	0.0015	0.019802	0.0095238	0.0108696	0.0015	0.027027	0.0	0.0	0.0	0.0142857	0.0103093	0.0	0.0104167	0.0	0.0	0.0	0.0	0.0	0.0	0.0208333	0.0	0.0	0.0166667	0.0	0.02	0.1304348	0.0	0.0666667	0.047619	0.0	0.0	0.25	0.0357143	
Grive musicienne	0.0	0.08	0.05	0.05	0.1428571	0.2916667	0.1785714	0.1	0.0731707	0.05	0.0606061	0.1632653	0.125	0.0666667	0.0128205	0.0232558	0.029703	0.0	0.0543478	0.0379747	0.036036	0.0519481	0.0229885	0.0	0.0142857	0.0	0.0	0.0104167	0.0	0.0	0.0	0.0	0.0	0.025641	0.0	0.0	0.0652174	0.0666667	0.0015	0.04	0.0869565	0.0	0.0666667	0.0	0.0909091	0.2857143	0.0	0.0714286	
Grive mauvis	0.0	0.0	0.0	0.0	0.0	0.0	0.0	0.0	0.0	0.0	0.0	0.0204082	0.0	0.0111111	0.0	0.0	0.0	0.0	0.0	0.0	0.0	0.0	0.0	0.0	0.0	0.0	0.0	0.0	0.0	0.0	0.0	0.0	0.0	0.0	0.0	0.0	0.0	0.0	0.0	0.0	0.0434783	0.0	0.0	0.0	0.0	0.0	0.0	0.0	
Merle noir	0.3684211	0.36	0.6	0.45	0.7142857	0.5	0.75	0.5	0.4878049	0.75	0.5454545	0.6530612	0.5	0.6222222	0.5384615	0.7093023	0.4950495	0.5904762	0.5543478	0.6139241	0.5945946	0.6103896	0.6091954	0.4336283	0.4	0.3505155	0.296875	0.3854167	0.28	0.3026316	0.2037037	0.2758621	0.1794872	0.4871795	0.2291667	0.372093	0.2391304	0.3333333	0.3243243	0.3	0.4782609	0.16	0.2666667	0.3333333	0.7272727	1.0	0.75	0.5714286	
Grive litorne	0.0	0.0	0.0	0.0	0.0	0.0	0.0	0.0	0.0	0.0	0.0	0.0	0.0	0.0	0.0	0.0	0.0	0.0	0.0	0.0063291	0.0	0.0	0.0	0.0	0.0	0.0	0.0	0.0	0.0	0.0	0.0	0.0	0.0	0.0	0.0	0.0	0.0	0.0	0.0	0.0	0.0434783	0.0	0.0	0.0015	0.0	0.0	0.0	0.0357143	
Merle à plastron	0.0	0.0	0.0	0.0	0.0	0.0	0.0	0.0	0.0	0.0	0.0	0.0	0.0	0.0	0.0	0.0	0.0	0.0	0.0	0.0	0.0	0.0	0.0	0.0	0.0	0.0	0.0	0.0	0.0	0.0	0.0	0.0	0.0	0.0	0.0	0.0	0.0	0.0	0.0	0.02	0.0	0.0	0.0	0.0	0.0	0.0	0.0	0.0	
Turdus sp.	0.0	0.0	0.0	0.05	0.0	0.0	0.0	0.0	0.0	0.0	0.0	0.0	0.0	0.0	0.0	0.0	0.0	0.0	0.0	0.0	0.0	0.0	0.0	0.0	0.0	0.0	0.0	0.0	0.0	0.0	0.0	0.0	0.0	0.0	0.0	0.0	0.0	0.0	0.0	0.0	0.0	0.0	0.0	0.0	0.0	0.0	0.0	0.0	
Gobemouche gris	0.0	0.0	0.0	0.0	0.0	0.0	0.0	0.0	0.0	0.0	0.0	0.0	0.0	0.0111111	0.0128205	0.0116279	0.009901	0.0285714	0.0108696	0.0189873	0.036036	0.012987	0.0689655	0.0353982	0.0857143	0.0206186	0.015625	0.0729167	0.05	0.0394737	0.037037	0.0344828	0.0512821	0.0512821	0.0416667	0.0232558	0.0434783	0.05	0.0015	0.02	0.0	0.0	0.0	0.0	0.0	0.0	0.0	0.0	
Rougegorge familier	0.3157895	0.72	0.6	0.75	0.8571429	0.5833333	0.6785714	0.5	0.4878049	0.55	0.3636364	0.3265306	0.3571429	0.3	0.2820513	0.2906977	0.2376238	0.1619048	0.2282609	0.221519	0.2792793	0.2467532	0.2183908	0.0973451	0.0571429	0.0721649	0.0	0.1666667	0.07	0.0526316	0.0185185	0.0344828	0.1025641	0.2564103	0.3125	0.3255814	0.4347826	0.5333333	0.5135135	0.66	0.6956522	0.48	0.5333333	0.5238095	0.6363636	0.8571429	0.5	0.6785714	
Rossignol philomèle	0.0	0.0	0.0	0.0	0.0	0.0	0.0	0.0	0.0	0.05	0.0	0.0	0.0	0.0666667	0.1923077	0.2790698	0.1188119	0.2190476	0.1413043	0.1518987	0.2432432	0.1168831	0.1149425	0.0707965	0.0285714	0.0412371	0.046875	0.03125	0.01	0.0263158	0.037037	0.0517241	0.0	0.025641	0.0	0.0	0.0	0.0166667	0.0015	0.02	0.0	0.0	0.0	0.0	0.0	0.0	0.0	0.0	
Gorgebleue à miroir	0.0	0.0	0.0	0.0	0.0	0.0	0.0	0.0	0.0	0.0	0.0	0.0	0.0	0.0	0.0128205	0.0	0.0	0.0	0.0	0.0	0.0	0.0	0.0	0.0	0.0	0.0	0.0	0.0	0.0	0.0	0.0	0.0	0.0	0.0	0.0	0.0	0.0	0.0	0.0	0.0	0.0	0.0	0.0	0.0	0.0	0.0	0.0	0.0	
Gobemouche noir	0.0	0.0	0.0	0.0	0.0	0.0	0.0	0.0	0.0	0.0	0.0	0.0204082	0.0178571	0.0111111	0.0128205	0.0116279	0.0	0.0095238	0.0	0.0063291	0.0	0.0	0.0	0.0	0.0	0.0	0.0	0.0	0.0	0.0	0.0	0.0344828	0.0	0.025641	0.0	0.0232558	0.0	0.0	0.0	0.0	0.0	0.0	0.0	0.0	0.0	0.0	0.0	0.0	
Gobemouche à collier	0.0	0.0	0.0	0.0	0.0	0.0	0.0	0.0	0.0	0.0	0.0	0.0	0.0	0.0111111	0.0	0.0	0.0	0.0	0.0	0.0	0.0	0.0	0.0	0.0	0.0	0.0	0.0	0.0	0.0	0.0	0.0	0.0	0.0	0.0	0.0	0.0	0.0	0.0	0.0	0.0	0.0	0.0	0.0	0.0	0.0	0.0	0.0	0.0	
Rougequeue à front blanc	0.0	0.0	0.0	0.0	0.0	0.0	0.0	0.0	0.0	0.0	0.0	0.122449	0.2142857	0.2222222	0.2564103	0.3139535	0.2475248	0.1238095	0.3152174	0.221519	0.2522523	0.1948052	0.1609195	0.1150442	0.1285714	0.1237113	0.109375	0.125	0.18	0.1710526	0.1111111	0.0344828	0.0512821	0.0	0.0	0.0232558	0.0	0.0	0.0	0.04	0.0	0.0	0.0	0.0	0.0	0.0	0.0	0.0	
Rougequeue noir	0.1578947	0.36	0.25	0.3	0.4285714	0.1666667	0.2142857	0.2	0.1219512	0.2	0.1515152	0.0204082	0.0714286	0.0444444	0.0512821	0.0348837	0.029703	0.0380952	0.0015	0.1012658	0.036036	0.0909091	0.091954	0.0353982	0.0428571	0.0309278	0.046875	0.0104167	0.02	0.0263158	0.0015	0.0015	0.025641	0.0512821	0.0208333	0.0697674	0.0652174	0.0333333	0.0810811	0.28	0.3043478	0.36	0.2	0.2857143	0.3636364	0.2857143	0.0	0.4285714	
Monticole de roche	0.0	0.0	0.0	0.0	0.0	0.0	0.0	0.0	0.0	0.0	0.0	0.0	0.0	0.0	0.0128205	0.0116279	0.0015	0.0	0.0108696	0.0	0.0	0.0	0.0	0.0	0.0	0.0	0.0	0.0	0.0	0.0131579	0.0	0.0	0.0	0.0	0.0	0.0	0.0	0.0	0.0	0.0	0.0	0.0	0.0	0.0	0.0	0.0	0.0	0.0	
Monticole bleu	0.0	0.0	0.0	0.0	0.0	0.0	0.0	0.0	0.0243902	0.0	0.0015	0.0408163	0.0	0.0222222	0.0128205	0.0116279	0.019802	0.0095238	0.0217391	0.0253165	0.0015	0.025974	0.045977	0.0088496	0.0285714	0.0015	0.015625	0.0	0.01	0.0	0.0	0.0344828	0.0	0.0	0.0	0.0	0.0	0.0166667	0.0	0.02	0.0434783	0.0	0.0	0.0	0.0	0.0	0.0	0.0	
Tarier des prés	0.0	0.0	0.0	0.0	0.0	0.0	0.0	0.0	0.0	0.0	0.0	0.0	0.0	0.0	0.0	0.0348837	0.009901	0.0	0.0	0.0126582	0.0	0.0	0.0	0.0	0.0	0.0	0.015625	0.0	0.0	0.0	0.0185185	0.0	0.0512821	0.0	0.0	0.0	0.0	0.0015	0.0	0.0	0.0	0.0	0.0	0.0	0.0	0.0	0.0	0.0	
Tarier pâtre	0.1052632	0.08	0.05	0.15	0.2857143	0.0015	0.0714286	0.0	0.0487805	0.0	0.030303	0.0204082	0.0535714	0.1	0.0	0.0465116	0.029703	0.0380952	0.0543478	0.0632911	0.027027	0.012987	0.0574713	0.0088496	0.0428571	0.0206186	0.046875	0.0729167	0.01	0.0526316	0.0740741	0.0517241	0.0512821	0.025641	0.0015	0.0697674	0.0	0.0333333	0.0015	0.04	0.0434783	0.08	0.1333333	0.2380952	0.1818182	0.1428571	0.0	0.2857143	
Traquet motteux	0.0	0.0	0.0	0.0	0.0	0.0	0.0	0.0	0.0	0.0	0.0	0.0	0.0	0.0222222	0.0	0.0116279	0.009901	0.0095238	0.0217391	0.0316456	0.009009	0.025974	0.0114943	0.0088496	0.1	0.0	0.0625	0.0	0.01	0.0263158	0.0	0.0172414	0.0512821	0.0015	0.0	0.0	0.0	0.0	0.0	0.0	0.0	0.0	0.0	0.0	0.0	0.0	0.0	0.0	
Oenanthe sp.	0.0	0.0	0.0	0.0	0.0	0.0	0.0	0.0	0.0	0.0	0.0	0.0	0.0	0.0	0.0	0.0	0.0	0.0095238	0.0	0.0	0.0	0.0	0.0	0.0	0.0	0.0	0.0	0.0	0.0	0.0	0.0	0.0	0.0015	0.0	0.0	0.0	0.0	0.0	0.0	0.0	0.0	0.0	0.0	0.0	0.0	0.0	0.0	0.0	
Accenteur alpin	0.0526316	0.0	0.0	0.0	0.0	0.0	0.0	0.0	0.0	0.0	0.0	0.0	0.0	0.0	0.0	0.0	0.0	0.0	0.0	0.0	0.0	0.0	0.0	0.0	0.0	0.0	0.0	0.0	0.0	0.0	0.0	0.0	0.0	0.0	0.0	0.0	0.0	0.0	0.0	0.02	0.0	0.0	0.0	0.0015	0.0	0.0	0.0	0.0	
Accenteur mouchet	0.0015	0.04	0.25	0.2	0.4285714	0.125	0.1428571	0.2	0.0	0.0	0.030303	0.0204082	0.0178571	0.0	0.0	0.0	0.0	0.0	0.0	0.0063291	0.0	0.0	0.0	0.0	0.0	0.0	0.0	0.0	0.0	0.0	0.0	0.0	0.0	0.0	0.0	0.0	0.0	0.0	0.027027	0.02	0.173913	0.04	0.2	0.0952381	0.3636364	0.1428571	0.0	0.1785714	
Moineau cisalpin	0.3157895	0.12	0.35	0.25	0.1428571	0.375	0.4642857	0.3	0.3170732	0.3	0.2727273	0.2653061	0.2857143	0.2111111	0.3333333	0.244186	0.2772277	0.3333333	0.2608696	0.2911392	0.3783784	0.4285714	0.3563218	0.4070796	0.5142857	0.4020619	0.40625	0.5104167	0.34	0.4605263	0.3333333	0.3965517	0.3589744	0.2051282	0.1875	0.2790698	0.1956522	0.2833333	0.3783784	0.22	0.173913	0.36	0.1333333	0.2857143	0.2727273	0.4285714	0.25	0.3214286	
Moineau friquet	0.1578947	0.12	0.05	0.1	0.2857143	0.0416667	0.1785714	0.1	0.0731707	0.05	0.0606061	0.1428571	0.1428571	0.1222222	0.1025641	0.1860465	0.1188119	0.0952381	0.1195652	0.1582278	0.0630631	0.0649351	0.1034483	0.079646	0.1285714	0.0309278	0.125	0.1770833	0.13	0.0657895	0.0555556	0.0862069	0.0769231	0.1025641	0.0416667	0.0930233	0.173913	0.0833333	0.2702703	0.12	0.173913	0.08	0.2666667	0.047619	0.0909091	0.1428571	0.0	0.0	
Moineau soulcie	0.0	0.0	0.0	0.0	0.0	0.0	0.0	0.0	0.0	0.0	0.0	0.0	0.0	0.0	0.0	0.0	0.0	0.0	0.0	0.0	0.0	0.0	0.0015	0.0088496	0.0142857	0.0	0.0	0.0	0.0	0.0	0.0	0.0	0.0	0.0	0.0	0.0	0.0	0.0	0.0	0.0	0.0	0.0	0.0	0.0	0.0	0.0	0.0	0.0	
Niverolle alpine	0.0	0.0	0.0	0.0	0.0	0.0	0.0	0.0	0.0	0.0	0.0	0.0	0.0	0.0	0.0	0.0	0.0	0.0	0.0	0.0	0.0	0.0	0.0	0.0	0.0142857	0.0	0.0	0.0	0.0	0.0	0.0	0.0	0.0	0.0	0.0	0.0	0.0	0.0	0.0	0.0	0.0434783	0.0	0.0	0.0	0.0	0.0	0.0	0.0	
Bergeronnette des ruisseaux	0.1052632	0.0	0.25	0.05	0.1428571	0.0	0.1071429	0.1	0.0	0.15	0.030303	0.0204082	0.0178571	0.0333333	0.0384615	0.0	0.029703	0.0	0.0015	0.0063291	0.018018	0.0519481	0.0344828	0.0	0.0015	0.0	0.0015	0.0416667	0.01	0.0	0.0185185	0.0	0.025641	0.0769231	0.0	0.0232558	0.0217391	0.0333333	0.1351351	0.1	0.1304348	0.08	0.2666667	0.1904762	0.0909091	0.1428571	0.0015	0.0357143	
Bergeronnette printanière	0.0	0.0	0.0	0.0	0.0	0.0	0.0	0.0	0.0	0.0	0.030303	0.0204082	0.0357143	0.0333333	0.0	0.0116279	0.0	0.0380952	0.0217391	0.0126582	0.0	0.0	0.0114943	0.0	0.0015	0.0309278	0.0	0.0208333	0.03	0.0394737	0.037037	0.0172414	0.0	0.025641	0.0	0.0	0.0	0.0166667	0.0	0.0	0.0	0.0	0.0	0.0	0.0	0.0	0.0	0.0	
Bergeronnette grise	0.1578947	0.12	0.2	0.1	0.1428571	0.0833333	0.2857143	0.3	0.195122	0.2	0.0909091	0.2653061	0.0714286	0.1111111	0.1025641	0.0813953	0.1188119	0.0666667	0.0217391	0.1202532	0.1621622	0.1168831	0.1149425	0.0973451	0.1571429	0.0721649	0.203125	0.25	0.26	0.2368421	0.1666667	0.1034483	0.2307692	0.1538462	0.1041667	0.1627907	0.1304348	0.1166667	0.1891892	0.12	0.3478261	0.08	0.3333333	0.2380952	0.1818182	0.5714286	0.0	0.3214286	
bergeronette sp.	0.0	0.0	0.0	0.0	0.0	0.0	0.0	0.0	0.0	0.0	0.0	0.0	0.0	0.0	0.0	0.0	0.0	0.0	0.0	0.0	0.0	0.0	0.0	0.0	0.0142857	0.0	0.0	0.0	0.0	0.0	0.0	0.0	0.0	0.0	0.0	0.0	0.0217391	0.0	0.0	0.0	0.0	0.0	0.0	0.0	0.0	0.0	0.0	0.0	
Pipit rousseline	0.0	0.0	0.0	0.0	0.0	0.0	0.0	0.0	0.0	0.0	0.0	0.0	0.0	0.0111111	0.0	0.0	0.0015	0.0	0.0108696	0.0063291	0.0	0.012987	0.0229885	0.0088496	0.0571429	0.0	0.015625	0.0208333	0.0	0.0131579	0.0	0.0	0.025641	0.0	0.0	0.0	0.0	0.0	0.0	0.0	0.0	0.0	0.0	0.0	0.0	0.0	0.0	0.0	
Pipit farlouse	0.1052632	0.12	0.1	0.1	0.0	0.0833333	0.0	0.1	0.0243902	0.0	0.030303	0.0408163	0.0	0.0444444	0.0	0.0116279	0.0015	0.0	0.0	0.0063291	0.0	0.0	0.0	0.0	0.0	0.0	0.0	0.0	0.0	0.0	0.0	0.0	0.0	0.0	0.0	0.0	0.0	0.0166667	0.027027	0.02	0.0869565	0.04	0.0666667	0.047619	0.0	0.2857143	0.0	0.1428571	
Pipit des arbres	0.0	0.0	0.0	0.0	0.0	0.0	0.0	0.0	0.0	0.0	0.0	0.0	0.0	0.0111111	0.0	0.0116279	0.009901	0.0	0.0	0.0063291	0.0	0.012987	0.0344828	0.0088496	0.0428571	0.0	0.015625	0.0104167	0.0	0.0131579	0.0015	0.0	0.025641	0.0512821	0.0	0.0232558	0.0	0.0	0.0	0.0	0.0	0.0	0.0	0.0	0.0	0.0	0.0	0.0	
Pipit à gorge rousse	0.0	0.0	0.0	0.0	0.0	0.0	0.0	0.0	0.0	0.0	0.0	0.0	0.0	0.0	0.0	0.0	0.0	0.0	0.0	0.0	0.0	0.0	0.0	0.0	0.0	0.0	0.0	0.0	0.0	0.0	0.0	0.0	0.0	0.0	0.0	0.0	0.0	0.0	0.0	0.02	0.0	0.0	0.0	0.0	0.0	0.0	0.0	0.0	
Pipit spioncelle	0.0526316	0.0	0.0	0.0	0.0	0.0	0.0	0.0	0.0	0.0	0.0	0.0	0.0	0.0	0.0	0.0116279	0.0	0.0	0.0108696	0.0	0.009009	0.0	0.0	0.0	0.0142857	0.0	0.0	0.0	0.0	0.0131579	0.0	0.0	0.0015	0.0	0.0	0.0	0.0	0.0166667	0.0015	0.0	0.0	0.0	0.0	0.0	0.0	0.0	0.0	0.0	
Pinson des arbres	0.3684211	0.32	0.55	0.5	0.5714286	0.2916667	0.5714286	0.4	0.2926829	0.1	0.2424242	0.2857143	0.1607143	0.2111111	0.1794872	0.2209302	0.1881188	0.0857143	0.1521739	0.1962025	0.3513514	0.2857143	0.2643678	0.1504425	0.1142857	0.1030928	0.078125	0.09375	0.05	0.0526316	0.0555556	0.0344828	0.025641	0.0512821	0.1041667	0.0697674	0.1304348	0.1333333	0.1621622	0.3	0.3913043	0.16	0.6	0.3809524	0.5454545	0.8571429	0.25	0.5714286	
Pinson du Nord	0.0	0.0	0.0	0.05	0.0	0.0416667	0.0	0.0	0.0	0.0	0.0	0.0204082	0.0	0.0	0.0	0.0	0.0	0.0	0.0	0.0	0.0	0.0	0.0	0.0	0.0	0.0	0.0	0.0	0.0	0.0	0.0	0.0	0.0	0.0	0.0	0.0	0.0	0.0166667	0.0	0.0	0.0869565	0.0	0.0666667	0.0	0.0	0.0	0.0	0.0	
Grosbec casse-noyaux	0.0526316	0.04	0.05	0.1	0.1428571	0.1666667	0.0714286	0.0	0.0	0.0	0.0606061	0.0612245	0.0015	0.0	0.0128205	0.0	0.009901	0.0	0.0	0.0	0.0	0.0	0.0	0.0	0.0	0.0	0.0	0.0104167	0.0	0.0	0.0185185	0.0	0.0	0.0	0.0	0.0015	0.0434783	0.0166667	0.0015	0.06	0.0869565	0.0	0.0666667	0.0952381	0.0	0.0	0.0	0.0357143	
Bouvreuil pivoine	0.0526316	0.0	0.05	0.0	0.0	0.0	0.0	0.0	0.0	0.0	0.0	0.0	0.0	0.0	0.0	0.0	0.0	0.0	0.0	0.0	0.0	0.0	0.0	0.0	0.0	0.0	0.0	0.0	0.01	0.0	0.0	0.0	0.0	0.0	0.0208333	0.0	0.0	0.0	0.0	0.0	0.0	0.0	0.0	0.0	0.0	0.0	0.0	0.0	
Verdier d'Europe	0.0526316	0.08	0.1	0.0	0.0	0.0015	0.1785714	0.2	0.097561	0.15	0.0909091	0.2244898	0.1964286	0.2888889	0.2051282	0.2790698	0.2574257	0.1904762	0.1521739	0.1582278	0.1441441	0.2467532	0.183908	0.1858407	0.1857143	0.0721649	0.03125	0.2083333	0.17	0.1184211	0.0555556	0.0517241	0.025641	0.0512821	0.0833333	0.0465116	0.0	0.05	0.0810811	0.04	0.0869565	0.0	0.2666667	0.0015	0.1818182	0.1428571	0.0	0.1071429	
Linotte mélodieuse	0.1052632	0.0	0.1	0.05	0.0	0.0	0.0714286	0.1	0.0243902	0.0	0.0	0.0	0.0357143	0.1555556	0.025641	0.1046512	0.029703	0.047619	0.0543478	0.0253165	0.009009	0.025974	0.0574713	0.0530973	0.0285714	0.0824742	0.046875	0.03125	0.02	0.0526316	0.0185185	0.0	0.0769231	0.025641	0.0	0.0465116	0.0217391	0.0	0.027027	0.02	0.0869565	0.04	0.0666667	0.0	0.0	0.0	0.0	0.1071429	
Bec-croisé des sapins	0.0	0.0	0.0	0.0	0.0	0.0	0.0	0.0	0.0	0.0	0.0	0.0	0.0	0.0	0.0	0.0	0.0	0.0	0.0	0.0	0.0	0.0	0.0	0.0	0.0	0.0	0.0	0.0	0.0	0.0	0.0	0.0	0.0	0.0	0.0	0.0	0.0	0.0	0.0	0.0	0.0	0.0	0.0	0.0	0.0	0.0	0.0	0.0357143	
Chardonneret élégant	0.2105263	0.08	0.2	0.1	0.2857143	0.0833333	0.3214286	0.2	0.1219512	0.3	0.2424242	0.2653061	0.2857143	0.3111111	0.2692308	0.3372093	0.2871287	0.2952381	0.25	0.3481013	0.3603604	0.2467532	0.3103448	0.159292	0.2714286	0.2371134	0.234375	0.4479167	0.44	0.3157895	0.2777778	0.2758621	0.1538462	0.1538462	0.0625	0.0232558	0.1304348	0.0666667	0.1351351	0.14	0.173913	0.12	0.2	0.2380952	0.0909091	0.2857143	0.0	0.3928571	
Serin cini	0.0526316	0.04	0.05	0.1	0.0	0.125	0.0714286	0.2	0.4634146	0.4	0.3636364	0.4081633	0.4642857	0.4111111	0.4102564	0.4069767	0.3366337	0.2666667	0.3152174	0.3860759	0.3603604	0.3116883	0.3793103	0.2477876	0.2714286	0.2474227	0.21875	0.25	0.19	0.1184211	0.0740741	0.0517241	0.025641	0.025641	0.0416667	0.0465116	0.0434783	0.0333333	0.0540541	0.06	0.0434783	0.0	0.0666667	0.047619	0.0909091	0.4285714	0.0	0.0	
Tarin des aulnes	0.0526316	0.04	0.1	0.1	0.1428571	0.125	0.1071429	0.1	0.0487805	0.0015	0.1212121	0.0204082	0.0535714	0.0	0.0	0.0	0.009901	0.0	0.0	0.0063291	0.0	0.0	0.0	0.0	0.0	0.0103093	0.0	0.0	0.0	0.0	0.0	0.0	0.0	0.0	0.0	0.0	0.0	0.05	0.0015	0.08	0.1304348	0.08	0.2666667	0.047619	0.0	0.4285714	0.0	0.1428571	
fringillidé sp.	0.0	0.0	0.0	0.0	0.0	0.0	0.0	0.0	0.0	0.0	0.0	0.0	0.0	0.0	0.0	0.0	0.0	0.0	0.0	0.0	0.0	0.0	0.0	0.0	0.0142857	0.0	0.0	0.0	0.0	0.0	0.0185185	0.0	0.0	0.0	0.0	0.0	0.0	0.0	0.0	0.0	0.0	0.0	0.0	0.0	0.0	0.0	0.0	0.0	
Bruant mélanocéphale	0.0	0.0	0.0	0.0	0.0	0.0	0.0	0.0	0.0	0.0	0.0	0.0	0.0	0.0	0.0	0.0	0.0	0.0	0.0108696	0.0	0.0	0.0	0.0	0.0	0.0	0.0	0.0	0.0	0.0	0.0	0.0	0.0	0.0	0.0	0.0	0.0	0.0	0.0	0.0	0.0	0.0	0.0	0.0	0.0	0.0	0.0	0.0	0.0	
Bruant proyer	0.0	0.04	0.05	0.05	0.0	0.0	0.0714286	0.0	0.0	0.0	0.0606061	0.0408163	0.0357143	0.1888889	0.0769231	0.1511628	0.039604	0.1904762	0.1521739	0.1265823	0.0540541	0.0779221	0.1954023	0.1238938	0.0857143	0.1030928	0.015625	0.0625	0.0	0.0394737	0.037037	0.0	0.0512821	0.025641	0.0	0.0697674	0.0	0.0166667	0.027027	0.02	0.0434783	0.04	0.0666667	0.0	0.0	0.0	0.0	0.1428571	
Bruant fou	0.0	0.0	0.0	0.0	0.0	0.0	0.0	0.0	0.0	0.0	0.0	0.0	0.0178571	0.0	0.0	0.0	0.0015	0.0	0.0	0.0063291	0.0	0.0	0.0	0.0	0.0	0.0103093	0.015625	0.0	0.0	0.0	0.0	0.0	0.0	0.0	0.0	0.0	0.0	0.0	0.0	0.0	0.0	0.0	0.0	0.0	0.0	0.0	0.0	0.0	
Bruant zizi	0.0	0.0	0.05	0.0015	0.0	0.0416667	0.0	0.0	0.0487805	0.0	0.0606061	0.0	0.0357143	0.1444444	0.0384615	0.0930233	0.1089109	0.1142857	0.0543478	0.1012658	0.1261261	0.0909091	0.137931	0.1415929	0.0571429	0.2680412	0.125	0.0833333	0.04	0.0657895	0.0555556	0.0344828	0.025641	0.025641	0.0	0.0232558	0.0217391	0.0666667	0.0540541	0.14	0.173913	0.0	0.2	0.0	0.0	0.0	0.0	0.0714286	
Bruant jaune	0.0	0.0	0.0	0.0	0.0	0.0	0.0	0.0	0.0	0.0	0.0	0.0	0.0178571	0.0	0.0015	0.0	0.019802	0.0095238	0.0	0.0	0.0015	0.0	0.0229885	0.0088496	0.0285714	0.0	0.046875	0.0	0.0	0.0	0.0	0.0	0.0	0.0	0.0	0.0	0.0	0.0	0.0	0.0	0.0	0.0	0.0	0.0	0.0	0.0	0.0	0.0357143	
Bruant ortolan	0.0	0.0	0.0	0.0	0.0	0.0	0.0	0.0	0.0	0.0	0.0	0.0	0.0	0.0	0.0	0.0	0.0	0.0095238	0.0326087	0.0253165	0.009009	0.0	0.0689655	0.0442478	0.0142857	0.0515464	0.0	0.0	0.0	0.0	0.0	0.0	0.0	0.0	0.0	0.0	0.0	0.0	0.0	0.0	0.0	0.0	0.0	0.0	0.0	0.0	0.0	0.0	
Bruant des roseaux	0.0526316	0.0	0.0	0.05	0.1428571	0.0416667	0.1428571	0.0	0.0487805	0.0	0.030303	0.0408163	0.0	0.0	0.0	0.0	0.0	0.0	0.0	0.0	0.0	0.0	0.0	0.0	0.0	0.0	0.0	0.0	0.0	0.0	0.0	0.0	0.0	0.025641	0.0	0.0	0.0	0.0	0.0	0.0	0.0869565	0.04	0.0666667	0.0	0.0	0.1428571	0.0	0.25	
passereau sp.	0.0015	0.0	0.0	0.0	0.0	0.0	0.0	0.0	0.0	0.0	0.0	0.0	0.0	0.0	0.0	0.0	0.0	0.0	0.0108696	0.0063291	0.0	0.0	0.0	0.0176991	0.0	0.0	0.0	0.0104167	0.0	0.0	0.0185185	0.0	0.0	0.0	0.0	0.0	0.0	0.0	0.0	0.0	0.0	0.0	0.0015	0.0	0.0	0.0	0.0	0.0	

