









Frequency of observations in the selected location(s).:
Number of taxa: 	272

	Jan				Feb				Mar				Apr				May				Jun				Jul				Aug				Sep				Oct				Nov				Dec				
Sample Size:	42.0	46.0	53.0	53.0	48.0	44.0	58.0	56.0	58.0	65.0	80.0	122.0	120.0	68.0	107.0	135.0	79.0	106.0	93.0	128.0	54.0	100.0	71.0	90.0	67.0	42.0	49.0	59.0	14.0	27.0	8.0	36.0	43.0	26.0	40.0	32.0	35.0	30.0	19.0	34.0	43.0	20.0	30.0	35.0	43.0	39.0	27.0	44.0	

Oie à tête barrée	0.0	0.0015	0.0188679	0.0	0.0208333	0.0	0.0	0.0	0.0	0.0	0.0	0.0	0.0	0.0	0.0	0.0	0.0015	0.0	0.0	0.0	0.0	0.0	0.0	0.0	0.0	0.0	0.0	0.0	0.0	0.0	0.0	0.0	0.0	0.0	0.0	0.0	0.0857143	0.0	0.0	0.0	0.0	0.05	0.0	0.0	0.0	0.0	0.0	0.0	
Oie cendrée	0.0238095	0.0015	0.0188679	0.0188679	0.0416667	0.0015	0.0015	0.0178571	0.0689655	0.0153846	0.025	0.0081967	0.0083333	0.0	0.0093458	0.0148148	0.0253165	0.0377358	0.0215054	0.0	0.0	0.01	0.0	0.0	0.0	0.0	0.0	0.0	0.0	0.0	0.0	0.0277778	0.0	0.0	0.025	0.0	0.0285714	0.0333333	0.0	0.0015	0.0	0.0	0.0	0.0015	0.0232558	0.0	0.0	0.0	
Oie cygnoïde	0.0015	0.0	0.0	0.0	0.0	0.0	0.0	0.0	0.0	0.0	0.0	0.0	0.0	0.0	0.0	0.0	0.0	0.0	0.0	0.0	0.0	0.0	0.0	0.0	0.0	0.0	0.0	0.0	0.0	0.0015	0.0	0.0	0.0	0.0	0.0	0.0	0.0	0.0	0.0	0.0	0.0	0.0	0.0	0.0	0.0	0.0	0.0	0.0	
Oie rieuse	0.0	0.0	0.0	0.0	0.0	0.0	0.0	0.0	0.0	0.0	0.0	0.0	0.0	0.0	0.0	0.0	0.0	0.0	0.0	0.0	0.0	0.0	0.0	0.0	0.0	0.0	0.0	0.0	0.0	0.0	0.0	0.0	0.0	0.0	0.0	0.0	0.0	0.0	0.0	0.0	0.0015	0.0	0.0	0.0	0.0	0.0	0.0	0.0	
Oie à bec court	0.0	0.0	0.0	0.0	0.0	0.0	0.0	0.0	0.0	0.0	0.0	0.0	0.0083333	0.0	0.0	0.0	0.0	0.0	0.0	0.0	0.0	0.0	0.0	0.0	0.0	0.0	0.0	0.0	0.0	0.0	0.0	0.0	0.0	0.0	0.0	0.0	0.0	0.0	0.0	0.0	0.0	0.0	0.0	0.0	0.0	0.0	0.0	0.0	
Bernache nonnette	0.0	0.0	0.0188679	0.0188679	0.0208333	0.0227273	0.0	0.0178571	0.0	0.0	0.0	0.0081967	0.0	0.0	0.0	0.0074074	0.0126582	0.0	0.0	0.0	0.0	0.0	0.0	0.0	0.0	0.0	0.0	0.0	0.0	0.0	0.0	0.0	0.0	0.0	0.0	0.0	0.0	0.0015	0.1578947	0.0	0.0015	0.0	0.0015	0.0	0.0	0.0	0.0	0.0	
Bernache du Canada	0.1190476	0.2608696	0.245283	0.4528302	0.25	0.4318182	0.1724138	0.3035714	0.4137931	0.2615385	0.325	0.352459	0.2166667	0.2794118	0.3271028	0.3851852	0.3797468	0.2264151	0.2688172	0.25	0.2407407	0.21	0.2112676	0.1333333	0.2238806	0.2142857	0.3265306	0.4237288	0.2142857	0.3703704	0.375	0.2222222	0.255814	0.1923077	0.225	0.09375	0.2285714	0.0666667	0.5789474	0.2352941	0.1162791	0.2	0.2333333	0.2	0.1860465	0.2051282	0.3703704	0.1590909	
Hybride Bernache nonnette x B. du Canada	0.0	0.0	0.0	0.0	0.0	0.0	0.0	0.0178571	0.0	0.0	0.0125	0.0081967	0.0	0.0	0.0	0.0	0.0	0.0	0.0	0.0	0.0	0.0	0.0	0.0	0.0	0.0	0.0	0.0	0.0	0.0	0.0	0.0	0.0232558	0.0	0.0	0.0	0.0	0.0	0.0	0.0	0.0	0.0	0.0	0.0	0.0	0.0	0.0	0.0	
Bernache néné	0.0	0.0	0.0	0.0	0.0	0.0	0.0172414	0.0	0.0	0.0	0.0	0.0	0.0	0.0	0.0	0.0	0.0	0.0	0.0	0.0	0.0	0.0	0.0	0.0	0.0	0.0	0.0	0.0	0.0	0.0	0.0	0.0	0.0	0.0	0.0	0.0	0.0	0.0	0.0	0.0	0.0	0.0	0.0	0.0	0.0	0.0	0.0	0.0	
Cygne tuberculé	0.0952381	0.1956522	0.1698113	0.245283	0.1875	0.2045455	0.137931	0.2321429	0.2241379	0.1538462	0.1375	0.1967213	0.125	0.1470588	0.1588785	0.2148148	0.2531646	0.1509434	0.1290323	0.1796875	0.1851852	0.13	0.1549296	0.0666667	0.0746269	0.0952381	0.244898	0.2711864	0.2142857	0.2592593	0.25	0.0833333	0.2093023	0.1153846	0.25	0.0625	0.0571429	0.1333333	0.5263158	0.2058824	0.0930233	0.15	0.2	0.1428571	0.1627907	0.2307692	0.1481481	0.0454545	
Cygne noir	0.0	0.0	0.0	0.0	0.0	0.0	0.0	0.0	0.0	0.0	0.0	0.0163934	0.0	0.0	0.0	0.0	0.0	0.0	0.0	0.0	0.0	0.0	0.0	0.0111111	0.0	0.0	0.0	0.0	0.0	0.0	0.0	0.0	0.0	0.0	0.0	0.0	0.0	0.0	0.0	0.0	0.0	0.0	0.0	0.0	0.0	0.025641	0.0	0.0	
anatidé sp. (oie sp.)	0.0	0.0	0.0	0.0	0.0015	0.0	0.0	0.0	0.0	0.0	0.0	0.0	0.0	0.0	0.0	0.0	0.0	0.0	0.0	0.0	0.0	0.0	0.0	0.0	0.0	0.0	0.0	0.0	0.0	0.0	0.0	0.0	0.0	0.0	0.0	0.0	0.0	0.0	0.0	0.0	0.0	0.0	0.0	0.0	0.0	0.0	0.0	0.0	
Ouette d'Égypte	0.0	0.0	0.0188679	0.0566038	0.0	0.0015	0.0	0.0357143	0.0	0.0	0.0	0.0	0.0	0.0	0.0	0.0	0.0	0.0	0.0	0.0	0.0185185	0.01	0.0	0.0	0.0	0.0	0.0408163	0.0169492	0.0	0.0	0.0	0.0277778	0.0	0.0384615	0.0	0.0	0.0015	0.0015	0.1578947	0.0	0.0015	0.05	0.0015	0.0	0.0015	0.0	0.0	0.0	
Tadorne casarca	0.0	0.0217391	0.0188679	0.0	0.0	0.0	0.0	0.0	0.0	0.0	0.0	0.0	0.0	0.0	0.0	0.0	0.0	0.0	0.0	0.0078125	0.0	0.0	0.0	0.0	0.0	0.0	0.0	0.0	0.0	0.0	0.0	0.0	0.0	0.0	0.0	0.0	0.0	0.0	0.0	0.0	0.0465116	0.0	0.0	0.0	0.0	0.0	0.0	0.0	
Tadorne de Belon	0.0	0.0217391	0.0015	0.0	0.0015	0.0227273	0.0015	0.0	0.0	0.0015	0.025	0.0163934	0.025	0.0	0.0186916	0.0074074	0.0632911	0.0188679	0.0	0.0	0.0185185	0.0	0.0	0.0	0.0	0.0	0.0	0.0	0.0	0.0	0.0	0.0	0.0	0.0	0.0	0.0	0.0	0.0	0.0526316	0.0	0.0232558	0.0	0.0	0.0285714	0.0232558	0.0	0.0015	0.0	
Canard musqué	0.0	0.0	0.0	0.0	0.0	0.0	0.0	0.0	0.0	0.0	0.0125	0.0	0.0	0.0	0.0	0.0074074	0.0	0.0	0.0107527	0.0	0.0	0.0	0.0	0.0	0.0	0.0	0.0	0.0	0.0	0.0	0.0	0.0	0.0	0.0	0.0	0.0	0.0015	0.0	0.0	0.0	0.0	0.0	0.0	0.0	0.0	0.0	0.0	0.0	
Canard à collier noir	0.0	0.0	0.0	0.0	0.0208333	0.0227273	0.0172414	0.0	0.0	0.0153846	0.0015	0.0327869	0.0	0.0	0.0	0.0	0.0015	0.009434	0.0	0.015625	0.0	0.01	0.0	0.0	0.0	0.0015	0.0	0.0015	0.0	0.0	0.0	0.0	0.0	0.0	0.025	0.0	0.0571429	0.0333333	0.0	0.0	0.0232558	0.0	0.0	0.0	0.0	0.0	0.037037	0.0	
Canard carolin	0.0	0.0	0.0	0.0	0.0	0.0454545	0.0172414	0.0	0.0172414	0.0153846	0.0	0.0	0.0	0.0	0.0	0.0	0.0	0.0	0.0	0.0	0.0	0.0	0.0	0.0	0.0	0.0	0.0	0.0	0.0	0.0	0.0	0.0	0.0	0.0	0.0	0.0	0.0	0.0	0.0	0.0	0.0	0.0	0.0	0.0	0.0	0.0	0.0	0.0	
Canard mandarin	0.0	0.0217391	0.0377358	0.0188679	0.0	0.0	0.0	0.0357143	0.0015	0.0307692	0.0125	0.0	0.0083333	0.0294118	0.0093458	0.0	0.0	0.0	0.0	0.0	0.0	0.0	0.0140845	0.0	0.0	0.0	0.0	0.0	0.0	0.0	0.0	0.0	0.0	0.0	0.0	0.0015	0.0	0.0	0.0	0.0	0.0	0.0	0.0	0.0	0.0	0.0	0.0	0.0454545	
Sarcelle d'été	0.0	0.0	0.0	0.0	0.0	0.0	0.0	0.0	0.0	0.0015	0.025	0.0081967	0.025	0.0147059	0.0	0.0015	0.0126582	0.0	0.0	0.0	0.0185185	0.0	0.0140845	0.0	0.0	0.0	0.0	0.0	0.0	0.0	0.0	0.0	0.0	0.0384615	0.0	0.0	0.0	0.0	0.0	0.0	0.0	0.0	0.0	0.0	0.0	0.0	0.0	0.0	
Canard souchet	0.0714286	0.173913	0.0754717	0.1509434	0.1041667	0.1818182	0.0517241	0.1785714	0.0862069	0.0307692	0.1	0.1311475	0.0666667	0.0735294	0.0373832	0.0962963	0.0632911	0.0283019	0.0107527	0.0	0.037037	0.01	0.0	0.0	0.0	0.0	0.0	0.0169492	0.0	0.0	0.0	0.0277778	0.1627907	0.0769231	0.125	0.03125	0.0285714	0.1	0.3684211	0.0882353	0.0465116	0.1	0.1	0.1428571	0.0930233	0.0769231	0.2222222	0.0454545	
Canard chipeau	0.1190476	0.1304348	0.0754717	0.0943396	0.125	0.2272727	0.1034483	0.125	0.1034483	0.0307692	0.0625	0.0819672	0.0666667	0.0	0.0280374	0.1037037	0.1265823	0.0660377	0.0430108	0.0546875	0.0925926	0.06	0.0	0.0111111	0.0298507	0.0	0.0408163	0.0338983	0.0714286	0.0	0.25	0.0277778	0.0930233	0.1153846	0.2	0.0	0.0015	0.0333333	0.2631579	0.1176471	0.0465116	0.05	0.1	0.1428571	0.0930233	0.1538462	0.2592593	0.0454545	
Canard siffleur	0.047619	0.0217391	0.0	0.0188679	0.0208333	0.0454545	0.0	0.0714286	0.0517241	0.0	0.0125	0.0081967	0.0083333	0.0	0.0093458	0.0	0.0126582	0.0	0.0	0.0	0.0	0.0	0.0	0.0	0.0	0.0	0.0	0.0	0.0	0.0	0.0	0.0	0.0	0.0	0.0	0.0	0.0	0.0015	0.0526316	0.0294118	0.0465116	0.05	0.0015	0.0285714	0.0	0.025641	0.0	0.0	
Canard colvert	0.5238095	0.5434783	0.5660377	0.5849057	0.5208333	0.6818182	0.5344828	0.6071429	0.637931	0.6	0.4875	0.5819672	0.45	0.6029412	0.4579439	0.4888889	0.6329114	0.509434	0.4516129	0.4375	0.5185185	0.37	0.3661972	0.3555556	0.358209	0.3571429	0.4489796	0.5084746	0.2857143	0.2962963	0.5	0.5	0.5116279	0.3846154	0.525	0.3125	0.5714286	0.6333333	0.5789474	0.4411765	0.3023256	0.35	0.4333333	0.4285714	0.3255814	0.4615385	0.4814815	0.3181818	
Canard des Bahamas	0.0	0.0	0.0	0.0	0.0	0.0	0.0	0.0	0.0	0.0	0.0	0.0	0.0	0.0	0.0	0.0	0.0	0.0	0.0	0.0	0.0185185	0.0	0.0	0.0	0.0	0.0	0.0	0.0	0.0	0.0	0.0	0.0	0.0	0.0384615	0.0	0.0	0.0	0.0	0.0	0.0	0.0	0.0	0.0	0.0	0.0	0.0	0.0	0.0	
Canard pilet	0.0	0.0	0.0	0.0	0.0	0.0	0.0015	0.0178571	0.0172414	0.0015	0.0375	0.0245902	0.0083333	0.0015	0.0	0.0074074	0.0126582	0.0	0.0	0.0	0.0	0.0	0.0	0.0	0.0	0.0	0.0	0.0	0.0	0.0	0.0	0.0	0.0	0.0769231	0.0	0.0	0.0	0.0015	0.0	0.0	0.0	0.05	0.0	0.0015	0.0	0.0	0.0	0.0	
Sarcelle d'hiver	0.2380952	0.2173913	0.1132075	0.245283	0.2291667	0.2954545	0.137931	0.1428571	0.2586207	0.0923077	0.15	0.0983607	0.0833333	0.0441176	0.0093458	0.0222222	0.0126582	0.0	0.0	0.0	0.0	0.0	0.0	0.0	0.0	0.0	0.0204082	0.0169492	0.0	0.0	0.0	0.0	0.0697674	0.1538462	0.2	0.0625	0.0857143	0.0	0.2631579	0.1470588	0.0697674	0.25	0.1	0.1714286	0.0465116	0.1282051	0.1481481	0.25	
Nette rousse	0.0	0.0217391	0.0	0.0	0.0	0.0	0.0172414	0.0	0.0015	0.0153846	0.0375	0.0491803	0.0416667	0.0294118	0.0373832	0.0222222	0.0632911	0.0	0.0215054	0.0078125	0.0555556	0.01	0.0	0.0015	0.0	0.0	0.0408163	0.0338983	0.0	0.0	0.0	0.0	0.0	0.0769231	0.0	0.0	0.0	0.0	0.0	0.0	0.0	0.0	0.0	0.0	0.0	0.0	0.0	0.0	
Fuligule milouin	0.0714286	0.0869565	0.0566038	0.0943396	0.1458333	0.2045455	0.0689655	0.0714286	0.0689655	0.0307692	0.0625	0.057377	0.025	0.0	0.0186916	0.037037	0.0506329	0.0188679	0.0	0.015625	0.0740741	0.01	0.0140845	0.0	0.0	0.0	0.0408163	0.0338983	0.0	0.0	0.125	0.0	0.0465116	0.0769231	0.1	0.0	0.0285714	0.0333333	0.2105263	0.0	0.0465116	0.1	0.1333333	0.1428571	0.1395349	0.0769231	0.1851852	0.0454545	
Fuligule nyroca	0.0	0.0	0.0	0.0	0.0	0.0	0.0172414	0.0	0.0015	0.0	0.0	0.0	0.0	0.0	0.0	0.0	0.0	0.0	0.0	0.0	0.0	0.0	0.0	0.0	0.0	0.0	0.0	0.0	0.0	0.0	0.0	0.0	0.0	0.0	0.0	0.0	0.0	0.0	0.0	0.0	0.0	0.0	0.0333333	0.0	0.0	0.0	0.0	0.0	
Hybride Fuligule milouin x F. nyroca	0.0	0.0	0.0	0.0	0.0	0.0	0.0	0.0	0.0	0.0	0.0	0.0	0.0	0.0	0.0	0.0	0.0	0.0	0.0	0.0	0.0	0.0	0.0	0.0	0.0	0.0	0.0	0.0	0.0	0.0	0.0	0.0	0.0	0.0	0.0	0.0	0.0	0.0	0.0	0.0	0.0	0.0	0.0015	0.0	0.0	0.0	0.0	0.0	
Fuligule morillon	0.0952381	0.1304348	0.0943396	0.1509434	0.1041667	0.1590909	0.0517241	0.0714286	0.0689655	0.0307692	0.075	0.0491803	0.0333333	0.0147059	0.0186916	0.0074074	0.0126582	0.009434	0.0107527	0.0078125	0.0	0.01	0.028169	0.0	0.0	0.0	0.0204082	0.0	0.0	0.0	0.0	0.0	0.0232558	0.1153846	0.0	0.0	0.0015	0.0	0.2105263	0.0	0.0	0.1	0.1	0.1142857	0.1395349	0.1538462	0.1111111	0.0454545	
Fuligule milouinan	0.0	0.0	0.0	0.0188679	0.0	0.0681818	0.0172414	0.0	0.0015	0.0	0.0	0.0	0.0	0.0	0.0	0.0	0.0	0.0	0.0	0.0	0.0	0.0	0.0	0.0	0.0	0.0	0.0	0.0	0.0	0.0	0.0	0.0	0.0	0.0	0.0	0.0	0.0	0.0	0.0	0.0	0.0	0.0	0.0	0.0	0.0	0.0	0.0	0.0	
Fuligule à tête noire	0.0714286	0.0434783	0.0015	0.0	0.0	0.0	0.0	0.0	0.0	0.0	0.0	0.0	0.0	0.0	0.0	0.0	0.0	0.0	0.0	0.0	0.0	0.0	0.0	0.0	0.0	0.0	0.0	0.0	0.0	0.0	0.0	0.0	0.0	0.0	0.0	0.0	0.0	0.0	0.0	0.0	0.0	0.0	0.0	0.0	0.0	0.0	0.0	0.0	
Eider à duvet	0.0	0.0015	0.0	0.0	0.0	0.0	0.0	0.0	0.0	0.0	0.0015	0.0	0.0	0.0	0.0	0.0	0.0	0.0	0.0	0.0	0.0	0.0	0.0	0.0	0.0	0.0	0.0	0.0	0.0	0.0	0.0	0.0	0.0	0.0	0.0	0.0	0.0	0.0	0.0	0.0	0.0	0.0	0.0	0.0	0.0	0.025641	0.037037	0.0	
Macreuse brune	0.0	0.0	0.0	0.0566038	0.0	0.0	0.0	0.0	0.0	0.0	0.0	0.0	0.0	0.0	0.0	0.0	0.0	0.0	0.0	0.0	0.0	0.0	0.0	0.0	0.0	0.0	0.0	0.0	0.0	0.0	0.0	0.0	0.0	0.0	0.0	0.0	0.0	0.0	0.0	0.0	0.0	0.0	0.0	0.0	0.0	0.0	0.0	0.0	
Harelde boréale	0.0	0.0	0.0	0.0	0.0	0.0	0.0	0.0	0.0	0.0	0.0	0.0	0.0	0.0	0.0	0.0	0.0	0.0	0.0	0.0	0.0	0.0	0.0	0.0	0.0	0.0	0.0	0.0	0.0	0.0	0.0	0.0	0.0	0.0	0.0	0.0	0.0	0.0	0.0	0.0	0.0232558	0.0	0.0	0.0	0.0	0.0	0.0	0.0	
Garrot à oeil d'or	0.0	0.0217391	0.0377358	0.0188679	0.0	0.0	0.0	0.0	0.0015	0.0	0.0	0.0	0.0	0.0	0.0	0.0	0.0	0.0	0.0	0.0	0.0	0.0	0.0	0.0	0.0	0.0	0.0	0.0	0.0	0.0	0.0	0.0	0.0	0.0	0.0	0.0	0.0	0.0	0.0	0.0	0.0	0.0	0.0015	0.0285714	0.0	0.025641	0.0	0.0227273	
Harle piette	0.0	0.0	0.0	0.0	0.0	0.0227273	0.0	0.0178571	0.0	0.0	0.0	0.0	0.0	0.0	0.0	0.0	0.0	0.0	0.0	0.0	0.0	0.0	0.0	0.0	0.0	0.0	0.0	0.0	0.0	0.0	0.0	0.0	0.0	0.0	0.0	0.0	0.0	0.0	0.0	0.0	0.0	0.0	0.0	0.0	0.0	0.0	0.0	0.0	
Harle couronné	0.0	0.0	0.0	0.0	0.0	0.0015	0.0	0.0	0.0	0.0	0.0	0.0	0.0	0.0	0.0	0.0	0.0	0.0	0.0	0.0	0.0	0.0	0.0	0.0	0.0	0.0	0.0	0.0	0.0	0.0	0.0	0.0	0.0	0.0	0.0	0.0	0.0	0.0	0.0	0.0	0.0	0.0	0.0	0.0	0.0	0.0	0.0	0.0	
Harle bièvre	0.0015	0.0	0.0	0.0	0.0208333	0.0227273	0.0	0.0357143	0.0	0.0	0.0	0.0	0.0	0.0	0.0	0.0	0.0	0.0	0.0	0.0	0.0	0.0	0.0	0.0	0.0	0.0	0.0	0.0	0.0	0.0	0.0	0.0	0.0	0.0	0.0	0.0	0.0	0.0	0.0	0.0	0.0	0.0	0.0	0.0	0.0232558	0.0512821	0.1111111	0.0	
anatidé sp. (canard sp.)	0.0	0.0	0.0	0.0	0.0208333	0.0	0.0	0.0	0.0	0.0	0.0	0.0	0.0	0.0	0.0	0.0	0.0	0.0	0.0	0.0	0.0	0.0	0.0	0.0	0.0	0.0	0.0	0.0	0.0	0.0	0.0	0.0277778	0.0	0.0	0.0	0.0	0.0	0.0	0.0	0.0	0.0	0.0	0.0	0.0285714	0.0	0.0	0.0	0.0	
Perdrix grise	0.0	0.0434783	0.0015	0.0015	0.0	0.0	0.0	0.0	0.0344828	0.0	0.0125	0.0163934	0.0083333	0.0	0.046729	0.037037	0.0	0.009434	0.0107527	0.0234375	0.0185185	0.01	0.0	0.0	0.0	0.0	0.0015	0.0	0.0	0.0	0.0	0.0	0.0232558	0.0	0.0	0.0	0.0	0.0	0.0	0.0	0.0232558	0.0	0.0	0.0	0.0	0.0	0.037037	0.0	
Faisan vénéré	0.0238095	0.0	0.0	0.0	0.0	0.0	0.0	0.0178571	0.0	0.0	0.0	0.0081967	0.0	0.0	0.0	0.0	0.0	0.0	0.0	0.0	0.0	0.01	0.0	0.0	0.0	0.0	0.0	0.0	0.0	0.0	0.0	0.0	0.0	0.0	0.0	0.0	0.0	0.0	0.0	0.0	0.0	0.0	0.0	0.0	0.0	0.0	0.0	0.0	
Faisan de Colchide	0.1428571	0.1086957	0.0566038	0.0943396	0.1041667	0.0227273	0.1206897	0.0892857	0.0517241	0.1692308	0.1375	0.2295082	0.175	0.2794118	0.271028	0.2296296	0.2278481	0.2169811	0.2043011	0.2734375	0.2592593	0.11	0.0422535	0.1	0.0149254	0.0952381	0.0204082	0.0508475	0.0015	0.1111111	0.125	0.0555556	0.0232558	0.1538462	0.05	0.0625	0.0	0.1666667	0.1052632	0.1470588	0.0465116	0.1	0.1	0.0285714	0.0465116	0.0512821	0.1481481	0.0227273	
Faisan versicolore	0.0	0.0	0.0	0.0	0.0	0.0	0.0	0.0	0.0	0.0	0.0	0.0	0.0015	0.0	0.0	0.0	0.0	0.0	0.0	0.0	0.0	0.0	0.0	0.0	0.0	0.0	0.0	0.0	0.0	0.0	0.0	0.0	0.0	0.0	0.0	0.0	0.0	0.0	0.0	0.0	0.0	0.0	0.0	0.0	0.0	0.0	0.0	0.0	
Faisan de Colchide ou F. versicolore	0.0	0.0	0.0	0.0	0.0	0.0	0.0	0.0	0.0	0.0	0.0	0.0	0.0	0.0	0.0	0.0	0.0	0.0	0.0	0.0078125	0.0	0.01	0.0	0.0015	0.0	0.0	0.0	0.0	0.0	0.0	0.0	0.0	0.0	0.0	0.0	0.0	0.0	0.0	0.0	0.0	0.0	0.0	0.0	0.0	0.0	0.0	0.0	0.0	
Paon bleu	0.0	0.0	0.0	0.0	0.0	0.0	0.0	0.0	0.0	0.0153846	0.0	0.0	0.0	0.0	0.0	0.0	0.0	0.0	0.0	0.0	0.0	0.0	0.0	0.0	0.0149254	0.0	0.0	0.0	0.0	0.0	0.0	0.0	0.0	0.0	0.0	0.0	0.0	0.0	0.0	0.0	0.0	0.0	0.0	0.0	0.0	0.0	0.0	0.0	
Caille des blés	0.0	0.0	0.0	0.0	0.0	0.0	0.0	0.0	0.0	0.0	0.0	0.0	0.0	0.0015	0.0	0.0	0.0	0.0188679	0.0	0.0390625	0.0	0.01	0.0	0.0	0.0149254	0.0	0.0	0.0	0.0	0.0	0.0	0.0	0.0	0.0	0.0	0.0	0.0	0.0	0.0	0.0	0.0	0.0	0.0	0.0	0.0	0.0	0.0	0.0	
Perdrix rouge	0.0	0.0	0.0	0.0015	0.0	0.0	0.0	0.0	0.0172414	0.0	0.0	0.0	0.0083333	0.0147059	0.0093458	0.0074074	0.0	0.0	0.0015	0.0234375	0.0	0.0	0.0	0.0	0.0	0.0	0.0	0.0	0.0	0.037037	0.0	0.0	0.0	0.0	0.0	0.0	0.0	0.0	0.0	0.0294118	0.0	0.0	0.0015	0.0	0.0	0.0	0.0	0.0	
Pigeon biset	0.1190476	0.2608696	0.1132075	0.2264151	0.2708333	0.2272727	0.2413793	0.1964286	0.3448276	0.1538462	0.2	0.1885246	0.2166667	0.1764706	0.2056075	0.1703704	0.2658228	0.1886792	0.172043	0.171875	0.1666667	0.11	0.1549296	0.2111111	0.1641791	0.2142857	0.2857143	0.1525424	0.2142857	0.3333333	0.5	0.3055556	0.1162791	0.2307692	0.225	0.15625	0.2857143	0.3666667	0.1052632	0.1470588	0.1627907	0.3	0.1333333	0.2	0.0930233	0.2564103	0.2222222	0.2045455	
Pigeon colombin	0.047619	0.0217391	0.0566038	0.0566038	0.0833333	0.0454545	0.0689655	0.0892857	0.0172414	0.0307692	0.0875	0.0901639	0.0833333	0.1323529	0.1308411	0.2	0.1392405	0.1037736	0.1612903	0.1953125	0.1296296	0.15	0.1267606	0.1444444	0.1044776	0.1428571	0.1428571	0.1186441	0.2857143	0.037037	0.125	0.1111111	0.0697674	0.1153846	0.0015	0.0	0.0571429	0.1	0.0526316	0.0294118	0.0232558	0.05	0.0666667	0.0571429	0.0232558	0.0769231	0.1111111	0.1136364	
Pigeon ramier	0.6428571	0.5	0.5849057	0.754717	0.6666667	0.75	0.8103448	0.6785714	0.6896552	0.7692308	0.7125	0.8032787	0.6416667	0.7647059	0.6168224	0.7703704	0.7721519	0.6509434	0.7096774	0.7578125	0.8333333	0.71	0.7746479	0.7555556	0.761194	0.6428571	0.7755102	0.8135593	0.5714286	0.7777778	0.75	0.8888889	0.6046512	0.8461538	0.725	0.8125	0.8857143	0.6666667	0.7368421	0.6764706	0.4883721	0.55	0.5666667	0.6285714	0.6046512	0.4871795	0.8148148	0.5681818	
Tourterelle des bois	0.0	0.0	0.0	0.0	0.0	0.0	0.0	0.0	0.0	0.0	0.0	0.0	0.0	0.0	0.0093458	0.0	0.0759494	0.0849057	0.0645161	0.1015625	0.037037	0.05	0.084507	0.0222222	0.0447761	0.0238095	0.0612245	0.0677966	0.0	0.0015	0.0	0.0	0.0	0.0	0.0	0.0015	0.0	0.0	0.0	0.0	0.0	0.0	0.0	0.0	0.0	0.0	0.0	0.0	
Tourterelle turque	0.2619048	0.1521739	0.1132075	0.1320755	0.2291667	0.2272727	0.2586207	0.1428571	0.2586207	0.2	0.2125	0.1721311	0.1083333	0.2058824	0.2056075	0.2444444	0.2911392	0.1981132	0.2580645	0.2109375	0.1481481	0.16	0.3380282	0.2333333	0.1940299	0.3095238	0.1428571	0.1355932	0.0015	0.2592593	0.25	0.3055556	0.1860465	0.3846154	0.2	0.25	0.2285714	0.2	0.0	0.0882353	0.1395349	0.15	0.1333333	0.1714286	0.3255814	0.3076923	0.2222222	0.3181818	
columbidé sp.	0.0	0.0	0.0	0.0	0.0	0.0	0.0	0.0	0.0	0.0	0.0	0.0	0.0	0.0	0.0	0.0	0.0	0.0	0.0	0.0	0.0	0.0	0.0	0.0	0.0	0.0	0.0	0.0	0.0	0.0	0.0	0.0	0.0	0.0	0.025	0.0	0.0	0.0	0.0	0.0	0.0	0.0	0.0	0.0	0.0	0.0	0.0	0.0	
Coucou gris	0.0	0.0	0.0	0.0	0.0	0.0	0.0	0.0	0.0	0.0	0.0	0.0491803	0.0833333	0.1470588	0.1869159	0.2740741	0.3797468	0.3301887	0.3010753	0.3515625	0.2777778	0.19	0.1830986	0.0555556	0.0	0.0015	0.0	0.0	0.0	0.0	0.0	0.0	0.0	0.0	0.0	0.0	0.0	0.0	0.0	0.0	0.0	0.0	0.0	0.0	0.0	0.0	0.0	0.0	
Engoulevent d'Europe	0.0	0.0	0.0	0.0	0.0	0.0	0.0	0.0	0.0	0.0	0.0	0.0	0.0	0.0	0.0	0.0	0.0126582	0.0754717	0.0107527	0.0234375	0.0	0.03	0.0140845	0.0	0.0	0.0238095	0.0	0.0	0.0	0.0	0.125	0.0	0.0	0.0	0.0	0.0	0.0	0.0	0.0	0.0	0.0	0.0	0.0	0.0	0.0	0.0	0.0	0.0	
Martinet noir	0.0	0.0	0.0	0.0	0.0	0.0	0.0	0.0	0.0	0.0	0.0	0.0	0.0015	0.0294118	0.046729	0.3111111	0.3797468	0.4339623	0.4301075	0.4140625	0.3148148	0.34	0.4084507	0.4777778	0.3432836	0.3095238	0.2857143	0.1355932	0.0015	0.037037	0.0	0.0	0.0015	0.0	0.0	0.0	0.0	0.0	0.0	0.0	0.0	0.0	0.0	0.0	0.0	0.0	0.0	0.0	
Apus ou Tachymarptis sp.	0.0	0.0	0.0	0.0	0.0	0.0	0.0	0.0	0.0	0.0	0.0	0.0	0.0	0.0	0.0	0.0	0.0126582	0.0	0.0	0.0	0.0	0.0	0.0	0.0	0.0	0.0	0.0	0.0	0.0	0.0	0.0	0.0	0.0	0.0	0.0	0.0	0.0	0.0	0.0	0.0	0.0	0.0	0.0	0.0	0.0	0.0	0.0	0.0	
Râle d'eau	0.047619	0.0652174	0.0377358	0.0566038	0.0416667	0.0	0.0172414	0.0178571	0.0172414	0.0307692	0.0125	0.0	0.0083333	0.0	0.0093458	0.0074074	0.0	0.0188679	0.0	0.015625	0.0015	0.02	0.0140845	0.0	0.0	0.0	0.0	0.0015	0.0714286	0.0740741	0.0	0.0	0.0	0.0	0.05	0.0	0.0571429	0.0333333	0.0	0.1176471	0.0232558	0.0	0.0333333	0.0	0.0232558	0.0512821	0.037037	0.0454545	
Marouette ponctuée	0.0	0.0	0.0	0.0	0.0	0.0	0.0	0.0	0.0	0.0	0.0	0.0	0.0	0.0	0.0093458	0.0	0.0	0.0	0.0	0.0	0.0	0.0	0.0	0.0	0.0	0.0	0.0	0.0	0.0	0.0	0.0	0.0	0.0232558	0.0	0.0	0.0	0.0	0.0	0.0	0.0	0.0	0.0	0.0	0.0	0.0	0.0	0.0	0.0	
Gallinule poule-d'eau	0.2857143	0.3695652	0.4528302	0.509434	0.4375	0.5	0.5	0.5178571	0.5	0.5384615	0.4625	0.5	0.3583333	0.5147059	0.411215	0.3555556	0.5443038	0.4150943	0.3870968	0.3203125	0.3888889	0.38	0.3098592	0.3444444	0.3134328	0.4047619	0.6326531	0.4915254	0.3571429	0.3703704	0.5	0.4444444	0.5116279	0.5384615	0.475	0.3125	0.5714286	0.6	0.6842105	0.3529412	0.3023256	0.35	0.4333333	0.3714286	0.372093	0.3589744	0.5185185	0.3181818	
Foulque macroule	0.2619048	0.326087	0.3584906	0.4716981	0.375	0.4545455	0.2586207	0.375	0.4482759	0.2615385	0.325	0.3196721	0.2583333	0.3235294	0.3551402	0.3407407	0.5316456	0.3018868	0.3010753	0.234375	0.3333333	0.29	0.2957746	0.3	0.238806	0.3095238	0.5306122	0.4576271	0.2857143	0.2962963	0.375	0.25	0.3255814	0.2692308	0.4	0.125	0.3714286	0.3666667	0.5789474	0.3823529	0.1860465	0.2	0.3	0.2571429	0.2325581	0.2564103	0.4074074	0.2272727	
Grue cendrée	0.0	0.0	0.0	0.0	0.0	0.0	0.0172414	0.0015	0.0	0.0	0.0	0.0	0.0	0.0	0.0	0.0	0.0	0.0	0.0	0.0	0.0	0.0	0.0	0.0	0.0	0.0	0.0	0.0	0.0	0.0	0.0	0.0	0.0	0.0	0.0	0.0	0.0	0.0	0.0	0.0	0.0	0.0	0.0	0.0	0.0	0.0	0.037037	0.0	
Oedicnème criard	0.0	0.0	0.0	0.0	0.0	0.0	0.0	0.0	0.0	0.0	0.0	0.0	0.0166667	0.0	0.0186916	0.0	0.0	0.009434	0.0107527	0.015625	0.0	0.0	0.0	0.0111111	0.0015	0.0	0.0	0.0	0.0	0.0	0.0	0.0	0.0232558	0.0	0.0	0.0	0.0	0.0	0.0	0.0294118	0.0	0.0	0.0	0.0	0.0	0.0	0.0	0.0	
Échasse blanche	0.0	0.0	0.0	0.0	0.0	0.0	0.0	0.0	0.0	0.0	0.0	0.0	0.0	0.0	0.0	0.0296296	0.0379747	0.0	0.0	0.0	0.0	0.0	0.0	0.0	0.0	0.0	0.0	0.0	0.0	0.0	0.0	0.0	0.0	0.0	0.0	0.0	0.0	0.0	0.0	0.0	0.0	0.0	0.0	0.0	0.0	0.0	0.0	0.0	
Avocette élégante	0.0	0.0	0.0	0.0	0.0	0.0	0.0	0.0	0.0	0.0	0.0125	0.0	0.0	0.0	0.0	0.0	0.0	0.009434	0.0107527	0.0	0.0185185	0.0	0.0	0.0	0.0	0.0	0.0	0.0	0.0	0.0	0.0	0.0	0.0	0.0	0.0	0.0	0.0	0.0	0.0	0.0	0.0	0.0	0.0	0.0	0.0	0.0	0.0	0.0	
Huîtrier pie	0.0	0.0	0.0	0.0	0.0	0.0015	0.0	0.0	0.0	0.0	0.0	0.0	0.0	0.0	0.0	0.0	0.0	0.0	0.0	0.0	0.0	0.0	0.0	0.0	0.0	0.0	0.0	0.0	0.0	0.0	0.0	0.0	0.0	0.0	0.0	0.0	0.0	0.0	0.0	0.0	0.0	0.0	0.0	0.0	0.0	0.0	0.0	0.0	
Pluvier argenté	0.0	0.0	0.0	0.0	0.0	0.0	0.0	0.0	0.0	0.0	0.0	0.0	0.0	0.0	0.0	0.0	0.0	0.0	0.0	0.0	0.0185185	0.0	0.0	0.0	0.0	0.0	0.0	0.0	0.0	0.0	0.0	0.0	0.0	0.0	0.0	0.0	0.0	0.0	0.0	0.0	0.0	0.0	0.0	0.0	0.0	0.0	0.0	0.0	
Pluvier doré	0.0	0.1521739	0.0188679	0.0015	0.0416667	0.0	0.0517241	0.0178571	0.0015	0.0	0.0125	0.0015	0.0	0.0	0.0	0.0	0.0	0.0	0.0	0.0	0.0	0.0	0.0	0.0	0.0	0.0	0.0	0.0	0.0	0.0	0.0	0.0	0.0	0.0	0.0	0.0	0.0	0.0	0.0	0.0294118	0.0	0.05	0.0	0.0	0.0465116	0.025641	0.0740741	0.0227273	
Grand Gravelot	0.0	0.0	0.0	0.0	0.0	0.0	0.0	0.0	0.0	0.0	0.0	0.0	0.0	0.0	0.0	0.0	0.0253165	0.0015	0.0	0.0078125	0.0	0.0	0.0	0.0	0.0	0.0	0.0	0.0	0.0	0.0	0.0	0.0	0.0	0.0015	0.0	0.0	0.0	0.0	0.0	0.0	0.0	0.0	0.0	0.0	0.0	0.0	0.0	0.0	
Petit Gravelot	0.0	0.0	0.0	0.0	0.0	0.0	0.0	0.0	0.0015	0.0	0.0015	0.0327869	0.0015	0.0	0.0186916	0.0296296	0.0632911	0.0377358	0.0015	0.015625	0.0185185	0.01	0.0	0.0333333	0.0	0.0	0.0	0.0	0.0	0.0	0.0	0.0	0.0	0.0015	0.0	0.0	0.0	0.0	0.0	0.0	0.0	0.0	0.0	0.0	0.0	0.0	0.0	0.0	
Vanneau huppé	0.0238095	0.2608696	0.0566038	0.1320755	0.0625	0.0681818	0.1034483	0.0178571	0.0172414	0.0	0.025	0.0	0.0083333	0.0	0.0	0.0	0.0126582	0.0	0.0107527	0.0	0.0185185	0.02	0.0	0.0	0.0	0.0	0.0	0.0169492	0.0	0.0	0.0	0.0015	0.0232558	0.0769231	0.05	0.0	0.0	0.0	0.0015	0.0015	0.0465116	0.1	0.0333333	0.0857143	0.0465116	0.1282051	0.1111111	0.0681818	
Courlis corlieu	0.0	0.0	0.0	0.0	0.0	0.0	0.0	0.0	0.0	0.0	0.0	0.0	0.0	0.0	0.0	0.0	0.0	0.009434	0.0	0.0	0.0	0.0	0.0	0.0	0.0	0.0	0.0	0.0	0.0	0.0	0.0	0.0	0.0	0.0	0.0	0.0	0.0	0.0	0.0	0.0	0.0	0.0	0.0	0.0	0.0	0.0	0.0	0.0	
Courlis cendré	0.0	0.0	0.0	0.0	0.0	0.0	0.0	0.0	0.0	0.0	0.0	0.0	0.0	0.0	0.0	0.0074074	0.0	0.0	0.0	0.0	0.0	0.0	0.0	0.0	0.0	0.0	0.0	0.0	0.0	0.0	0.0	0.0	0.0	0.0384615	0.0	0.0	0.0	0.0	0.0	0.0	0.0	0.0	0.0	0.0	0.0	0.0	0.0	0.0	
Barge rousse	0.0	0.0	0.0	0.0	0.0	0.0	0.0	0.0	0.0	0.0	0.0	0.0	0.0	0.0	0.0	0.0	0.0	0.0	0.0	0.0	0.0	0.0	0.0	0.0	0.0	0.0	0.0	0.0	0.0	0.0	0.0	0.0	0.0	0.0	0.05	0.0	0.0	0.0	0.0	0.0	0.0	0.0	0.0	0.0	0.0	0.0	0.0	0.0	
Barge à queue noire	0.0	0.0	0.0	0.0	0.0	0.0	0.0	0.0	0.0	0.0	0.0	0.0	0.0	0.0	0.0093458	0.0	0.0	0.0	0.0	0.0	0.0	0.01	0.0	0.0	0.0	0.0	0.0	0.0	0.0	0.0	0.0	0.0	0.0	0.0	0.0	0.0	0.0	0.0	0.0	0.0	0.0	0.0	0.0	0.0	0.0	0.0	0.0	0.0	
Bécassine sourde	0.0238095	0.0652174	0.0	0.0015	0.0	0.0015	0.0	0.0357143	0.0015	0.0153846	0.0	0.0	0.0083333	0.0	0.0	0.0	0.0	0.0	0.0	0.0	0.0	0.0	0.0	0.0	0.0	0.0	0.0	0.0	0.0	0.0	0.0	0.0	0.0	0.0	0.0	0.0	0.0	0.0015	0.0	0.0015	0.0	0.0	0.0015	0.0015	0.0232558	0.025641	0.037037	0.0227273	
Bécasse des bois	0.0	0.0	0.0	0.0	0.0	0.0	0.0	0.0	0.0	0.0	0.0	0.0	0.0	0.0	0.0	0.0	0.0	0.0566038	0.0107527	0.0078125	0.0	0.02	0.0140845	0.0	0.0	0.0	0.0	0.0	0.0	0.0	0.0	0.0	0.0	0.0	0.0	0.0	0.0	0.0	0.0	0.0	0.0	0.0	0.0	0.0	0.0	0.0	0.0	0.0	
Bécassine des marais	0.0238095	0.0869565	0.0188679	0.0377358	0.0208333	0.0681818	0.0172414	0.0357143	0.0344828	0.0307692	0.025	0.057377	0.0416667	0.0294118	0.0	0.0	0.0	0.0	0.0	0.0	0.0	0.0	0.0	0.0	0.0	0.0238095	0.0	0.0	0.0	0.0	0.0	0.0	0.0697674	0.0384615	0.025	0.03125	0.0015	0.1	0.1052632	0.0588235	0.0232558	0.0	0.0666667	0.0015	0.0465116	0.025641	0.0740741	0.0454545	
Phalarope à bec large	0.0	0.0	0.0	0.0	0.0	0.0	0.0	0.0	0.0	0.0	0.0	0.0	0.0	0.0	0.0	0.0	0.0	0.0	0.0	0.0	0.0	0.0	0.0	0.0	0.0	0.0	0.0	0.0	0.0	0.0	0.0	0.0	0.0	0.0	0.0	0.0	0.0	0.0	0.0	0.0	0.0	0.0	0.0015	0.0	0.0	0.0	0.0	0.0	
Chevalier guignette	0.0	0.0	0.0	0.0	0.0	0.0	0.0	0.0	0.0	0.0	0.0	0.0015	0.0083333	0.0147059	0.046729	0.1703704	0.278481	0.1320755	0.0430108	0.03125	0.0	0.0	0.0	0.0111111	0.0298507	0.0	0.1020408	0.1016949	0.0714286	0.1111111	0.0	0.0277778	0.1395349	0.1153846	0.1	0.03125	0.0285714	0.0333333	0.0	0.0294118	0.0	0.0	0.0	0.0	0.0	0.0	0.0	0.0	
Chevalier culblanc	0.0	0.0	0.0	0.0	0.0	0.0	0.0	0.0	0.0344828	0.0153846	0.0125	0.0409836	0.0416667	0.0441176	0.0280374	0.0074074	0.0015	0.0015	0.0	0.0	0.0185185	0.0	0.0140845	0.0222222	0.0	0.0238095	0.0408163	0.0677966	0.0	0.037037	0.0	0.0	0.1162791	0.1153846	0.05	0.0	0.0	0.0	0.0	0.0294118	0.0	0.0	0.0	0.0	0.0	0.0	0.0	0.0	
Chevalier sylvain	0.0	0.0	0.0	0.0	0.0	0.0	0.0	0.0	0.0	0.0	0.0	0.0	0.0	0.0	0.0186916	0.0296296	0.0253165	0.0	0.0	0.0078125	0.0	0.0	0.0	0.0	0.0	0.0	0.0204082	0.0	0.0	0.0	0.0	0.0	0.0	0.0	0.0	0.0	0.0	0.0	0.0	0.0	0.0	0.0	0.0	0.0	0.0	0.0	0.0	0.0	
Chevalier gambette	0.0	0.0	0.0	0.0	0.0	0.0	0.0	0.0	0.0	0.0	0.0	0.0327869	0.025	0.0	0.0093458	0.0296296	0.0379747	0.0283019	0.0107527	0.0078125	0.0185185	0.0	0.0	0.0	0.0	0.0	0.0	0.0	0.0	0.0	0.0	0.0	0.0	0.0	0.0	0.0	0.0	0.0	0.0	0.0	0.0	0.0	0.0	0.0	0.0	0.0	0.0	0.0	
Chevalier à pattes jaunes	0.0	0.0	0.0	0.0	0.0	0.0	0.0	0.0	0.0	0.0	0.0	0.0	0.0	0.0	0.0	0.0	0.0379747	0.0	0.0	0.0	0.0	0.0	0.0	0.0	0.0	0.0	0.0	0.0	0.0	0.0	0.0	0.0	0.0	0.0	0.0	0.0	0.0	0.0	0.0	0.0	0.0	0.0	0.0	0.0	0.0	0.0	0.0	0.0	
Chevalier arlequin	0.0	0.0	0.0	0.0	0.0	0.0	0.0	0.0	0.0	0.0	0.0	0.0081967	0.0015	0.0015	0.0093458	0.0074074	0.0126582	0.0	0.0	0.0	0.0	0.0	0.0	0.0	0.0	0.0	0.0	0.0	0.0	0.0	0.0	0.0	0.0	0.0	0.0	0.0	0.0	0.0	0.0	0.0	0.0	0.0	0.0	0.0	0.0	0.0	0.0	0.0	
Chevalier aboyeur	0.0	0.0	0.0	0.0	0.0	0.0	0.0	0.0	0.0	0.0	0.0	0.0	0.0	0.0	0.0093458	0.0814815	0.0506329	0.009434	0.0	0.0	0.0	0.0	0.0	0.0	0.0	0.0	0.0408163	0.0	0.0	0.0	0.0	0.0	0.0232558	0.0769231	0.0	0.0	0.0	0.0015	0.0	0.0	0.0	0.0	0.0	0.0	0.0	0.0	0.0	0.0	
Tournepierre à collier	0.0	0.0	0.0	0.0	0.0	0.0	0.0	0.0	0.0	0.0	0.0	0.0	0.0	0.0	0.0	0.0	0.0	0.0	0.0215054	0.0	0.0	0.0	0.0	0.0	0.0	0.0	0.0	0.0	0.0	0.0	0.0	0.0	0.0	0.0	0.0	0.0	0.0	0.0	0.0	0.0	0.0	0.0	0.0	0.0	0.0	0.0	0.0	0.0	
Combattant varié	0.0	0.0	0.0	0.0	0.0	0.0	0.0	0.0	0.0	0.0	0.0	0.0081967	0.0	0.0	0.0	0.0148148	0.0126582	0.0	0.0	0.0	0.0	0.0	0.0	0.0	0.0	0.0	0.0204082	0.0	0.0	0.0	0.0	0.0	0.0	0.0	0.0	0.0	0.0	0.0	0.0	0.0	0.0	0.0	0.0	0.0	0.0	0.0	0.0	0.0	
Bécasseau cocorli	0.0	0.0	0.0	0.0	0.0	0.0	0.0	0.0	0.0	0.0	0.0	0.0	0.0	0.0	0.0	0.0	0.0	0.0	0.0	0.0078125	0.0	0.0	0.0	0.0	0.0	0.0	0.0	0.0	0.0	0.0	0.0	0.0	0.0	0.0	0.0	0.0	0.0	0.0	0.0	0.0	0.0	0.0	0.0	0.0	0.0	0.0	0.0	0.0	
Bécasseau sanderling	0.0	0.0	0.0	0.0	0.0	0.0	0.0	0.0	0.0	0.0	0.0	0.0	0.0083333	0.0	0.0	0.0	0.0	0.0	0.0	0.0	0.0	0.0	0.0	0.0	0.0	0.0	0.0	0.0	0.0	0.0	0.0	0.0	0.0	0.0	0.0	0.0	0.0	0.0	0.0	0.0	0.0	0.0	0.0	0.0	0.0	0.0	0.0	0.0	
Bécasseau variable	0.0	0.0	0.0	0.0	0.0	0.0	0.0	0.0	0.0	0.0	0.0015	0.0	0.0015	0.0	0.0	0.0	0.0	0.0	0.0	0.0	0.0	0.0	0.0	0.0	0.0	0.0	0.0	0.0	0.0	0.0	0.0	0.0	0.0232558	0.0384615	0.025	0.03125	0.0	0.0	0.0526316	0.0	0.0	0.0	0.0	0.0015	0.0	0.0	0.0	0.0	
Bécasseau minute	0.0	0.0	0.0	0.0	0.0	0.0	0.0	0.0	0.0	0.0	0.0	0.0	0.0	0.0	0.0	0.0	0.0	0.0	0.0	0.0	0.0	0.0	0.0	0.0	0.0	0.0	0.0	0.0	0.0	0.0	0.0	0.0	0.0	0.0	0.05	0.0	0.0	0.0	0.0	0.0	0.0	0.0	0.0	0.0	0.0	0.0	0.0	0.0	
limicole sp.	0.0238095	0.0	0.0	0.0	0.0	0.0	0.0	0.0	0.0	0.0	0.0	0.0	0.0	0.0	0.0093458	0.0	0.0126582	0.0	0.0107527	0.0	0.0	0.0	0.0	0.0	0.0	0.0	0.0	0.0169492	0.0	0.0	0.0	0.0	0.0	0.0	0.0	0.0	0.0	0.0	0.0	0.0	0.0	0.0	0.0	0.0	0.0	0.0	0.0	0.0	
Mouette pygmée	0.0	0.0	0.0	0.0015	0.0	0.0	0.0	0.0	0.0	0.0	0.0	0.0015	0.0083333	0.0015	0.0186916	0.0015	0.0	0.0	0.0	0.0	0.0	0.0	0.0	0.0	0.0	0.0	0.0	0.0	0.0	0.0	0.0	0.0	0.0	0.0	0.0	0.0	0.0	0.0	0.0	0.0	0.0	0.0	0.0015	0.0285714	0.0	0.0	0.0	0.0	
Mouette tridactyle	0.0	0.0	0.0	0.0	0.0	0.0	0.0	0.0	0.0	0.0	0.0	0.0	0.0	0.0	0.0	0.0	0.0	0.0	0.0	0.0	0.0	0.0	0.0	0.0	0.0	0.0	0.0	0.0	0.0	0.0	0.0	0.0	0.0	0.0	0.0	0.0	0.0	0.0	0.0	0.0	0.0	0.0	0.0	0.0	0.0	0.025641	0.0	0.0	
Mouette rieuse	0.2380952	0.4130435	0.2830189	0.5283019	0.3541667	0.4772727	0.3275862	0.3035714	0.2758621	0.1076923	0.1375	0.1885246	0.075	0.0441176	0.0654206	0.1925926	0.1898734	0.1509434	0.1290323	0.1328125	0.1111111	0.12	0.1690141	0.0555556	0.1791045	0.1428571	0.4693878	0.3050847	0.1428571	0.1481481	0.25	0.1666667	0.3023256	0.2307692	0.275	0.125	0.2285714	0.3	0.4736842	0.2941176	0.1860465	0.35	0.4	0.2857143	0.3255814	0.3076923	0.4814815	0.3181818	
Mouette mélanocéphale	0.0	0.0015	0.0015	0.0015	0.0015	0.0015	0.0015	0.0	0.0015	0.0153846	0.0015	0.057377	0.05	0.0294118	0.0	0.0148148	0.0126582	0.0	0.0107527	0.0	0.0	0.0	0.028169	0.0	0.0	0.0	0.0	0.0	0.0	0.0	0.0	0.0	0.0	0.0	0.0	0.0	0.0	0.0	0.0	0.0	0.0	0.0	0.0	0.0	0.0	0.0	0.0	0.0	
Goéland cendré	0.0	0.0015	0.0188679	0.0015	0.0015	0.0015	0.0172414	0.0	0.0	0.0	0.0	0.0	0.0	0.0	0.0	0.0	0.0	0.0	0.0	0.0	0.0	0.0	0.0	0.0	0.0	0.0	0.0	0.0	0.0	0.0	0.0	0.0	0.0	0.0	0.0015	0.0	0.0	0.0	0.0	0.0	0.0	0.0	0.0	0.0	0.0	0.0	0.0	0.0	
Goéland pontique	0.0015	0.0015	0.0188679	0.0188679	0.0015	0.0015	0.0172414	0.0	0.0	0.0	0.0	0.0	0.0	0.0	0.0	0.0	0.0	0.0	0.0	0.0	0.0	0.0	0.0	0.0	0.0	0.0	0.0	0.0	0.0	0.0	0.0	0.0	0.0	0.0	0.0	0.0	0.0	0.0	0.0	0.0	0.0	0.0	0.0	0.0	0.0015	0.0015	0.0015	0.0	
Goéland argenté	0.0714286	0.0015	0.0188679	0.0754717	0.0208333	0.0454545	0.0172414	0.0178571	0.0344828	0.0015	0.0	0.0163934	0.0	0.0147059	0.0	0.0148148	0.0379747	0.0015	0.0215054	0.015625	0.0	0.01	0.0422535	0.0	0.0298507	0.0	0.0204082	0.0169492	0.0015	0.037037	0.0	0.0277778	0.0	0.0	0.025	0.0	0.0	0.1	0.0015	0.0588235	0.0232558	0.0	0.0666667	0.0285714	0.0	0.025641	0.1111111	0.0227273	
Goéland leucophée	0.0238095	0.0217391	0.0377358	0.0943396	0.0015	0.0015	0.0172414	0.0357143	0.0015	0.0015	0.0015	0.0081967	0.0	0.0	0.0093458	0.0222222	0.0253165	0.0188679	0.0430108	0.015625	0.0185185	0.0015	0.0140845	0.0222222	0.0298507	0.0	0.0612245	0.0338983	0.0	0.0740741	0.0	0.0555556	0.0232558	0.0384615	0.025	0.0	0.0	0.0333333	0.1052632	0.0015	0.0232558	0.05	0.0	0.0857143	0.0	0.025641	0.1851852	0.0	
Goéland argenté ou G. leucophée	0.0	0.0	0.0	0.0	0.0208333	0.0	0.0	0.0	0.0	0.0	0.0125	0.0081967	0.0	0.0	0.0	0.0074074	0.0	0.0	0.0	0.0	0.0	0.0	0.0	0.0	0.0	0.0	0.0	0.0	0.0	0.0	0.0	0.0	0.0	0.0	0.0	0.0	0.0	0.0	0.0526316	0.0	0.0	0.05	0.0	0.0285714	0.0	0.0	0.0	0.0	
Goéland brun	0.0015	0.0217391	0.0015	0.0377358	0.0015	0.0909091	0.0344828	0.0178571	0.0172414	0.0	0.0	0.0	0.0	0.0	0.0	0.0	0.0	0.0	0.0107527	0.0	0.0	0.02	0.0	0.0015	0.0015	0.0	0.0204082	0.0	0.0714286	0.0	0.0	0.0	0.0	0.0	0.0	0.0	0.0	0.0015	0.0	0.0294118	0.0	0.0	0.0333333	0.0571429	0.0	0.025641	0.2962963	0.0	
goéland sp. (Larus sp.)	0.0	0.0	0.0	0.0188679	0.0	0.0454545	0.0172414	0.0	0.0	0.0	0.0	0.0	0.0	0.0	0.0	0.0	0.0	0.0283019	0.0	0.0078125	0.0	0.01	0.0	0.0111111	0.0149254	0.0238095	0.0	0.0169492	0.0714286	0.0	0.0	0.0	0.0	0.0015	0.0	0.0	0.0015	0.0	0.0	0.0	0.0	0.0	0.0333333	0.0	0.0	0.0015	0.037037	0.0	
Sterne naine	0.0	0.0	0.0	0.0	0.0	0.0	0.0	0.0	0.0	0.0	0.0	0.0	0.0	0.0	0.0	0.0	0.0	0.0	0.0	0.0	0.0	0.0	0.0	0.0015	0.0	0.0	0.0	0.0	0.0	0.0	0.0	0.0	0.0	0.0	0.0	0.0	0.0	0.0	0.0	0.0	0.0	0.0	0.0	0.0	0.0	0.0	0.0	0.0	
Guifette moustac	0.0	0.0	0.0	0.0	0.0	0.0	0.0	0.0	0.0	0.0	0.0	0.0	0.0	0.0	0.0	0.0	0.0126582	0.0	0.0	0.0	0.0	0.0	0.0	0.0	0.0	0.0	0.0	0.0	0.0	0.0	0.0	0.0	0.0015	0.0	0.0	0.0	0.0	0.0	0.0	0.0	0.0	0.0	0.0	0.0	0.0	0.0	0.0	0.0	
Guifette noire	0.0	0.0	0.0	0.0	0.0	0.0	0.0	0.0	0.0	0.0	0.0	0.0	0.0	0.0	0.0	0.0148148	0.0126582	0.0188679	0.0015	0.0078125	0.0	0.02	0.0	0.0	0.0	0.0	0.0	0.0	0.0015	0.0	0.125	0.0	0.0	0.0	0.025	0.0	0.0	0.0	0.0	0.0	0.0	0.0	0.0	0.0	0.0	0.0	0.0	0.0	
Sterne pierregarin	0.0	0.0	0.0	0.0	0.0	0.0	0.0	0.0	0.0	0.0	0.0015	0.0655738	0.0583333	0.0588235	0.0841121	0.2148148	0.2405063	0.1226415	0.1612903	0.1328125	0.1296296	0.18	0.1971831	0.1222222	0.1044776	0.0714286	0.3265306	0.2711864	0.1428571	0.1851852	0.25	0.0	0.0	0.0	0.025	0.0	0.0	0.0	0.0	0.0	0.0	0.0	0.0	0.0	0.0	0.0	0.0	0.0	
sterne sp.	0.0	0.0	0.0	0.0	0.0	0.0	0.0	0.0	0.0	0.0	0.0	0.0081967	0.0	0.0	0.0	0.0	0.0	0.0	0.0	0.0	0.0	0.0	0.0	0.0	0.0	0.0	0.0	0.0	0.0	0.0	0.0	0.0	0.0	0.0	0.0	0.0	0.0	0.0	0.0	0.0	0.0	0.0	0.0	0.0	0.0	0.0	0.0	0.0	
Grèbe castagneux	0.0714286	0.1304348	0.1132075	0.1509434	0.1666667	0.0909091	0.0862069	0.1607143	0.0862069	0.0923077	0.1	0.1229508	0.0416667	0.0588235	0.0654206	0.037037	0.1518987	0.0566038	0.0967742	0.0234375	0.1111111	0.09	0.056338	0.0444444	0.0597015	0.0015	0.244898	0.1355932	0.0714286	0.0	0.125	0.0555556	0.1162791	0.1538462	0.15	0.0	0.0571429	0.1666667	0.3684211	0.1176471	0.0930233	0.2	0.1333333	0.0857143	0.1162791	0.1282051	0.1851852	0.0454545	
Grèbe jougris	0.0	0.0	0.0	0.0	0.0	0.0	0.0	0.0	0.0	0.0	0.0	0.0081967	0.0	0.0	0.0	0.0	0.0	0.0	0.0	0.0	0.0	0.0	0.0	0.0	0.0	0.0	0.0	0.0	0.0	0.0	0.0	0.0	0.0	0.0	0.0	0.0	0.0	0.0	0.0	0.0	0.0	0.0	0.0	0.0	0.0	0.0	0.0	0.0	
Grèbe huppé	0.047619	0.173913	0.1886792	0.245283	0.125	0.25	0.1206897	0.2142857	0.2413793	0.1384615	0.1875	0.204918	0.1333333	0.1176471	0.1588785	0.2074074	0.278481	0.1509434	0.1935484	0.15625	0.2407407	0.18	0.1267606	0.0777778	0.0746269	0.0714286	0.3061224	0.2542373	0.2142857	0.1851852	0.25	0.1111111	0.2325581	0.1538462	0.225	0.09375	0.2571429	0.1333333	0.4210526	0.1470588	0.0930233	0.15	0.1666667	0.1428571	0.1627907	0.1538462	0.3333333	0.0681818	
Grèbe à cou noir	0.0	0.0	0.0	0.0	0.0	0.0	0.0	0.0	0.0	0.0	0.0125	0.0163934	0.0	0.0	0.0093458	0.0074074	0.0	0.0	0.0	0.0	0.0	0.0	0.0	0.0111111	0.0	0.0	0.0	0.0	0.0	0.0	0.0	0.0	0.0	0.0	0.0	0.0	0.0	0.0	0.0	0.0	0.0	0.05	0.0	0.0285714	0.0	0.0	0.0	0.0	
Plongeon imbrin	0.0	0.0434783	0.0377358	0.0188679	0.0	0.0	0.0	0.0	0.0	0.0	0.0	0.0	0.0	0.0	0.0	0.0	0.0	0.0	0.0	0.0	0.0	0.0	0.0	0.0	0.0	0.0	0.0	0.0	0.0	0.0	0.0	0.0	0.0	0.0	0.0	0.0	0.0	0.0	0.0	0.0	0.0	0.0	0.0	0.0571429	0.0465116	0.0	0.0	0.0	
Cigogne noire	0.0	0.0	0.0	0.0	0.0	0.0	0.0	0.0	0.0	0.0	0.0	0.0	0.0	0.0	0.0	0.0074074	0.0	0.0	0.0	0.0078125	0.0	0.0	0.0	0.0	0.0	0.0	0.0	0.0	0.0	0.0	0.0	0.0	0.0	0.0	0.0	0.0	0.0	0.0	0.0	0.0	0.0	0.0	0.0	0.0	0.0	0.0	0.0	0.0	
Cigogne blanche	0.0	0.0	0.0	0.0	0.0	0.0227273	0.0	0.0178571	0.0	0.0	0.0	0.0015	0.0083333	0.0	0.0093458	0.0148148	0.0126582	0.0	0.0	0.0	0.0	0.0	0.0	0.0	0.0	0.0	0.0	0.0	0.0	0.037037	0.0	0.0015	0.0232558	0.0015	0.0	0.0015	0.0	0.0	0.0	0.0	0.0015	0.0	0.0	0.0	0.0	0.0	0.0	0.0	
Grand Cormoran	0.3333333	0.3043478	0.245283	0.3773585	0.3958333	0.4545455	0.2413793	0.3571429	0.4310345	0.2923077	0.325	0.2868852	0.1833333	0.2352941	0.2242991	0.3111111	0.3544304	0.2264151	0.2365591	0.25	0.3148148	0.29	0.2816901	0.1444444	0.1940299	0.2857143	0.3673469	0.3728814	0.2857143	0.3333333	0.375	0.1388889	0.3255814	0.2692308	0.325	0.125	0.2	0.3333333	0.5789474	0.2647059	0.1395349	0.3	0.2666667	0.2285714	0.3023256	0.3333333	0.4444444	0.2954545	
Ibis falcinelle	0.0	0.0	0.0	0.0	0.0	0.0	0.0	0.0	0.0	0.0	0.0	0.0	0.0	0.0	0.0	0.0074074	0.0	0.0	0.0	0.0	0.0	0.0	0.0	0.0	0.0	0.0	0.0204082	0.0169492	0.0015	0.0	0.0	0.0	0.0	0.0	0.0	0.0	0.0	0.0	0.0	0.0	0.0	0.0	0.0	0.0	0.0	0.0	0.0	0.0	
Spatule blanche	0.0	0.0	0.0	0.0	0.0	0.0	0.0	0.0	0.0	0.0	0.0	0.0	0.0015	0.0	0.0	0.0074074	0.0	0.0	0.0	0.0	0.0	0.0	0.0140845	0.0	0.0	0.0	0.0	0.0	0.0	0.0	0.0	0.0	0.0	0.0	0.0	0.03125	0.0	0.0333333	0.0	0.0	0.0	0.0	0.0	0.0	0.0	0.0	0.0	0.0	
Butor étoilé	0.0238095	0.0015	0.0	0.0	0.0	0.0681818	0.0172414	0.0015	0.0	0.0015	0.0	0.0	0.0	0.0	0.0	0.0	0.0	0.0	0.0	0.0	0.0	0.0	0.0	0.0	0.0	0.0	0.0	0.0	0.0	0.0	0.0	0.0	0.0	0.0	0.0	0.0	0.0	0.0	0.0	0.0	0.0	0.0	0.0	0.0	0.0	0.0	0.0	0.0	
Blongios nain	0.0	0.0	0.0	0.0	0.0	0.0	0.0	0.0	0.0	0.0	0.0	0.0	0.0	0.0	0.0	0.0	0.0	0.009434	0.0	0.0	0.0185185	0.02	0.028169	0.0333333	0.0149254	0.047619	0.0612245	0.0169492	0.0	0.0	0.0	0.0277778	0.0	0.0	0.0	0.0	0.0	0.0	0.0	0.0	0.0	0.0	0.0	0.0	0.0	0.0	0.0	0.0	
Bihoreau gris	0.0	0.0	0.0	0.0	0.0	0.0	0.0	0.0	0.0	0.0	0.0	0.0	0.0	0.0	0.0	0.0	0.0	0.0	0.0	0.0	0.0	0.0	0.0015	0.0	0.0	0.0	0.0	0.0	0.0	0.0	0.0	0.0	0.0	0.0	0.0	0.0	0.0	0.0	0.0	0.0	0.0	0.0	0.0	0.0	0.0	0.0	0.0	0.0	
Aigrette garzette	0.0	0.0	0.0188679	0.0	0.0208333	0.0	0.0	0.0535714	0.0344828	0.0769231	0.05	0.0901639	0.0416667	0.0588235	0.0841121	0.0666667	0.0759494	0.0471698	0.0752688	0.0390625	0.0555556	0.07	0.028169	0.0333333	0.0298507	0.0015	0.1020408	0.1355932	0.1428571	0.0740741	0.0	0.0833333	0.1860465	0.1923077	0.15	0.03125	0.0857143	0.1	0.0526316	0.0294118	0.0232558	0.05	0.0666667	0.0285714	0.0	0.0512821	0.0740741	0.0	
Crabier chevelu	0.0	0.0	0.0	0.0	0.0	0.0	0.0	0.0	0.0	0.0	0.0	0.0	0.0	0.0	0.0	0.0	0.0	0.0	0.0	0.0	0.0	0.0	0.0	0.0	0.0	0.0	0.0816327	0.0169492	0.0	0.0	0.0	0.0	0.0	0.0	0.0	0.0	0.0	0.0	0.0	0.0	0.0	0.0	0.0	0.0	0.0	0.0	0.0	0.0	
Héron garde-boeufs	0.0	0.0	0.0	0.0	0.0	0.0	0.0	0.0535714	0.0	0.0	0.0	0.0163934	0.0166667	0.0	0.0	0.0074074	0.0632911	0.009434	0.0	0.015625	0.0185185	0.0	0.0140845	0.0	0.0149254	0.0	0.0	0.0338983	0.0015	0.037037	0.0	0.0	0.0697674	0.0384615	0.025	0.0	0.0	0.0	0.0	0.0	0.0	0.0	0.0	0.0	0.0	0.0	0.037037	0.0	
Grande Aigrette	0.0952381	0.1304348	0.1132075	0.1320755	0.1041667	0.0681818	0.1034483	0.0892857	0.1206897	0.0153846	0.0875	0.0655738	0.0333333	0.0147059	0.046729	0.0296296	0.0379747	0.0283019	0.0215054	0.0390625	0.0185185	0.04	0.028169	0.0444444	0.0	0.0238095	0.1428571	0.0847458	0.0714286	0.1111111	0.25	0.0277778	0.0697674	0.0769231	0.2	0.0625	0.0571429	0.1	0.3157895	0.2058824	0.1162791	0.1	0.0666667	0.1142857	0.0930233	0.1794872	0.1481481	0.0681818	
Héron cendré	0.3095238	0.4347826	0.3396226	0.490566	0.4791667	0.4090909	0.2413793	0.4285714	0.4655172	0.3538462	0.325	0.3770492	0.2416667	0.4411765	0.2897196	0.3703704	0.4050633	0.3301887	0.3225806	0.4140625	0.4259259	0.36	0.3802817	0.3333333	0.2835821	0.4285714	0.6122449	0.559322	0.4285714	0.4814815	0.5	0.3333333	0.4418605	0.3461538	0.525	0.28125	0.3428571	0.4	0.4736842	0.5	0.2325581	0.3	0.3333333	0.2285714	0.3255814	0.2820513	0.5185185	0.3409091	
Héron pourpré	0.0	0.0	0.0	0.0	0.0	0.0	0.0	0.0	0.0	0.0	0.0	0.0	0.0	0.0	0.0	0.0	0.0	0.0283019	0.0	0.0	0.0	0.0	0.0	0.0	0.0	0.0	0.0	0.0169492	0.0015	0.0	0.0	0.0	0.0	0.0	0.0	0.0	0.0	0.0	0.0	0.0	0.0	0.0	0.0	0.0	0.0	0.0	0.0	0.0	
aigrette ou héron blanc sp.	0.0	0.0	0.0	0.0	0.0	0.0	0.0	0.0	0.0	0.0	0.0	0.0	0.0	0.0	0.0	0.0	0.0	0.0	0.0	0.0	0.0	0.0	0.0	0.0222222	0.0	0.0	0.0	0.0	0.0	0.0	0.0	0.0	0.0	0.0	0.0	0.0	0.0	0.0	0.0	0.0	0.0	0.0	0.0	0.0	0.0	0.0	0.0	0.0	
Balbuzard pêcheur	0.0	0.0	0.0	0.0	0.0	0.0	0.0	0.0	0.0	0.0	0.0125	0.0	0.0083333	0.0	0.0093458	0.0222222	0.0126582	0.0283019	0.0215054	0.046875	0.037037	0.03	0.0140845	0.0222222	0.0149254	0.0238095	0.0204082	0.0677966	0.0714286	0.0740741	0.0	0.0277778	0.0	0.0769231	0.05	0.03125	0.0	0.0	0.0	0.0294118	0.0015	0.0	0.0	0.0	0.0	0.0	0.0	0.0	
Élanion blanc	0.0	0.0	0.0	0.0	0.0	0.0	0.0	0.0	0.0	0.0	0.0	0.0	0.0	0.0	0.0	0.0	0.0	0.0	0.0	0.0	0.0	0.0	0.0	0.0	0.0	0.0	0.0	0.0	0.0	0.0	0.0	0.0	0.0	0.0384615	0.0	0.0	0.0	0.0	0.0	0.0	0.0	0.0	0.0	0.0	0.0	0.0	0.0	0.0	
Bondrée apivore	0.0	0.0	0.0	0.0	0.0	0.0	0.0	0.0	0.0	0.0	0.0	0.0	0.0	0.0	0.0	0.0074074	0.0	0.0188679	0.0107527	0.0078125	0.0185185	0.03	0.0140845	0.0111111	0.0298507	0.0238095	0.0408163	0.0508475	0.1428571	0.037037	0.0	0.0	0.0	0.0	0.0	0.0	0.0	0.0	0.0	0.0	0.0	0.0	0.0	0.0	0.0	0.0	0.0	0.0	
Vautour fauve	0.0	0.0	0.0	0.0	0.0	0.0	0.0	0.0	0.0	0.0	0.0	0.0	0.0	0.0	0.0	0.0	0.0	0.0	0.0	0.0	0.0	0.0	0.0	0.0	0.0	0.0	0.0	0.0	0.0	0.0	0.0	0.0	0.0	0.0	0.0	0.0	0.0	0.0	0.0	0.0	0.0	0.0	0.0	0.0	0.0	0.0	0.0	0.0	
Circaète Jean-le-Blanc	0.0	0.0	0.0	0.0	0.0	0.0	0.0	0.0	0.0	0.0	0.0	0.0	0.0	0.0	0.0	0.0	0.0015	0.0	0.0	0.0	0.0	0.0	0.0	0.0	0.0	0.0	0.0	0.0	0.0	0.0	0.0	0.0	0.0015	0.0	0.0	0.0	0.0	0.0	0.0	0.0	0.0	0.0	0.0	0.0	0.0	0.0	0.0	0.0	
Aigle botté	0.0	0.0	0.0	0.0	0.0	0.0	0.0	0.0	0.0	0.0	0.0	0.0	0.0	0.0	0.0	0.0	0.0015	0.0	0.0	0.0	0.0	0.0	0.0	0.0	0.0	0.0	0.0204082	0.0	0.0	0.0	0.0	0.0	0.0	0.0	0.0	0.0	0.0	0.0	0.0	0.0	0.0	0.0	0.0	0.0	0.0	0.0	0.0	0.0	
Épervier d'Europe	0.0015	0.0652174	0.0377358	0.0566038	0.0208333	0.0454545	0.0517241	0.0178571	0.0015	0.0461538	0.075	0.0409836	0.0083333	0.0015	0.0015	0.0518519	0.0506329	0.0188679	0.0107527	0.015625	0.0185185	0.05	0.0140845	0.0111111	0.0149254	0.0	0.0204082	0.0338983	0.0714286	0.037037	0.0	0.0833333	0.0232558	0.0	0.0015	0.0	0.0015	0.0015	0.1052632	0.0294118	0.0232558	0.0	0.0666667	0.0285714	0.0232558	0.1025641	0.037037	0.0454545	
Autour des palombes	0.0	0.0	0.0	0.0	0.0	0.0	0.0	0.0	0.0	0.0	0.0125	0.0	0.0083333	0.0147059	0.0	0.0015	0.0	0.0	0.0	0.0	0.0	0.0	0.0140845	0.0	0.0	0.0	0.0	0.0	0.0	0.0	0.0	0.0	0.0	0.0	0.0	0.0	0.0	0.0015	0.0	0.0	0.0	0.0	0.0	0.0	0.0	0.0	0.0	0.0	
Épervier d'Europe ou Autour des palombes	0.0	0.0	0.0	0.0	0.0	0.0	0.0	0.0	0.0	0.0	0.0	0.0	0.0083333	0.0	0.0	0.0	0.0	0.0	0.0	0.0	0.0	0.0	0.0	0.0	0.0	0.0	0.0	0.0	0.0	0.0	0.0	0.0	0.0	0.0	0.0	0.0	0.0	0.0	0.0	0.0	0.0	0.0	0.0	0.0	0.0	0.0	0.0	0.0	
Busard des roseaux	0.0	0.0	0.0	0.0	0.0	0.0	0.0	0.0	0.0172414	0.0	0.0125	0.0163934	0.025	0.0	0.0093458	0.0222222	0.0	0.0015	0.0	0.0078125	0.0015	0.0	0.0	0.0	0.0	0.0	0.0	0.0	0.0	0.0	0.0	0.0	0.0465116	0.0	0.0	0.0015	0.0	0.0	0.0	0.0	0.0	0.0	0.0	0.0	0.0	0.0	0.0	0.0	
Busard Saint-Martin	0.0	0.0434783	0.0015	0.0188679	0.0015	0.0015	0.0172414	0.0178571	0.0015	0.0015	0.0125	0.0081967	0.0583333	0.0147059	0.0186916	0.0074074	0.0	0.009434	0.0107527	0.0078125	0.0015	0.01	0.0	0.0111111	0.0	0.0	0.0015	0.0	0.0	0.0	0.0	0.0	0.0465116	0.0	0.0	0.0	0.0	0.0	0.0	0.0294118	0.0	0.0	0.0	0.0	0.0232558	0.0	0.0	0.0	
Busard pâle	0.0	0.0	0.0	0.0	0.0	0.0	0.0	0.0	0.0	0.0	0.0	0.0	0.0083333	0.0015	0.0	0.0	0.0	0.0	0.0	0.0	0.0	0.0	0.0	0.0	0.0	0.0	0.0	0.0	0.0	0.0	0.0	0.0	0.0	0.0	0.0	0.0	0.0	0.0	0.0	0.0	0.0	0.0	0.0	0.0	0.0	0.0	0.0	0.0	
Busard cendré	0.0	0.0	0.0	0.0	0.0	0.0	0.0	0.0	0.0	0.0	0.0	0.0	0.0	0.0	0.0	0.0074074	0.0	0.0	0.0	0.0	0.0	0.0	0.0	0.0	0.0	0.0	0.0	0.0	0.0	0.037037	0.0	0.0	0.0232558	0.0	0.0	0.0	0.0	0.0	0.0	0.0	0.0	0.0	0.0	0.0	0.0	0.0	0.0	0.0	
Milan royal	0.0	0.0	0.0	0.0	0.0	0.0	0.0	0.0	0.0	0.0	0.0	0.0	0.0	0.0	0.0	0.0074074	0.0	0.0	0.0015	0.0	0.0	0.0	0.0	0.0	0.0	0.0	0.0	0.0	0.0	0.0	0.0	0.0	0.0	0.0	0.0	0.0	0.0	0.0	0.0	0.0	0.0	0.0	0.0	0.0	0.0	0.0	0.0	0.0	
Milan noir	0.0	0.0	0.0	0.0	0.0	0.0	0.0	0.0	0.0	0.0	0.0125	0.0327869	0.0666667	0.0147059	0.0747664	0.0962963	0.1265823	0.0471698	0.0752688	0.0625	0.0925926	0.1	0.0704225	0.0666667	0.1044776	0.0	0.0408163	0.1694915	0.0714286	0.1111111	0.0	0.0	0.0232558	0.0	0.0	0.0	0.0	0.0	0.0	0.0	0.0	0.0	0.0	0.0	0.0	0.0	0.0	0.0	
Buse variable	0.0952381	0.1304348	0.2075472	0.0566038	0.125	0.1590909	0.2586207	0.2678571	0.0689655	0.1384615	0.2125	0.204918	0.1833333	0.2205882	0.1588785	0.1407407	0.2278481	0.0943396	0.0860215	0.1875	0.1296296	0.18	0.1126761	0.1222222	0.1492537	0.1428571	0.1632653	0.1355932	0.2857143	0.1111111	0.0015	0.1111111	0.1627907	0.2307692	0.05	0.0625	0.0857143	0.2666667	0.2105263	0.1470588	0.0930233	0.1	0.2	0.0857143	0.1162791	0.025641	0.1851852	0.0681818	
rapace sp.	0.0	0.0	0.0	0.0	0.0	0.0	0.0	0.0	0.0	0.0	0.0	0.0	0.0	0.0	0.0	0.0	0.0	0.009434	0.0	0.0	0.0	0.01	0.0	0.0	0.0	0.0	0.0	0.0	0.0	0.0	0.0	0.0	0.0	0.0	0.0	0.0	0.0	0.0	0.0	0.0	0.0	0.0	0.0	0.0	0.0	0.0	0.0	0.0	
Effraie des clochers	0.0015	0.0015	0.0	0.0015	0.0	0.0015	0.0	0.0015	0.0	0.0	0.0	0.0015	0.0	0.0	0.0	0.0	0.0	0.0015	0.0	0.0	0.0	0.0	0.0	0.0	0.0	0.0238095	0.0	0.0	0.0	0.0	0.0	0.0	0.0	0.0	0.0	0.0015	0.0	0.0	0.0	0.0	0.0	0.0	0.0	0.0015	0.0	0.0	0.0	0.0	
Petit-duc scops	0.0	0.0	0.0	0.0	0.0	0.0	0.0	0.0	0.0	0.0	0.0	0.0	0.0	0.0	0.0	0.0	0.0	0.0	0.0	0.0078125	0.0	0.01	0.0	0.0	0.0	0.0	0.0	0.0	0.0	0.0	0.0	0.0	0.0	0.0	0.0	0.0	0.0	0.0	0.0	0.0	0.0	0.0	0.0	0.0	0.0	0.0	0.0	0.0	
Chevêche d'Athéna	0.0	0.0	0.0	0.0	0.0	0.0	0.0	0.0	0.0	0.0	0.0	0.0	0.0166667	0.0	0.0093458	0.0	0.0	0.0	0.0015	0.0	0.0	0.0	0.0	0.0	0.0149254	0.0238095	0.0	0.0	0.0	0.0	0.0	0.0	0.0	0.0	0.0	0.0	0.0	0.0	0.0	0.0	0.0	0.0	0.0	0.0	0.0	0.0	0.037037	0.0	
Chouette hulotte	0.047619	0.0652174	0.0377358	0.0188679	0.0625	0.0227273	0.0	0.0	0.0015	0.0	0.0125	0.0327869	0.0333333	0.0015	0.0186916	0.0222222	0.0379747	0.0471698	0.0107527	0.046875	0.0185185	0.03	0.0422535	0.0015	0.0149254	0.0238095	0.0	0.0	0.0015	0.0	0.125	0.0277778	0.0015	0.0	0.0	0.0015	0.0015	0.0666667	0.0015	0.0588235	0.0465116	0.05	0.0333333	0.0	0.0232558	0.025641	0.037037	0.0227273	
Hibou moyen-duc	0.0015	0.0	0.0	0.0	0.0	0.0	0.0	0.0	0.0015	0.0	0.0	0.0	0.0166667	0.0147059	0.0	0.0	0.0	0.009434	0.0	0.03125	0.0	0.03	0.0422535	0.0111111	0.0	0.0238095	0.0	0.0	0.0	0.0	0.0	0.0	0.0	0.0	0.0	0.0	0.0	0.0	0.0	0.0	0.0	0.0	0.0	0.0	0.0	0.0	0.0	0.0015	
Hibou des marais	0.0	0.0	0.0	0.0	0.0	0.0	0.0	0.0	0.0	0.0	0.0	0.0	0.0083333	0.0	0.0	0.0	0.0	0.0	0.0	0.0	0.0	0.0	0.0	0.0	0.0	0.0	0.0	0.0	0.0	0.0	0.0	0.0	0.0	0.0	0.0	0.0	0.0	0.0	0.0	0.0	0.0	0.0	0.0	0.0	0.0	0.0	0.0	0.0	
Huppe fasciée	0.0	0.0	0.0	0.0	0.0	0.0	0.0	0.0	0.0	0.0	0.0	0.0	0.0	0.0	0.0	0.0	0.0126582	0.0	0.0	0.0	0.0	0.01	0.0	0.0111111	0.0149254	0.047619	0.0	0.0	0.0	0.0	0.0	0.0	0.0	0.0	0.0	0.0	0.0	0.0	0.0	0.0	0.0	0.0	0.0	0.0	0.0	0.0	0.0	0.0	
Guêpier d'Europe	0.0	0.0	0.0	0.0	0.0	0.0	0.0	0.0	0.0	0.0	0.0	0.0	0.0	0.0	0.0	0.0	0.0	0.009434	0.0	0.015625	0.0185185	0.01	0.0015	0.0222222	0.0015	0.047619	0.0204082	0.0	0.0	0.0	0.0	0.0	0.0	0.0	0.0	0.0	0.0	0.0	0.0	0.0	0.0	0.0	0.0	0.0	0.0	0.0	0.0	0.0	
Martin-pêcheur d'Europe	0.047619	0.173913	0.1698113	0.1320755	0.0833333	0.0454545	0.1206897	0.1428571	0.137931	0.0769231	0.05	0.1229508	0.0416667	0.0588235	0.0654206	0.0222222	0.0759494	0.009434	0.1182796	0.09375	0.0555556	0.11	0.084507	0.0888889	0.0597015	0.1428571	0.3673469	0.3050847	0.0714286	0.1481481	0.125	0.0833333	0.2093023	0.1923077	0.25	0.09375	0.2285714	0.2666667	0.3157895	0.3529412	0.1395349	0.1	0.1666667	0.1428571	0.1860465	0.1025641	0.1481481	0.0909091	
Pic mar	0.0238095	0.0217391	0.0754717	0.0377358	0.0625	0.0227273	0.0862069	0.0535714	0.0517241	0.0615385	0.0625	0.0327869	0.0583333	0.0441176	0.0186916	0.0148148	0.0253165	0.009434	0.0322581	0.046875	0.0925926	0.07	0.084507	0.1	0.0895522	0.1190476	0.0204082	0.0508475	0.0714286	0.0	0.0	0.0555556	0.0	0.0384615	0.05	0.03125	0.0285714	0.1333333	0.1052632	0.0882353	0.0697674	0.1	0.0666667	0.0015	0.0465116	0.025641	0.2222222	0.0	
Pic épeiche	0.3571429	0.1521739	0.3207547	0.3962264	0.2708333	0.25	0.2931034	0.375	0.3448276	0.3384615	0.2625	0.2131148	0.2083333	0.2058824	0.2242991	0.1925926	0.2278481	0.1981132	0.3010753	0.3046875	0.1296296	0.23	0.3098592	0.2666667	0.3134328	0.1904762	0.2244898	0.2711864	0.4285714	0.1851852	0.0	0.3333333	0.2325581	0.3461538	0.275	0.25	0.2285714	0.4666667	0.2631579	0.3823529	0.2093023	0.25	0.3666667	0.1714286	0.4418605	0.2051282	0.6296296	0.2045455	
Dendrocopos sp.	0.0	0.0	0.0	0.0	0.0	0.0	0.0	0.0	0.0	0.0	0.0	0.0	0.0	0.0	0.0	0.0	0.0	0.0	0.0	0.0	0.0	0.0	0.0	0.0	0.0	0.0	0.0	0.0	0.0	0.037037	0.0	0.0277778	0.0	0.0	0.0	0.0	0.0	0.0	0.0	0.0	0.0	0.0	0.0	0.0	0.0	0.0	0.0	0.0	
Pic épeichette	0.047619	0.0217391	0.0566038	0.0	0.0416667	0.0	0.0344828	0.0535714	0.0344828	0.0461538	0.0625	0.0163934	0.0333333	0.0	0.0373832	0.0518519	0.0253165	0.0188679	0.0215054	0.03125	0.0185185	0.03	0.028169	0.0333333	0.0149254	0.0238095	0.0204082	0.0508475	0.0	0.037037	0.0	0.0277778	0.0232558	0.0015	0.025	0.03125	0.0285714	0.0	0.0526316	0.0294118	0.0232558	0.0	0.0333333	0.0015	0.0465116	0.025641	0.0	0.0227273	
Pic vert	0.2380952	0.173913	0.1698113	0.2075472	0.2708333	0.2954545	0.3103448	0.5	0.4137931	0.4769231	0.325	0.4016393	0.3416667	0.3970588	0.4205607	0.3259259	0.2151899	0.2358491	0.2580645	0.203125	0.1296296	0.2	0.2535211	0.3555556	0.2238806	0.3809524	0.4285714	0.2881356	0.4285714	0.3333333	0.125	0.5277778	0.3023256	0.3846154	0.325	0.375	0.2285714	0.6	0.3684211	0.4117647	0.2325581	0.25	0.3333333	0.1142857	0.2093023	0.2307692	0.3703704	0.1590909	
Pic noir	0.047619	0.0	0.0754717	0.0	0.0416667	0.0015	0.0172414	0.0178571	0.0344828	0.0307692	0.025	0.0163934	0.025	0.0294118	0.0093458	0.0296296	0.0632911	0.0471698	0.0	0.03125	0.0185185	0.02	0.0422535	0.0	0.0298507	0.0	0.0	0.0	0.0	0.0	0.0015	0.0	0.0	0.0015	0.0	0.03125	0.0015	0.0015	0.0015	0.0588235	0.0465116	0.05	0.0666667	0.0015	0.0232558	0.0	0.037037	0.0	
Faucon crécerelle	0.0714286	0.1086957	0.1886792	0.1698113	0.1666667	0.1590909	0.1206897	0.2142857	0.1896552	0.1692308	0.175	0.204918	0.2083333	0.3235294	0.1588785	0.1555556	0.1518987	0.1226415	0.1182796	0.21875	0.1851852	0.22	0.1408451	0.2555556	0.1641791	0.2619048	0.2040816	0.1525424	0.1428571	0.1481481	0.0015	0.2777778	0.1860465	0.2692308	0.175	0.15625	0.1714286	0.2666667	0.1578947	0.2058824	0.0930233	0.15	0.1666667	0.0857143	0.1162791	0.2820513	0.1851852	0.1818182	
Faucon émerillon	0.0	0.0	0.0	0.0	0.0	0.0	0.0	0.0	0.0	0.0	0.0125	0.0	0.0	0.0015	0.0	0.0	0.0	0.0	0.0	0.0	0.0	0.0	0.0	0.0	0.0	0.0	0.0	0.0	0.0	0.0	0.0	0.0	0.0	0.0	0.0	0.0	0.0	0.0	0.0	0.0	0.0	0.0	0.0	0.0015	0.0	0.0	0.0	0.0	
Faucon hobereau	0.0	0.0	0.0	0.0	0.0	0.0	0.0	0.0	0.0	0.0	0.0	0.0	0.0083333	0.0	0.0373832	0.0296296	0.0886076	0.0471698	0.0215054	0.0390625	0.0185185	0.02	0.028169	0.0015	0.0298507	0.047619	0.0612245	0.0847458	0.2142857	0.0015	0.0	0.0277778	0.0	0.0	0.05	0.0	0.0	0.0015	0.0	0.0	0.0	0.0	0.0	0.0	0.0	0.0	0.0	0.0	
Faucon pèlerin	0.0	0.0	0.0015	0.0	0.0	0.0	0.0	0.0	0.0	0.0	0.0	0.0	0.0	0.0147059	0.0	0.0	0.0	0.0	0.0	0.0	0.0	0.01	0.0	0.0	0.0	0.0015	0.0	0.0	0.0015	0.0	0.0	0.0	0.0	0.0	0.0	0.0	0.0	0.0	0.0	0.0	0.0	0.0	0.0015	0.0015	0.0	0.0	0.0	0.0	
rapace diurne sp.	0.0	0.0	0.0	0.0	0.0	0.0	0.0	0.0	0.0	0.0	0.0	0.0	0.0	0.0147059	0.0	0.0	0.0	0.0	0.0	0.0	0.0	0.0	0.0	0.0111111	0.0	0.0	0.0	0.0	0.0	0.0	0.0	0.0	0.0	0.0	0.0	0.0	0.0	0.0	0.0526316	0.0	0.0	0.0	0.0	0.0	0.0	0.0	0.0	0.0	
Calopsitte élégante	0.0	0.0	0.0	0.0	0.0	0.0	0.0	0.0	0.0	0.0	0.0	0.0	0.0	0.0	0.0	0.0	0.0	0.0	0.0	0.0	0.0	0.0	0.0015	0.0	0.0	0.0	0.0	0.0	0.0	0.0	0.0	0.0	0.0	0.0	0.0	0.0	0.0	0.0	0.0	0.0	0.0	0.0	0.0	0.0	0.0	0.0	0.0	0.0	
Perruche alexandre	0.0	0.0	0.0	0.0	0.0208333	0.0	0.0	0.0	0.0	0.0	0.0	0.0	0.0	0.0294118	0.0	0.0074074	0.0	0.0	0.0	0.0	0.0	0.0	0.0	0.0	0.0	0.0238095	0.0	0.0	0.0	0.0	0.0	0.0277778	0.0	0.0	0.0	0.0	0.0	0.0	0.0	0.0294118	0.0	0.0	0.0	0.0	0.0232558	0.0	0.0	0.0227273	
Perruche à collier	0.3809524	0.326087	0.3018868	0.5660377	0.5	0.5227273	0.6034483	0.3928571	0.5862069	0.6615385	0.4125	0.5491803	0.325	0.6029412	0.5046729	0.4148148	0.3164557	0.4245283	0.5053763	0.4296875	0.5	0.37	0.3943662	0.4666667	0.4029851	0.3095238	0.4285714	0.3050847	0.2857143	0.4444444	0.5	0.5555556	0.2790698	0.5	0.475	0.53125	0.5142857	0.6333333	0.4210526	0.4411765	0.3953488	0.3	0.6	0.6571429	0.3023256	0.2820513	0.6296296	0.5	
Perroquet youyou	0.0	0.0	0.0015	0.0	0.0	0.0	0.0015	0.0	0.0	0.0	0.0	0.0	0.0	0.0	0.0	0.0	0.0	0.0	0.0	0.0	0.0	0.0	0.0	0.0	0.0	0.0	0.0	0.0	0.0	0.0	0.0	0.0	0.0	0.0	0.0	0.0	0.0	0.0	0.0	0.0	0.0	0.0	0.0	0.0	0.0	0.0	0.0	0.0	
Perriche veuve	0.0	0.0	0.0	0.0	0.0	0.0	0.0	0.0	0.0	0.0	0.0	0.0	0.0	0.0	0.0	0.0	0.0	0.0	0.0	0.0	0.0	0.0	0.0	0.0	0.0	0.0	0.0	0.0	0.0	0.0	0.0	0.0	0.0	0.0	0.0	0.0	0.0	0.0	0.0	0.0	0.0	0.0	0.0	0.0	0.0	0.025641	0.0	0.0	
Loriot d'Europe	0.0	0.0	0.0	0.0	0.0	0.0	0.0	0.0	0.0	0.0	0.0	0.0	0.0	0.0	0.0093458	0.0518519	0.1265823	0.0849057	0.0645161	0.1015625	0.0555556	0.04	0.084507	0.0555556	0.1492537	0.0714286	0.0204082	0.0677966	0.1428571	0.0	0.0	0.0	0.0	0.0	0.0	0.0	0.0	0.0	0.0	0.0	0.0	0.0	0.0	0.0	0.0	0.0	0.0	0.0	
Pie-grièche écorcheur	0.0	0.0	0.0	0.0	0.0	0.0	0.0	0.0	0.0	0.0	0.0	0.0	0.0	0.0	0.0	0.0	0.0	0.0	0.0215054	0.015625	0.0	0.01	0.0	0.0111111	0.0149254	0.0	0.0	0.0	0.0	0.0	0.0	0.0	0.0	0.0	0.0	0.0	0.0	0.0	0.0	0.0	0.0	0.0	0.0	0.0	0.0	0.0	0.0	0.0	
Geai des chênes	0.2380952	0.326087	0.2830189	0.3018868	0.25	0.1818182	0.2068966	0.1964286	0.362069	0.2	0.325	0.2131148	0.1333333	0.2794118	0.1775701	0.2074074	0.164557	0.2358491	0.172043	0.1875	0.1111111	0.12	0.2112676	0.1666667	0.0597015	0.0952381	0.2244898	0.1355932	0.2142857	0.0740741	0.125	0.3055556	0.0697674	0.3846154	0.275	0.34375	0.3714286	0.5666667	0.2631579	0.5294118	0.2325581	0.3	0.4333333	0.1714286	0.2790698	0.3846154	0.2962963	0.3409091	
Pie bavarde	0.6428571	0.5869565	0.5660377	0.754717	0.6041667	0.8181818	0.862069	0.6607143	0.7068966	0.7538462	0.6375	0.7131148	0.4833333	0.75	0.5981308	0.6222222	0.6329114	0.5471698	0.6021505	0.609375	0.7222222	0.56	0.5070423	0.6222222	0.4626866	0.3333333	0.5918367	0.4745763	0.2857143	0.5555556	0.625	0.7777778	0.4651163	0.8076923	0.675	0.71875	0.8	0.8	0.6315789	0.6764706	0.6744186	0.7	0.6333333	0.6571429	0.4883721	0.4871795	0.8518519	0.7272727	
Choucas des tours	0.1190476	0.173913	0.0566038	0.1320755	0.125	0.0681818	0.137931	0.0892857	0.1034483	0.1692308	0.1625	0.147541	0.1166667	0.1029412	0.1682243	0.162963	0.0886076	0.0849057	0.1612903	0.1484375	0.2222222	0.15	0.1267606	0.0666667	0.0746269	0.0714286	0.0408163	0.0338983	0.0015	0.0740741	0.25	0.1388889	0.0697674	0.1538462	0.075	0.1875	0.0857143	0.1666667	0.1578947	0.1176471	0.0697674	0.05	0.1666667	0.1142857	0.0015	0.0512821	0.1851852	0.1136364	
Corbeau freux	0.047619	0.0652174	0.0015	0.0943396	0.0625	0.0681818	0.0344828	0.1071429	0.0344828	0.0307692	0.0625	0.0655738	0.05	0.0735294	0.046729	0.1037037	0.0632911	0.0188679	0.0430108	0.0546875	0.0555556	0.03	0.0704225	0.0222222	0.0015	0.0238095	0.0612245	0.0338983	0.0015	0.1111111	0.0	0.0277778	0.0697674	0.0384615	0.025	0.09375	0.0285714	0.0333333	0.0	0.0	0.0465116	0.0	0.0	0.0285714	0.2093023	0.0512821	0.2222222	0.0015	
Corneille noire	0.6428571	0.5434783	0.6981132	0.8301887	0.75	0.7272727	0.7586207	0.625	0.7241379	0.7076923	0.775	0.795082	0.6916667	0.8235294	0.6635514	0.6814815	0.7468354	0.6320755	0.7096774	0.6875	0.7407407	0.61	0.6197183	0.6888889	0.5522388	0.6428571	0.6938776	0.7288136	0.5	0.5925926	0.625	0.6666667	0.5581395	0.7692308	0.675	0.53125	0.8	0.8333333	0.7894737	0.8235294	0.6511628	0.8	0.8	0.8571429	0.627907	0.7179487	0.8888889	0.75	
corneille sp.	0.0	0.0	0.0015	0.0	0.0	0.0	0.0	0.0	0.0	0.0	0.0	0.0	0.0	0.0	0.0	0.0	0.0	0.0	0.0	0.0	0.0	0.0	0.0	0.0	0.0	0.0	0.0	0.0	0.0	0.0	0.0	0.0	0.0	0.0	0.0	0.0	0.0	0.0	0.0	0.0	0.0	0.0	0.0	0.0	0.0	0.0	0.0	0.0	
Mésange noire	0.0	0.0869565	0.0	0.0377358	0.0208333	0.0015	0.0517241	0.0357143	0.0344828	0.0307692	0.0125	0.0245902	0.0083333	0.0147059	0.0186916	0.0296296	0.0253165	0.0188679	0.0107527	0.0234375	0.037037	0.0015	0.028169	0.0222222	0.0149254	0.0238095	0.0204082	0.0	0.0	0.0	0.0	0.0	0.0	0.0	0.0	0.0	0.0	0.0333333	0.0526316	0.0	0.0015	0.05	0.0015	0.0	0.0	0.0	0.0	0.0227273	
Mésange huppée	0.0952381	0.0652174	0.0754717	0.0377358	0.0833333	0.0454545	0.0689655	0.0714286	0.0517241	0.0461538	0.0125	0.0655738	0.075	0.0588235	0.0093458	0.0814815	0.0506329	0.0660377	0.0215054	0.0859375	0.1111111	0.09	0.084507	0.0555556	0.0447761	0.0714286	0.0612245	0.0169492	0.0714286	0.037037	0.0015	0.0555556	0.0232558	0.0384615	0.0015	0.125	0.0285714	0.0666667	0.1052632	0.0882353	0.0465116	0.05	0.1333333	0.1142857	0.255814	0.1794872	0.1111111	0.1818182	
Mésange nonnette	0.1666667	0.1521739	0.2830189	0.1320755	0.1458333	0.0909091	0.137931	0.1071429	0.1034483	0.1076923	0.1125	0.0819672	0.0416667	0.1029412	0.0841121	0.1037037	0.0886076	0.0943396	0.0860215	0.09375	0.0925926	0.06	0.084507	0.0222222	0.0597015	0.0952381	0.0204082	0.0677966	0.1428571	0.037037	0.0	0.0	0.0232558	0.1538462	0.075	0.0625	0.1142857	0.1333333	0.1578947	0.2058824	0.0465116	0.1	0.1666667	0.0857143	0.1627907	0.1025641	0.2592593	0.0681818	
Mésange bleue	0.5952381	0.5217391	0.6415094	0.6981132	0.6666667	0.7045455	0.7758621	0.7142857	0.7241379	0.7846154	0.65	0.7459016	0.5666667	0.8088235	0.5420561	0.5777778	0.5063291	0.5377358	0.5913978	0.59375	0.5	0.47	0.4929577	0.5	0.4179104	0.3333333	0.4897959	0.3898305	0.2142857	0.3333333	0.125	0.6388889	0.2790698	0.5769231	0.575	0.625	0.5714286	0.8	0.4736842	0.6470588	0.3488372	0.5	0.8	0.7714286	0.6744186	0.7435897	0.7407407	0.5909091	
Mésange charbonnière	0.547619	0.5217391	0.6037736	0.6415094	0.6666667	0.6818182	0.7241379	0.7142857	0.7413793	0.7384615	0.675	0.6967213	0.5583333	0.8382353	0.635514	0.6148148	0.6455696	0.6509434	0.5698925	0.53125	0.4259259	0.45	0.3943662	0.3777778	0.3731343	0.3571429	0.4897959	0.3050847	0.2857143	0.3333333	0.25	0.5277778	0.3255814	0.5769231	0.55	0.65625	0.6	0.8333333	0.5263158	0.6470588	0.5348837	0.5	0.6333333	0.7428571	0.6744186	0.6923077	0.7407407	0.7045455	
Rémiz penduline	0.0	0.0	0.0	0.0	0.0	0.0	0.0	0.0	0.0	0.0	0.0	0.0	0.0	0.0	0.0	0.0	0.0	0.0	0.0	0.0	0.0	0.0	0.0	0.0	0.0	0.0	0.0	0.0	0.0	0.0	0.0	0.0	0.0	0.0	0.0	0.0	0.0	0.0	0.1052632	0.0	0.0	0.0	0.0	0.0	0.0	0.0	0.0	0.0	
Alouette lulu	0.0	0.0	0.0	0.0	0.0	0.0	0.0	0.0	0.0	0.0	0.0	0.0	0.0	0.0	0.0	0.0	0.0	0.0283019	0.0	0.0	0.0	0.01	0.0	0.0111111	0.0	0.0	0.0	0.0	0.0	0.0	0.0	0.0	0.0	0.0	0.0	0.0	0.0015	0.0015	0.0015	0.0	0.0	0.0	0.0	0.0	0.0	0.0	0.0	0.0	
Alouette des champs	0.0	0.0434783	0.0015	0.0188679	0.0208333	0.0227273	0.0862069	0.0357143	0.0517241	0.0153846	0.1125	0.0983607	0.1083333	0.1470588	0.0841121	0.0962963	0.1012658	0.0471698	0.1290323	0.109375	0.037037	0.09	0.0422535	0.0777778	0.0746269	0.047619	0.0408163	0.0169492	0.0	0.0	0.0	0.0277778	0.0	0.0	0.0	0.0	0.0285714	0.0	0.0526316	0.1470588	0.0697674	0.1	0.0666667	0.0015	0.0232558	0.0512821	0.0	0.0	
Cochevis huppé	0.0	0.0	0.0015	0.0	0.0	0.0	0.0	0.0	0.0	0.0	0.0	0.0	0.0	0.0	0.0	0.0	0.0	0.0	0.0	0.0	0.0	0.0	0.0	0.0	0.0	0.0	0.0	0.0	0.0	0.0	0.0	0.0	0.0	0.0	0.0	0.0	0.0	0.0	0.0	0.0	0.0	0.0	0.0	0.0	0.0	0.0	0.0	0.0	
Panure à moustaches	0.0	0.0	0.0015	0.0	0.0	0.0	0.0	0.0	0.0	0.0	0.0	0.0	0.0	0.0	0.0	0.0	0.0	0.0	0.0	0.0	0.0	0.0	0.0	0.0	0.0	0.0	0.0	0.0	0.0	0.0	0.0	0.0	0.0	0.0	0.0	0.0	0.0	0.0	0.0	0.0	0.0	0.0	0.0	0.0	0.0	0.0	0.0	0.0	
Cisticole des joncs	0.0714286	0.0434783	0.0015	0.0377358	0.0	0.0	0.0172414	0.0	0.0	0.0	0.0	0.0163934	0.0	0.0147059	0.046729	0.037037	0.0253165	0.0188679	0.0215054	0.03125	0.0555556	0.09	0.0422535	0.0555556	0.0746269	0.0238095	0.0408163	0.0847458	0.0015	0.0015	0.0	0.0555556	0.0232558	0.0384615	0.0	0.0	0.0	0.0	0.0	0.0	0.0	0.0	0.0333333	0.0	0.0	0.0	0.0	0.0	
Hypolaïs polyglotte	0.0	0.0	0.0	0.0	0.0	0.0	0.0	0.0	0.0	0.0	0.0	0.0	0.0	0.0	0.0093458	0.0222222	0.0632911	0.1226415	0.0860215	0.1484375	0.2037037	0.12	0.1126761	0.1111111	0.119403	0.0952381	0.0	0.0338983	0.0714286	0.0015	0.0	0.0	0.0	0.0	0.0	0.0	0.0	0.0	0.0	0.0	0.0	0.0	0.0	0.0	0.0	0.0	0.0	0.0	
Phragmite des joncs	0.0	0.0	0.0	0.0	0.0	0.0	0.0	0.0	0.0	0.0	0.0	0.0245902	0.025	0.0294118	0.0560748	0.0296296	0.0632911	0.0754717	0.0322581	0.0390625	0.0925926	0.09	0.028169	0.0222222	0.0149254	0.047619	0.0	0.0169492	0.0714286	0.0015	0.0	0.0	0.0232558	0.0	0.0	0.0	0.0	0.0	0.0	0.0	0.0	0.0	0.0	0.0	0.0	0.0	0.0	0.0	
Rousserolle verderolle	0.0	0.0	0.0	0.0	0.0	0.0	0.0	0.0	0.0	0.0	0.0	0.0	0.0	0.0	0.0	0.0	0.0	0.009434	0.0215054	0.0703125	0.1296296	0.1	0.0704225	0.0333333	0.0298507	0.0238095	0.0	0.0169492	0.0714286	0.0	0.0	0.0	0.0	0.0	0.0	0.0	0.0	0.0	0.0	0.0	0.0	0.0	0.0	0.0	0.0	0.0	0.0	0.0	
Rousserolle effarvatte	0.0	0.0	0.0	0.0	0.0	0.0	0.0	0.0	0.0	0.0	0.0	0.0	0.0	0.0015	0.0093458	0.037037	0.1265823	0.1886792	0.1827957	0.171875	0.2037037	0.18	0.1549296	0.1555556	0.1791045	0.0714286	0.1428571	0.0677966	0.0714286	0.0	0.125	0.0	0.0465116	0.0	0.0	0.03125	0.0	0.0	0.0	0.0	0.0	0.0	0.0	0.0	0.0	0.0	0.0	0.0	
Rousserolle verderolle ou R. effarvatte	0.0	0.0	0.0	0.0	0.0	0.0	0.0	0.0	0.0	0.0	0.0	0.0	0.0	0.0	0.0	0.0	0.0	0.0	0.0	0.0	0.0	0.0	0.0	0.0111111	0.0	0.0	0.0	0.0	0.0	0.0	0.0	0.0	0.0	0.0	0.0	0.0	0.0	0.0	0.0	0.0	0.0	0.0	0.0	0.0	0.0	0.0	0.0	0.0	
Rousserolle turdoïde	0.0	0.0	0.0	0.0	0.0	0.0	0.0	0.0	0.0	0.0	0.0	0.0	0.0	0.0	0.0	0.0	0.0	0.0	0.0	0.0	0.0	0.0	0.0422535	0.0	0.0	0.0	0.0204082	0.0	0.0	0.0	0.0	0.0	0.0	0.0	0.0	0.0	0.0	0.0	0.0	0.0	0.0	0.0	0.0	0.0	0.0	0.0	0.0	0.0	
Acrocephalus sp.	0.0	0.0	0.0	0.0	0.0	0.0	0.0	0.0	0.0	0.0	0.0	0.0	0.0	0.0	0.0	0.0	0.0	0.0	0.0	0.0	0.0	0.0	0.0	0.0	0.0149254	0.0	0.0204082	0.0	0.0	0.0	0.0	0.0	0.0	0.0	0.0	0.0	0.0	0.0	0.0	0.0	0.0	0.0	0.0	0.0	0.0	0.0	0.0	0.0	
Locustelle luscinioïde	0.0	0.0	0.0	0.0	0.0	0.0	0.0	0.0	0.0	0.0	0.0	0.0	0.0	0.0	0.0015	0.0	0.0	0.0	0.0	0.03125	0.0740741	0.04	0.0140845	0.0015	0.0	0.0	0.0	0.0015	0.0	0.0	0.0	0.0	0.0	0.0	0.0	0.0	0.0	0.0	0.0	0.0	0.0	0.0	0.0	0.0	0.0	0.0	0.0	0.0	
Locustelle tachetée	0.0	0.0	0.0	0.0	0.0	0.0	0.0	0.0	0.0	0.0	0.0	0.0	0.0	0.0015	0.046729	0.0592593	0.0632911	0.0377358	0.0215054	0.078125	0.0555556	0.06	0.028169	0.0444444	0.0149254	0.0238095	0.0204082	0.0015	0.0714286	0.0	0.0	0.0	0.0	0.0	0.0	0.0	0.0	0.0	0.0	0.0	0.0	0.0	0.0	0.0	0.0	0.0	0.0	0.0	
locustelle sp.	0.0	0.0	0.0	0.0	0.0	0.0	0.0	0.0	0.0	0.0	0.0	0.0	0.0	0.0	0.0	0.0	0.0	0.0	0.0	0.0	0.0	0.0	0.0	0.0	0.0	0.0	0.0	0.0169492	0.0	0.0	0.0	0.0	0.0	0.0	0.0	0.0	0.0	0.0	0.0	0.0	0.0	0.0	0.0	0.0	0.0	0.0	0.0	0.0	
Hirondelle de rivage	0.0	0.0	0.0	0.0	0.0	0.0	0.0	0.0	0.0172414	0.0	0.0	0.0	0.0166667	0.0147059	0.0093458	0.0444444	0.0253165	0.0188679	0.0	0.0234375	0.0185185	0.01	0.0140845	0.0015	0.0015	0.0	0.0	0.0	0.0	0.0	0.0	0.0	0.0	0.0	0.0	0.0	0.0	0.0	0.0	0.0	0.0	0.0	0.0	0.0	0.0	0.0	0.0	0.0	
Hirondelle rustique	0.0	0.0	0.0	0.0	0.0	0.0	0.0	0.0	0.0	0.0	0.0125	0.0819672	0.15	0.1617647	0.1775701	0.2222222	0.2658228	0.1886792	0.1827957	0.1875	0.1111111	0.2	0.1126761	0.1888889	0.2238806	0.1904762	0.2244898	0.1694915	0.2142857	0.0740741	0.0015	0.1388889	0.2325581	0.1153846	0.025	0.0625	0.0	0.0	0.0	0.0	0.0	0.0	0.0	0.0285714	0.0	0.0	0.0	0.0	
Hirondelle de fenêtre	0.0	0.0	0.0	0.0	0.0	0.0	0.0	0.0	0.0	0.0	0.0	0.0081967	0.0416667	0.1029412	0.0373832	0.0296296	0.1012658	0.1320755	0.0752688	0.078125	0.1481481	0.1	0.056338	0.1333333	0.1343284	0.0238095	0.1836735	0.1525424	0.2857143	0.037037	0.125	0.1388889	0.2093023	0.1153846	0.025	0.0	0.0	0.0	0.0	0.0	0.0	0.0	0.0	0.0	0.0	0.0	0.0	0.0	
hirondelle sp.	0.0	0.0	0.0	0.0	0.0	0.0	0.0	0.0	0.0	0.0	0.0	0.0	0.0166667	0.0	0.0	0.0	0.0	0.0	0.0	0.0	0.0	0.0	0.0	0.0111111	0.0	0.0	0.0	0.0	0.0	0.0	0.0	0.0	0.0	0.0	0.0	0.0	0.0015	0.0	0.0	0.0	0.0	0.0	0.0	0.0	0.0	0.0	0.0	0.0	
Pouillot siffleur	0.0	0.0	0.0	0.0	0.0	0.0	0.0	0.0	0.0	0.0	0.0	0.0	0.0	0.0	0.0	0.0444444	0.0253165	0.0377358	0.0	0.0390625	0.0	0.02	0.0	0.0111111	0.0149254	0.0	0.0	0.0	0.0	0.0	0.0	0.0	0.0	0.0	0.0	0.0	0.0	0.0	0.0	0.0	0.0	0.0	0.0	0.0	0.0	0.0	0.0	0.0	
Pouillot de Bonelli	0.0	0.0	0.0	0.0	0.0	0.0	0.0	0.0	0.0	0.0	0.0	0.0	0.0	0.0294118	0.0280374	0.037037	0.0506329	0.0377358	0.0015	0.0390625	0.0	0.02	0.0	0.0	0.0149254	0.0238095	0.0	0.0	0.0	0.0	0.0	0.0	0.0	0.0	0.0	0.0	0.0	0.0	0.0	0.0	0.0	0.0	0.0	0.0	0.0	0.0	0.0	0.0	
Pouillot fitis	0.0	0.0	0.0	0.0	0.0	0.0	0.0	0.0	0.0	0.0	0.0015	0.0245902	0.0333333	0.0735294	0.0654206	0.0296296	0.0506329	0.0377358	0.0322581	0.0703125	0.0185185	0.04	0.0140845	0.0015	0.0	0.047619	0.0204082	0.0	0.0714286	0.0	0.0	0.0277778	0.0697674	0.0384615	0.0	0.0	0.0	0.0	0.0	0.0	0.0	0.0	0.0	0.0	0.0	0.0	0.0	0.0	
Pouillot véloce	0.0952381	0.0869565	0.0754717	0.0754717	0.1041667	0.0909091	0.1206897	0.4285714	0.3965517	0.5846154	0.55	0.6639344	0.5583333	0.75	0.5981308	0.7037037	0.5949367	0.490566	0.5806452	0.46875	0.5	0.58	0.6338028	0.5666667	0.3731343	0.2380952	0.3469388	0.3559322	0.2857143	0.2962963	0.125	0.5	0.3488372	0.5384615	0.45	0.28125	0.3142857	0.4	0.2105263	0.0882353	0.1162791	0.1	0.1333333	0.1428571	0.0930233	0.1282051	0.2222222	0.0909091	
Bouscarle de Cetti	0.1428571	0.0652174	0.0188679	0.0943396	0.0833333	0.0227273	0.0862069	0.1428571	0.1034483	0.1076923	0.075	0.0901639	0.1166667	0.1176471	0.1588785	0.1333333	0.164557	0.1132075	0.1505376	0.15625	0.1111111	0.17	0.1549296	0.0888889	0.0746269	0.0238095	0.0204082	0.0847458	0.0714286	0.0	0.0	0.0277778	0.0697674	0.1538462	0.05	0.0	0.0571429	0.2	0.1578947	0.1764706	0.0465116	0.05	0.1666667	0.0571429	0.0232558	0.0512821	0.1111111	0.0	
Orite à longue queue	0.3333333	0.1956522	0.2075472	0.2264151	0.3125	0.1363636	0.2931034	0.4821429	0.2586207	0.3076923	0.2125	0.1721311	0.125	0.2205882	0.1775701	0.2074074	0.1772152	0.2169811	0.2365591	0.203125	0.1111111	0.11	0.1126761	0.1444444	0.1044776	0.1190476	0.1632653	0.1016949	0.0714286	0.1111111	0.125	0.25	0.1162791	0.3076923	0.1	0.15625	0.1142857	0.3666667	0.2105263	0.2647059	0.1395349	0.1	0.2333333	0.3714286	0.2325581	0.2564103	0.4074074	0.2727273	
Fauvette à tête noire	0.0952381	0.0869565	0.0566038	0.0754717	0.0833333	0.0454545	0.0862069	0.1607143	0.2758621	0.2	0.2625	0.4836066	0.5583333	0.7058824	0.588785	0.637037	0.6835443	0.6037736	0.655914	0.578125	0.4444444	0.56	0.5915493	0.6	0.5671642	0.4285714	0.4081633	0.2033898	0.2142857	0.037037	0.0015	0.2222222	0.1860465	0.1923077	0.125	0.1875	0.0571429	0.2	0.0526316	0.0	0.0232558	0.0015	0.0333333	0.0571429	0.0930233	0.025641	0.0740741	0.1818182	
Fauvette des jardins	0.0	0.0	0.0	0.0	0.0	0.0	0.0	0.0	0.0	0.0	0.0	0.0	0.0015	0.0015	0.0280374	0.0666667	0.1518987	0.1132075	0.0860215	0.109375	0.0555556	0.12	0.1267606	0.0555556	0.1044776	0.1190476	0.0	0.0169492	0.0015	0.0	0.0	0.0	0.0	0.0	0.0	0.0015	0.0	0.0	0.0	0.0	0.0	0.0	0.0	0.0	0.0	0.0	0.0	0.0	
Fauvette babillarde	0.0	0.0	0.0	0.0	0.0	0.0	0.0	0.0	0.0	0.0	0.0	0.0	0.0015	0.0	0.0093458	0.0	0.0126582	0.0	0.0107527	0.0	0.0	0.01	0.0	0.0	0.0	0.0	0.0	0.0	0.0	0.0	0.0	0.0	0.0	0.0	0.0	0.0	0.0015	0.0	0.0	0.0	0.0	0.0	0.0	0.0	0.0	0.0	0.0	0.0	
Fauvette grisette	0.0	0.0	0.0	0.0	0.0	0.0	0.0	0.0	0.0	0.0	0.0	0.0	0.0083333	0.1764706	0.2149533	0.2518519	0.2531646	0.2264151	0.2258065	0.28125	0.2777778	0.25	0.1830986	0.2	0.119403	0.1190476	0.0	0.0677966	0.1428571	0.0	0.0	0.0277778	0.0	0.0	0.0	0.0	0.0	0.0	0.0	0.0	0.0	0.0	0.0	0.0	0.0	0.0	0.0	0.0	
Fauvette pitchou	0.0	0.0	0.0188679	0.0	0.0	0.0015	0.0	0.0178571	0.0	0.0	0.0125	0.0163934	0.0083333	0.0	0.0093458	0.0296296	0.0253165	0.0377358	0.0	0.0390625	0.0	0.03	0.028169	0.0111111	0.0015	0.0238095	0.0	0.0	0.0	0.0	0.0	0.0	0.0	0.0	0.0	0.0	0.0	0.0	0.0	0.0294118	0.0	0.0	0.0	0.0	0.0	0.0	0.0	0.0	
Sylvia ou Curruca sp.	0.0	0.0	0.0	0.0	0.0	0.0	0.0	0.0	0.0	0.0	0.0	0.0	0.0	0.0	0.0	0.0	0.0	0.0	0.0	0.0	0.0	0.0	0.0	0.0	0.0	0.0	0.0204082	0.0	0.0	0.0	0.0	0.0	0.0	0.0	0.0	0.0	0.0	0.0	0.0	0.0	0.0	0.0	0.0	0.0	0.0	0.0	0.0	0.0	
Roitelet huppé	0.1428571	0.1304348	0.1132075	0.0943396	0.125	0.0681818	0.1034483	0.1071429	0.1034483	0.0769231	0.0875	0.0819672	0.05	0.0882353	0.1121495	0.0666667	0.0506329	0.0377358	0.0537634	0.0390625	0.037037	0.04	0.0704225	0.1222222	0.0149254	0.047619	0.0612245	0.0	0.0714286	0.0740741	0.0	0.0555556	0.0465116	0.0769231	0.0015	0.0625	0.1142857	0.1666667	0.2105263	0.2058824	0.0465116	0.15	0.2	0.1428571	0.2325581	0.2051282	0.2222222	0.1590909	
Roitelet à triple bandeau	0.0238095	0.1304348	0.0188679	0.0377358	0.0625	0.0	0.0862069	0.125	0.0862069	0.2	0.175	0.1803279	0.175	0.1911765	0.1495327	0.2444444	0.1392405	0.1132075	0.1075269	0.0859375	0.037037	0.11	0.056338	0.0888889	0.0298507	0.0238095	0.0408163	0.0508475	0.0	0.0740741	0.0	0.1111111	0.0	0.0015	0.0015	0.0	0.0571429	0.0666667	0.0526316	0.2352941	0.0465116	0.1	0.1	0.1142857	0.0465116	0.0769231	0.2222222	0.0454545	
Roitelet huppé ou R. à triple bandeau	0.0	0.0	0.0	0.0188679	0.0	0.0	0.0	0.0178571	0.0172414	0.0	0.0	0.0	0.0	0.0	0.0	0.0	0.0	0.0	0.0	0.0	0.0	0.0	0.0	0.0015	0.0	0.0	0.0	0.0	0.0	0.0	0.0	0.0	0.0	0.0	0.025	0.0	0.0	0.1	0.0	0.0294118	0.0	0.0	0.0	0.0	0.0	0.0	0.0	0.0	
Sittelle torchepot	0.3333333	0.1304348	0.245283	0.1320755	0.2291667	0.1136364	0.1896552	0.3035714	0.2068966	0.3230769	0.2	0.204918	0.2166667	0.25	0.1028037	0.1259259	0.1265823	0.1037736	0.0752688	0.09375	0.0740741	0.15	0.1971831	0.1555556	0.1343284	0.0952381	0.1836735	0.1694915	0.1428571	0.1111111	0.0	0.2777778	0.0930233	0.1538462	0.075	0.15625	0.1142857	0.3333333	0.1578947	0.3823529	0.255814	0.1	0.2333333	0.1142857	0.2093023	0.1794872	0.1111111	0.1363636	
Grimpereau des jardins	0.3095238	0.2608696	0.3773585	0.245283	0.4583333	0.1818182	0.2931034	0.4464286	0.3275862	0.4307692	0.3	0.3196721	0.2166667	0.3088235	0.317757	0.3555556	0.3797468	0.3301887	0.2473118	0.3359375	0.1851852	0.25	0.3098592	0.3777778	0.2985075	0.3571429	0.244898	0.2711864	0.1428571	0.1481481	0.125	0.3888889	0.1395349	0.3846154	0.175	0.3125	0.1142857	0.4333333	0.4210526	0.4117647	0.2093023	0.15	0.2333333	0.1714286	0.2790698	0.2564103	0.3703704	0.3409091	
Troglodyte mignon	0.6190476	0.3043478	0.490566	0.4339623	0.4375	0.4545455	0.4655172	0.625	0.5862069	0.6615385	0.475	0.5901639	0.475	0.6911765	0.4672897	0.4962963	0.5316456	0.509434	0.4731183	0.46875	0.5185185	0.55	0.4366197	0.4555556	0.2835821	0.3571429	0.3673469	0.2881356	0.2857143	0.0740741	0.125	0.1388889	0.0930233	0.2307692	0.175	0.1875	0.2285714	0.5333333	0.2631579	0.4411765	0.3255814	0.2	0.4	0.4571429	0.3255814	0.3333333	0.4444444	0.2954545	
Étourneau sansonnet	0.2619048	0.3695652	0.3962264	0.5849057	0.5208333	0.5454545	0.4655172	0.3928571	0.5	0.4461538	0.4	0.5	0.4083333	0.6617647	0.3271028	0.4518519	0.5949367	0.4528302	0.5376344	0.4609375	0.3518519	0.35	0.3380282	0.2333333	0.2089552	0.1666667	0.1836735	0.1016949	0.0714286	0.2222222	0.375	0.1666667	0.2093023	0.3461538	0.4	0.1875	0.2571429	0.5	0.5263158	0.3235294	0.2790698	0.4	0.3	0.3714286	0.4418605	0.4358974	0.4074074	0.4318182	
Grive draine	0.2857143	0.1956522	0.2075472	0.1698113	0.0416667	0.0454545	0.0344828	0.1607143	0.0344828	0.0307692	0.0125	0.0327869	0.0416667	0.0735294	0.0373832	0.0148148	0.0379747	0.0566038	0.0215054	0.078125	0.0185185	0.01	0.0	0.0222222	0.0149254	0.0	0.0204082	0.0	0.0	0.0	0.0	0.0	0.0232558	0.0	0.0015	0.03125	0.0285714	0.0666667	0.0526316	0.0882353	0.0465116	0.05	0.2	0.0857143	0.1627907	0.2564103	0.3703704	0.0454545	
Grive musicienne	0.1666667	0.173913	0.1698113	0.2830189	0.3333333	0.3181818	0.362069	0.3392857	0.362069	0.3846154	0.1125	0.2459016	0.225	0.2794118	0.2429907	0.2296296	0.3417722	0.2924528	0.2473118	0.34375	0.2407407	0.32	0.4225352	0.3555556	0.2985075	0.2142857	0.1836735	0.0508475	0.0714286	0.037037	0.125	0.0	0.0465116	0.0384615	0.05	0.0015	0.0571429	0.1666667	0.0526316	0.0588235	0.0697674	0.0	0.1333333	0.1142857	0.1162791	0.2051282	0.3703704	0.1818182	
Grive mauvis	0.2857143	0.2173913	0.3018868	0.2264151	0.2083333	0.2045455	0.1896552	0.2142857	0.1724138	0.1076923	0.05	0.0327869	0.025	0.0	0.0	0.0	0.0	0.0	0.0	0.0	0.0	0.0	0.0	0.0	0.0	0.0	0.0	0.0	0.0	0.0	0.0	0.0	0.0	0.0	0.0	0.0	0.0	0.0666667	0.0526316	0.0	0.0232558	0.05	0.1666667	0.0857143	0.0930233	0.1538462	0.1851852	0.0909091	
Merle noir	0.5952381	0.5	0.6226415	0.5660377	0.5833333	0.5909091	0.6206897	0.5535714	0.637931	0.7692308	0.5375	0.7459016	0.575	0.75	0.5794393	0.7037037	0.6708861	0.6509434	0.6774194	0.7265625	0.7407407	0.58	0.6760563	0.6111111	0.5671642	0.4047619	0.4489796	0.2881356	0.1428571	0.1111111	0.125	0.25	0.1627907	0.0769231	0.2	0.15625	0.2285714	0.4333333	0.3684211	0.5	0.372093	0.45	0.4666667	0.5142857	0.5348837	0.5384615	0.7037037	0.4545455	
Grive litorne	0.0238095	0.0217391	0.0566038	0.0188679	0.0208333	0.0227273	0.0172414	0.0178571	0.0015	0.0153846	0.025	0.0015	0.0	0.0	0.0093458	0.0	0.0	0.0	0.0	0.0	0.0	0.0	0.0	0.0	0.0	0.0	0.0	0.0	0.0	0.0	0.0	0.0	0.0	0.0	0.0	0.0	0.0	0.0	0.0	0.0588235	0.0232558	0.0	0.0333333	0.0015	0.0465116	0.0015	0.0740741	0.0227273	
Merle à plastron	0.0	0.0	0.0	0.0	0.0	0.0	0.0	0.0	0.0	0.0	0.0	0.0	0.0	0.0147059	0.0093458	0.0074074	0.0	0.0	0.0	0.0	0.0	0.0	0.0	0.0	0.0	0.0	0.0	0.0	0.0	0.0	0.0	0.0	0.0	0.0	0.0	0.0	0.0015	0.0	0.0	0.0	0.0	0.0	0.0	0.0	0.0	0.0	0.0	0.0	
Turdus sp.	0.0	0.0	0.0	0.0	0.0208333	0.0	0.0172414	0.0	0.0	0.0	0.0	0.0081967	0.0	0.0	0.0	0.0	0.0	0.0	0.0	0.0	0.0	0.0	0.0	0.0	0.0	0.0	0.0	0.0	0.0	0.0	0.0	0.0	0.0	0.0	0.0	0.0	0.0	0.0	0.0	0.0	0.0	0.0	0.0333333	0.0	0.0	0.0	0.0	0.0	
Gobemouche gris	0.0	0.0	0.0	0.0	0.0	0.0	0.0	0.0	0.0	0.0	0.0	0.0	0.0	0.0	0.0	0.0148148	0.0379747	0.0377358	0.0322581	0.046875	0.0185185	0.05	0.028169	0.0333333	0.0298507	0.0238095	0.0816327	0.1016949	0.0714286	0.0	0.0	0.0	0.0465116	0.0769231	0.0015	0.0	0.0	0.0	0.0	0.0	0.0	0.0	0.0	0.0	0.0	0.0	0.0	0.0	
Rougegorge familier	0.7142857	0.4347826	0.6226415	0.6603774	0.7083333	0.7272727	0.8103448	0.75	0.7931034	0.8615385	0.7125	0.7868852	0.5333333	0.7794118	0.6074766	0.637037	0.7088608	0.5754717	0.6236559	0.53125	0.4444444	0.57	0.6056338	0.4444444	0.3283582	0.4047619	0.3265306	0.3220339	0.1428571	0.3703704	0.375	0.4722222	0.4186047	0.6153846	0.675	0.6875	0.8571429	0.9	0.6842105	0.7352941	0.7209302	0.6	0.6666667	0.6285714	0.6511628	0.6666667	0.8148148	0.5227273	
Rossignol philomèle	0.0	0.0	0.0	0.0	0.0	0.0	0.0	0.0	0.0	0.0	0.0	0.0	0.0583333	0.0588235	0.1121495	0.237037	0.2531646	0.1415094	0.1290323	0.1953125	0.1111111	0.14	0.056338	0.0222222	0.0298507	0.047619	0.0204082	0.0169492	0.0	0.0	0.0	0.0	0.0	0.0	0.0	0.0	0.0	0.0	0.0	0.0	0.0	0.0	0.0	0.0	0.0	0.0	0.0	0.0	
Gobemouche noir	0.0	0.0	0.0	0.0	0.0	0.0	0.0	0.0	0.0	0.0	0.0	0.0	0.0	0.0294118	0.0	0.0	0.0	0.0188679	0.0	0.0	0.0	0.0	0.0	0.0222222	0.0	0.0	0.0	0.0	0.0	0.0	0.0	0.0833333	0.0232558	0.0015	0.0	0.0015	0.0	0.0	0.0	0.0	0.0	0.0	0.0	0.0	0.0	0.0	0.0	0.0	
Rougequeue à front blanc	0.0	0.0	0.0	0.0	0.0	0.0	0.0	0.0	0.0	0.0	0.0	0.0	0.025	0.0882353	0.0373832	0.0814815	0.0632911	0.0849057	0.0322581	0.046875	0.0	0.03	0.0	0.0015	0.0149254	0.0238095	0.0204082	0.1016949	0.0	0.0	0.0	0.0555556	0.0232558	0.0	0.0	0.03125	0.0015	0.0333333	0.0	0.0	0.0	0.0	0.0	0.0	0.0	0.0	0.0	0.0	
Rougequeue noir	0.0	0.0015	0.0188679	0.0188679	0.0208333	0.0	0.0172414	0.0	0.0015	0.0461538	0.1	0.1557377	0.1666667	0.2794118	0.0841121	0.1037037	0.1392405	0.0754717	0.0537634	0.1171875	0.1296296	0.15	0.1408451	0.1333333	0.119403	0.0952381	0.0408163	0.0015	0.0	0.0	0.0	0.1111111	0.0697674	0.0384615	0.125	0.09375	0.0571429	0.0666667	0.0526316	0.0882353	0.0232558	0.0	0.0	0.0015	0.0	0.0	0.0	0.0	
rougequeue sp.	0.0	0.0	0.0	0.0	0.0	0.0	0.0	0.0015	0.0	0.0	0.0	0.0	0.0	0.0	0.0	0.0	0.0	0.0	0.0	0.0	0.0	0.0	0.0	0.0	0.0	0.0	0.0	0.0	0.0	0.0	0.0	0.0	0.0232558	0.0	0.0	0.0	0.0	0.0	0.0	0.0	0.0	0.0	0.0	0.0	0.0	0.0	0.0	0.0	
Tarier des prés	0.0	0.0	0.0	0.0	0.0	0.0	0.0	0.0	0.0	0.0	0.0	0.0	0.0	0.0	0.0093458	0.0222222	0.0	0.0	0.0	0.0	0.0	0.0	0.0	0.0	0.0	0.0	0.0	0.0	0.0	0.0	0.0	0.0277778	0.0232558	0.0769231	0.025	0.0	0.0285714	0.0	0.0	0.0	0.0	0.0	0.0	0.0	0.0	0.0	0.0	0.0	
Tarier pâtre	0.0015	0.0217391	0.0	0.0188679	0.0	0.0	0.0344828	0.0357143	0.0344828	0.0461538	0.0625	0.1065574	0.0583333	0.1764706	0.0934579	0.1037037	0.1139241	0.0943396	0.0645161	0.1171875	0.1111111	0.13	0.0422535	0.0777778	0.0149254	0.0952381	0.0	0.0338983	0.0	0.037037	0.0	0.0555556	0.0465116	0.1538462	0.025	0.0625	0.0571429	0.1	0.0	0.0294118	0.0	0.0015	0.0	0.0	0.0	0.025641	0.037037	0.0227273	
Traquet motteux	0.0	0.0	0.0	0.0	0.0	0.0	0.0	0.0	0.0	0.0	0.0	0.0081967	0.025	0.0147059	0.0186916	0.0	0.0015	0.0188679	0.0	0.0	0.0	0.0	0.0	0.0	0.0	0.0	0.0	0.0	0.0	0.0	0.0	0.0	0.0465116	0.0	0.0	0.03125	0.0	0.0	0.0	0.0294118	0.0	0.0	0.0	0.0	0.0	0.0	0.0	0.0	
Accenteur mouchet	0.0952381	0.173913	0.0566038	0.1320755	0.1666667	0.2045455	0.3103448	0.2321429	0.2931034	0.3538462	0.3	0.2704918	0.175	0.3235294	0.2523364	0.1481481	0.1898734	0.2075472	0.1612903	0.1171875	0.1481481	0.14	0.1971831	0.1444444	0.0895522	0.0714286	0.0408163	0.0847458	0.0714286	0.037037	0.0	0.0555556	0.0232558	0.0769231	0.075	0.0625	0.0857143	0.2333333	0.2105263	0.2058824	0.0930233	0.05	0.1333333	0.0571429	0.1162791	0.2051282	0.2592593	0.1590909	
Moineau domestique	0.1666667	0.1956522	0.1320755	0.1132075	0.2291667	0.2045455	0.2413793	0.1785714	0.3103448	0.1076923	0.15	0.2213115	0.1333333	0.2794118	0.1028037	0.1703704	0.3037975	0.1981132	0.2365591	0.2421875	0.2777778	0.21	0.2394366	0.2444444	0.238806	0.1666667	0.2244898	0.1186441	0.0714286	0.1481481	0.25	0.0833333	0.0697674	0.1153846	0.15	0.125	0.1142857	0.2	0.0526316	0.2058824	0.2093023	0.15	0.2	0.2285714	0.3023256	0.2564103	0.1851852	0.25	
Moineau friquet	0.0	0.0	0.0	0.0	0.0	0.0	0.0	0.0	0.0	0.0	0.0015	0.0	0.0	0.0	0.0	0.0074074	0.0	0.0	0.0	0.0	0.0	0.0015	0.0	0.0	0.0	0.0	0.0	0.0	0.0	0.0	0.0	0.0	0.0	0.0	0.0	0.0	0.0	0.0	0.0	0.0	0.0	0.0	0.0333333	0.0	0.0232558	0.0	0.0	0.0	
Bergeronnette des ruisseaux	0.0952381	0.173913	0.0754717	0.1509434	0.0416667	0.0909091	0.2068966	0.1607143	0.1551724	0.2	0.1625	0.1229508	0.0916667	0.1617647	0.0841121	0.0814815	0.0886076	0.0566038	0.0967742	0.046875	0.1481481	0.07	0.0704225	0.1555556	0.1343284	0.0952381	0.2040816	0.0508475	0.0015	0.037037	0.125	0.2222222	0.1395349	0.2692308	0.075	0.15625	0.1142857	0.4	0.4210526	0.2058824	0.0232558	0.3	0.1333333	0.2	0.1162791	0.1282051	0.2962963	0.1363636	
Bergeronnette printanière	0.0	0.0	0.0	0.0	0.0	0.0	0.0	0.0	0.0	0.0	0.0	0.0	0.025	0.0294118	0.0560748	0.0814815	0.0253165	0.009434	0.0645161	0.046875	0.0555556	0.02	0.028169	0.0015	0.0447761	0.047619	0.0	0.0	0.0	0.0	0.0	0.0	0.0930233	0.0015	0.0	0.03125	0.0	0.0	0.0	0.0	0.0	0.0	0.0	0.0	0.0	0.0	0.0	0.0	
Bergeronnette grise	0.0238095	0.0869565	0.0377358	0.0754717	0.0416667	0.0227273	0.1034483	0.1428571	0.2068966	0.1076923	0.1625	0.2295082	0.2416667	0.2205882	0.1401869	0.2074074	0.3037975	0.1603774	0.1935484	0.1875	0.1851852	0.15	0.1690141	0.1333333	0.119403	0.0952381	0.3061224	0.1694915	0.1428571	0.0740741	0.0	0.0277778	0.1627907	0.0769231	0.1	0.0625	0.1428571	0.2	0.2631579	0.1764706	0.1395349	0.1	0.1333333	0.1428571	0.0232558	0.025641	0.0740741	0.0227273	
bergeronette sp.	0.0	0.0	0.0	0.0	0.0	0.0227273	0.0	0.0	0.0	0.0	0.0	0.0	0.0	0.0	0.0186916	0.0	0.0	0.0	0.0	0.0	0.0	0.0	0.0	0.0	0.0	0.0	0.0	0.0169492	0.0	0.0	0.0	0.0	0.0	0.0	0.025	0.0	0.0	0.1	0.0	0.0	0.0	0.05	0.0	0.0	0.0	0.0	0.0	0.0	
Pipit farlouse	0.047619	0.0869565	0.0188679	0.0566038	0.0416667	0.0227273	0.0344828	0.0178571	0.0172414	0.0307692	0.0375	0.0819672	0.075	0.0735294	0.0373832	0.0148148	0.0	0.0	0.0	0.0	0.0	0.0015	0.0	0.0	0.0	0.0	0.0	0.0	0.0	0.0	0.0	0.0277778	0.0	0.0	0.0	0.03125	0.0285714	0.1333333	0.1052632	0.0882353	0.0465116	0.05	0.0333333	0.0015	0.0465116	0.1282051	0.037037	0.0227273	
Pipit des arbres	0.0	0.0	0.0	0.0	0.0	0.0	0.0	0.0	0.0	0.0	0.0	0.0	0.0333333	0.1029412	0.0373832	0.037037	0.0506329	0.0660377	0.0107527	0.0546875	0.0	0.05	0.028169	0.0222222	0.0149254	0.0238095	0.0015	0.0	0.0714286	0.0	0.0	0.0	0.0	0.0384615	0.0	0.03125	0.0	0.0	0.0	0.0	0.0	0.0	0.0	0.0	0.0	0.0	0.0	0.0	
Pipit spioncelle	0.047619	0.1086957	0.0377358	0.0566038	0.0625	0.0227273	0.0	0.0535714	0.0344828	0.0615385	0.05	0.0245902	0.0	0.0147059	0.0	0.0	0.0	0.0	0.0	0.0	0.0	0.0	0.0	0.0	0.0	0.0	0.0	0.0	0.0	0.0	0.0	0.0	0.0	0.0	0.0	0.0	0.0015	0.0333333	0.0015	0.0294118	0.0465116	0.0	0.0333333	0.0285714	0.0465116	0.0512821	0.037037	0.0454545	
Pipit farlouse ou P. spioncelle	0.0	0.0	0.0	0.0	0.0	0.0227273	0.0344828	0.0	0.0	0.0153846	0.0	0.0081967	0.0083333	0.0	0.0186916	0.0	0.0	0.0	0.0	0.0	0.0	0.0	0.0	0.0	0.0	0.0	0.0	0.0	0.0	0.0	0.0	0.0	0.0	0.0	0.0	0.0	0.0	0.0	0.0	0.0294118	0.0	0.0	0.0	0.0	0.0	0.0	0.0	0.0	
Anthus sp.	0.0	0.0	0.0	0.0	0.0	0.0	0.0172414	0.0	0.0	0.0	0.0	0.0081967	0.0	0.0	0.0	0.0	0.0	0.0	0.0	0.0	0.0	0.0	0.0	0.0	0.0	0.0	0.0	0.0	0.0	0.0	0.0	0.0	0.0	0.0	0.0	0.0	0.0	0.0	0.0	0.0	0.0232558	0.0	0.0	0.0	0.0	0.0	0.0	0.0	
Pinson des arbres	0.4047619	0.4130435	0.4339623	0.509434	0.5	0.4545455	0.5517241	0.6071429	0.6206897	0.6461538	0.5375	0.5819672	0.5166667	0.6323529	0.5700935	0.637037	0.6708861	0.6037736	0.5698925	0.4921875	0.4814815	0.48	0.5211268	0.6222222	0.4328358	0.3809524	0.3469388	0.1355932	0.2142857	0.037037	0.125	0.2222222	0.0232558	0.3461538	0.2	0.1875	0.2	0.4333333	0.3684211	0.4411765	0.4186047	0.3	0.5333333	0.6	0.5116279	0.6666667	0.5555556	0.5227273	
Pinson du Nord	0.0	0.0217391	0.0	0.0188679	0.0208333	0.0454545	0.0	0.0178571	0.0	0.0769231	0.0625	0.0081967	0.0166667	0.0	0.0	0.0	0.0	0.0	0.0	0.0	0.0	0.0	0.0	0.0	0.0	0.0	0.0	0.0	0.0	0.0	0.0	0.0	0.0	0.0	0.0	0.0	0.0	0.0666667	0.0526316	0.0588235	0.0465116	0.0	0.0666667	0.0015	0.0697674	0.025641	0.0740741	0.0681818	
Grosbec casse-noyaux	0.1190476	0.1304348	0.0188679	0.0754717	0.1041667	0.0227273	0.0172414	0.0714286	0.0517241	0.1384615	0.0375	0.0327869	0.0166667	0.0441176	0.0186916	0.037037	0.0253165	0.0377358	0.0215054	0.0234375	0.037037	0.01	0.0704225	0.0222222	0.0	0.047619	0.0204082	0.0169492	0.0	0.0	0.0	0.0	0.0	0.0	0.0	0.0	0.0015	0.1	0.0526316	0.0015	0.0232558	0.0	0.0333333	0.0571429	0.1395349	0.0015	0.1111111	0.0681818	
Bouvreuil pivoine	0.047619	0.0869565	0.0754717	0.0566038	0.0625	0.0	0.0	0.0	0.0172414	0.0307692	0.0	0.0163934	0.0166667	0.0147059	0.0373832	0.0148148	0.0	0.0188679	0.0107527	0.0390625	0.0185185	0.0	0.0140845	0.0333333	0.0298507	0.0	0.0204082	0.0169492	0.0714286	0.0	0.0	0.0	0.0	0.0	0.0015	0.0015	0.0	0.0333333	0.0015	0.0015	0.0232558	0.0	0.1333333	0.0	0.0232558	0.025641	0.037037	0.0454545	
Verdier d'Europe	0.1190476	0.1086957	0.0943396	0.1509434	0.1458333	0.0227273	0.1206897	0.1428571	0.2068966	0.2	0.1375	0.2131148	0.1916667	0.2058824	0.1962617	0.1851852	0.1392405	0.0660377	0.1397849	0.109375	0.1296296	0.07	0.1126761	0.1444444	0.1492537	0.1904762	0.1428571	0.0677966	0.1428571	0.0	0.0	0.0555556	0.0015	0.0015	0.025	0.0625	0.0571429	0.1333333	0.0526316	0.0588235	0.1162791	0.0	0.0333333	0.0285714	0.1627907	0.1282051	0.1851852	0.2045455	
Linotte mélodieuse	0.0238095	0.0434783	0.0015	0.0377358	0.0	0.0	0.0344828	0.0	0.0172414	0.0153846	0.075	0.1147541	0.1166667	0.3235294	0.1401869	0.1185185	0.1012658	0.0943396	0.0430108	0.140625	0.1481481	0.07	0.0704225	0.1	0.0895522	0.2142857	0.122449	0.0677966	0.0714286	0.037037	0.0	0.0015	0.0465116	0.0384615	0.0015	0.03125	0.0285714	0.0666667	0.0526316	0.0	0.0465116	0.0	0.0333333	0.0	0.0	0.0	0.037037	0.0227273	
Sizerin flammé	0.0	0.0217391	0.0	0.0	0.0	0.0	0.0	0.0	0.0	0.0	0.0	0.0	0.0	0.0	0.0	0.0	0.0	0.0	0.0	0.0	0.0	0.0	0.0	0.0	0.0	0.0	0.0	0.0	0.0	0.0	0.0	0.0	0.0	0.0	0.0	0.0	0.0	0.0	0.0015	0.0	0.0	0.0	0.0015	0.0	0.0015	0.0	0.0	0.0	
Bec-croisé des sapins	0.0	0.0	0.0	0.0	0.0	0.0	0.0	0.0	0.0	0.0	0.0	0.0	0.0	0.0	0.0	0.0	0.0	0.0	0.0	0.0	0.0	0.01	0.0015	0.0	0.0149254	0.0	0.0	0.0	0.0	0.0	0.0	0.0	0.0	0.0	0.0	0.0	0.0	0.0	0.0015	0.0	0.0	0.0	0.0	0.0	0.0	0.0	0.0	0.0	
Chardonneret élégant	0.1428571	0.2826087	0.1698113	0.2264151	0.1666667	0.1818182	0.1896552	0.2857143	0.2586207	0.2153846	0.175	0.1803279	0.1	0.25	0.1869159	0.1185185	0.1772152	0.1320755	0.1182796	0.1640625	0.1851852	0.14	0.084507	0.1555556	0.2537313	0.1666667	0.244898	0.1525424	0.1428571	0.037037	0.0	0.0833333	0.0465116	0.0769231	0.125	0.125	0.0571429	0.1666667	0.1052632	0.1764706	0.1162791	0.25	0.3333333	0.0571429	0.1627907	0.1794872	0.4444444	0.1136364	
Serin cini	0.0	0.0217391	0.0	0.0188679	0.0208333	0.0	0.0	0.0	0.0015	0.0153846	0.0375	0.0409836	0.075	0.0882353	0.0280374	0.0592593	0.0126582	0.0188679	0.0215054	0.03125	0.037037	0.04	0.056338	0.0666667	0.0149254	0.0238095	0.1020408	0.0	0.0	0.0	0.0	0.0	0.0	0.0384615	0.0	0.0	0.0	0.0	0.0	0.0	0.0	0.0	0.0333333	0.0	0.0	0.0	0.0	0.0	
Tarin des aulnes	0.1190476	0.173913	0.0943396	0.1509434	0.1041667	0.0681818	0.1034483	0.1071429	0.0517241	0.0153846	0.0375	0.0409836	0.0083333	0.0	0.0	0.0	0.0	0.0	0.0	0.0	0.0	0.0	0.0	0.0	0.0	0.0	0.0	0.0	0.0	0.0	0.0	0.0	0.0	0.0	0.0	0.0	0.0015	0.0666667	0.1052632	0.1764706	0.0930233	0.05	0.1333333	0.0571429	0.1162791	0.1282051	0.1851852	0.0454545	
Bruant proyer	0.0	0.0	0.0015	0.0	0.0	0.0	0.0344828	0.0	0.0	0.0	0.0	0.0081967	0.0583333	0.0147059	0.0280374	0.037037	0.0253165	0.0188679	0.0430108	0.046875	0.0	0.01	0.0140845	0.0111111	0.0298507	0.0	0.0	0.0	0.0	0.0	0.0	0.0	0.0	0.0	0.0	0.0	0.0	0.0	0.0	0.0	0.0232558	0.0	0.0	0.0	0.0	0.0	0.0	0.0	
Bruant zizi	0.0	0.0	0.0	0.0	0.0	0.0227273	0.0	0.0178571	0.0172414	0.0153846	0.0015	0.057377	0.025	0.0015	0.0	0.0074074	0.0126582	0.009434	0.0322581	0.046875	0.0185185	0.01	0.0	0.0444444	0.0447761	0.047619	0.0204082	0.0	0.0	0.0	0.0	0.0	0.0	0.0	0.0	0.0	0.0285714	0.0	0.0	0.0	0.0	0.0	0.0	0.0	0.0	0.0	0.0740741	0.0	
Bruant jaune	0.0015	0.0	0.0015	0.0	0.0	0.0	0.0172414	0.0	0.0172414	0.0153846	0.0125	0.0081967	0.0416667	0.0588235	0.0093458	0.0148148	0.0126582	0.0377358	0.0215054	0.0390625	0.0015	0.04	0.0	0.0222222	0.0	0.0238095	0.0	0.0	0.0	0.0	0.0	0.0	0.0232558	0.0	0.0	0.0	0.0285714	0.0333333	0.0	0.0	0.0	0.0	0.0	0.0015	0.0	0.0	0.0	0.0	
Bruant des roseaux	0.0238095	0.0869565	0.0754717	0.0754717	0.0416667	0.0015	0.0172414	0.0357143	0.0862069	0.0615385	0.1	0.0901639	0.0416667	0.0735294	0.1121495	0.0888889	0.1139241	0.1037736	0.0645161	0.1640625	0.1851852	0.14	0.056338	0.0666667	0.119403	0.0714286	0.0	0.0508475	0.0714286	0.037037	0.0	0.0	0.0232558	0.0384615	0.0	0.03125	0.0	0.0666667	0.0526316	0.0	0.0465116	0.0	0.0333333	0.0285714	0.0697674	0.025641	0.1111111	0.0454545	
Emberiza sp.	0.0	0.0	0.0	0.0	0.0	0.0	0.0	0.0	0.0	0.0	0.0	0.0081967	0.0	0.0	0.0	0.0	0.0	0.0	0.0	0.0	0.0	0.0	0.0	0.0	0.0	0.0	0.0	0.0	0.0	0.0	0.0	0.0	0.0	0.0	0.0	0.0	0.0	0.0	0.0	0.0	0.0	0.0	0.0	0.0	0.0	0.0	0.0	0.0	
passereau sp.	0.0238095	0.0217391	0.0	0.0	0.0208333	0.0	0.0	0.0	0.0172414	0.0	0.0125	0.0	0.0	0.0147059	0.0	0.0	0.0	0.009434	0.0107527	0.0078125	0.0185185	0.01	0.0	0.0333333	0.0	0.0	0.0408163	0.0169492	0.0	0.037037	0.0	0.1111111	0.0015	0.0	0.025	0.0	0.0	0.1333333	0.0526316	0.0	0.0	0.05	0.0666667	0.0857143	0.0	0.0	0.0	0.0	

