









Frequency of observations in the selected location(s).:
Number of taxa: 	261

	Jan				Feb				Mar				Apr				May				Jun				Jul				Aug				Sep				Oct				Nov				Dec				
Sample Size:	156.0	76.0	121.0	146.0	106.0	187.0	160.0	216.0	74.0	160.0	134.0	168.0	289.0	346.0	238.0	358.0	245.0	172.0	311.0	805.0	327.0	388.0	391.0	512.0	295.0	275.0	375.0	492.0	307.0	268.0	281.0	377.0	205.0	92.0	111.0	155.0	135.0	79.0	143.0	259.0	190.0	187.0	102.0	106.0	110.0	86.0	103.0	221.0	

Oie cendrée	0.0	0.0	0.0	0.0	0.0	0.0	0.0	0.0	0.0	0.0	0.0	0.0	0.0	0.0	0.0	0.0	0.0	0.0	0.0032154	0.0	0.0	0.0	0.0	0.0	0.0	0.0	0.0	0.0	0.0	0.0	0.0	0.0	0.0097561	0.0	0.0	0.0	0.0	0.0	0.0	0.003861	0.0	0.0	0.0	0.0	0.0	0.0	0.0	0.0045249	
Oie à bec court	0.0	0.0	0.0	0.0205479	0.009434	0.0053476	0.0125	0.0046296	0.0405405	0.0015	0.0	0.0	0.0	0.0	0.0	0.0	0.0	0.0	0.0	0.0	0.0	0.0	0.0	0.0	0.0	0.0	0.0	0.0	0.0	0.0	0.0	0.0	0.0	0.0	0.0	0.0	0.0	0.0	0.0	0.0015	0.0210526	0.0160428	0.0098039	0.009434	0.0090909	0.0	0.0	0.0135747	
Anser sp. (forme domestique)	0.0	0.0131579	0.0082645	0.0	0.0	0.0	0.0	0.0	0.0	0.0	0.0	0.0	0.0	0.0	0.0	0.0	0.0	0.0	0.0	0.0	0.0	0.0	0.0	0.0	0.0	0.0	0.0	0.0	0.0	0.0	0.0	0.0	0.0	0.0	0.0	0.0	0.0	0.0	0.0	0.0	0.0	0.0	0.0	0.0	0.0	0.0	0.0	0.0	
Bernache nonnette	0.0	0.0	0.0082645	0.0205479	0.009434	0.0	0.0	0.0	0.0	0.0	0.0	0.0	0.0	0.0	0.0	0.0	0.0	0.0	0.0	0.0	0.0	0.0	0.0	0.0	0.0	0.0	0.0	0.0	0.0	0.0	0.0	0.0	0.0	0.0	0.0	0.0	0.0	0.0	0.0	0.0	0.0	0.0	0.0098039	0.0	0.0	0.0	0.0	0.0045249	
Cygne tuberculé	0.0	0.0	0.0	0.0	0.0	0.0	0.0	0.0	0.0	0.0	0.0	0.0	0.0	0.0	0.0	0.0	0.0	0.0	0.0	0.0	0.0	0.0	0.0	0.0	0.0	0.0	0.0	0.0	0.0	0.0	0.0	0.0	0.0	0.0	0.0	0.0	0.0	0.0	0.0	0.015444	0.0	0.0	0.0	0.0	0.0	0.0	0.0097087	0.0	
Tadorne de Belon	0.0	0.0	0.0	0.0	0.0	0.0	0.0	0.0	0.0	0.0	0.0	0.0	0.0	0.0	0.0	0.0	0.0	0.0	0.0	0.0	0.0	0.0	0.0	0.0	0.0	0.0	0.0	0.0	0.0	0.0	0.0	0.0	0.0	0.0	0.0	0.0	0.0	0.0	0.0	0.0	0.0	0.0	0.0	0.0015	0.0	0.0	0.0	0.0	
Canard musqué	0.1730769	0.2368421	0.2479339	0.2191781	0.1698113	0.2085561	0.15625	0.212963	0.1486486	0.14375	0.1492537	0.172619	0.100346	0.1040462	0.092437	0.0530726	0.0816327	0.0930233	0.0868167	0.0385093	0.0856269	0.1005155	0.1483376	0.1171875	0.1118644	0.0836364	0.1066667	0.1402439	0.0814332	0.0970149	0.1067616	0.1007958	0.204878	0.1195652	0.1711712	0.1225806	0.1037037	0.1012658	0.1398601	0.1814672	0.0842105	0.1604278	0.2647059	0.1698113	0.1818182	0.1511628	0.2038835	0.1945701	
Canard à collier noir	0.0	0.0131579	0.0082645	0.0	0.0	0.0	0.0	0.0046296	0.0	0.0	0.0	0.0	0.0	0.0	0.0	0.0	0.0	0.0	0.0	0.0	0.0	0.0025773	0.0025575	0.0	0.0	0.0	0.0	0.0	0.0	0.0	0.0	0.0	0.004878	0.0	0.0	0.0	0.0	0.0	0.0	0.0	0.0	0.0	0.0015	0.0	0.0	0.0	0.0	0.0	
Canard mandarin	0.0	0.0	0.0	0.0	0.0	0.0	0.0	0.0	0.0	0.0	0.0	0.0	0.0069204	0.0028902	0.0	0.0	0.0015	0.0	0.0	0.0	0.0	0.0	0.0	0.0	0.0	0.0	0.0	0.0	0.0	0.0	0.0	0.0	0.0	0.0	0.0	0.0	0.0	0.0	0.0	0.0	0.0	0.0	0.0	0.0	0.0	0.0	0.0	0.0	
Sarcelle d'été	0.0	0.0	0.0	0.0	0.0	0.0	0.0	0.0	0.0	0.0	0.0	0.0	0.0	0.0	0.0	0.0	0.0	0.0	0.0	0.0	0.0	0.0	0.0	0.0	0.0	0.0	0.0	0.0	0.0	0.0	0.0	0.0	0.0	0.0	0.0	0.0	0.0	0.0	0.0	0.0	0.0	0.0	0.0	0.0	0.0	0.0	0.0097087	0.0	
Sarcelle à ailes bleues	0.0	0.0	0.0	0.0	0.0	0.0	0.0	0.0	0.0	0.0	0.0	0.0	0.0	0.0	0.0	0.0	0.0	0.0	0.0	0.0	0.0	0.0	0.0	0.0	0.0	0.0	0.0	0.0	0.0	0.0	0.0	0.0	0.0	0.0	0.0	0.0	0.0074074	0.0	0.0	0.0	0.0	0.0	0.0	0.0	0.0	0.0	0.0	0.0	
Canard souchet	0.0064103	0.0	0.0	0.0068493	0.0	0.0	0.01875	0.0046296	0.0	0.0	0.0	0.0	0.0	0.0	0.0	0.0	0.0	0.0	0.0	0.0	0.0	0.0	0.0	0.0	0.0	0.0	0.0	0.0	0.0	0.0	0.0	0.0	0.0	0.0	0.009009	0.0	0.0	0.0	0.006993	0.0	0.0	0.0	0.0	0.0	0.0	0.0	0.0015	0.0	
Canard chipeau	0.0064103	0.0	0.0	0.0	0.0	0.0	0.0	0.0	0.0	0.0	0.0	0.0	0.0	0.0	0.0	0.0	0.0	0.0	0.0	0.0	0.0	0.0	0.0	0.0	0.0	0.0	0.0	0.0	0.0	0.0	0.0	0.0	0.0	0.0	0.0	0.0	0.0	0.0	0.0	0.0	0.0	0.0	0.0	0.0	0.0	0.0	0.0	0.0	
Canard siffleur	0.0	0.0	0.0082645	0.0	0.009434	0.0	0.0	0.0046296	0.0	0.0	0.0	0.0	0.0	0.0	0.0	0.0	0.0	0.0	0.0	0.0	0.0	0.0	0.0	0.0	0.0	0.0	0.0	0.0	0.0	0.0	0.0	0.0	0.0	0.0	0.0	0.0	0.0	0.0	0.0	0.0	0.0052632	0.0053476	0.0	0.0	0.0	0.0	0.0	0.0045249	
Canard à front blanc	0.0	0.0	0.0	0.0	0.0	0.0	0.0	0.0	0.0	0.0	0.0223881	0.0	0.0	0.0	0.0	0.0	0.0	0.0	0.0	0.0	0.0	0.0	0.0	0.0	0.0	0.0	0.0	0.0	0.0	0.0	0.0	0.0	0.0	0.0	0.0	0.0	0.0	0.0	0.0	0.0	0.0	0.0	0.0	0.0	0.0	0.0	0.0	0.0	
Canard colvert	0.0961538	0.1315789	0.0826446	0.109589	0.0943396	0.0855615	0.1125	0.0972222	0.0405405	0.0625	0.0895522	0.0952381	0.0484429	0.0375723	0.0462185	0.0307263	0.0408163	0.0290698	0.0353698	0.021118	0.0458716	0.056701	0.0588235	0.0371094	0.0474576	0.0218182	0.0506667	0.0426829	0.0325733	0.0410448	0.0498221	0.0185676	0.0634146	0.0217391	0.036036	0.0387097	0.0444444	0.0759494	0.1188811	0.0733591	0.0789474	0.0962567	0.1078431	0.0566038	0.0909091	0.0581395	0.0776699	0.1040724	
Hybride Canard musqué x C. colvert	0.0320513	0.0657895	0.0082645	0.0015	0.0188679	0.0160428	0.0125	0.0185185	0.0	0.0015	0.0149254	0.0178571	0.0034602	0.0028902	0.0084034	0.0027933	0.0040816	0.0174419	0.0096463	0.0024845	0.0152905	0.0051546	0.0255754	0.0195313	0.0101695	0.0072727	0.0106667	0.0081301	0.0162866	0.0074627	0.0213523	0.005305	0.0243902	0.0015	0.009009	0.0193548	0.0	0.0126582	0.013986	0.019305	0.0157895	0.0213904	0.0196078	0.0283019	0.0	0.0581395	0.0	0.0180995	
Canard pilet	0.0	0.0	0.0	0.0	0.0	0.0	0.0	0.0	0.0	0.0	0.0	0.0	0.0	0.0	0.0	0.0	0.0	0.0	0.0	0.0	0.0	0.0	0.0	0.0	0.0	0.0	0.0	0.0	0.0	0.0	0.0	0.0	0.0	0.0	0.0	0.0	0.0	0.0	0.0	0.0	0.0	0.0	0.0	0.0	0.0	0.0	0.0	0.0090498	
Sarcelle d'hiver	0.0320513	0.0	0.0165289	0.0136986	0.009434	0.0160428	0.01875	0.0185185	0.0	0.0	0.0149254	0.0	0.0069204	0.0028902	0.0	0.0027933	0.0015	0.0	0.0	0.0	0.0	0.0025773	0.0	0.0039063	0.0	0.0	0.0	0.0	0.0	0.0	0.0	0.0	0.004878	0.0	0.0	0.0	0.0074074	0.0	0.034965	0.0	0.0052632	0.0106952	0.0098039	0.0	0.0	0.0116279	0.0194175	0.0497738	
sarcelle sp.	0.0	0.0	0.0	0.0	0.0	0.0	0.0	0.0046296	0.0	0.0	0.0	0.0	0.0	0.0	0.0	0.0	0.0	0.0	0.0	0.0	0.0	0.0	0.0	0.0	0.0	0.0	0.0	0.0	0.0	0.0	0.0	0.0	0.0	0.0	0.0	0.0	0.0	0.0	0.0	0.0	0.0	0.0	0.0	0.0	0.0	0.0	0.0	0.0	
anatidé sp. (canard barboteur sp.)	0.0	0.0	0.0	0.0	0.0	0.0053476	0.00625	0.0	0.0	0.0125	0.0	0.0	0.0034602	0.0	0.0	0.0	0.0	0.0	0.0032154	0.0	0.0	0.0	0.0	0.0	0.0	0.0	0.0	0.0	0.0	0.0	0.0	0.0	0.0	0.0	0.0	0.0	0.0	0.0	0.0	0.0	0.0	0.0	0.0	0.0	0.0	0.0	0.0097087	0.0	
Fuligule à tête rouge	0.0	0.0	0.0	0.0	0.0	0.0	0.0	0.0	0.0	0.0	0.0	0.0	0.0	0.0	0.0	0.0	0.0	0.0	0.0	0.0	0.0	0.0	0.0	0.0	0.0	0.0036364	0.0	0.0	0.0	0.0	0.0	0.0	0.0	0.0	0.0	0.0	0.0	0.0	0.0	0.0	0.0	0.0	0.0	0.0	0.0	0.0	0.0	0.0	
Fuligule à bec cerclé	0.0	0.0	0.0	0.0015	0.009434	0.0	0.0	0.0	0.0	0.0	0.0	0.0	0.0	0.0	0.0	0.0	0.0	0.0	0.0	0.0	0.0	0.0	0.0	0.0	0.0	0.0	0.0	0.0	0.0	0.0	0.0	0.0	0.0	0.0	0.0	0.0	0.0	0.0	0.0	0.0	0.0	0.0053476	0.0	0.0	0.0	0.0116279	0.0	0.0	
Fuligule morillon	0.0	0.0	0.0	0.0	0.0	0.0	0.0	0.0046296	0.0	0.0	0.0	0.0	0.0	0.0	0.0	0.0	0.0	0.0	0.0	0.0	0.0	0.0	0.0	0.0	0.0	0.0	0.0	0.0	0.0	0.0	0.0	0.0	0.0	0.0	0.0	0.0	0.0	0.0	0.0	0.0	0.0	0.0106952	0.0	0.0	0.0	0.0	0.0097087	0.0	
Fuligule milouinan	0.0	0.0	0.0	0.0	0.0	0.0	0.0	0.0	0.0	0.0	0.0	0.0	0.0	0.0	0.0	0.0	0.0	0.0	0.0	0.0	0.0	0.0	0.0	0.0	0.0	0.0	0.0	0.0	0.0	0.0	0.0	0.0	0.0	0.0	0.0	0.0	0.0	0.0	0.0	0.0	0.0	0.0	0.0	0.0	0.0	0.0	0.0	0.0045249	
Fuligule à tête noire	0.0	0.0	0.0	0.0	0.0	0.0	0.0	0.0046296	0.0	0.0	0.0	0.0059524	0.0034602	0.0	0.0	0.0	0.0	0.0	0.0	0.0	0.0	0.0	0.0	0.0	0.0	0.0	0.0	0.0	0.0	0.0	0.0	0.0	0.0	0.0	0.0	0.0	0.0	0.0	0.0	0.0	0.0	0.0	0.0	0.0	0.0	0.0	0.0	0.0090498	
Macreuse noire	0.0	0.0	0.0	0.0	0.0	0.0	0.0	0.0	0.0	0.0	0.0	0.0	0.0	0.0	0.0	0.0	0.0	0.0	0.0	0.0	0.0	0.0	0.0	0.0	0.0	0.0	0.0	0.0	0.0	0.0	0.0	0.0	0.0	0.0	0.0	0.0	0.0	0.0	0.0	0.0	0.0	0.0	0.0	0.009434	0.0	0.0	0.0	0.0	
Harelde boréale	0.0	0.0	0.0	0.0	0.0	0.0	0.0	0.0	0.0	0.0	0.0	0.0	0.0	0.0	0.0	0.0	0.0	0.0	0.0	0.0	0.0	0.0	0.0	0.0	0.0	0.0	0.0	0.0	0.0	0.0	0.0	0.0	0.0	0.0	0.0	0.0	0.0	0.0	0.0	0.0	0.0	0.0	0.0	0.0	0.0	0.0	0.0097087	0.0	
anatidé sp. (canard sp.)	0.0	0.0	0.0	0.0	0.0	0.0	0.0	0.0	0.0	0.0	0.0	0.0	0.0	0.0	0.0	0.0	0.0	0.0	0.0	0.0	0.0	0.0	0.0	0.0	0.0	0.0	0.0026667	0.0	0.0	0.0	0.0	0.0	0.0	0.0	0.0	0.0	0.0	0.0	0.0	0.0	0.0	0.0	0.0	0.0	0.0	0.0	0.0	0.0045249	
sauvagine sp.	0.0	0.0	0.0	0.0	0.0	0.0	0.0	0.0	0.0	0.0	0.0	0.0	0.0	0.0	0.0	0.0027933	0.0015	0.0	0.0032154	0.0024845	0.0	0.0	0.0	0.0	0.0	0.0	0.0	0.0	0.0	0.0	0.0	0.0	0.0	0.0	0.0	0.0	0.0	0.0	0.0	0.0	0.0	0.0	0.0	0.0	0.0	0.0	0.0	0.0	
Paon bleu	0.0	0.0	0.0	0.0	0.0	0.0	0.0	0.0	0.0	0.0	0.0	0.0	0.0	0.0	0.0	0.0	0.0	0.0	0.0	0.0012422	0.0	0.0	0.0	0.0	0.0	0.0	0.0	0.0	0.0	0.0	0.0	0.0	0.004878	0.0	0.0	0.0	0.0	0.0	0.0	0.0	0.0	0.0	0.0	0.0	0.0	0.0	0.0	0.0	
Caille des blés	0.0	0.0	0.0	0.0	0.009434	0.0	0.0	0.0046296	0.0	0.0015	0.0	0.0	0.0	0.0	0.012605	0.0083799	0.0	0.0	0.0032154	0.0012422	0.0030581	0.0	0.0	0.0019531	0.0033898	0.0072727	0.008	0.0	0.0032573	0.0015	0.0	0.0	0.0	0.0	0.0	0.0	0.0	0.0	0.0015	0.0015	0.0	0.0	0.0	0.0	0.0	0.0	0.0	0.0	
Perdrix rouge	0.0384615	0.0657895	0.0909091	0.0890411	0.0849057	0.0855615	0.0875	0.0925926	0.0810811	0.05	0.0895522	0.0297619	0.0968858	0.066474	0.0630252	0.0558659	0.0571429	0.0406977	0.0546624	0.0484472	0.0519878	0.0360825	0.0613811	0.0371094	0.0338983	0.0363636	0.072	0.0630081	0.0846906	0.0447761	0.0498221	0.0291777	0.0878049	0.1304348	0.0630631	0.083871	0.0814815	0.1139241	0.0909091	0.042471	0.0368421	0.0748663	0.0	0.0471698	0.0363636	0.0465116	0.0679612	0.1040724	
Pigeon biset	0.4358974	0.6315789	0.4958678	0.4863014	0.5377358	0.5080214	0.51875	0.5046296	0.4189189	0.46875	0.4402985	0.4702381	0.4048443	0.3352601	0.3067227	0.3379888	0.4122449	0.3488372	0.4019293	0.2857143	0.4311927	0.4304124	0.4092072	0.375	0.4372881	0.3563636	0.3786667	0.4126016	0.3713355	0.358209	0.3843416	0.3952255	0.4926829	0.3804348	0.4594595	0.4516129	0.3481481	0.3797468	0.4895105	0.5289575	0.4157895	0.5187166	0.4607843	0.3018868	0.5545455	0.6162791	0.4757282	0.4841629	
Pigeon ramier	0.0	0.0	0.0	0.0	0.0	0.0	0.0	0.0	0.0	0.0	0.0	0.0	0.0	0.0	0.0	0.0	0.0	0.0	0.0	0.0	0.0	0.0	0.0	0.0	0.0	0.0	0.0	0.0	0.0032573	0.0	0.0	0.0	0.0	0.0	0.0	0.0	0.0	0.0	0.0	0.0	0.0	0.0	0.0	0.0	0.0	0.0	0.0	0.0	
Pigeon trocaz	0.1410256	0.0657895	0.107438	0.0958904	0.1603774	0.1390374	0.13125	0.0787037	0.0405405	0.10625	0.1268657	0.077381	0.0692042	0.0780347	0.092437	0.0865922	0.1142857	0.0697674	0.1157556	0.0906832	0.1070336	0.1262887	0.1253197	0.1308594	0.1728814	0.1781818	0.1546667	0.1626016	0.1270358	0.1865672	0.0960854	0.137931	0.1219512	0.1304348	0.1441441	0.1806452	0.1037037	0.0886076	0.0839161	0.0694981	0.0947368	0.0802139	0.0980392	0.1037736	0.1181818	0.1046512	0.1359223	0.1040724	
Columba sp.	0.0	0.0	0.0	0.0	0.0	0.0	0.0	0.0	0.0	0.0	0.0	0.0	0.0	0.0086705	0.0	0.027933	0.0081633	0.005814	0.0064309	0.0161491	0.0	0.0	0.0	0.0019531	0.0	0.0	0.0	0.0	0.0	0.0015	0.0	0.0	0.004878	0.0	0.0	0.0	0.0148148	0.0	0.0	0.0	0.0	0.0	0.0098039	0.0	0.0	0.0	0.0	0.0	
Tourterelle des bois	0.0	0.0	0.0	0.0	0.0	0.0	0.0	0.0	0.0	0.0	0.0	0.0	0.0	0.0	0.0	0.0	0.0040816	0.0	0.0	0.0	0.0	0.0	0.0	0.0	0.0	0.0	0.0	0.0	0.0	0.0	0.0	0.0	0.0	0.0	0.0	0.0	0.0	0.0	0.006993	0.0	0.0	0.0	0.0	0.0	0.0	0.0	0.0	0.0	
Tourterelle turque	0.1794872	0.1184211	0.1239669	0.1506849	0.1603774	0.2085561	0.225	0.1898148	0.1351351	0.16875	0.2537313	0.1607143	0.1695502	0.1473988	0.0966387	0.1648045	0.1795918	0.1744186	0.1093248	0.1254658	0.2262997	0.1778351	0.1662404	0.1445313	0.1389831	0.1163636	0.16	0.1646341	0.1465798	0.1791045	0.13879	0.1405836	0.2243902	0.1630435	0.1801802	0.1032258	0.0740741	0.1518987	0.1748252	0.1351351	0.2263158	0.2299465	0.1470588	0.1320755	0.1636364	0.1627907	0.2038835	0.2081448	
Streptopelia sp.	0.0	0.0	0.0082645	0.0	0.0	0.0	0.0	0.0	0.0	0.0	0.0	0.0	0.0	0.0	0.0	0.0027933	0.0	0.0	0.0096463	0.0012422	0.0	0.0	0.0	0.0	0.0	0.0	0.0026667	0.0	0.0	0.0	0.0	0.0	0.0	0.0	0.0	0.0	0.0	0.0	0.0	0.0	0.0052632	0.0	0.0098039	0.0	0.0	0.0	0.0	0.0	
Tourterelle maillée	0.0192308	0.0	0.0	0.0	0.0	0.0053476	0.00625	0.0	0.0	0.0	0.0	0.0	0.0	0.0	0.0	0.0	0.0040816	0.0	0.0	0.0062112	0.0061162	0.0	0.0127877	0.0015	0.0033898	0.0036364	0.0	0.0	0.0	0.0037313	0.0	0.0	0.0146341	0.0015	0.0	0.0	0.0	0.0	0.0	0.003861	0.0210526	0.0160428	0.0	0.0	0.0	0.0	0.0	0.0045249	
Martinet à ventre blanc	0.0	0.0	0.0	0.0	0.0	0.0	0.0	0.0	0.0	0.0	0.0	0.0	0.0034602	0.0	0.0	0.0	0.0	0.0	0.0	0.0	0.0	0.0	0.0	0.0	0.0	0.0	0.0015	0.0020325	0.009772	0.0037313	0.0	0.0	0.0	0.0	0.0	0.0	0.0	0.0	0.0	0.0	0.0	0.0	0.0	0.0	0.0	0.0	0.0	0.0	
Martinet noir	0.0	0.0	0.0	0.0	0.0	0.0	0.0	0.0	0.0	0.0	0.0	0.0	0.0	0.0	0.0	0.0	0.0	0.0	0.0	0.0012422	0.0	0.0	0.0	0.0	0.0	0.0	0.0	0.0	0.0	0.0	0.0	0.0	0.0	0.0	0.0	0.0	0.0	0.0	0.0	0.0	0.0	0.0	0.0	0.0	0.0	0.0	0.0	0.0	
Martinet unicolore	0.1602564	0.0657895	0.0578512	0.109589	0.1226415	0.0534759	0.0875	0.0416667	0.0405405	0.0625	0.1119403	0.0595238	0.1245675	0.0809249	0.0546218	0.0670391	0.1306122	0.1569767	0.266881	0.2062112	0.4189602	0.4278351	0.4731458	0.4472656	0.5220339	0.3927273	0.5306667	0.4979675	0.5211726	0.4402985	0.4483986	0.4509284	0.5609756	0.4891304	0.4234234	0.4451613	0.3777778	0.4050633	0.3496503	0.2471042	0.2947368	0.197861	0.2745098	0.1981132	0.1454545	0.0581395	0.1165049	0.0904977	
Martinet pâle	0.0	0.0	0.0	0.0	0.0	0.0	0.0	0.0	0.0	0.00625	0.0223881	0.0015	0.0	0.0	0.012605	0.0055866	0.0163265	0.0348837	0.0353698	0.021118	0.0336391	0.0695876	0.0485934	0.0390625	0.0576271	0.04	0.04	0.0365854	0.0325733	0.0447761	0.024911	0.0318302	0.0195122	0.0326087	0.0540541	0.0451613	0.0444444	0.0253165	0.027972	0.011583	0.0	0.0	0.0	0.0	0.0	0.0	0.0	0.0	
Martinet des maisons	0.0	0.0	0.0	0.0	0.0	0.0	0.0	0.0	0.0	0.0	0.0	0.0	0.0	0.0	0.0	0.0	0.0	0.0	0.0	0.0	0.0	0.0	0.0025575	0.0	0.0	0.0	0.0	0.0	0.0	0.0	0.0	0.0	0.0	0.0	0.0	0.0	0.0	0.0	0.0	0.0	0.0	0.0	0.0	0.0	0.0	0.0	0.0	0.0	
Apus ou Tachymarptis sp.	0.0	0.0	0.0	0.0	0.0	0.0053476	0.0	0.0	0.0015	0.0	0.0	0.0	0.0	0.0	0.0015	0.0	0.0081633	0.0	0.0032154	0.0037267	0.0030581	0.007732	0.0051151	0.0019531	0.0015	0.0015	0.0026667	0.0020325	0.0	0.0037313	0.0	0.0	0.0	0.0	0.0	0.0064516	0.0148148	0.0	0.0	0.003861	0.0	0.0	0.0	0.0	0.0	0.0	0.0	0.0	
apodidé sp.	0.0	0.0	0.0	0.0	0.0	0.0	0.0	0.0015	0.0135135	0.0	0.0	0.0015	0.0069204	0.0028902	0.0	0.0055866	0.0163265	0.0	0.0032154	0.0062112	0.0061162	0.0283505	0.0127877	0.015625	0.0015	0.0015	0.0	0.0101626	0.009772	0.0186567	0.0035587	0.0	0.0	0.0	0.0	0.0129032	0.0222222	0.0	0.0	0.0	0.0	0.0053476	0.0	0.0	0.0	0.0	0.0	0.0	
Gallinule poule-d'eau	0.1089744	0.1052632	0.0826446	0.1027397	0.0471698	0.0695187	0.0875	0.0694444	0.0675676	0.0375	0.0746269	0.0595238	0.0622837	0.0549133	0.0504202	0.0307263	0.0653061	0.0290698	0.0418006	0.0298137	0.0428135	0.0670103	0.0741688	0.0429688	0.0677966	0.0436364	0.0453333	0.0589431	0.0684039	0.0746269	0.0818505	0.0291777	0.097561	0.0543478	0.0540541	0.0387097	0.0296296	0.1139241	0.1188811	0.0579151	0.0684211	0.0962567	0.0784314	0.0471698	0.0454545	0.0697674	0.0291262	0.1085973	
Foulque macroule	0.0769231	0.0789474	0.0661157	0.0753425	0.009434	0.0481283	0.0875	0.0555556	0.027027	0.01875	0.0223881	0.0357143	0.0484429	0.0433526	0.0546218	0.0195531	0.044898	0.0116279	0.0160772	0.0173913	0.0214067	0.0154639	0.0358056	0.0117188	0.0271186	0.0036364	0.0106667	0.0243902	0.0228013	0.0186567	0.0106762	0.0132626	0.0536585	0.0652174	0.045045	0.0516129	0.0222222	0.0632911	0.0699301	0.0501931	0.0473684	0.0695187	0.0784314	0.0471698	0.0272727	0.0697674	0.038835	0.1085973	
foulque sp.	0.0	0.0	0.0	0.0	0.0	0.0	0.0	0.0	0.0	0.0	0.0	0.0	0.0	0.0	0.0	0.0	0.0	0.0	0.0	0.0	0.0	0.0	0.0	0.0	0.0	0.0	0.0	0.0	0.0	0.0	0.0	0.0	0.0	0.0	0.0	0.0064516	0.0	0.0015	0.0	0.0	0.0	0.0	0.0	0.0	0.0	0.0	0.0	0.0	
gallinule, foulque ou talève sp.	0.0	0.0	0.0	0.0	0.0	0.0	0.0	0.0	0.0	0.0	0.0	0.0	0.0	0.0	0.0	0.0	0.0	0.0	0.0	0.0	0.0	0.0	0.0	0.0	0.0	0.0	0.0	0.0	0.0	0.0	0.0	0.0	0.0	0.0	0.009009	0.0	0.0	0.0126582	0.006993	0.0	0.0	0.0	0.0	0.0	0.0	0.0	0.0	0.0	
Oedicnème criard	0.0	0.0	0.0	0.0	0.0	0.0	0.0	0.0	0.0	0.0	0.0	0.0059524	0.0	0.0	0.0	0.0	0.0	0.0	0.0	0.0	0.0	0.0	0.0	0.0	0.0	0.0	0.0	0.0	0.0	0.0	0.0	0.0	0.0	0.0	0.0	0.0	0.0	0.0	0.0	0.0	0.0	0.0	0.0	0.0	0.0	0.0	0.0097087	0.0	
Échasse blanche	0.0	0.0	0.0	0.0	0.0	0.0	0.0	0.0	0.0	0.0	0.0	0.0	0.0034602	0.0057803	0.0	0.0015	0.0040816	0.0	0.0	0.0	0.0	0.0	0.0	0.0	0.0	0.0	0.0	0.0	0.0	0.0	0.0	0.0	0.0	0.0	0.0	0.0	0.0	0.0	0.0	0.0	0.0	0.0	0.0	0.0	0.0	0.0	0.0	0.0	
Huîtrier pie	0.0	0.0	0.0	0.0068493	0.0	0.0	0.0	0.0	0.0	0.0	0.0	0.0	0.0	0.0	0.0	0.0	0.0	0.0	0.0	0.0	0.0	0.0	0.0	0.0	0.0	0.0	0.0	0.0	0.0	0.0	0.0	0.0	0.0	0.0	0.0	0.0	0.0	0.0126582	0.006993	0.0	0.0052632	0.0053476	0.0294118	0.0	0.0	0.0	0.0097087	0.0045249	
Pluvier argenté	0.0	0.0	0.0	0.0015	0.0	0.0	0.0	0.0	0.0	0.0	0.0074627	0.0	0.0034602	0.0	0.0	0.0	0.0040816	0.0	0.0	0.0015	0.0030581	0.0	0.0025575	0.0058594	0.0	0.0	0.0	0.0	0.0	0.0	0.0	0.0	0.0	0.0	0.0	0.0	0.0	0.0	0.0	0.0	0.0	0.0106952	0.0196078	0.009434	0.0	0.0	0.0	0.0045249	
Pluvier bronzé	0.0	0.0	0.0	0.0	0.0	0.0	0.0	0.0	0.0	0.0	0.0	0.0	0.0	0.0	0.0	0.0	0.0	0.0	0.0	0.0	0.0	0.0	0.0	0.0	0.0	0.0	0.0	0.0	0.0	0.0	0.0	0.0	0.0	0.0	0.0	0.0	0.0074074	0.0	0.0	0.0	0.0	0.0	0.0	0.0	0.0	0.0	0.0	0.0	
Pluvialis sp.	0.0	0.0	0.0	0.0	0.0	0.0	0.0	0.0	0.0	0.0	0.0	0.0	0.0034602	0.0	0.0	0.0	0.0	0.0	0.0	0.0	0.0	0.0	0.0	0.0	0.0	0.0	0.0	0.0	0.0	0.0	0.0	0.0	0.0	0.0	0.0	0.0	0.0	0.0	0.0	0.0	0.0	0.0	0.0	0.0	0.0	0.0	0.0	0.0	
Guignard d’Eurasie	0.0	0.0	0.0	0.0	0.0	0.0	0.0	0.0	0.0	0.0	0.0	0.0	0.0	0.0	0.0	0.0	0.0	0.0	0.0	0.0	0.0	0.0	0.0	0.0	0.0	0.0	0.0	0.0	0.0	0.0	0.0	0.0	0.0	0.0	0.0	0.0	0.0074074	0.0	0.0	0.0	0.0	0.0	0.0	0.0	0.0	0.0	0.0	0.0015	
Grand Gravelot	0.0	0.0015	0.0	0.0015	0.0	0.0	0.0	0.0	0.0	0.0	0.0149254	0.0059524	0.0069204	0.0	0.0042017	0.0	0.0	0.0116279	0.0	0.0012422	0.0	0.0	0.0	0.0	0.0	0.0	0.0	0.0	0.0	0.0037313	0.0035587	0.005305	0.0439024	0.0217391	0.018018	0.0193548	0.0	0.0253165	0.0699301	0.0015	0.0105263	0.0213904	0.0196078	0.0015	0.0090909	0.0	0.0	0.0	
Petit Gravelot	0.0	0.0	0.0	0.0	0.0	0.0	0.0	0.0	0.0	0.0	0.0	0.0	0.0069204	0.0	0.0	0.0	0.0	0.0	0.0	0.0	0.0	0.0	0.0	0.0	0.0	0.0	0.0	0.0	0.0	0.0	0.0	0.0	0.0	0.0	0.0	0.0	0.0	0.0	0.0	0.0	0.0	0.0	0.0	0.0	0.0	0.0	0.0	0.0	
Vanneau huppé	0.0	0.0	0.0	0.0	0.0	0.0	0.0	0.0	0.0	0.0	0.0	0.0	0.0	0.0	0.0	0.0	0.0	0.0	0.0	0.0	0.0	0.0	0.0	0.0	0.0	0.0	0.0	0.0	0.0	0.0	0.0	0.0	0.0	0.0	0.0	0.0	0.0	0.0	0.0	0.0	0.0	0.0	0.0098039	0.0	0.0	0.0	0.0	0.0	
Gravelot à collier interrompu	0.0	0.0	0.0	0.0	0.0	0.0	0.0	0.0	0.0	0.0	0.0149254	0.0	0.0015	0.0	0.0	0.0	0.0015	0.0	0.0	0.0	0.0	0.0	0.0015	0.0	0.0033898	0.0	0.0	0.0	0.0	0.0037313	0.0	0.0	0.004878	0.0	0.0	0.0	0.0	0.0126582	0.006993	0.0	0.0	0.0	0.0	0.0	0.0	0.0	0.0	0.0	
Gravelot sp.	0.0	0.0	0.0	0.0	0.0	0.0	0.0	0.0	0.0	0.0	0.0	0.0	0.0	0.0	0.0	0.0	0.0040816	0.0	0.0	0.0	0.0	0.0	0.0	0.0	0.0	0.0	0.0	0.0	0.0	0.0	0.0	0.0	0.0	0.0	0.0	0.0	0.0	0.0	0.0	0.0	0.0	0.0	0.0	0.0	0.0	0.0	0.0	0.0	
Courlis corlieu	0.0128205	0.0263158	0.0413223	0.0273973	0.0283019	0.026738	0.0125	0.0138889	0.0	0.0125	0.0522388	0.0059524	0.0242215	0.0057803	0.0042017	0.0223464	0.0285714	0.0116279	0.0096463	0.0111801	0.0061162	0.0051546	0.0	0.0117188	0.0033898	0.0036364	0.016	0.0162602	0.009772	0.011194	0.0142349	0.0371353	0.0195122	0.0217391	0.045045	0.0322581	0.0148148	0.0506329	0.020979	0.019305	0.0421053	0.0802139	0.0588235	0.009434	0.0090909	0.0015	0.0194175	0.0497738	
Barge rousse	0.0	0.0	0.0	0.0	0.0	0.0	0.0	0.0	0.0	0.0	0.0	0.0	0.0	0.0	0.0	0.0	0.0	0.0	0.0	0.0	0.0	0.0	0.0	0.0	0.0	0.0	0.0	0.0	0.0	0.0	0.0	0.0	0.0	0.0	0.0	0.0064516	0.0	0.0253165	0.006993	0.0	0.0105263	0.0	0.0	0.0	0.0	0.0	0.0097087	0.0	
Barge à queue noire	0.0	0.0	0.0	0.0015	0.0	0.0	0.0	0.0	0.0	0.00625	0.0015	0.0	0.0	0.0	0.0	0.0	0.0	0.0	0.0	0.0	0.0	0.0	0.0	0.0	0.0	0.0	0.0	0.0	0.0	0.0	0.0	0.0	0.0	0.0	0.0	0.0	0.0	0.0015	0.0	0.007722	0.0105263	0.0	0.0	0.0	0.0	0.0	0.0	0.0180995	
Bécasse des bois	0.0	0.0	0.0	0.0	0.0	0.0	0.0	0.0015	0.0135135	0.0	0.0	0.0	0.0	0.0028902	0.0	0.0015	0.0	0.0	0.0	0.0012422	0.0	0.0025773	0.0051151	0.0015	0.0015	0.0	0.0026667	0.0020325	0.0	0.0037313	0.0015	0.0	0.0	0.0	0.0	0.0	0.0	0.0	0.0	0.0	0.0	0.0	0.0098039	0.0	0.0	0.0	0.0	0.0045249	
Bécassine des marais	0.0	0.0	0.0082645	0.0068493	0.0	0.0	0.025	0.0046296	0.0	0.0	0.0074627	0.0	0.0138408	0.0057803	0.0	0.0	0.0	0.0	0.0	0.0	0.0	0.0	0.0	0.0	0.0	0.0	0.0	0.0	0.0	0.0	0.0	0.0	0.004878	0.0	0.0	0.0	0.0074074	0.0379747	0.027972	0.0	0.0052632	0.0213904	0.0	0.0	0.0	0.0	0.0097087	0.0271493	
Phalarope à bec large	0.0	0.0	0.0	0.0	0.0	0.0	0.0	0.0	0.0	0.0	0.0	0.0	0.0	0.0	0.0	0.0	0.0	0.0	0.0	0.0	0.0	0.0	0.0	0.0	0.0	0.0015	0.0	0.0	0.0	0.0037313	0.0	0.0	0.0	0.0	0.0	0.0	0.0	0.0	0.0	0.0	0.0	0.0	0.0	0.0	0.0	0.0	0.0	0.0	
Chevalier guignette	0.0448718	0.0526316	0.0495868	0.0205479	0.0566038	0.0320856	0.0375	0.0277778	0.0	0.03125	0.0447761	0.0357143	0.0138408	0.0404624	0.0084034	0.0027933	0.0040816	0.0015	0.0	0.0	0.0	0.0	0.0	0.0	0.0	0.0	0.0	0.0081301	0.0032573	0.0015	0.0177936	0.0212202	0.0390244	0.0	0.0	0.0258065	0.0074074	0.0253165	0.0629371	0.015444	0.0315789	0.0534759	0.1078431	0.0471698	0.0272727	0.0232558	0.0194175	0.0588235	
Chevalier grivelé	0.0128205	0.0131579	0.0	0.0068493	0.009434	0.0106952	0.0	0.0092593	0.0	0.00625	0.0149254	0.0059524	0.0034602	0.0057803	0.0	0.0	0.0	0.0	0.0	0.0	0.0	0.0	0.0	0.0	0.0	0.0	0.0	0.0	0.0	0.0	0.0071174	0.0	0.0	0.0	0.0	0.0064516	0.0074074	0.0	0.0	0.0	0.0105263	0.0053476	0.0	0.0	0.0	0.0232558	0.0	0.0090498	
Chevalier culblanc	0.0064103	0.0	0.0	0.0	0.0	0.0	0.00625	0.0	0.0	0.0	0.0	0.0	0.0034602	0.0	0.0	0.0	0.0	0.0	0.0	0.0	0.0	0.0	0.0	0.0	0.0	0.0	0.0	0.0	0.0032573	0.0	0.0	0.0	0.0146341	0.0	0.0	0.0	0.0074074	0.0253165	0.0	0.0	0.0105263	0.0053476	0.0	0.0	0.0	0.0	0.0	0.0090498	
Chevalier gambette	0.0	0.0	0.0	0.0	0.0	0.0	0.0	0.0	0.0	0.0	0.0	0.0	0.0069204	0.0057803	0.0084034	0.0027933	0.0040816	0.0	0.0	0.0012422	0.0	0.0	0.0	0.0	0.0	0.0	0.0	0.0	0.0	0.0	0.0035587	0.0106101	0.004878	0.0	0.0	0.0	0.0	0.0	0.0	0.0	0.0	0.0	0.0	0.009434	0.0090909	0.0	0.0097087	0.0	
Chevalier arlequin	0.0	0.0	0.0	0.0	0.0	0.0	0.0	0.0	0.0	0.0	0.0	0.0059524	0.0	0.0	0.0	0.0	0.0	0.0	0.0	0.0	0.0	0.0	0.0	0.0	0.0	0.0	0.0	0.0	0.0	0.0	0.0	0.0	0.0	0.0	0.0	0.0	0.0	0.0	0.0	0.0	0.0	0.0	0.0	0.0	0.0	0.0	0.0	0.0090498	
Chevalier aboyeur	0.0064103	0.0	0.0	0.0	0.009434	0.0	0.0125	0.0046296	0.0	0.0	0.0149254	0.0	0.0103806	0.0	0.0084034	0.0015	0.0163265	0.0	0.0064309	0.0012422	0.0	0.0	0.0	0.0	0.0	0.0	0.0	0.0	0.0032573	0.0	0.0	0.0	0.004878	0.0	0.0	0.0	0.0074074	0.0253165	0.020979	0.003861	0.0105263	0.0213904	0.0098039	0.0	0.0	0.0	0.0097087	0.0316742	
Tringa sp.	0.0	0.0	0.0	0.0	0.0	0.0	0.0	0.0	0.0	0.0	0.0	0.0	0.0	0.0	0.0	0.0	0.0	0.0	0.0015	0.0	0.0	0.0	0.0	0.0	0.0	0.0	0.0	0.0	0.0	0.0	0.0	0.0	0.0	0.0	0.0	0.0	0.0	0.0	0.006993	0.0	0.0	0.0	0.0	0.0	0.0	0.0	0.0	0.0	
Tournepierre à collier	0.1089744	0.1315789	0.0991736	0.1438356	0.0660377	0.0962567	0.1125	0.087963	0.1081081	0.1	0.1567164	0.0833333	0.0761246	0.066474	0.0546218	0.0391061	0.0408163	0.0174419	0.0160772	0.0198758	0.0397554	0.0463918	0.028133	0.0273438	0.0169492	0.0181818	0.0186667	0.0365854	0.0488599	0.0559701	0.0747331	0.0689655	0.1268293	0.0869565	0.0720721	0.1032258	0.0592593	0.1139241	0.0769231	0.0810811	0.1157895	0.1336898	0.1862745	0.1132075	0.1181818	0.0813953	0.1165049	0.1040724	
Bécasseau maubèche	0.0	0.0	0.0	0.0	0.0	0.0	0.0	0.0	0.0	0.0	0.0	0.0	0.0	0.0	0.0	0.0	0.0	0.0	0.0	0.0	0.0	0.0	0.0	0.0	0.0	0.0	0.0	0.0	0.0	0.0	0.0	0.0	0.004878	0.0	0.018018	0.0064516	0.0	0.0	0.0	0.0	0.0	0.0	0.0	0.0	0.0	0.0	0.0	0.0	
Combattant varié	0.0	0.0	0.0	0.0	0.0	0.0	0.0	0.0	0.0	0.0	0.0	0.0	0.0	0.0	0.0	0.0	0.0	0.0	0.0	0.0	0.0	0.0	0.0	0.0	0.0	0.0	0.0	0.0	0.0	0.0	0.0	0.0015	0.004878	0.0	0.0	0.0	0.0	0.0	0.0	0.0	0.0	0.0	0.0	0.0	0.0	0.0	0.0	0.0	
Bécasseau cocorli	0.0	0.0	0.0	0.0	0.0	0.0	0.0	0.0	0.0	0.0	0.0	0.0	0.0	0.0	0.0084034	0.0	0.0	0.0	0.0	0.0	0.0	0.0	0.0	0.0	0.0	0.0	0.0	0.0	0.0	0.0	0.0	0.0	0.0	0.0	0.0	0.0064516	0.0	0.0	0.0	0.0	0.0	0.0	0.0	0.0	0.0	0.0	0.0	0.0	
Bécasseau sanderling	0.0384615	0.0	0.0082645	0.0068493	0.0188679	0.0	0.00625	0.0015	0.0015	0.0125	0.0149254	0.0178571	0.0103806	0.0057803	0.0	0.0	0.0040816	0.005814	0.0064309	0.0037267	0.0030581	0.0	0.0025575	0.0019531	0.0	0.0	0.0	0.004065	0.019544	0.011194	0.0071174	0.0106101	0.0780488	0.0652174	0.009009	0.0258065	0.0222222	0.0379747	0.048951	0.019305	0.0421053	0.0534759	0.0784314	0.0188679	0.0272727	0.0	0.0097087	0.0135747	
Bécasseau variable	0.0192308	0.0131579	0.0330579	0.0068493	0.0015	0.0053476	0.0	0.0046296	0.0015	0.0125	0.0149254	0.0059524	0.0103806	0.0057803	0.0252101	0.0027933	0.0163265	0.0174419	0.0064309	0.0086957	0.0122324	0.0025773	0.0076726	0.0	0.0	0.0036364	0.0	0.0	0.0	0.0	0.0035587	0.0	0.0195122	0.0	0.018018	0.0258065	0.0	0.0126582	0.006993	0.003861	0.0105263	0.0015	0.0294118	0.009434	0.0090909	0.0	0.0097087	0.0135747	
Bécasseau violet	0.0	0.0	0.0	0.0015	0.0	0.0	0.0	0.0	0.0	0.0	0.0223881	0.0	0.0	0.0028902	0.0	0.0015	0.0	0.0	0.0	0.0	0.0	0.0	0.0	0.0	0.0	0.0	0.0	0.0	0.0	0.0	0.0	0.0	0.0	0.0	0.0	0.0	0.0	0.0	0.0	0.0	0.0	0.0	0.0	0.0	0.0	0.0	0.0	0.0	
Bécasseau minute	0.0	0.0	0.0	0.0	0.0	0.0	0.0	0.0	0.0	0.0	0.0	0.0	0.0	0.0	0.0	0.0	0.0	0.0	0.0	0.0	0.0	0.0	0.0	0.0	0.0	0.0	0.0	0.0	0.0	0.0	0.0	0.0026525	0.0	0.0108696	0.0	0.0	0.0	0.0	0.006993	0.0	0.0	0.0	0.0	0.0	0.0	0.0	0.0	0.0	
Bécasseau minuscule	0.0	0.0	0.0	0.0	0.0	0.0	0.0	0.0	0.0	0.0	0.0	0.0	0.0	0.0	0.0	0.0	0.0	0.0	0.0	0.0	0.0	0.0	0.0	0.0	0.0	0.0	0.0	0.0	0.0	0.0	0.0	0.0	0.004878	0.0	0.0	0.0	0.0	0.0	0.0	0.0	0.0	0.0	0.0	0.0	0.0	0.0	0.0	0.0	
Bécasseau tacheté	0.0	0.0	0.0	0.0	0.0	0.0	0.0	0.0	0.0	0.0	0.0	0.0	0.0	0.0	0.0	0.0	0.0040816	0.0116279	0.0032154	0.0	0.0	0.0	0.0	0.0	0.0	0.0	0.0	0.0	0.0	0.0	0.0	0.0	0.0	0.0	0.0	0.0	0.0	0.0	0.0	0.0	0.0	0.0	0.0	0.0	0.0	0.0	0.0	0.0	
Bécasseau semipalmé	0.0	0.0	0.0	0.0	0.0	0.0	0.0	0.0	0.0	0.0	0.0	0.0	0.0	0.0	0.0	0.0	0.0	0.0	0.0	0.0	0.0	0.0	0.0	0.0	0.0	0.0	0.0	0.0020325	0.0	0.0	0.0	0.0	0.0	0.0	0.0	0.0	0.0	0.0	0.0	0.0	0.0	0.0	0.0	0.0	0.0	0.0	0.0	0.0	
Calidris sp.	0.0	0.0	0.0	0.0	0.0	0.0	0.0	0.0	0.0	0.0	0.0	0.0	0.0	0.0	0.0	0.0	0.0	0.0	0.0	0.0	0.0	0.0	0.0	0.0	0.0	0.0	0.0	0.0	0.0	0.0037313	0.0	0.0	0.0	0.0	0.0	0.0	0.0	0.0	0.0	0.0	0.0	0.0	0.0	0.0	0.0	0.0	0.0	0.0	
Labbe à longue queue	0.0	0.0	0.0	0.0	0.0	0.0	0.0	0.0	0.0	0.0	0.0	0.0	0.0	0.0	0.0	0.0	0.0	0.0	0.0	0.0099379	0.0	0.0	0.0	0.0	0.0	0.0	0.0	0.0	0.0015	0.0037313	0.0106762	0.0026525	0.0	0.0	0.0	0.0	0.0	0.0	0.0	0.0	0.0	0.0	0.0	0.0	0.0	0.0	0.0	0.0	
Labbe parasite	0.0	0.0	0.0	0.0	0.0	0.0	0.0	0.0	0.0	0.0	0.0	0.0	0.0	0.0	0.0	0.0027933	0.0	0.0	0.0	0.0	0.0	0.0	0.0	0.0	0.0	0.0	0.0	0.0	0.0032573	0.0074627	0.0071174	0.0159151	0.0	0.0	0.0	0.0064516	0.0	0.0	0.0	0.0	0.0	0.0	0.0	0.0	0.0	0.0	0.0	0.0	
Labbe pomarin	0.0	0.0	0.0	0.0	0.0	0.0	0.0	0.0	0.0	0.0	0.0	0.0	0.0	0.0	0.0	0.0	0.0040816	0.0	0.0	0.0012422	0.0	0.0	0.0	0.0	0.0	0.0	0.0	0.0	0.0032573	0.0	0.0106762	0.005305	0.0	0.0	0.009009	0.0	0.0	0.0	0.0	0.003861	0.0	0.0	0.0	0.0	0.0	0.0	0.0	0.0	
Grand Labbe	0.0	0.0	0.0	0.0	0.0	0.0	0.0	0.0015	0.0	0.0	0.0	0.0	0.0034602	0.0	0.0	0.0	0.0040816	0.0	0.0	0.0062112	0.0	0.0	0.0	0.0019531	0.0	0.0	0.0	0.0020325	0.0032573	0.0	0.0015	0.0106101	0.004878	0.0	0.027027	0.0	0.0074074	0.0	0.0015	0.0	0.0	0.0	0.0	0.0	0.0	0.0	0.0	0.0	
Labbe pomarin, L. parasite ou L. à longue queue	0.0	0.0	0.0	0.0	0.0	0.0	0.0	0.0	0.0	0.0	0.0	0.0	0.0	0.0	0.0	0.0	0.0	0.0	0.0	0.0	0.0	0.0	0.0	0.0	0.0	0.0	0.0	0.0020325	0.0	0.0	0.0	0.0	0.0	0.0	0.0	0.0	0.0	0.0	0.0	0.0	0.0	0.0	0.0	0.0	0.0	0.0	0.0	0.0	
labbe sp. (groupe Catharacta)	0.0	0.0	0.0	0.0	0.0	0.0	0.0	0.0	0.0	0.0	0.0	0.0	0.0	0.0	0.0	0.0	0.0	0.0	0.0	0.0	0.0	0.0	0.0	0.0	0.0	0.0	0.0	0.0	0.0	0.0	0.0	0.005305	0.0	0.0	0.0	0.0	0.0	0.0	0.0	0.0	0.0	0.0	0.0	0.0	0.0	0.0	0.0	0.0	
labbe sp.	0.0	0.0	0.0	0.0	0.0	0.0	0.0	0.0	0.0	0.0	0.0	0.0	0.0	0.0	0.0	0.0	0.0	0.0	0.0	0.0	0.0	0.0	0.0	0.0	0.0	0.0	0.0	0.004065	0.0032573	0.0	0.0	0.0	0.0	0.0	0.0	0.0	0.0	0.0	0.0	0.0	0.0	0.0053476	0.0	0.0	0.0	0.0	0.0	0.0	
Macareux moine	0.0	0.0	0.0082645	0.0	0.0	0.0	0.0	0.0	0.0	0.0	0.0	0.0	0.0	0.0	0.0	0.0	0.0	0.0	0.0	0.0	0.0	0.0	0.0	0.0	0.0	0.0	0.0	0.0	0.0	0.0	0.0	0.0	0.0	0.0	0.0	0.0	0.0	0.0	0.0	0.0	0.0	0.0	0.0	0.0	0.0	0.0	0.0	0.0	
Mouette pygmée	0.0	0.0	0.0	0.0068493	0.0	0.0	0.0	0.0	0.0	0.0	0.0	0.0	0.0	0.0	0.0	0.0	0.0	0.0	0.0	0.0	0.0	0.0	0.0	0.0	0.0	0.0	0.0	0.0	0.0	0.0	0.0	0.0	0.0	0.0	0.0	0.0	0.0	0.0	0.0	0.0	0.0	0.0	0.0	0.0	0.0	0.0	0.0	0.0	
Mouette tridactyle	0.0064103	0.0	0.0	0.0	0.0015	0.0	0.00625	0.0	0.0	0.0	0.0	0.0	0.0	0.0	0.0	0.0	0.0	0.0	0.0	0.0	0.0	0.0	0.0	0.0	0.0	0.0	0.0	0.0	0.0	0.0	0.0	0.0	0.0	0.0	0.0	0.0	0.0	0.0	0.0	0.0	0.0	0.0106952	0.0098039	0.0	0.0	0.0	0.0	0.0045249	
Mouette de Sabine	0.0	0.0	0.0	0.0	0.0	0.0	0.0	0.0	0.0	0.0	0.0	0.0	0.0	0.0	0.0	0.0	0.0	0.0	0.0	0.0086957	0.0	0.0	0.0	0.0	0.0	0.0	0.0	0.0	0.0	0.0	0.0	0.0	0.0	0.0	0.0	0.0	0.0	0.0	0.0	0.0	0.0	0.0	0.0	0.0	0.0	0.0	0.0	0.0	
Mouette rieuse	0.0769231	0.1184211	0.0495868	0.0616438	0.0283019	0.0427807	0.0875	0.0324074	0.027027	0.05625	0.0015	0.0059524	0.0138408	0.0028902	0.0015	0.0	0.0015	0.005814	0.0064309	0.0062112	0.0	0.0051546	0.0	0.0039063	0.0169492	0.0072727	0.0	0.0060976	0.009772	0.011194	0.0071174	0.0079576	0.0341463	0.0108696	0.018018	0.0258065	0.0148148	0.0506329	0.027972	0.019305	0.0473684	0.0748663	0.0882353	0.0943396	0.0636364	0.0232558	0.1067961	0.1266968	
Mouette atricille	0.0	0.0	0.0	0.0	0.0	0.0	0.0	0.0	0.0	0.0	0.0	0.0	0.0	0.0	0.0	0.0	0.0	0.0	0.0	0.0	0.0	0.0	0.0	0.0	0.0	0.0	0.008	0.0081301	0.0	0.0	0.0	0.0	0.0	0.0	0.0	0.0	0.0	0.0	0.0	0.0	0.0	0.0	0.0	0.0	0.0	0.0	0.0	0.0	
Mouette de Franklin	0.0	0.0	0.0	0.0	0.0	0.0	0.0	0.0	0.0	0.0	0.0	0.0	0.0	0.0	0.0	0.0	0.0	0.0	0.0	0.0	0.0	0.0	0.0	0.0	0.0	0.0	0.0	0.0	0.0	0.0	0.0	0.0	0.0	0.0	0.0	0.0	0.0	0.0	0.0	0.0	0.0	0.0	0.0	0.0	0.0	0.0	0.0097087	0.0	
Mouette mélanocéphale	0.0128205	0.0263158	0.0165289	0.0136986	0.0	0.0	0.0375	0.0	0.0	0.0125	0.0	0.0059524	0.0103806	0.0	0.0	0.0	0.0	0.0	0.0	0.0	0.0	0.0	0.0	0.0	0.0	0.0	0.0	0.0	0.0	0.0	0.0	0.0	0.0	0.0	0.0	0.0	0.0074074	0.0	0.013986	0.0	0.0	0.0	0.0098039	0.0	0.0	0.0	0.0097087	0.040724	
Goéland cendré	0.0	0.0	0.0	0.0	0.0015	0.0	0.0	0.0	0.0	0.0	0.0	0.0	0.0	0.0	0.0	0.0	0.0	0.0	0.0	0.0	0.0	0.0	0.0	0.0	0.0	0.0	0.0	0.0	0.0	0.0	0.0	0.0	0.0	0.0	0.0	0.0	0.0	0.0	0.0	0.0	0.0	0.0	0.0	0.0	0.0	0.0	0.0	0.0	
Goéland à bec cerclé	0.0128205	0.0	0.0	0.0205479	0.009434	0.0053476	0.0125	0.0138889	0.027027	0.0	0.0	0.0	0.0	0.0	0.0	0.0	0.0	0.0	0.0	0.0	0.0	0.0	0.0	0.0	0.0	0.0	0.0	0.0	0.0	0.0	0.0	0.0	0.0	0.0	0.0	0.0	0.0	0.0	0.0	0.0	0.0	0.0	0.0	0.0	0.0	0.0	0.0	0.0	
Goéland leucophée	0.5512821	0.5921053	0.4545455	0.4452055	0.509434	0.486631	0.5625	0.4675926	0.4324324	0.5375	0.5373134	0.4821429	0.4913495	0.3988439	0.3151261	0.2793296	0.4530612	0.3953488	0.3954984	0.4037267	0.587156	0.6082474	0.5524297	0.6191406	0.6338983	0.5018182	0.56	0.5630081	0.5635179	0.4850746	0.4163701	0.4509284	0.5902439	0.4673913	0.5225225	0.5096774	0.4888889	0.5696203	0.6643357	0.5328185	0.5526316	0.6684492	0.5	0.4056604	0.5909091	0.5232558	0.5436893	0.5565611	
Goéland brun	0.0512821	0.0394737	0.0909091	0.0958904	0.0754717	0.0481283	0.1	0.0648148	0.0405405	0.06875	0.0970149	0.0535714	0.0622837	0.0346821	0.0294118	0.0195531	0.0163265	0.0116279	0.0128617	0.0248447	0.0366972	0.0773196	0.0409207	0.0859375	0.0745763	0.0727273	0.0613333	0.0569106	0.0684039	0.0820896	0.0604982	0.0742706	0.1463415	0.0652174	0.0630631	0.0516129	0.037037	0.0886076	0.1398601	0.0733591	0.0894737	0.1122995	0.0980392	0.1415094	0.0818182	0.127907	0.0970874	0.0769231	
goéland sp. (Larus sp.)	0.0	0.0	0.0247934	0.0205479	0.009434	0.0160428	0.00625	0.0277778	0.0540541	0.00625	0.0	0.0297619	0.0103806	0.0	0.0042017	0.0111732	0.0040816	0.0	0.0032154	0.0024845	0.0	0.0	0.0	0.0	0.0033898	0.0	0.0106667	0.0121951	0.0	0.0149254	0.0035587	0.0159151	0.0	0.0	0.0	0.0064516	0.0	0.0126582	0.006993	0.015444	0.0	0.026738	0.0	0.0	0.0	0.0	0.0	0.0045249	
goéland ou mouette sp.	0.0	0.0263158	0.0165289	0.0068493	0.0188679	0.0	0.0015	0.0092593	0.0	0.0	0.0	0.0059524	0.0	0.0115607	0.0042017	0.027933	0.0040816	0.005814	0.0032154	0.0074534	0.0	0.0	0.0076726	0.0019531	0.0	0.0	0.0	0.0081301	0.0065147	0.0037313	0.0	0.0	0.0	0.0	0.0	0.0	0.0074074	0.0	0.0015	0.0	0.0105263	0.0213904	0.0	0.0	0.0	0.0	0.0194175	0.0	
Sterne fuligineuse	0.0	0.0	0.0	0.0	0.0	0.0	0.0	0.0	0.0	0.0	0.0	0.0	0.0	0.0	0.0	0.0	0.0	0.0	0.0	0.0	0.0	0.0	0.0	0.0	0.0033898	0.0	0.0	0.0	0.0	0.0	0.0	0.0	0.0	0.0	0.0	0.0	0.0	0.0	0.0	0.0	0.0	0.0	0.0	0.0	0.0	0.0	0.0	0.0	
Sterne hansel	0.0	0.0	0.0	0.0	0.0	0.0	0.0	0.0	0.0	0.0	0.0	0.0	0.0	0.0	0.0	0.0	0.0	0.0	0.0	0.0	0.0	0.0	0.0	0.0	0.0	0.0	0.0	0.0	0.0	0.0	0.0	0.0	0.0	0.0	0.0	0.0064516	0.0	0.0	0.0	0.0	0.0	0.0	0.0	0.0	0.0	0.0	0.0	0.0	
Sterne arctique	0.0	0.0	0.0	0.0	0.0	0.0	0.0	0.0	0.0	0.0	0.0	0.0	0.0	0.0	0.0	0.0	0.0	0.0	0.0	0.0099379	0.0	0.0051546	0.0	0.0	0.0033898	0.0	0.0	0.0020325	0.0162866	0.0298507	0.0177936	0.0185676	0.0	0.0	0.0	0.0	0.0	0.0	0.0	0.0	0.0	0.0	0.0	0.0	0.0	0.0	0.0	0.0	
Sterne pierregarin	0.0	0.0	0.0	0.0	0.0	0.0	0.00625	0.0046296	0.0	0.04375	0.0298507	0.1011905	0.183391	0.150289	0.1554622	0.0949721	0.155102	0.1162791	0.2250804	0.1763975	0.2538226	0.3530928	0.3503836	0.3574219	0.3661017	0.3381818	0.384	0.3902439	0.3224756	0.2686567	0.2775801	0.2546419	0.302439	0.1956522	0.1891892	0.1225806	0.1037037	0.0015	0.020979	0.011583	0.0052632	0.0106952	0.0	0.0	0.0	0.0	0.0	0.0	
Sterne de Dougall	0.0	0.0	0.0	0.0	0.0	0.0	0.0	0.0	0.0135135	0.0125	0.0074627	0.0015	0.0069204	0.0057803	0.0042017	0.0111732	0.0040816	0.0174419	0.0321543	0.021118	0.0214067	0.0489691	0.0358056	0.0527344	0.0101695	0.0181818	0.008	0.0223577	0.0325733	0.0186567	0.0213523	0.0344828	0.0	0.0217391	0.009009	0.0193548	0.0	0.0	0.0	0.0	0.0	0.0	0.0	0.0	0.0	0.0	0.0	0.0	
Sterna sp.	0.0	0.0	0.0	0.0	0.0	0.0	0.0	0.0	0.0	0.0	0.0	0.0	0.0034602	0.0028902	0.0	0.0	0.0	0.0	0.0	0.0	0.0	0.0	0.0	0.0	0.0	0.0	0.0	0.0	0.0	0.0	0.0	0.0026525	0.0	0.0	0.0	0.0	0.0	0.0	0.0	0.0	0.0	0.0	0.0	0.0	0.0	0.0	0.0	0.0	
Sterne caugek	0.0	0.0131579	0.0	0.0	0.0	0.0	0.0	0.0	0.0	0.0	0.0	0.0	0.0	0.0	0.0	0.0027933	0.0040816	0.0	0.0064309	0.0	0.0	0.0	0.0	0.0	0.0	0.0	0.0	0.0020325	0.0	0.0015	0.0	0.0	0.0	0.0	0.0	0.0	0.0148148	0.0015	0.034965	0.0772201	0.0578947	0.0106952	0.0294118	0.0	0.0	0.0	0.0	0.0	
sterne sp.	0.0	0.0	0.0	0.0	0.0	0.0	0.0	0.0	0.0	0.0015	0.0	0.0	0.0034602	0.0028902	0.0042017	0.0027933	0.0	0.0174419	0.0	0.0037267	0.0	0.0015	0.0076726	0.0214844	0.0101695	0.0	0.0053333	0.0020325	0.0130293	0.0149254	0.0071174	0.0	0.004878	0.0	0.009009	0.0129032	0.0	0.0	0.0	0.0	0.0	0.0	0.0	0.0	0.0	0.0	0.0	0.0	
Grèbe à cou noir	0.0	0.0	0.0	0.0	0.0	0.0	0.0	0.0	0.0	0.0	0.0	0.0	0.0	0.0	0.0	0.0	0.0	0.0	0.0	0.0	0.0	0.0	0.0	0.0	0.0	0.0	0.0	0.0	0.0	0.0	0.0	0.0	0.0	0.0	0.0	0.0	0.0	0.0	0.006993	0.0	0.0	0.0	0.0	0.0	0.0	0.0	0.0	0.0	
Phaéton à bec rouge	0.0	0.0	0.0	0.0	0.0	0.0	0.0	0.0	0.0	0.0	0.0	0.0	0.0	0.0	0.0	0.0	0.0	0.0	0.0	0.0	0.0	0.0	0.0025575	0.0039063	0.0	0.0	0.0053333	0.0	0.0	0.0	0.0	0.0	0.0	0.0	0.0	0.0	0.0	0.0	0.0	0.0	0.0	0.0	0.0	0.0	0.0	0.0	0.0	0.0	
Plongeon imbrin	0.0064103	0.0	0.0	0.0	0.0	0.0	0.0	0.0	0.0	0.0	0.0	0.0	0.0	0.0	0.0	0.0	0.0	0.0	0.0	0.0	0.0	0.0	0.0	0.0	0.0	0.0	0.0	0.0	0.0	0.0	0.0	0.0	0.0	0.0	0.0	0.0	0.0	0.0	0.0	0.0	0.0	0.0	0.0	0.0	0.0	0.0	0.0	0.0	
Océanite de Wilson	0.0	0.0	0.0	0.0	0.0	0.0	0.0	0.0	0.0	0.0	0.0	0.0	0.0	0.0	0.0	0.0	0.0040816	0.005814	0.0064309	0.0136646	0.0214067	0.0592784	0.0051151	0.0351563	0.0169492	0.0181818	0.008	0.0101626	0.0130293	0.0410448	0.024911	0.0132626	0.0	0.0	0.0	0.0	0.0	0.0	0.0	0.0	0.0	0.0	0.0	0.0	0.0	0.0	0.0	0.0	
Océanite frégate	0.0	0.0	0.0	0.0	0.0	0.0	0.0	0.0	0.0	0.0	0.0015	0.0	0.0207612	0.0	0.0084034	0.0	0.0081633	0.0	0.0	0.0062112	0.0091743	0.0	0.0051151	0.0175781	0.0015	0.0145455	0.0053333	0.0101626	0.0130293	0.0015	0.0071174	0.0026525	0.0	0.0	0.0	0.0	0.0	0.0	0.0	0.0	0.0	0.0	0.0	0.0	0.0	0.0	0.0	0.0	
Océanite tempête	0.0	0.0	0.0	0.0	0.0	0.0	0.0	0.0	0.0	0.0	0.0	0.0	0.0	0.0028902	0.0042017	0.0027933	0.0081633	0.0	0.0128617	0.0397516	0.0244648	0.0927835	0.0051151	0.0175781	0.0033898	0.0109091	0.016	0.0	0.0065147	0.0	0.0071174	0.005305	0.0	0.0	0.0	0.0	0.0	0.0	0.0	0.0	0.0015	0.0	0.0	0.0	0.0	0.0	0.0	0.0	
Océanite culblanc	0.0	0.0	0.0	0.0	0.0	0.0	0.0	0.0	0.0	0.0	0.0	0.0	0.0	0.0	0.0	0.0	0.0	0.0	0.0	0.0049689	0.0030581	0.0	0.0	0.0	0.0	0.0	0.0	0.0	0.0	0.0	0.0	0.0	0.0	0.0	0.0	0.0	0.0	0.0	0.0	0.0	0.0	0.0053476	0.0	0.0	0.0	0.0	0.0	0.0	
Océanite de Castro	0.0064103	0.0394737	0.0	0.0	0.0	0.0	0.0	0.0015	0.0	0.0	0.0	0.0	0.0034602	0.0057803	0.0	0.0027933	0.0122449	0.0	0.0192926	0.0335404	0.0183486	0.0386598	0.0127877	0.0507813	0.0135593	0.0181818	0.0266667	0.0264228	0.0032573	0.0074627	0.0106762	0.0106101	0.004878	0.0	0.0	0.0	0.0	0.0	0.0	0.015444	0.0368421	0.0160428	0.0098039	0.009434	0.0	0.0	0.0	0.0	
Hydrobates sp. (complexe O. de Castro)	0.0	0.0	0.0	0.0	0.0	0.0	0.0	0.0	0.0	0.0	0.0	0.0	0.0	0.0	0.0	0.0	0.0	0.0	0.0	0.0	0.0	0.0	0.0	0.0	0.0033898	0.0	0.0	0.0	0.0	0.0	0.0	0.0	0.0	0.0	0.0	0.0	0.0	0.0	0.0	0.0	0.0	0.0	0.0	0.0	0.0	0.0	0.0	0.0	
Hydrobates sp.	0.0	0.0	0.0	0.0	0.0	0.0	0.0	0.0	0.0	0.0	0.0	0.0	0.0	0.0	0.0	0.0	0.0	0.0	0.0	0.0012422	0.0	0.0	0.0	0.0	0.0	0.0	0.0	0.0	0.0	0.0	0.0	0.0	0.0	0.0	0.0	0.0	0.0	0.0	0.0	0.0	0.0	0.0	0.0	0.0	0.0	0.0	0.0	0.0	
océanite sp.	0.0	0.0	0.0	0.0	0.0	0.0	0.0	0.0	0.0	0.0	0.0	0.0	0.0	0.0	0.0	0.0	0.0	0.0	0.0	0.0037267	0.0	0.0015	0.0025575	0.0039063	0.0033898	0.0036364	0.0	0.0	0.0032573	0.0149254	0.0	0.0	0.0	0.0	0.0	0.0	0.0148148	0.0	0.006993	0.007722	0.0105263	0.0	0.0	0.0	0.0	0.0	0.0	0.0	
Pétrel de Madère	0.0	0.0	0.0	0.0	0.0	0.0	0.0	0.0	0.0135135	0.0	0.0074627	0.0119048	0.0138408	0.0057803	0.0042017	0.0055866	0.0244898	0.0116279	0.0353698	0.0509317	0.0611621	0.1030928	0.056266	0.1230469	0.0474576	0.0981818	0.088	0.0650407	0.0456026	0.0447761	0.0391459	0.0238727	0.0	0.0	0.0	0.0258065	0.0296296	0.0	0.0	0.0	0.0	0.0	0.0	0.0	0.0	0.0	0.0	0.0	
Pétrel des Desertas	0.0	0.0	0.0	0.0	0.0	0.0	0.0	0.0	0.0	0.0	0.0	0.0	0.0	0.0	0.0	0.0015	0.0081633	0.0	0.0015	0.0322981	0.0550459	0.1262887	0.056266	0.1289063	0.0847458	0.0945455	0.1226667	0.0934959	0.1009772	0.1119403	0.1245552	0.0822281	0.0585366	0.0652174	0.0720721	0.0580645	0.0296296	0.0253165	0.020979	0.034749	0.0210526	0.0213904	0.0196078	0.0283019	0.0	0.0	0.0	0.0	
Pétrel gongon ou des Desertas	0.0	0.0	0.0	0.0	0.0	0.0	0.0	0.0	0.0	0.0	0.0	0.0	0.0	0.0	0.0	0.0	0.0	0.0	0.0	0.0	0.0	0.0025773	0.0	0.0019531	0.0135593	0.0	0.0	0.0	0.0	0.0	0.0035587	0.0026525	0.0	0.0	0.0	0.0	0.0	0.0	0.0	0.0	0.0	0.0	0.0	0.0	0.0	0.0	0.0	0.0	
Pétrel de Madère ou P. gongon ou P. des Desertas	0.0	0.0	0.0	0.0	0.0	0.0	0.0	0.0	0.0	0.0	0.0	0.0	0.0	0.0	0.0	0.0	0.0	0.0	0.0	0.0111801	0.0275229	0.0309278	0.0332481	0.046875	0.020339	0.0290909	0.0533333	0.0304878	0.029316	0.0186567	0.024911	0.0132626	0.0146341	0.0108696	0.0	0.0129032	0.0148148	0.0015	0.013986	0.0	0.0052632	0.0	0.0	0.0	0.0	0.0	0.0	0.0	
Pétrel diablotin	0.0	0.0	0.0	0.0	0.0	0.0	0.0	0.0	0.0	0.0	0.0	0.0	0.0	0.0	0.0	0.0	0.0	0.0	0.0	0.0012422	0.0	0.0	0.0	0.0	0.0	0.0	0.0	0.0	0.0	0.0	0.0	0.0	0.0	0.0	0.0	0.0	0.0	0.0	0.0	0.0	0.0	0.0	0.0	0.0	0.0	0.0	0.0	0.0	
Pterodroma sp.	0.0	0.0	0.0	0.0	0.0	0.0	0.0	0.0	0.0	0.0	0.0	0.0	0.0034602	0.0	0.0	0.0055866	0.0	0.0	0.0	0.0111801	0.0030581	0.0283505	0.0127877	0.0410156	0.0067797	0.0181818	0.0133333	0.0101626	0.029316	0.011194	0.0	0.0132626	0.0	0.0108696	0.0	0.0	0.0	0.0	0.0	0.0	0.0	0.0	0.0	0.0	0.0	0.0	0.0	0.0	
Pétrel de Bulwer	0.0	0.0	0.0	0.0	0.0	0.0	0.0	0.0	0.0	0.0	0.0	0.0	0.0242215	0.0028902	0.0462185	0.0251397	0.0897959	0.0290698	0.0514469	0.1267081	0.1009174	0.1572165	0.1074169	0.25	0.1457627	0.1890909	0.224	0.1808943	0.228013	0.2014925	0.252669	0.132626	0.1219512	0.076087	0.0810811	0.0516129	0.0296296	0.0	0.006993	0.003861	0.0	0.0106952	0.0015	0.0	0.0	0.0	0.0	0.0	
Puffin cendré	0.0	0.0	0.0	0.0	0.009434	0.0	0.0	0.0324074	0.027027	0.0375	0.0597015	0.0238095	0.1384083	0.0375723	0.0504202	0.0335196	0.0816327	0.0581395	0.0482315	0.1254658	0.1192661	0.193299	0.1202046	0.2480469	0.2237288	0.1963636	0.208	0.2093496	0.2736156	0.1828358	0.2313167	0.1538462	0.1512195	0.0543478	0.0990991	0.0709677	0.0814815	0.0126582	0.1188811	0.1196911	0.1315789	0.0855615	0.0588235	0.0377358	0.0	0.0	0.0	0.0	
Puffin de Scopoli	0.0	0.0	0.0	0.0	0.0	0.0	0.0	0.0	0.0	0.0	0.0	0.0	0.0034602	0.0	0.0	0.0	0.0	0.0	0.0	0.0012422	0.0	0.0	0.0	0.0	0.0033898	0.0	0.0	0.0	0.0	0.0	0.0	0.0	0.0	0.0	0.0	0.0	0.0	0.0	0.0	0.0	0.0	0.0	0.0	0.0	0.0	0.0	0.0	0.0	
Puffin cendré ou P. de Scopoli	0.0	0.0131579	0.0	0.0068493	0.0	0.0	0.00625	0.0138889	0.0405405	0.0375	0.0298507	0.0178571	0.0553633	0.0549133	0.0882353	0.0391061	0.0326531	0.0406977	0.0514469	0.0484472	0.0458716	0.0463918	0.0332481	0.0742188	0.0610169	0.0654545	0.0746667	0.0995935	0.0651466	0.0895522	0.0676157	0.1087533	0.0731707	0.0869565	0.0900901	0.0451613	0.0888889	0.0759494	0.0769231	0.042471	0.0368421	0.0641711	0.0294118	0.009434	0.0	0.0	0.0	0.0	
Puffin du Cap-Vert	0.0	0.0	0.0	0.0	0.0	0.0	0.0	0.0	0.0	0.0	0.0	0.0	0.0	0.0	0.0	0.0	0.0	0.0	0.0	0.0	0.0	0.0	0.0	0.0	0.0	0.0	0.0	0.0	0.0065147	0.0	0.0	0.0	0.0	0.0	0.0	0.0	0.0	0.0	0.0	0.0	0.0	0.0	0.0	0.0	0.0	0.0	0.0	0.0	
Puffin majeur	0.0	0.0	0.0	0.0	0.0	0.0	0.0	0.0	0.0	0.0	0.0	0.0	0.0	0.0	0.0	0.0	0.0	0.0	0.0	0.0	0.0030581	0.0025773	0.0076726	0.0175781	0.0033898	0.0036364	0.0053333	0.0060976	0.0032573	0.0298507	0.0355872	0.061008	0.004878	0.0	0.018018	0.0064516	0.0	0.0	0.0	0.011583	0.0	0.0213904	0.0	0.0	0.0	0.0	0.0	0.0	
Puffin fuligineux	0.0	0.0	0.0	0.0	0.0	0.0	0.0	0.0	0.0	0.0	0.0	0.0	0.0	0.0028902	0.0	0.0027933	0.0122449	0.0	0.0096463	0.0024845	0.0	0.0	0.0	0.0058594	0.0033898	0.0036364	0.0	0.0101626	0.0065147	0.0015	0.0	0.0265252	0.0097561	0.0	0.009009	0.0	0.0	0.0	0.0	0.007722	0.0157895	0.0053476	0.0	0.0	0.0	0.0	0.0	0.0	
Puffin des Anglais	0.0	0.0	0.0247934	0.0015	0.0	0.0053476	0.0	0.0138889	0.0135135	0.03125	0.0074627	0.0178571	0.0726644	0.0260116	0.0336134	0.0167598	0.0571429	0.0523256	0.0610932	0.0944099	0.0764526	0.1520619	0.0818414	0.1464844	0.0881356	0.0545455	0.064	0.0284553	0.0065147	0.0223881	0.0391459	0.0636605	0.0146341	0.0434783	0.0540541	0.0258065	0.0296296	0.0	0.0559441	0.003861	0.0157895	0.0160428	0.0	0.0	0.0	0.0	0.0	0.0090498	
Puffin de Macaronésie	0.0064103	0.0131579	0.0	0.0015	0.0	0.0	0.0	0.0	0.027027	0.03125	0.0	0.0015	0.0207612	0.0115607	0.0084034	0.0055866	0.0122449	0.0116279	0.0128617	0.0173913	0.0122324	0.0128866	0.0102302	0.0136719	0.020339	0.0145455	0.0026667	0.0101626	0.0032573	0.0074627	0.0035587	0.0079576	0.0	0.0	0.0	0.0129032	0.0	0.0	0.006993	0.007722	0.0105263	0.0	0.0015	0.009434	0.0	0.0	0.0	0.0	
Puffinus sp. (noir et blanc)	0.0	0.0	0.0	0.0	0.0	0.0	0.0	0.0	0.0	0.0	0.0	0.0	0.0034602	0.0	0.0015	0.0	0.0	0.0	0.0032154	0.0012422	0.0091743	0.0	0.0025575	0.0058594	0.0	0.0	0.0026667	0.0	0.0	0.0074627	0.0035587	0.0132626	0.004878	0.0	0.0	0.0064516	0.0074074	0.0	0.006993	0.0	0.0	0.0	0.0	0.0	0.0	0.0	0.0	0.0	
Calonectris, Ardenna ou Puffinus sp.	0.0	0.0	0.0	0.0015	0.0	0.0	0.0	0.0046296	0.0	0.0	0.0074627	0.0	0.0034602	0.0057803	0.0042017	0.0	0.0	0.0	0.0	0.0024845	0.0	0.007732	0.0051151	0.0019531	0.0135593	0.0	0.0	0.0060976	0.0032573	0.0037313	0.0	0.0132626	0.0	0.0	0.0	0.0	0.0074074	0.0126582	0.0	0.0	0.0052632	0.0	0.0	0.009434	0.0	0.0	0.0	0.0	
Fou de Bassan	0.0	0.0	0.0082645	0.0	0.0	0.0213904	0.00625	0.0231481	0.027027	0.01875	0.0149254	0.0	0.0034602	0.0086705	0.0042017	0.0027933	0.0040816	0.0	0.0	0.0	0.0	0.007732	0.0	0.0	0.0	0.0	0.0	0.0020325	0.0	0.0	0.0	0.0	0.0	0.0	0.0	0.0	0.0	0.0	0.0015	0.0	0.0105263	0.0160428	0.0	0.0	0.0	0.0	0.0	0.0	
Fou brun	0.0	0.0	0.0	0.0	0.0	0.0	0.0	0.0	0.0	0.0	0.0	0.0	0.0	0.0	0.0	0.0	0.0	0.0	0.0	0.0	0.0	0.0	0.0025575	0.0	0.0	0.0	0.0	0.0	0.0032573	0.0	0.0	0.0	0.0	0.0	0.0	0.0	0.0	0.0	0.0	0.0	0.0	0.0	0.0	0.0	0.0	0.0	0.0	0.0	
Grand Cormoran	0.0	0.0	0.0330579	0.0136986	0.0	0.0	0.0	0.0	0.0	0.0	0.0	0.0	0.0	0.0	0.0	0.0	0.0	0.0	0.0	0.0	0.0	0.0	0.0	0.0	0.0	0.0	0.0	0.0	0.0	0.0	0.0	0.0	0.0	0.0	0.0	0.0	0.0	0.0	0.0	0.003861	0.0	0.0053476	0.0	0.0	0.0090909	0.0	0.0097087	0.0090498	
Ibis falcinelle	0.0064103	0.0131579	0.0165289	0.0068493	0.0015	0.0015	0.0125	0.0092593	0.027027	0.0125	0.0149254	0.0059524	0.0	0.0	0.0042017	0.0027933	0.0040816	0.005814	0.0064309	0.0012422	0.0030581	0.007732	0.0076726	0.0	0.0015	0.0036364	0.0053333	0.0020325	0.0015	0.0	0.0	0.0	0.0195122	0.0108696	0.018018	0.0	0.0	0.0253165	0.0015	0.007722	0.0105263	0.0	0.0098039	0.009434	0.0015	0.0116279	0.0097087	0.0135747	
Spatule blanche	0.0015	0.0	0.0	0.0	0.0	0.0	0.00625	0.0	0.0135135	0.00625	0.0149254	0.0	0.0103806	0.0057803	0.0	0.0015	0.0015	0.0	0.0	0.0	0.0030581	0.0	0.0	0.0	0.0	0.0	0.0	0.0	0.0	0.0037313	0.0	0.0	0.0195122	0.0	0.0	0.0	0.0	0.0379747	0.0015	0.003861	0.0105263	0.0	0.0	0.0	0.0090909	0.0	0.0	0.0045249	
Bihoreau violacé	0.0	0.0	0.0	0.0	0.0	0.0	0.0	0.0	0.0	0.0	0.0	0.0	0.0	0.0	0.0	0.0	0.0	0.0	0.0	0.0037267	0.0	0.0	0.0	0.0	0.0	0.0	0.0	0.0	0.0	0.0	0.0	0.0	0.0	0.0	0.0	0.0	0.0	0.0	0.0	0.0	0.0	0.0	0.0	0.0	0.0	0.0	0.0	0.0	
Bihoreau gris	0.0	0.0	0.0	0.0	0.0	0.0015	0.0	0.0	0.0015	0.0	0.0149254	0.0	0.0034602	0.0028902	0.0042017	0.0	0.0040816	0.0	0.0015	0.0049689	0.0	0.0025773	0.0	0.0	0.0033898	0.0	0.0	0.0	0.0	0.0	0.0	0.0	0.0	0.0	0.0	0.0	0.0074074	0.0	0.0	0.0	0.0	0.0	0.0	0.0	0.0	0.0	0.0	0.0	
Aigrette garzette	0.0641026	0.0657895	0.0661157	0.0410959	0.0660377	0.0748663	0.0625	0.0972222	0.0135135	0.075	0.0522388	0.0297619	0.0380623	0.017341	0.0462185	0.0223464	0.0204082	0.0348837	0.0128617	0.0223602	0.0214067	0.0283505	0.0358056	0.0253906	0.020339	0.0072727	0.0186667	0.0162602	0.0358306	0.0149254	0.0284698	0.0291777	0.0878049	0.0978261	0.0540541	0.083871	0.0518519	0.1012658	0.1468531	0.0579151	0.0578947	0.0909091	0.1470588	0.0754717	0.0909091	0.0697674	0.0582524	0.0859729	
Crabier chevelu	0.0	0.0	0.0	0.0	0.0	0.0	0.0	0.0	0.0	0.0	0.0	0.0	0.0034602	0.0028902	0.0168067	0.0015	0.0244898	0.0	0.0015	0.0	0.0	0.0051546	0.0	0.0	0.0	0.0	0.0	0.0	0.0	0.0	0.0	0.0	0.0	0.0	0.0	0.0	0.0	0.0	0.0	0.0015	0.0	0.0	0.0	0.0	0.0	0.0	0.0	0.0	
Héron garde-boeufs	0.0064103	0.0	0.0082645	0.0015	0.0	0.0053476	0.0	0.0092593	0.0	0.00625	0.0149254	0.0	0.0103806	0.0028902	0.0	0.0	0.0	0.0	0.0	0.0012422	0.0	0.0	0.0	0.0	0.0	0.0	0.0	0.0	0.0032573	0.0	0.0	0.0	0.0	0.0108696	0.0	0.0	0.0015	0.0253165	0.020979	0.0	0.0052632	0.0	0.0	0.0	0.0	0.0	0.0097087	0.0226244	
Grande Aigrette	0.0128205	0.0	0.0	0.0	0.0	0.0	0.0	0.0	0.0	0.0	0.0	0.0	0.0	0.0	0.0	0.0	0.0	0.0	0.0	0.0	0.0	0.0	0.0	0.0	0.0	0.0	0.0	0.0	0.0	0.0	0.0	0.0	0.0	0.0	0.0	0.0	0.0015	0.0126582	0.006993	0.0015	0.0	0.0053476	0.0	0.0015	0.0015	0.0	0.0	0.0	
Héron cendré	0.0641026	0.0789474	0.0495868	0.0205479	0.0377358	0.0481283	0.05	0.0324074	0.0015	0.0375	0.0746269	0.0178571	0.0588235	0.0346821	0.0084034	0.0167598	0.0326531	0.0174419	0.0128617	0.0186335	0.030581	0.0231959	0.0358056	0.0078125	0.0067797	0.0109091	0.0106667	0.0223577	0.0325733	0.0298507	0.024911	0.0318302	0.0634146	0.0326087	0.0810811	0.0322581	0.0592593	0.0759494	0.1048951	0.0501931	0.0736842	0.1122995	0.0686275	0.0283019	0.0636364	0.0581395	0.0970874	0.0859729	
Héron pourpré	0.0	0.0	0.0	0.0	0.0	0.0	0.0	0.0	0.0	0.0	0.0	0.0059524	0.0103806	0.0028902	0.012605	0.0	0.0015	0.0	0.0	0.0	0.0	0.0025773	0.0	0.0	0.0	0.0	0.0	0.0	0.0	0.0	0.0	0.0	0.0	0.0	0.0	0.0	0.0	0.0	0.0	0.0	0.0	0.0	0.0	0.0	0.0	0.0	0.0	0.0	
ardeidé sp.	0.0	0.0	0.0	0.0015	0.0	0.0	0.0	0.0046296	0.0	0.0	0.0	0.0	0.0	0.0	0.0	0.0	0.0	0.0	0.0	0.0	0.0	0.0	0.0	0.0	0.0	0.0	0.0	0.0	0.0	0.0	0.0	0.0	0.0	0.0	0.0	0.0	0.0148148	0.0	0.0	0.0	0.0	0.0	0.0	0.0	0.0	0.0	0.0	0.0	
Balbuzard pêcheur	0.0	0.0	0.0	0.0	0.0	0.0	0.0	0.0	0.0	0.0	0.0	0.0	0.0	0.0028902	0.0	0.0	0.0	0.0	0.0	0.0	0.0	0.0	0.0	0.0	0.0	0.0	0.0015	0.0	0.0	0.0	0.0	0.0026525	0.0	0.0	0.0	0.0	0.0	0.0	0.0	0.0	0.0052632	0.0	0.0	0.009434	0.0	0.0	0.0	0.0	
Aigle botté	0.0064103	0.0015	0.0	0.0	0.009434	0.0	0.0	0.0	0.0	0.0	0.0149254	0.0	0.0	0.0	0.0	0.0	0.0015	0.0	0.0	0.0015	0.0030581	0.0	0.0	0.0015	0.0	0.0	0.0	0.0	0.0	0.0	0.0	0.0	0.0	0.0	0.0	0.0	0.0	0.0	0.0	0.003861	0.0105263	0.0053476	0.0015	0.0	0.0	0.0	0.0	0.0	
Épervier d'Europe	0.025641	0.0131579	0.0413223	0.0136986	0.0377358	0.0106952	0.04375	0.0231481	0.027027	0.00625	0.0149254	0.0119048	0.0069204	0.0144509	0.012605	0.0167598	0.0204082	0.0116279	0.0257235	0.021118	0.0336391	0.0257732	0.0127877	0.015625	0.0169492	0.0072727	0.0293333	0.0264228	0.0358306	0.0149254	0.0142349	0.0212202	0.0015	0.0108696	0.036036	0.0322581	0.0222222	0.0379747	0.0559441	0.015444	0.0263158	0.0213904	0.0686275	0.0283019	0.0272727	0.0232558	0.0194175	0.040724	
Aerospiza, Tachyspiza, Accipiter ou Astur sp.	0.0	0.0	0.0	0.0	0.0	0.0	0.0	0.0	0.0	0.0	0.0	0.0	0.0	0.0	0.0	0.0027933	0.0	0.0	0.0	0.0	0.0	0.0	0.0	0.0	0.0033898	0.0	0.0	0.0	0.0	0.0	0.0	0.0	0.0	0.0108696	0.0015	0.0	0.0	0.0	0.0	0.0	0.0	0.0	0.0	0.0	0.0	0.0	0.0	0.0	
Busard des roseaux	0.0	0.0	0.0	0.0	0.0	0.0	0.0	0.0	0.0	0.0	0.0	0.0238095	0.0242215	0.0057803	0.0	0.0015	0.0	0.0	0.0	0.0	0.0	0.0	0.0	0.0	0.0	0.0	0.0	0.0	0.0	0.0	0.0	0.0	0.0	0.0	0.0	0.0	0.0	0.0	0.0	0.0	0.0	0.0	0.0	0.0	0.0	0.0	0.0	0.0	
Busard pâle	0.0	0.0	0.0	0.0	0.0	0.0	0.0	0.0	0.0	0.0	0.0	0.0059524	0.0034602	0.0	0.0	0.0	0.0	0.0	0.0	0.0	0.0	0.0	0.0	0.0	0.0	0.0	0.0	0.0	0.0	0.0	0.0	0.0	0.0	0.0	0.0	0.0	0.0	0.0	0.0	0.0	0.0	0.0	0.0	0.0	0.0	0.0	0.0	0.0	
Busard cendré	0.0	0.0	0.0	0.0	0.0	0.0	0.0	0.0	0.0	0.0	0.0	0.0238095	0.0207612	0.0086705	0.0042017	0.0	0.0	0.0	0.0	0.0	0.0	0.0	0.0	0.0	0.0	0.0	0.0	0.0	0.0	0.0	0.0	0.0	0.0	0.0	0.0	0.0	0.0	0.0	0.0	0.0	0.0	0.0	0.0	0.0	0.0	0.0	0.0	0.0	
busard sp.	0.0	0.0	0.0	0.0	0.0	0.0	0.0	0.0	0.0	0.0	0.0	0.0	0.0	0.0028902	0.0	0.0	0.0	0.0	0.0	0.0	0.0	0.0	0.0	0.0	0.0	0.0	0.0	0.0	0.0	0.0	0.0	0.0	0.0	0.0	0.0	0.0	0.0	0.0	0.0	0.0	0.0	0.0	0.0	0.0	0.0	0.0	0.0	0.0	
Milan royal	0.0	0.0	0.0	0.0	0.0	0.0	0.0	0.0	0.0	0.0	0.0074627	0.0	0.0	0.0	0.0	0.0	0.0	0.0	0.0	0.0	0.0	0.0015	0.0025575	0.0	0.0	0.0	0.0	0.0	0.0	0.0	0.0	0.0	0.0	0.0	0.0	0.0	0.0	0.0	0.0015	0.0	0.0	0.0	0.0	0.0	0.0	0.0	0.0	0.0	
Milan noir	0.0	0.0	0.0	0.0	0.0	0.0	0.0	0.0	0.0	0.0	0.0	0.0	0.0	0.0	0.0042017	0.0	0.0	0.0	0.0	0.0012422	0.0030581	0.0	0.0025575	0.0	0.0	0.0	0.0	0.0	0.0	0.0	0.0	0.0	0.0	0.0	0.0	0.0	0.0	0.0	0.0	0.0	0.0	0.0	0.0	0.0	0.0	0.0	0.0	0.0	
Buse de Harris	0.0	0.0131579	0.0	0.0	0.0	0.0	0.0	0.0	0.0	0.0	0.0	0.0	0.0	0.0	0.0	0.0	0.0	0.0	0.0	0.0	0.0	0.0	0.0	0.0	0.0	0.0	0.0	0.0	0.0	0.0	0.0	0.0	0.0	0.0	0.0	0.0	0.0	0.0	0.0	0.0	0.0	0.0	0.0	0.0	0.0	0.0	0.0	0.0	
Buse pattue	0.0	0.0	0.0	0.0	0.0	0.0	0.0	0.0	0.0	0.0	0.0	0.0	0.0	0.0	0.0	0.0	0.0	0.0	0.0	0.0	0.0	0.0	0.0	0.0	0.0	0.0	0.0	0.0	0.0	0.0	0.0	0.0	0.0	0.0	0.0	0.0	0.0	0.0	0.0	0.0	0.0052632	0.0	0.0	0.0	0.0	0.0	0.0	0.0	
Buse variable	0.2371795	0.1973684	0.1157025	0.1506849	0.1792453	0.1871658	0.2375	0.1574074	0.1621622	0.1125	0.1343284	0.1071429	0.1695502	0.1242775	0.0504202	0.0614525	0.0897959	0.1104651	0.1286174	0.0981366	0.1223242	0.1314433	0.1150895	0.1152344	0.1932203	0.1090909	0.1466667	0.1443089	0.1433225	0.1529851	0.1103203	0.0822281	0.1658537	0.1956522	0.2252252	0.1548387	0.1555556	0.278481	0.1888112	0.1467181	0.1842105	0.171123	0.1862745	0.1981132	0.1545455	0.1395349	0.1262136	0.2262443	
Buteo sp.	0.0	0.0	0.0	0.0	0.0	0.0	0.0	0.0015	0.0	0.0	0.0	0.0	0.0	0.0	0.0	0.0	0.0	0.0	0.0	0.0	0.0015	0.0	0.0	0.0	0.0	0.0	0.0	0.0	0.0	0.0037313	0.0	0.0	0.0	0.0	0.0	0.0	0.0	0.0	0.0	0.0	0.0	0.0	0.0	0.0	0.0	0.0	0.0	0.0	
rapace sp.	0.0	0.0	0.0	0.0068493	0.0	0.0	0.0	0.0	0.0	0.0	0.0	0.0	0.0	0.0015	0.0015	0.0027933	0.0	0.005814	0.0	0.0	0.0	0.0	0.0	0.0	0.0	0.0	0.0	0.0	0.0	0.0	0.0	0.0	0.0	0.0	0.0	0.0	0.0074074	0.0	0.0	0.0	0.0	0.0	0.0	0.0	0.0	0.0	0.0	0.0	
Effraie des clochers	0.0128205	0.0	0.0	0.0015	0.0	0.0053476	0.0015	0.0015	0.0015	0.00625	0.0015	0.0015	0.0069204	0.0028902	0.0042017	0.0015	0.0015	0.005814	0.0	0.0062112	0.0183486	0.0051546	0.0153453	0.0058594	0.0067797	0.0036364	0.0015	0.0121951	0.0228013	0.011194	0.0142349	0.0106101	0.0015	0.0108696	0.009009	0.0064516	0.0015	0.0126582	0.0015	0.015444	0.0015	0.0053476	0.0	0.0	0.0015	0.0	0.0015	0.0015	
Hibou moyen-duc	0.0	0.0	0.0	0.0	0.0	0.0	0.0	0.0	0.0	0.0	0.0	0.0	0.0	0.0	0.0	0.0	0.0	0.0	0.0	0.0	0.0	0.0	0.0	0.0	0.0	0.0	0.0026667	0.0	0.0	0.0	0.0	0.0	0.0015	0.0	0.0	0.0	0.0	0.0	0.020979	0.0	0.0	0.0	0.0	0.0	0.0	0.0	0.0	0.0	
Hibou des marais	0.0	0.0	0.0	0.0	0.0	0.0	0.0	0.0	0.0	0.0	0.0	0.0	0.0	0.0	0.0	0.0	0.0	0.0	0.0	0.0	0.0	0.0	0.0	0.0	0.0	0.0	0.0	0.0	0.0	0.0	0.0	0.0	0.0	0.0	0.0	0.0	0.0	0.0	0.0	0.0	0.0	0.0053476	0.0	0.0	0.0	0.0	0.0	0.0	
Strigiformes sp.	0.0	0.0	0.0	0.0	0.0	0.0	0.0	0.0	0.0	0.0	0.0	0.0	0.0	0.0	0.0	0.0	0.0	0.0	0.0	0.0012422	0.0	0.0	0.0	0.0	0.0	0.0015	0.0	0.0	0.0	0.0	0.0	0.0	0.0	0.0	0.0	0.0	0.0	0.0	0.0	0.0	0.0	0.0	0.0	0.0	0.0	0.0	0.0	0.0	
Huppe fasciée	0.025641	0.0263158	0.0082645	0.0136986	0.0188679	0.026738	0.04375	0.037037	0.0540541	0.025	0.0597015	0.0357143	0.0761246	0.0317919	0.0294118	0.0586592	0.0489796	0.0174419	0.0192926	0.0298137	0.0275229	0.0309278	0.0358056	0.0234375	0.020339	0.0036364	0.008	0.0121951	0.0130293	0.0074627	0.0142349	0.0079576	0.0731707	0.0217391	0.027027	0.0258065	0.0148148	0.0379747	0.0769231	0.019305	0.0421053	0.0748663	0.0	0.009434	0.0272727	0.0232558	0.0097087	0.0769231	
Guêpier d'Europe	0.0	0.0	0.0	0.0	0.0	0.0	0.0	0.0	0.0	0.0	0.0	0.0059524	0.0103806	0.0028902	0.0	0.0	0.0	0.0	0.0	0.0	0.0	0.0	0.0	0.0	0.0	0.0	0.0	0.0	0.0	0.0	0.0	0.0	0.0	0.0	0.0	0.0	0.0	0.0	0.0	0.0	0.0	0.0	0.0	0.0	0.0	0.0	0.0	0.0	
Martin-pêcheur d'Europe	0.0	0.0	0.0	0.0	0.0015	0.0	0.0	0.0	0.0	0.0125	0.0	0.0	0.0	0.0	0.0	0.0	0.0	0.0	0.0	0.0	0.0	0.0	0.0	0.0	0.0	0.0	0.0	0.0	0.0	0.0	0.0	0.0	0.0097561	0.0	0.0	0.0	0.0	0.0126582	0.0	0.0	0.0	0.0	0.0	0.0	0.0	0.0	0.0097087	0.0045249	
Rollier d'Europe	0.0	0.0	0.0	0.0	0.0	0.0	0.0	0.0	0.0	0.0	0.0	0.0	0.0	0.0	0.0	0.0	0.0	0.0	0.0	0.0	0.0	0.0	0.0	0.0019531	0.0	0.0	0.0	0.0	0.0	0.0	0.0	0.0	0.0	0.0	0.0	0.0	0.0	0.0	0.0	0.0	0.0	0.0	0.0	0.0	0.0	0.0	0.0	0.0	
Torcol fourmilier	0.0	0.0	0.0	0.0	0.0	0.0	0.0	0.0	0.0	0.0	0.0	0.0	0.0	0.0	0.0	0.0	0.0	0.0	0.0	0.0	0.0	0.0	0.0	0.0	0.0	0.0	0.0	0.0	0.0	0.0	0.0	0.0	0.004878	0.0	0.0	0.0	0.0	0.0	0.0	0.0	0.0	0.0	0.0	0.0	0.0	0.0	0.0	0.0	
Faucon crécerelle	0.525641	0.5	0.3884298	0.4109589	0.4811321	0.5187166	0.4125	0.4166667	0.3918919	0.4	0.3955224	0.3928571	0.3598616	0.3208092	0.2268908	0.2094972	0.3183673	0.3197674	0.318328	0.263354	0.4097859	0.4175258	0.398977	0.34375	0.4508475	0.3381818	0.3733333	0.3780488	0.3517915	0.3544776	0.3096085	0.3262599	0.4634146	0.423913	0.3693694	0.3677419	0.4518519	0.4303797	0.4265734	0.3822394	0.4052632	0.4652406	0.3823529	0.4433962	0.6	0.4883721	0.5048544	0.5565611	
Faucon d'Éléonore	0.0	0.0	0.0	0.0	0.0	0.0	0.0	0.0	0.0	0.0	0.0	0.0	0.0	0.0	0.0	0.0	0.0	0.0	0.0	0.0	0.0	0.0	0.0	0.0	0.0	0.0	0.0	0.0	0.0032573	0.0	0.0	0.0	0.0	0.0	0.0	0.0	0.0	0.0	0.0	0.0	0.0	0.0	0.0	0.0	0.0	0.0	0.0	0.0	
Faucon hobereau	0.0	0.0	0.0	0.0	0.0	0.0	0.0	0.0	0.0	0.0	0.0	0.0	0.0	0.0	0.0	0.0	0.0	0.0	0.0	0.0	0.0	0.0	0.0	0.0	0.0	0.0	0.0	0.0	0.0	0.0	0.0	0.0	0.0	0.0	0.0	0.0064516	0.0	0.0	0.0	0.0	0.0	0.0	0.0	0.0	0.0	0.0	0.0	0.0	
Faucon pèlerin	0.0128205	0.0131579	0.0	0.0136986	0.009434	0.0106952	0.0375	0.0046296	0.0135135	0.01875	0.0015	0.0	0.0138408	0.0086705	0.0042017	0.0	0.0040816	0.0	0.0015	0.0086957	0.0091743	0.0128866	0.0358056	0.0175781	0.0101695	0.0145455	0.0186667	0.0121951	0.0065147	0.011194	0.0035587	0.0159151	0.0195122	0.0	0.0	0.0	0.0444444	0.0015	0.020979	0.023166	0.0210526	0.0427807	0.0	0.0188679	0.0363636	0.0232558	0.0	0.0090498	
Falco sp.	0.0	0.0	0.0	0.0	0.0	0.0	0.0	0.0046296	0.0	0.0	0.0	0.0015	0.0	0.0	0.0	0.0	0.0040816	0.0	0.0	0.0	0.0	0.0	0.0025575	0.0019531	0.0033898	0.0	0.0	0.0	0.0032573	0.0	0.0	0.0	0.0	0.0	0.0	0.0	0.0	0.0	0.006993	0.0	0.0	0.0053476	0.0	0.0	0.0	0.0	0.0	0.0	
rapace diurne sp.	0.0	0.0	0.0	0.0	0.0	0.0	0.0	0.0015	0.0	0.0	0.0	0.0	0.0	0.0	0.0	0.0	0.0	0.005814	0.0032154	0.0	0.0	0.0	0.0	0.0019531	0.0	0.0	0.0	0.0	0.0	0.0	0.0	0.0015	0.0	0.0	0.0	0.0	0.0	0.0	0.0	0.0	0.0	0.0	0.0098039	0.0	0.0	0.0	0.0	0.0	
Calopsitte élégante	0.0	0.0	0.0	0.0	0.0	0.0	0.0	0.0	0.0	0.0	0.0	0.0	0.0	0.0	0.0	0.0	0.0	0.0	0.0	0.0012422	0.0	0.0	0.0	0.0	0.0	0.0	0.0026667	0.0020325	0.0	0.0	0.0	0.0	0.0	0.0	0.0	0.0	0.0	0.0	0.0	0.0	0.0	0.0	0.0	0.0	0.0	0.0	0.0	0.0	
Perruche à collier	0.0	0.0	0.0	0.0	0.0	0.0	0.0	0.0046296	0.0	0.0	0.0	0.0	0.0	0.0	0.0	0.0	0.0	0.0	0.0	0.0	0.0	0.0	0.0	0.0	0.0	0.0	0.0	0.0	0.0	0.0	0.0	0.0	0.0	0.0	0.0	0.0	0.0	0.0	0.0	0.0	0.0	0.0	0.0	0.0	0.0	0.0	0.0	0.0	
Inséparable rosegorge	0.0	0.0	0.0	0.0	0.0	0.0	0.0	0.0	0.0	0.0	0.0	0.0	0.0	0.0	0.0	0.0	0.0	0.0	0.0	0.0012422	0.0	0.0	0.0	0.0	0.0	0.0	0.0	0.0	0.0	0.0	0.0	0.0	0.0	0.0	0.0	0.0	0.0	0.0	0.0	0.0	0.0	0.0	0.0	0.0	0.0	0.0	0.0	0.0	
Inséparable de Fischer	0.0	0.0	0.0	0.0	0.0	0.0	0.0	0.0	0.0	0.0	0.0	0.0	0.0	0.0	0.0	0.0	0.0	0.0	0.0	0.0	0.0	0.0	0.0	0.0	0.0	0.0	0.0	0.0	0.0	0.0	0.0	0.0	0.0	0.0108696	0.0	0.0	0.0	0.0	0.0	0.0	0.0	0.0	0.0	0.0	0.0	0.0	0.0	0.0	
inséparable sp.	0.0	0.0	0.0	0.0	0.0	0.0	0.0	0.0	0.0	0.0	0.0	0.0	0.0	0.0	0.0	0.0	0.0	0.0	0.0	0.0012422	0.0	0.0	0.0	0.0	0.0	0.0	0.0	0.0	0.0	0.0	0.0	0.0	0.0	0.0	0.0	0.0	0.0	0.0	0.0	0.0	0.0	0.0	0.0	0.0	0.0	0.0	0.0	0.0	
Loriot d'Europe	0.0	0.0	0.0	0.0	0.0	0.0	0.0	0.0	0.0	0.0	0.0	0.0	0.0	0.0	0.0	0.0	0.0	0.0	0.0	0.0012422	0.0	0.0	0.0	0.0	0.0	0.0	0.0	0.0	0.0	0.0	0.0	0.0	0.0	0.0	0.0	0.0	0.0	0.0	0.0	0.0	0.0	0.0	0.0	0.0	0.0	0.0	0.0	0.0	
Pie-grièche à tête rousse	0.0	0.0	0.0	0.0	0.0	0.0	0.0	0.0	0.0	0.0	0.0	0.0	0.0	0.0	0.0042017	0.0	0.0	0.0	0.0032154	0.0	0.0	0.0	0.0	0.0	0.0	0.0	0.0	0.0	0.0	0.0	0.0	0.0	0.0	0.0	0.0	0.0	0.0	0.0	0.0	0.0	0.0	0.0	0.0	0.0	0.0	0.0	0.0	0.0	
Alouette des champs	0.0064103	0.0	0.0	0.0273973	0.0377358	0.0	0.00625	0.0046296	0.0	0.0	0.0074627	0.0059524	0.0	0.0	0.0	0.0	0.0	0.0	0.0	0.0	0.0	0.0	0.0	0.0	0.0	0.0	0.0	0.0	0.0	0.0	0.0	0.0	0.0	0.0	0.0	0.0064516	0.0	0.0126582	0.0	0.011583	0.0526316	0.0374332	0.0	0.0	0.0272727	0.0116279	0.0194175	0.0090498	
Alouette calandrelle	0.0	0.0	0.0	0.0	0.0	0.0	0.0	0.0	0.0	0.0	0.0	0.0059524	0.0	0.0057803	0.0042017	0.0	0.0	0.0	0.0	0.0	0.0	0.0	0.0	0.0	0.0	0.0	0.0	0.0	0.0	0.0	0.0	0.0	0.0	0.0	0.0	0.0	0.0	0.0	0.0	0.0	0.0	0.0	0.0	0.0	0.0	0.0	0.0	0.0	
alaudidé sp.	0.0	0.0	0.0	0.0	0.0	0.0	0.0	0.0046296	0.0	0.0	0.0	0.0	0.0	0.0	0.0	0.0	0.0	0.0	0.0	0.0	0.0	0.0	0.0	0.0	0.0	0.0	0.0	0.0	0.0	0.0	0.0	0.0	0.0	0.0	0.0	0.0	0.0	0.0	0.0	0.0	0.0	0.0	0.0	0.0	0.0	0.0	0.0	0.0	
Phragmite des joncs	0.0	0.0	0.0	0.0	0.0	0.0	0.0	0.0	0.0	0.0	0.0	0.0	0.0	0.0	0.0	0.0	0.0015	0.0	0.0	0.0	0.0	0.0	0.0	0.0	0.0	0.0	0.0	0.0	0.0	0.0	0.0	0.0	0.0	0.0	0.0	0.0	0.0	0.0	0.0	0.0	0.0	0.0	0.0	0.0	0.0	0.0	0.0	0.0	
Rousserolle effarvatte	0.0	0.0	0.0	0.0	0.0	0.0	0.0	0.0	0.0	0.0	0.0	0.0	0.0	0.0	0.0	0.0	0.0	0.0	0.0	0.0	0.0	0.0	0.0	0.0	0.0	0.0	0.0	0.0	0.0	0.0	0.0	0.0	0.0146341	0.0	0.0	0.0	0.0	0.0	0.0	0.0	0.0	0.0	0.0	0.0	0.0	0.0	0.0	0.0	
Hirondelle de rivage	0.0	0.0	0.0	0.0	0.0	0.0	0.0	0.0	0.0	0.0	0.0	0.0178571	0.0103806	0.0028902	0.0	0.0	0.0	0.0	0.0032154	0.0	0.0	0.0	0.0	0.0	0.0	0.0	0.0	0.0	0.0	0.0	0.0	0.0	0.0	0.0	0.0	0.0	0.0	0.0	0.0	0.0	0.0	0.0	0.0	0.0	0.0	0.0	0.0	0.0	
Hirondelle rustique	0.0	0.0	0.0082645	0.0068493	0.009434	0.0160428	0.03125	0.0046296	0.0	0.00625	0.0298507	0.0654762	0.0553633	0.0549133	0.0294118	0.0223464	0.0367347	0.0465116	0.0418006	0.0173913	0.0244648	0.0283505	0.0127877	0.0039063	0.0101695	0.0	0.0	0.0015	0.0015	0.0037313	0.0	0.0	0.004878	0.0	0.0	0.0	0.0148148	0.0126582	0.0015	0.0015	0.0015	0.0106952	0.0	0.0	0.0090909	0.0	0.0	0.0045249	
Hirondelle de fenêtre	0.0	0.0	0.0082645	0.0	0.0	0.0106952	0.03125	0.0015	0.0	0.0	0.0149254	0.0178571	0.0311419	0.0115607	0.0	0.0055866	0.0040816	0.0116279	0.0096463	0.0074534	0.0091743	0.0206186	0.0153453	0.0015	0.0067797	0.0	0.0	0.0015	0.0	0.0	0.0	0.0	0.0	0.0	0.0	0.0064516	0.0	0.0	0.013986	0.0015	0.0	0.0	0.0	0.0	0.0	0.0	0.0	0.0	
Hirondelle rousseline	0.0	0.0	0.0	0.0	0.0	0.0053476	0.0	0.0	0.0	0.0	0.0	0.0119048	0.0103806	0.0057803	0.0	0.0	0.0	0.0	0.0064309	0.0	0.0	0.0	0.0	0.0	0.0	0.0	0.0	0.0	0.0	0.0	0.0	0.0	0.0	0.0	0.0	0.0	0.0	0.0	0.0	0.0	0.0	0.0053476	0.0	0.0	0.0	0.0	0.0	0.0	
hirondelle sp.	0.0	0.0	0.0	0.0	0.0	0.0	0.0	0.0	0.0	0.0125	0.0	0.0	0.0034602	0.0028902	0.0	0.0027933	0.0	0.0	0.0032154	0.0012422	0.0	0.0	0.0015	0.0	0.0	0.0	0.0	0.0	0.0	0.0	0.0	0.0	0.0	0.0	0.0	0.0	0.0	0.0	0.0	0.0	0.0	0.0	0.0	0.0	0.0	0.0	0.0	0.0	
Pouillot siffleur	0.0	0.0	0.0	0.0	0.0	0.0	0.0	0.0	0.0	0.0	0.0	0.0	0.0034602	0.0	0.0	0.0	0.0	0.0	0.0	0.0	0.0	0.0	0.0	0.0	0.0	0.0	0.0	0.0	0.0	0.0	0.0	0.0	0.0	0.0	0.0	0.0	0.0	0.0	0.0	0.0	0.0	0.0	0.0	0.0	0.0	0.0	0.0	0.0	
Pouillot de Bonelli	0.0	0.0	0.0	0.0	0.0	0.0	0.0	0.0	0.0	0.0	0.0	0.0	0.0034602	0.0	0.0	0.0	0.0	0.0	0.0	0.0	0.0	0.0	0.0	0.0	0.0	0.0	0.0	0.0	0.0	0.0	0.0	0.0	0.0	0.0	0.0	0.0	0.0	0.0	0.0	0.0	0.0	0.0	0.0	0.0	0.0	0.0	0.0	0.0	
Pouillot à grands sourcils	0.0128205	0.0131579	0.0015	0.0068493	0.0	0.0053476	0.0125	0.0	0.0	0.0	0.0	0.0119048	0.0138408	0.0057803	0.0	0.0	0.0	0.0	0.0	0.0	0.0	0.0	0.0	0.0	0.0	0.0	0.0	0.0	0.0	0.0	0.0	0.0	0.0	0.0	0.0	0.0	0.0	0.0	0.0	0.0015	0.0105263	0.0	0.0	0.0	0.0	0.0	0.0	0.0090498	
Pouillot fitis	0.0	0.0	0.0	0.0	0.0	0.0	0.0	0.0	0.0	0.0	0.0015	0.0059524	0.0069204	0.0	0.0	0.0	0.0	0.0	0.0	0.0	0.0	0.0025773	0.0	0.0	0.0	0.0	0.0	0.0	0.0	0.0	0.0	0.0	0.0097561	0.0108696	0.0	0.0	0.0074074	0.0	0.006993	0.0	0.0052632	0.0	0.0	0.0	0.0	0.0	0.0	0.0	
Pouillot véloce	0.0128205	0.0394737	0.0330579	0.0410959	0.0377358	0.0213904	0.0125	0.0231481	0.0	0.0	0.0	0.0	0.0	0.0	0.0	0.0	0.0	0.0	0.0	0.0	0.0	0.0	0.0	0.0	0.0	0.0	0.0	0.0	0.0	0.0	0.0	0.0	0.0	0.0	0.0	0.0	0.0	0.0632911	0.013986	0.007722	0.0526316	0.026738	0.0098039	0.0188679	0.0090909	0.0232558	0.0194175	0.0678733	
Pouillot ibérique	0.0	0.0	0.0	0.0	0.0	0.0	0.0	0.0	0.0	0.0	0.0	0.0	0.0	0.0	0.0	0.0	0.0	0.0	0.0	0.0	0.0	0.0	0.0	0.0	0.0	0.0	0.0	0.0	0.0	0.0	0.0	0.0	0.004878	0.0	0.0	0.0	0.0	0.0	0.0	0.0	0.0	0.0	0.0	0.0	0.0	0.0	0.0	0.0	
pouillot sp.	0.0	0.0	0.0082645	0.0068493	0.0	0.0	0.0	0.0046296	0.0	0.00625	0.0	0.0	0.0034602	0.0115607	0.0	0.0	0.0	0.0	0.0032154	0.0	0.0	0.0015	0.0	0.0	0.0	0.0	0.0	0.0	0.0	0.0	0.0	0.0	0.0	0.0	0.0	0.0	0.0	0.0	0.020979	0.0	0.0	0.0	0.0	0.0	0.0	0.0	0.0	0.0	
Fauvette à tête noire	0.4615385	0.5394737	0.3553719	0.3767123	0.4433962	0.3957219	0.4375	0.375	0.4324324	0.3875	0.3731343	0.3214286	0.2975779	0.4450867	0.4663866	0.3351955	0.3020408	0.3197674	0.4469453	0.4372671	0.4831804	0.4561856	0.455243	0.3632813	0.4033898	0.3345455	0.4186667	0.3943089	0.3485342	0.3246269	0.1957295	0.2413793	0.204878	0.1086957	0.1531532	0.2258065	0.1777778	0.1898734	0.3356643	0.2007722	0.3894737	0.3796791	0.3529412	0.4150943	0.5181818	0.5930233	0.5533981	0.4705882	
Fauvette mélanocéphale	0.0	0.0	0.0	0.0	0.0	0.0	0.0	0.0	0.0	0.0	0.0	0.0	0.0	0.0	0.0	0.0	0.0	0.0	0.0	0.0	0.0	0.0	0.0	0.0	0.0	0.0	0.0026667	0.0	0.0	0.0	0.0	0.0	0.0	0.0	0.0	0.0	0.0	0.0	0.0	0.0	0.0	0.0	0.0	0.0	0.0	0.0232558	0.0	0.0	
Fauvette à lunettes	0.0192308	0.0921053	0.0413223	0.0821918	0.0566038	0.0802139	0.0875	0.1111111	0.0540541	0.0625	0.0671642	0.0595238	0.0726644	0.0520231	0.0462185	0.0363128	0.044898	0.0348837	0.0803859	0.0583851	0.0948012	0.0824742	0.0946292	0.0800781	0.0949153	0.0654545	0.0773333	0.097561	0.0781759	0.0634328	0.0854093	0.0397878	0.0731707	0.0978261	0.0540541	0.0580645	0.1037037	0.1012658	0.0979021	0.0579151	0.0789474	0.1283422	0.0490196	0.0566038	0.1363636	0.0581395	0.038835	0.1176471	
Sylvia ou Curruca sp.	0.0	0.0	0.0	0.0	0.0	0.0	0.0	0.0	0.0	0.0	0.0	0.0	0.0	0.0	0.0	0.0	0.0	0.0348837	0.0385852	0.0	0.0	0.0	0.0	0.0	0.0	0.0036364	0.0	0.0	0.0	0.0	0.0	0.0	0.0	0.0	0.009009	0.0	0.0	0.0126582	0.006993	0.0	0.0	0.0	0.0	0.0	0.0	0.0	0.0	0.0	
Roitelet de Madère	0.1602564	0.1710526	0.1239669	0.1369863	0.2924528	0.1871658	0.1625	0.1481481	0.1756757	0.15	0.1716418	0.1130952	0.1349481	0.1416185	0.1512605	0.1424581	0.1510204	0.122093	0.1800643	0.1440994	0.1681957	0.1597938	0.1381074	0.1582031	0.1559322	0.1854545	0.2106667	0.2174797	0.1661238	0.1791045	0.1245552	0.1803714	0.1365854	0.173913	0.2432432	0.2193548	0.1703704	0.2405063	0.1188811	0.1389961	0.1631579	0.1176471	0.1372549	0.1698113	0.2090909	0.1860465	0.1262136	0.2352941	
Étourneau sansonnet	0.0064103	0.0015	0.0082645	0.0	0.0	0.0	0.00625	0.0092593	0.0135135	0.0015	0.0	0.0	0.0	0.0	0.0	0.0	0.0	0.0	0.0	0.0	0.0	0.0	0.0	0.0	0.0	0.0	0.0	0.0	0.0	0.0	0.0	0.0	0.004878	0.0	0.0	0.0	0.0	0.0015	0.006993	0.011583	0.0157895	0.0320856	0.0294118	0.009434	0.0015	0.0	0.0	0.0090498	
Grive musicienne	0.0	0.0	0.0	0.0	0.0	0.0	0.0	0.0	0.0	0.0	0.0	0.0	0.0	0.0	0.0	0.0	0.0	0.0	0.0	0.0	0.0	0.0	0.0	0.0	0.0	0.0	0.0	0.0	0.0	0.0	0.0	0.0	0.0	0.0	0.0	0.0	0.0	0.0	0.0	0.003861	0.0157895	0.0015	0.0	0.0	0.0	0.0	0.0	0.0045249	
Merle noir	0.4935897	0.5394737	0.446281	0.5410959	0.6226415	0.6042781	0.59375	0.5092593	0.472973	0.64375	0.5746269	0.5535714	0.4844291	0.5693642	0.6386555	0.6005587	0.5673469	0.5813953	0.6752412	0.6099379	0.6574924	0.5747423	0.5831202	0.4707031	0.5118644	0.4581818	0.472	0.4166667	0.3485342	0.3059701	0.2064057	0.2175066	0.2097561	0.2282609	0.2522523	0.3612903	0.3407407	0.3544304	0.3846154	0.3976834	0.4789474	0.4171123	0.3823529	0.3962264	0.5909091	0.5930233	0.5436893	0.5339367	
Grive litorne	0.0	0.0	0.0	0.0	0.009434	0.0	0.0	0.0	0.0	0.0	0.0	0.0	0.0	0.0	0.0	0.0	0.0	0.0	0.0	0.0	0.0	0.0	0.0	0.0	0.0	0.0	0.0	0.0	0.0	0.0	0.0	0.0	0.0	0.0	0.0	0.0	0.0	0.0	0.0	0.0	0.0	0.0	0.0	0.0	0.0	0.0	0.0	0.0	
Merle à plastron	0.0	0.0	0.0	0.0	0.0	0.0	0.0	0.0	0.0	0.0	0.0	0.0	0.0	0.0	0.0	0.0	0.0	0.0	0.0	0.0	0.0	0.0	0.0	0.0	0.0	0.0	0.0	0.0	0.0	0.0	0.0	0.0	0.0	0.0	0.0	0.0	0.0	0.0	0.0015	0.0	0.0	0.0	0.0	0.0	0.0	0.0	0.0	0.0	
Turdus sp.	0.0	0.0	0.0	0.0	0.0	0.0	0.0	0.0015	0.0	0.0	0.0	0.0	0.0	0.0015	0.0	0.0	0.0	0.0	0.0	0.0	0.0	0.0	0.0	0.0	0.0	0.0	0.0	0.0020325	0.0	0.0	0.0	0.0	0.0	0.0	0.0	0.0	0.0	0.0	0.0	0.0	0.0	0.0	0.0	0.0	0.0	0.0	0.0	0.0	
Gobemouche gris	0.0	0.0	0.0	0.0	0.0	0.0	0.0	0.0	0.0	0.0	0.0	0.0	0.0	0.0	0.0	0.0	0.0	0.0	0.0	0.0012422	0.0	0.0	0.0	0.0	0.0	0.0	0.0	0.0	0.0	0.0	0.0	0.0	0.004878	0.0108696	0.0	0.0	0.0	0.0	0.0	0.0	0.0	0.0	0.0	0.0	0.0	0.0	0.0	0.0	
Agrobate roux	0.0	0.0	0.0	0.0	0.0	0.0	0.0	0.0	0.0	0.0	0.0	0.0	0.0	0.0	0.0084034	0.0	0.0	0.0	0.0	0.0	0.0	0.0	0.0	0.0	0.0	0.0	0.0	0.0	0.0	0.0	0.0	0.0	0.0	0.0	0.0	0.0	0.0	0.0	0.0	0.0	0.0	0.0	0.0	0.0	0.0	0.0	0.0	0.0	
Rougegorge familier	0.1474359	0.1973684	0.1404959	0.239726	0.2358491	0.2192513	0.24375	0.2175926	0.1351351	0.18125	0.2313433	0.1488095	0.200692	0.2283237	0.2563025	0.1648045	0.1714286	0.3197674	0.2733119	0.1913043	0.2232416	0.2190722	0.1969309	0.171875	0.1728814	0.1563636	0.1653333	0.1422764	0.1433225	0.1455224	0.0569395	0.0901857	0.0926829	0.0543478	0.1261261	0.1870968	0.1925926	0.1898734	0.1958042	0.1351351	0.2473684	0.1604278	0.1176471	0.1320755	0.2	0.0930233	0.1553398	0.1628959	
Gobemouche noir	0.0	0.0	0.0	0.0	0.0	0.0	0.0	0.0	0.0	0.0	0.0	0.0	0.0	0.0	0.0	0.0	0.0	0.0	0.0	0.0	0.0	0.0	0.0	0.0	0.0	0.0	0.0	0.0	0.0	0.0	0.0	0.0	0.004878	0.0	0.0	0.0	0.0	0.0	0.0	0.0	0.0	0.0	0.0	0.0	0.0	0.0	0.0	0.0	
Rougequeue à front blanc	0.0	0.0	0.0	0.0	0.0	0.0	0.0	0.0	0.0	0.0	0.0	0.0	0.0	0.0	0.0	0.0	0.0	0.0	0.0	0.0	0.0	0.0	0.0	0.0	0.0	0.0	0.0	0.0	0.0	0.0	0.0	0.0	0.0097561	0.0	0.0	0.0	0.0	0.0	0.0	0.0	0.0	0.0053476	0.0	0.0	0.0	0.0	0.0	0.0	
Rougequeue noir	0.0	0.0131579	0.0	0.0	0.0	0.0106952	0.0	0.0046296	0.0	0.0015	0.0	0.0059524	0.0	0.0	0.0	0.0	0.0	0.0	0.0	0.0	0.0	0.0	0.0	0.0	0.0	0.0	0.0	0.0	0.0	0.0	0.0	0.0	0.0	0.0	0.0	0.0	0.0	0.0	0.0	0.003861	0.0157895	0.0374332	0.0	0.009434	0.0090909	0.0116279	0.0	0.0	
Tarier des prés	0.0	0.0	0.0	0.0	0.0	0.0	0.0	0.0	0.0	0.0	0.0	0.0	0.0	0.0	0.0042017	0.0027933	0.0	0.0	0.0	0.0	0.0	0.0	0.0	0.0	0.0	0.0	0.0	0.0	0.0	0.0	0.0	0.0	0.0	0.0	0.009009	0.0	0.0	0.0126582	0.006993	0.0	0.0	0.0015	0.0	0.0	0.0	0.0	0.0	0.0	
Tarier pâtre	0.0	0.0	0.0	0.0	0.0	0.0	0.0	0.0	0.0	0.0	0.0	0.0	0.0	0.0	0.0	0.0	0.0	0.0	0.0	0.0	0.0	0.0	0.0	0.0	0.0	0.0	0.0	0.0	0.0	0.0	0.0	0.0	0.0	0.0	0.0	0.0	0.0	0.0	0.006993	0.0	0.0	0.0053476	0.0	0.0	0.0	0.0	0.0	0.0045249	
Traquet motteux	0.0	0.0	0.0	0.0	0.0	0.0	0.0	0.0015	0.0135135	0.0	0.0	0.0	0.0034602	0.0028902	0.0015	0.0	0.0	0.0	0.0	0.0012422	0.0	0.0	0.0	0.0	0.0	0.0	0.0	0.0	0.0	0.0	0.0	0.0	0.0097561	0.0108696	0.036036	0.0015	0.037037	0.0253165	0.013986	0.0	0.0105263	0.0213904	0.0	0.0	0.0	0.0	0.0	0.0	
Oenanthe sp.	0.0	0.0	0.0	0.0	0.0	0.0	0.0	0.0	0.0	0.0	0.0	0.0	0.0	0.0	0.0	0.0	0.0	0.0	0.0	0.0	0.0	0.0	0.0	0.0	0.0	0.0	0.0	0.0	0.0	0.0	0.0	0.0	0.0	0.0	0.0	0.0	0.0	0.0	0.006993	0.0	0.0	0.0	0.0	0.0	0.0	0.0	0.0	0.0	
Astrild ondulé	0.0512821	0.0789474	0.0909091	0.0547945	0.0377358	0.026738	0.05	0.0324074	0.0	0.04375	0.0597015	0.0416667	0.0380623	0.0231214	0.012605	0.0111732	0.0204082	0.0348837	0.0418006	0.0285714	0.0366972	0.0747423	0.0664962	0.0410156	0.0338983	0.04	0.04	0.0487805	0.0781759	0.0634328	0.0711744	0.0238727	0.0682927	0.0543478	0.036036	0.0451613	0.0148148	0.0759494	0.0839161	0.03861	0.0684211	0.0641711	0.0588235	0.0943396	0.0272727	0.0813953	0.0291262	0.0995475	
Moineau espagnol	0.0705128	0.0394737	0.0	0.0136986	0.009434	0.0160428	0.0375	0.0231481	0.027027	0.0125	0.0447761	0.047619	0.0934256	0.0346821	0.0	0.1089385	0.0653061	0.0523256	0.0064309	0.0335404	0.0275229	0.0128866	0.0204604	0.0136719	0.0338983	0.0145455	0.0106667	0.0060976	0.0162866	0.011194	0.0177936	0.0026525	0.0878049	0.0217391	0.0	0.0064516	0.0074074	0.1265823	0.1048951	0.0579151	0.0842105	0.0909091	0.0	0.0	0.0015	0.0	0.0291262	0.0904977	
Moineau soulcie	0.0064103	0.0263158	0.0247934	0.0136986	0.009434	0.026738	0.0375	0.0231481	0.027027	0.01875	0.0298507	0.0297619	0.0242215	0.0404624	0.0378151	0.0418994	0.0204082	0.0174419	0.0514469	0.0360248	0.0275229	0.0412371	0.028133	0.0253906	0.0440678	0.0109091	0.0186667	0.0121951	0.019544	0.0149254	0.0213523	0.0106101	0.0243902	0.0217391	0.027027	0.0193548	0.037037	0.0253165	0.0629371	0.027027	0.0421053	0.026738	0.0	0.0	0.0090909	0.0232558	0.0291262	0.0271493	
Bergeronnette des ruisseaux	0.275641	0.2105263	0.1900826	0.3013699	0.3113208	0.2887701	0.30625	0.2777778	0.2432432	0.23125	0.2686567	0.1785714	0.1557093	0.1734104	0.1470588	0.150838	0.1265306	0.1686047	0.1961415	0.1614907	0.1712538	0.2087629	0.1969309	0.1503906	0.2101695	0.1636364	0.192	0.203252	0.1693811	0.1753731	0.1209964	0.1485411	0.2439024	0.1847826	0.2792793	0.2580645	0.2444444	0.2658228	0.2237762	0.2779923	0.3	0.2245989	0.3823529	0.2830189	0.3090909	0.255814	0.3009709	0.2850679	
Bergeronnette printanière	0.0	0.0	0.0	0.0	0.0	0.0	0.0	0.0	0.0	0.0	0.0	0.0	0.0034602	0.0	0.0	0.0015	0.0040816	0.0	0.0	0.0	0.0	0.0	0.0	0.0	0.0	0.0	0.0	0.0	0.0	0.0	0.0	0.0	0.0	0.0	0.0	0.0	0.0	0.0	0.006993	0.0	0.0	0.0053476	0.0	0.0	0.0	0.0	0.0	0.0	
Bergeronnette grise	0.0448718	0.0526316	0.0247934	0.0205479	0.0377358	0.0213904	0.05625	0.037037	0.0015	0.00625	0.0074627	0.0119048	0.0069204	0.0057803	0.0042017	0.0	0.0	0.005814	0.0	0.0	0.0	0.0	0.0	0.0	0.0	0.0	0.0	0.0	0.0	0.0	0.0	0.0	0.0	0.0	0.0	0.0129032	0.0	0.0506329	0.048951	0.027027	0.0736842	0.0695187	0.0490196	0.0015	0.0181818	0.0116279	0.038835	0.081448	
bergeronette sp.	0.0	0.0131579	0.0	0.0	0.0	0.0	0.0	0.0	0.0	0.0	0.0	0.0	0.0	0.0	0.0	0.0	0.0015	0.0	0.0	0.0	0.0	0.0	0.0	0.0	0.0	0.0	0.0	0.0	0.0	0.0	0.0	0.0	0.0	0.0108696	0.0	0.0	0.0	0.0	0.0	0.0	0.0052632	0.0	0.0	0.0	0.0	0.0	0.0097087	0.0	
Pipit rousseline	0.0	0.0	0.0	0.0	0.0	0.0	0.0	0.0	0.0	0.0	0.0	0.0	0.0	0.0057803	0.0	0.0	0.0	0.0	0.0	0.0	0.0	0.0	0.0	0.0	0.0	0.0	0.0	0.0	0.0	0.0	0.0	0.0	0.0	0.0	0.0	0.0	0.0	0.0	0.0	0.0	0.0	0.0	0.0	0.0	0.0	0.0	0.0	0.0	
Pipit de Berthelot	0.0897436	0.1184211	0.0743802	0.1164384	0.1132075	0.1016043	0.125	0.1481481	0.0945946	0.09375	0.1119403	0.1071429	0.1730104	0.0867052	0.1008403	0.0670391	0.0612245	0.0697674	0.1028939	0.0795031	0.1192661	0.1237113	0.168798	0.1035156	0.1457627	0.08	0.1146667	0.1178862	0.1205212	0.1268657	0.0996441	0.0954907	0.1853659	0.173913	0.0720721	0.1225806	0.1777778	0.1772152	0.1468531	0.1042471	0.1578947	0.1925134	0.0686275	0.0566038	0.1090909	0.0697674	0.1165049	0.1719457	
Pipit farlouse	0.0064103	0.0	0.0	0.0	0.0	0.0	0.0	0.0	0.0	0.00625	0.0	0.0059524	0.0	0.0	0.0	0.0	0.0	0.0	0.0	0.0	0.0	0.0	0.0	0.0	0.0	0.0	0.0	0.0	0.0	0.0	0.0	0.0	0.0	0.0	0.0	0.0	0.0	0.0015	0.0	0.0	0.0105263	0.0160428	0.0015	0.0	0.0	0.0	0.0194175	0.0180995	
Pipit des arbres	0.0	0.0	0.0	0.0	0.0	0.0	0.0	0.0	0.0	0.0	0.0	0.0059524	0.0034602	0.0	0.0042017	0.0	0.0	0.0	0.0	0.0	0.0	0.0	0.0	0.0	0.0	0.0	0.0	0.0	0.0	0.0	0.0	0.0	0.0	0.0	0.0	0.0	0.0	0.0	0.006993	0.0	0.0	0.0	0.0	0.0	0.0	0.0	0.0	0.0	
Pipit à gorge rousse	0.0	0.0	0.0	0.0	0.0	0.0	0.0	0.0	0.0	0.0	0.0	0.0	0.0	0.0	0.0	0.0	0.0	0.0	0.0	0.0	0.0	0.0	0.0	0.0	0.0	0.0	0.0	0.0	0.0	0.0	0.0	0.0	0.0	0.0	0.0	0.0	0.0	0.0	0.0	0.0	0.0	0.0	0.0	0.0	0.0	0.0	0.0097087	0.0045249	
Pinson des arbres	0.0	0.0	0.0	0.0	0.0	0.0	0.0	0.0	0.0	0.0	0.0	0.0	0.0	0.0	0.0	0.0	0.0	0.0	0.0	0.0	0.0	0.0	0.0	0.0	0.0	0.0	0.0	0.0	0.0	0.0	0.0	0.0	0.0	0.0	0.0	0.0	0.0	0.0	0.0	0.003861	0.0157895	0.0	0.0	0.0	0.0	0.0	0.0	0.0	
Pinson de Madère	0.1858974	0.2368421	0.214876	0.2808219	0.3490566	0.3101604	0.28125	0.1759259	0.2567568	0.2875	0.2164179	0.2321429	0.183391	0.2254335	0.1722689	0.2318436	0.2612245	0.2616279	0.244373	0.2099379	0.235474	0.2164948	0.2148338	0.1992188	0.2372881	0.2509091	0.2613333	0.2357724	0.2052117	0.2425373	0.1494662	0.1909814	0.1512195	0.1956522	0.2522523	0.2645161	0.2	0.2025316	0.1748252	0.1583012	0.2210526	0.1497326	0.1960784	0.2735849	0.2454545	0.1860465	0.1941748	0.280543	
Grosbec casse-noyaux	0.0	0.0	0.0	0.0	0.0	0.0	0.0	0.0	0.0	0.0	0.0	0.0	0.0	0.0	0.0	0.0	0.0	0.0	0.0	0.0	0.0	0.0	0.0	0.0	0.0	0.0	0.0	0.0	0.0	0.0	0.0	0.0	0.0	0.0	0.0	0.0	0.0	0.0	0.0	0.0	0.0052632	0.0	0.0	0.0	0.0	0.0	0.0	0.0	
Roselin githagine	0.0	0.0	0.0	0.0	0.0	0.0	0.0	0.0	0.0	0.0	0.0	0.0	0.0034602	0.0	0.0	0.0	0.0	0.0	0.0	0.0	0.0	0.0	0.0	0.0	0.0	0.0	0.0	0.0	0.0	0.0	0.0	0.0	0.0	0.0	0.0	0.0	0.0	0.0	0.0	0.0	0.0	0.0	0.0	0.0	0.0	0.0	0.0	0.0	
Verdier d'Europe	0.0320513	0.0131579	0.0082645	0.0205479	0.009434	0.0160428	0.06875	0.0462963	0.0675676	0.025	0.0223881	0.0357143	0.0276817	0.066474	0.0420168	0.0446927	0.0367347	0.0755814	0.0836013	0.0434783	0.0733945	0.0489691	0.0409207	0.046875	0.0508475	0.0327273	0.0213333	0.0223577	0.0130293	0.0298507	0.0071174	0.0159151	0.0097561	0.0108696	0.018018	0.0064516	0.0222222	0.0253165	0.020979	0.011583	0.0157895	0.0374332	0.0294118	0.009434	0.0545455	0.0116279	0.038835	0.0135747	
Linotte mélodieuse	0.0064103	0.0	0.0	0.0205479	0.0	0.0053476	0.0	0.0092593	0.0	0.0	0.0015	0.0178571	0.0207612	0.0202312	0.012605	0.0	0.0122449	0.005814	0.0064309	0.0099379	0.0152905	0.0154639	0.0102302	0.0097656	0.0135593	0.0109091	0.0106667	0.0142276	0.029316	0.0298507	0.0	0.0026525	0.0292683	0.0108696	0.009009	0.0064516	0.0074074	0.0379747	0.027972	0.0	0.0052632	0.0213904	0.0196078	0.0	0.0	0.0	0.0194175	0.0316742	
Chardonneret élégant	0.0576923	0.0789474	0.0413223	0.0753425	0.0849057	0.0427807	0.13125	0.0787037	0.0810811	0.0875	0.119403	0.1071429	0.1384083	0.1040462	0.0798319	0.0698324	0.122449	0.0988372	0.0803859	0.0807453	0.1100917	0.1314433	0.1176471	0.0839844	0.0779661	0.0472727	0.1093333	0.0853659	0.1009772	0.1268657	0.0533808	0.0477454	0.0731707	0.0543478	0.0540541	0.0451613	0.037037	0.0886076	0.0839161	0.046332	0.1052632	0.0802139	0.0784314	0.0849057	0.0909091	0.127907	0.1067961	0.1221719	
Serin des Canaries	0.525641	0.6052632	0.5041322	0.5	0.6320755	0.5989305	0.70625	0.5555556	0.5810811	0.5125	0.4850746	0.5297619	0.4013841	0.4248555	0.4159664	0.4050279	0.4612245	0.494186	0.4115756	0.3677019	0.4495413	0.3943299	0.3682864	0.2851563	0.3016949	0.2181818	0.288	0.2743902	0.3289902	0.2761194	0.2455516	0.2917772	0.3512195	0.326087	0.3603604	0.3677419	0.3185185	0.3670886	0.4405594	0.3629344	0.4105263	0.4545455	0.4019608	0.4716981	0.5454545	0.5232558	0.5631068	0.5701357	
Tarin des aulnes	0.0064103	0.0	0.0082645	0.0205479	0.0015	0.0053476	0.00625	0.0138889	0.0	0.0125	0.0149254	0.0119048	0.0069204	0.0028902	0.0168067	0.0083799	0.0204082	0.0015	0.022508	0.0086957	0.0152905	0.0309278	0.0179028	0.0117188	0.0237288	0.0218182	0.016	0.0203252	0.0162866	0.0037313	0.0071174	0.0026525	0.0	0.0217391	0.0	0.0	0.0148148	0.0253165	0.006993	0.0	0.0210526	0.0160428	0.0294118	0.0283019	0.0090909	0.0	0.0	0.0135747	
fringillidé sp.	0.0	0.0	0.0	0.0	0.0	0.0053476	0.0	0.0	0.0	0.0	0.0	0.0	0.0	0.0	0.0	0.0	0.0	0.0	0.0	0.0	0.0	0.0	0.0025575	0.0	0.0	0.0	0.0	0.0020325	0.0	0.0	0.0	0.0	0.0	0.0	0.0	0.0	0.0	0.0	0.0	0.0	0.0	0.0	0.0	0.009434	0.0	0.0	0.0	0.0	
Bruant des neiges	0.0	0.0	0.0	0.0	0.0	0.0	0.0	0.0	0.0	0.0	0.0	0.0	0.0	0.0	0.0	0.0	0.0	0.0	0.0	0.0	0.0	0.0	0.0	0.0	0.0	0.0	0.0	0.0	0.0	0.0	0.0	0.0	0.0	0.0	0.0	0.0	0.0	0.0	0.0	0.003861	0.0157895	0.0015	0.0	0.0015	0.0	0.0	0.0	0.0	
Bruant ortolan	0.0	0.0	0.0	0.0	0.0	0.0	0.0	0.0	0.0	0.0	0.0	0.0	0.0	0.0015	0.0	0.0	0.0	0.0	0.0	0.0	0.0	0.0	0.0	0.0	0.0	0.0	0.0	0.0	0.0	0.0	0.0	0.0	0.0	0.0	0.0	0.0	0.0	0.0	0.0	0.0	0.0	0.0	0.0	0.0	0.0	0.0	0.0	0.0	
Bruant nain	0.0	0.0	0.0	0.0	0.0	0.0	0.0	0.0	0.0	0.0	0.0	0.0	0.0	0.0	0.0	0.0	0.0	0.0	0.0	0.0	0.0	0.0	0.0	0.0	0.0	0.0	0.0	0.0	0.0	0.0	0.0	0.0	0.0	0.0	0.0	0.0	0.0	0.0	0.0	0.0	0.0	0.0053476	0.0	0.0	0.0	0.0	0.0	0.0	
passereau sp.	0.0	0.0	0.0082645	0.0	0.0	0.0	0.00625	0.0185185	0.0	0.01875	0.0015	0.0	0.0	0.0028902	0.0	0.0055866	0.0040816	0.0	0.0	0.0012422	0.0061162	0.0	0.0	0.0019531	0.0033898	0.0	0.0026667	0.004065	0.0032573	0.0	0.0	0.0	0.0	0.0108696	0.009009	0.0	0.0	0.0	0.0	0.0	0.0052632	0.0	0.0098039	0.009434	0.0	0.0	0.0	0.0	

