









Frequency of observations in the selected location(s).:
Number of taxa: 	248

	Jan				Feb				Mar				Apr				May				Jun				Jul				Aug				Sep				Oct				Nov				Dec				
Sample Size:	23.0	8.0	16.0	19.0	12.0	17.0	21.0	17.0	9.0	2.0	5.0	15.0	26.0	38.0	37.0	30.0	27.0	33.0	39.0	31.0	35.0	37.0	22.0	24.0	9.0	22.0	43.0	42.0	21.0	26.0	36.0	51.0	8.0	5.0	22.0	19.0	6.0	14.0	8.0	22.0	28.0	22.0	16.0	9.0	6.0	13.0	16.0	99.0	

Oie à tête barrée	0.0	0.0	0.0	0.0	0.0	0.0	0.0	0.0	0.0	0.0	0.0	0.0	0.0	0.0	0.0	0.0	0.0	0.0	0.0015	0.0	0.0	0.0	0.0	0.0	0.0	0.0	0.0	0.0	0.0	0.0	0.0	0.0	0.0	0.0	0.0	0.0	0.0	0.0	0.0	0.0	0.0	0.0	0.0	0.0	0.0	0.0	0.0	0.0	
Oie cendrée	0.0434783	0.125	0.0	0.1578947	0.0833333	0.0588235	0.2380952	0.0588235	0.1111111	0.5	0.0	0.2	0.3076923	0.2105263	0.0810811	0.5	0.2222222	0.030303	0.0512821	0.0967742	0.0015	0.1351351	0.0015	0.0416667	0.0	0.0	0.0232558	0.0238095	0.0015	0.0769231	0.0277778	0.0392157	0.0	0.0	0.1818182	0.0526316	0.0	0.2857143	0.0015	0.0454545	0.1428571	0.0909091	0.125	0.0	0.1666667	0.3076923	0.0625	0.2424242	
Oie cygnoïde	0.0	0.0	0.0	0.0	0.0	0.0	0.0	0.0	0.0	0.0	0.0	0.0	0.0	0.0	0.0	0.0	0.0	0.0	0.0	0.0	0.0	0.0	0.0	0.0	0.0	0.0	0.0	0.0	0.0	0.0	0.0	0.0	0.0	0.0	0.0454545	0.0	0.0	0.0	0.0	0.0	0.0	0.0	0.0	0.0	0.0	0.0	0.0	0.0	
Oie rieuse	0.0	0.0	0.0	0.0	0.0833333	0.0015	0.0015	0.0	0.0	0.0	0.0	0.0	0.0	0.0	0.0	0.0	0.0	0.0	0.0	0.0	0.0	0.0	0.0	0.0	0.0	0.0	0.0	0.0	0.0	0.0	0.0	0.0	0.0	0.0	0.0	0.0	0.0	0.0	0.0	0.0015	0.0	0.0	0.0	0.0	0.0	0.0	0.0	0.010101	
Oie de toundra	0.0	0.0	0.0	0.0	0.0	0.0	0.0	0.0	0.0	0.0	0.0	0.0	0.0	0.0	0.0	0.0	0.0	0.0	0.0	0.0	0.0	0.0	0.0	0.0	0.0	0.0	0.0	0.0	0.0	0.0	0.0	0.0	0.0	0.0	0.0	0.0	0.0	0.0	0.0	0.0	0.0	0.0	0.0	0.0	0.0	0.0	0.0	0.0015	
Bernache du Canada	0.0	0.0015	0.0625	0.1052632	0.0	0.0588235	0.047619	0.0588235	0.0	0.0	0.0	0.0666667	0.1538462	0.1315789	0.0015	0.0666667	0.0740741	0.030303	0.0015	0.0322581	0.0285714	0.0810811	0.0	0.0416667	0.0	0.0	0.0015	0.0238095	0.0	0.0	0.0	0.0	0.0	0.0	0.1363636	0.0526316	0.1666667	0.2142857	0.0	0.0454545	0.0714286	0.0454545	0.0	0.0	0.0	0.0	0.0	0.0808081	
Cygne tuberculé	0.0869565	0.125	0.25	0.5263158	0.25	0.1764706	0.3333333	0.1176471	0.3333333	0.5	0.2	0.2666667	0.3846154	0.4473684	0.3513514	0.5333333	0.4444444	0.2121212	0.2051282	0.3548387	0.2	0.2432432	0.1363636	0.2916667	0.3333333	0.0015	0.1162791	0.2380952	0.2857143	0.2307692	0.1666667	0.3529412	0.125	0.2	0.3636364	0.4210526	0.1666667	0.2142857	0.25	0.0909091	0.3571429	0.1818182	0.25	0.0015	0.3333333	0.2307692	0.3125	0.3434343	
Cygne noir	0.0	0.0	0.0	0.0	0.0	0.0	0.0	0.0	0.0	0.0	0.0	0.0	0.0	0.0	0.0	0.0	0.0	0.0	0.0	0.0	0.0	0.0	0.0	0.0	0.0	0.0	0.0	0.0	0.0	0.0	0.0	0.0	0.0	0.0	0.0	0.0	0.0	0.0	0.0	0.0	0.0	0.0	0.0	0.0	0.0	0.0	0.0	0.020202	
Cygne de Bewick	0.0434783	0.125	0.0	0.1052632	0.0833333	0.0015	0.0015	0.0	0.0	0.0	0.0	0.0	0.0	0.0	0.0	0.0	0.0	0.0	0.0	0.0	0.0	0.0	0.0	0.0	0.0	0.0	0.0	0.0	0.0	0.0	0.0	0.0	0.0	0.0	0.0	0.0	0.0	0.0	0.0	0.0015	0.0357143	0.0015	0.0625	0.0	0.0015	0.1538462	0.125	0.0505051	
Cygne chanteur	0.0	0.0	0.0	0.0	0.0	0.0	0.0	0.0	0.0	0.0	0.0	0.0	0.0	0.0	0.0	0.0	0.0	0.0	0.0	0.0	0.0	0.0	0.0	0.0	0.0	0.0	0.0	0.0	0.0	0.0	0.0	0.0	0.0	0.0	0.0	0.0	0.0	0.0	0.0	0.0	0.0	0.0	0.0	0.0	0.0	0.0	0.0	0.010101	
Ouette d'Égypte	0.0	0.125	0.0625	0.2105263	0.1666667	0.0588235	0.047619	0.0015	0.0	0.0	0.0	0.0666667	0.1538462	0.1578947	0.027027	0.2	0.1481481	0.030303	0.0015	0.0015	0.0285714	0.1081081	0.0454545	0.0	0.0	0.0	0.0015	0.0	0.047619	0.0769231	0.0555556	0.0196078	0.0	0.0	0.0454545	0.0526316	0.0	0.0	0.0	0.0	0.1071429	0.0	0.125	0.0	0.0	0.0769231	0.0	0.040404	
Tadorne casarca	0.0	0.125	0.0	0.0	0.0	0.0	0.0	0.0	0.0	0.0	0.0	0.0	0.0	0.0263158	0.0	0.0	0.0	0.0	0.0	0.0	0.0	0.0	0.0	0.0	0.0	0.0	0.0	0.0	0.0	0.0	0.0	0.0	0.0	0.0	0.0	0.0	0.0	0.0	0.0	0.0	0.0	0.0	0.0	0.0	0.0	0.0	0.0	0.0	
Tadorne de Belon	0.0434783	0.0	0.0	0.0	0.0	0.0	0.0015	0.0	0.0	0.0	0.0	0.1333333	0.0769231	0.0	0.0	0.0015	0.037037	0.0	0.0015	0.0015	0.0	0.0	0.0	0.0	0.0	0.0	0.0	0.0	0.0	0.0	0.0	0.0	0.0	0.0	0.0	0.0	0.0	0.0	0.0	0.0	0.0	0.0015	0.0625	0.0	0.0	0.0015	0.0	0.020202	
Sarcelle d'été	0.0	0.0	0.0	0.0	0.0	0.0	0.0	0.0	0.0	0.0	0.2	0.1333333	0.0	0.1052632	0.0	0.0	0.0	0.0	0.0	0.0	0.0	0.0	0.0	0.0015	0.0	0.0	0.0	0.0	0.0	0.0384615	0.0	0.0784314	0.0	0.0	0.0	0.0	0.0	0.0	0.0	0.0	0.0	0.0	0.0	0.0	0.0	0.0	0.0	0.0	
Canard souchet	0.0	0.0015	0.0625	0.1578947	0.0	0.0588235	0.0952381	0.0	0.3333333	0.5	0.0	0.2666667	0.1538462	0.1842105	0.0	0.0	0.037037	0.0	0.0	0.0	0.0	0.0540541	0.0	0.0	0.0	0.0	0.0	0.0	0.047619	0.0384615	0.0	0.0784314	0.0	0.0	0.0454545	0.1052632	0.1666667	0.1428571	0.125	0.0454545	0.1071429	0.0909091	0.0625	0.0	0.1666667	0.2307692	0.0625	0.1414141	
Canard chipeau	0.0	0.125	0.1875	0.2631579	0.0833333	0.1764706	0.1904762	0.0	0.1111111	0.0	0.0	0.0666667	0.1923077	0.1052632	0.027027	0.2	0.037037	0.0606061	0.025641	0.1290323	0.0285714	0.0810811	0.0	0.0833333	0.0	0.0	0.0232558	0.047619	0.047619	0.1153846	0.0555556	0.254902	0.25	0.2	0.1818182	0.1578947	0.1666667	0.2142857	0.125	0.1363636	0.3214286	0.1363636	0.125	0.0	0.1666667	0.3076923	0.125	0.3333333	
Canard siffleur	0.0434783	0.125	0.125	0.0	0.1666667	0.1176471	0.1428571	0.1176471	0.0	0.0	0.0	0.1333333	0.0384615	0.0526316	0.0	0.0333333	0.0	0.0	0.0	0.0	0.0	0.0	0.0	0.0	0.0	0.0	0.0	0.0	0.0	0.0	0.0	0.0196078	0.125	0.0	0.0015	0.0526316	0.0	0.1428571	0.125	0.0454545	0.3571429	0.1363636	0.0625	0.0	0.3333333	0.3076923	0.125	0.2424242	
Canard colvert	0.173913	0.5	0.375	0.6315789	0.4166667	0.4705882	0.2380952	0.4117647	0.3333333	0.0	0.4	0.2666667	0.3076923	0.5263158	0.4054054	0.5666667	0.3703704	0.2121212	0.2051282	0.2903226	0.2857143	0.2972973	0.2272727	0.1666667	0.2222222	0.1818182	0.2093023	0.1904762	0.3333333	0.2307692	0.25	0.3333333	0.875	0.4	0.3181818	0.4210526	0.3333333	0.5	0.25	0.2727273	0.3571429	0.3636364	0.3125	0.3333333	0.6666667	0.4615385	0.1875	0.4646465	
Canard pilet	0.0	0.0	0.0625	0.0	0.0	0.0	0.0952381	0.0	0.0	0.0	0.0	0.0666667	0.0	0.0526316	0.0	0.0	0.0	0.0	0.0	0.0	0.0	0.0	0.0	0.0	0.0	0.0	0.0	0.0015	0.0	0.0	0.0	0.0	0.0	0.0	0.0	0.0	0.0	0.0	0.125	0.0454545	0.0714286	0.0454545	0.0	0.0	0.0	0.0	0.0625	0.0909091	
Sarcelle d'hiver	0.0	0.0	0.0625	0.1052632	0.1666667	0.2352941	0.1428571	0.1764706	0.0	0.0	0.0	0.1333333	0.0769231	0.1052632	0.027027	0.0	0.0	0.0	0.0	0.0	0.0	0.0	0.0	0.0	0.0	0.0	0.0	0.0	0.0	0.0769231	0.0555556	0.2352941	0.25	0.0	0.0909091	0.0526316	0.1666667	0.1428571	0.125	0.0454545	0.25	0.1818182	0.1875	0.2222222	0.1666667	0.2307692	0.1875	0.2121212	
Nette rousse	0.0015	0.125	0.0625	0.0	0.0015	0.0	0.0	0.0	0.0	0.0	0.0	0.0	0.1538462	0.0789474	0.0	0.0666667	0.037037	0.0	0.0	0.0322581	0.0	0.027027	0.0	0.0015	0.0	0.0	0.0	0.0	0.0	0.0	0.0	0.0196078	0.0	0.0	0.0	0.0	0.0	0.0	0.0	0.0	0.0	0.0454545	0.0	0.0	0.1666667	0.0769231	0.0	0.1111111	
Fuligule milouin	0.0	0.125	0.125	0.3157895	0.0	0.1176471	0.0952381	0.0588235	0.3333333	0.0	0.0	0.2	0.1538462	0.1315789	0.1081081	0.2	0.2222222	0.0606061	0.1025641	0.1612903	0.1428571	0.0540541	0.0015	0.0015	0.0015	0.0	0.0465116	0.0952381	0.0952381	0.0384615	0.0833333	0.1176471	0.0	0.0	0.2272727	0.2105263	0.1666667	0.2142857	0.0015	0.0454545	0.1428571	0.0909091	0.3125	0.0	0.1666667	0.2307692	0.125	0.1717172	
Fuligule morillon	0.1304348	0.125	0.1875	0.1052632	0.4166667	0.1764706	0.2380952	0.1176471	0.1111111	0.0	0.0	0.0666667	0.1153846	0.1315789	0.1621622	0.1333333	0.037037	0.030303	0.0512821	0.0967742	0.0571429	0.027027	0.0454545	0.0416667	0.0	0.0454545	0.0232558	0.047619	0.1428571	0.0	0.0277778	0.0588235	0.0	0.0	0.0454545	0.0526316	0.1666667	0.0714286	0.0015	0.1363636	0.1428571	0.1363636	0.3125	0.1111111	0.1666667	0.2307692	0.1875	0.2424242	
Fuligule milouinan	0.0	0.125	0.0625	0.0	0.0	0.0	0.0	0.0	0.0	0.0	0.0	0.0	0.0	0.0	0.0	0.0	0.0	0.0	0.0	0.0	0.0	0.0	0.0	0.0	0.0	0.0	0.0	0.0	0.0	0.0	0.0	0.0	0.0	0.0	0.0	0.0	0.0	0.0	0.0	0.0	0.0	0.0	0.0	0.0	0.0015	0.0	0.0	0.020202	
Macreuse brune	0.0	0.0	0.0	0.0	0.0	0.0	0.0	0.0	0.0	0.0	0.0	0.0	0.0	0.0	0.0	0.0	0.0	0.0	0.0	0.0	0.0	0.0	0.0	0.0	0.0	0.0	0.0	0.0	0.0	0.0	0.0	0.0	0.0	0.0	0.0	0.0	0.0	0.0	0.0	0.0	0.0	0.0	0.0	0.0	0.0	0.0	0.0	0.010101	
Macreuse noire	0.0	0.0	0.0	0.0	0.0	0.0	0.0	0.0	0.0	0.0	0.0	0.0	0.0	0.0	0.0	0.0	0.0	0.0	0.0	0.0	0.0	0.0	0.0	0.0	0.0	0.0	0.0	0.0	0.0	0.0	0.0	0.0	0.0	0.0	0.0	0.0	0.0	0.0	0.0	0.0	0.0	0.0	0.0	0.0	0.0	0.0015	0.0	0.0	
Garrot à oeil d'or	0.0	0.125	0.125	0.1578947	0.0833333	0.0588235	0.0015	0.0	0.2222222	0.0	0.0	0.0	0.0	0.0	0.0	0.0	0.0	0.0	0.0	0.0	0.0	0.0	0.0	0.0	0.0	0.0	0.0	0.0	0.0	0.0	0.0	0.0	0.0	0.0	0.0	0.0	0.0	0.0	0.0	0.0	0.0	0.0	0.0	0.0	0.1666667	0.1538462	0.0	0.1212121	
Harle piette	0.0	0.0015	0.0	0.0015	0.0833333	0.0	0.0015	0.0	0.0	0.0	0.0	0.0	0.0	0.0263158	0.0	0.0	0.0	0.0	0.0	0.0	0.0	0.0	0.0	0.0	0.0	0.0	0.0	0.0	0.0	0.0	0.0	0.0	0.0	0.0	0.0	0.0	0.0	0.0	0.0	0.0	0.0	0.0	0.0	0.0	0.1666667	0.0015	0.0	0.0707071	
Harle bièvre	0.0	0.125	0.1875	0.3157895	0.1666667	0.1764706	0.0015	0.0	0.1111111	0.0	0.0	0.0	0.0	0.0263158	0.0	0.0	0.0	0.0	0.0	0.0	0.0	0.0	0.0	0.0	0.0	0.0	0.0	0.0	0.0	0.0	0.0	0.0196078	0.0	0.0	0.0	0.0	0.0	0.0	0.0	0.0	0.0	0.0	0.0625	0.0	0.1666667	0.0769231	0.0	0.1919192	
Érismature rousse	0.0	0.0	0.0	0.0	0.0	0.0	0.0	0.0	0.0	0.0	0.0	0.0	0.0	0.0	0.0	0.0	0.0	0.0	0.0	0.0	0.0	0.0	0.0	0.0	0.0	0.0	0.0	0.0	0.0	0.0	0.0	0.0	0.0	0.0	0.0	0.0	0.0	0.0	0.0	0.0	0.0	0.0	0.0625	0.0	0.0	0.0	0.0	0.0015	
Perdrix grise	0.0	0.0	0.0	0.0	0.0	0.0	0.047619	0.0	0.0	0.0	0.0	0.0	0.0	0.0	0.0	0.0333333	0.0	0.0	0.025641	0.0	0.0	0.0	0.0	0.0416667	0.0	0.0454545	0.0	0.1190476	0.0	0.0	0.0	0.0	0.0	0.2	0.0	0.0	0.0	0.0	0.0	0.0909091	0.0357143	0.0	0.0	0.0	0.0	0.0	0.0	0.010101	
Faisan de Colchide	0.0	0.0015	0.0	0.0	0.0833333	0.0	0.0015	0.0	0.0	0.0	0.0	0.0	0.0	0.0	0.027027	0.0	0.0740741	0.0	0.025641	0.0322581	0.0	0.0	0.0	0.0	0.0	0.0	0.0	0.0015	0.0	0.0	0.0	0.0196078	0.0	0.0	0.0	0.0	0.0	0.0	0.0015	0.0015	0.0	0.0	0.0	0.0	0.0	0.0	0.0015	0.010101	
Caille des blés	0.0	0.0	0.0	0.0	0.0	0.0	0.0	0.0	0.0	0.0	0.0	0.0	0.0	0.0	0.0	0.0	0.0740741	0.030303	0.025641	0.0322581	0.0	0.027027	0.0	0.0416667	0.0	0.0	0.0	0.0	0.0	0.0384615	0.0015	0.0	0.0	0.0	0.0	0.0	0.0	0.0	0.0	0.0	0.0	0.0	0.0	0.0	0.0	0.0	0.0	0.0	
Pigeon biset	0.2173913	0.125	0.375	0.1578947	0.3333333	0.2352941	0.3333333	0.1764706	0.1111111	0.0	0.0015	0.1333333	0.1923077	0.1578947	0.3243243	0.2333333	0.1111111	0.3636364	0.2307692	0.0322581	0.3714286	0.1891892	0.2272727	0.125	0.2222222	0.2272727	0.1627907	0.3809524	0.3333333	0.1153846	0.1388889	0.0392157	0.125	0.0	0.2272727	0.2631579	0.1666667	0.1428571	0.25	0.4090909	0.25	0.3181818	0.125	0.3333333	0.5	0.3076923	0.25	0.2222222	
Pigeon colombin	0.0434783	0.0015	0.0	0.0	0.0	0.0	0.0952381	0.0588235	0.0	0.0	0.0	0.0	0.0015	0.0526316	0.0015	0.0	0.0740741	0.0015	0.0	0.0322581	0.0571429	0.027027	0.0454545	0.0	0.0	0.0	0.0465116	0.0714286	0.047619	0.0769231	0.0555556	0.0588235	0.125	0.0	0.0	0.0	0.0	0.0	0.0	0.0	0.0	0.0	0.0	0.0	0.0	0.0	0.0	0.0	
Pigeon ramier	0.4347826	0.375	0.625	0.4736842	0.6666667	0.7647059	0.5714286	0.5294118	0.6666667	0.5	0.6	0.6	0.5769231	0.3421053	0.5405405	0.5333333	0.3333333	0.4242424	0.5897436	0.2580645	0.6	0.5405405	0.4545455	0.25	0.5555556	0.6818182	0.4883721	0.8095238	0.5714286	0.6923077	0.3888889	0.3529412	0.5	0.2	0.3181818	0.3157895	0.1666667	0.1428571	0.375	0.8181818	0.4642857	0.5454545	0.1875	0.8888889	0.5	0.3846154	0.5	0.3636364	
Tourterelle des bois	0.0	0.0	0.0	0.0	0.0	0.0	0.0	0.0	0.0	0.0	0.0	0.0	0.0	0.0	0.027027	0.0	0.1851852	0.1515152	0.1538462	0.0967742	0.0857143	0.1621622	0.0909091	0.0416667	0.1111111	0.0015	0.0930233	0.2857143	0.1904762	0.0769231	0.0555556	0.0196078	0.0	0.0	0.0	0.0	0.0	0.0	0.0	0.0	0.0	0.0	0.0	0.0	0.0	0.0	0.0	0.0	
Tourterelle turque	0.2173913	0.0	0.3125	0.2105263	0.3333333	0.3529412	0.4285714	0.4117647	0.2222222	0.5	0.4	0.4	0.3076923	0.2631579	0.3243243	0.2	0.037037	0.3939394	0.3076923	0.0322581	0.4285714	0.2702703	0.2272727	0.125	0.1111111	0.3636364	0.255814	0.2857143	0.3809524	0.1538462	0.1111111	0.1176471	0.25	0.2	0.1818182	0.2631579	0.1666667	0.1428571	0.25	0.3181818	0.25	0.1818182	0.25	0.4444444	0.3333333	0.2307692	0.1875	0.1414141	
Coucou gris	0.0	0.0	0.0	0.0	0.0	0.0	0.0	0.0	0.0	0.0	0.0	0.0	0.1153846	0.2368421	0.2702703	0.4666667	0.5925926	0.2424242	0.3076923	0.2903226	0.3714286	0.2432432	0.1363636	0.0416667	0.0	0.0	0.0465116	0.0	0.0	0.0	0.0	0.0196078	0.0	0.0	0.0	0.0	0.0	0.0	0.0	0.0	0.0	0.0	0.0	0.0	0.0	0.0	0.0	0.0	
Martinet noir	0.0	0.0	0.0	0.0	0.0	0.0	0.0	0.0	0.0	0.0	0.0	0.0	0.0	0.0	0.0	0.2333333	0.2222222	0.2121212	0.2820513	0.2258065	0.3714286	0.2702703	0.2272727	0.125	0.1111111	0.4090909	0.1395349	0.1190476	0.0	0.0769231	0.0	0.0	0.0	0.0	0.0	0.0	0.0	0.0	0.0	0.0	0.0	0.0	0.0	0.0	0.0	0.0	0.0	0.0	
Râle d'eau	0.0	0.0015	0.0	0.0	0.0	0.0	0.0	0.0	0.0	0.0	0.0	0.0	0.0	0.0	0.0	0.0015	0.0740741	0.0	0.025641	0.0015	0.0285714	0.0	0.0	0.0015	0.0	0.0	0.0232558	0.0238095	0.0015	0.0384615	0.0277778	0.0392157	0.25	0.0	0.0454545	0.0526316	0.0	0.0	0.0015	0.0454545	0.0015	0.0454545	0.125	0.0	0.1666667	0.0	0.0	0.030303	
Râle des genêts	0.0	0.0	0.0	0.0	0.0	0.0	0.0	0.0	0.0	0.0	0.0	0.0	0.0	0.0	0.0	0.0	0.0	0.0	0.0	0.0015	0.0	0.0	0.0	0.0	0.0	0.0	0.0	0.0	0.0	0.0	0.0	0.0	0.0	0.0	0.0	0.0	0.0	0.0	0.0	0.0	0.0	0.0	0.0	0.0	0.0	0.0	0.0	0.0	
Marouette ponctuée	0.0	0.0	0.0	0.0	0.0	0.0	0.0	0.0	0.0	0.0	0.0	0.0	0.0	0.0	0.0	0.0	0.0	0.0	0.0	0.0	0.0	0.0	0.0	0.0	0.0	0.0	0.0	0.0	0.0	0.0	0.0	0.0	0.0015	0.0	0.0	0.0	0.0	0.0	0.0	0.0	0.0	0.0	0.0	0.0	0.0	0.0	0.0	0.0	
Gallinule poule-d'eau	0.0434783	0.125	0.0	0.1052632	0.0	0.0588235	0.0	0.0	0.0	0.0	0.0015	0.0	0.1538462	0.1052632	0.0810811	0.1	0.1111111	0.0909091	0.025641	0.0322581	0.0285714	0.0810811	0.0454545	0.0	0.0	0.0	0.1395349	0.1666667	0.1428571	0.1153846	0.0833333	0.1764706	0.125	0.0	0.0909091	0.0	0.0015	0.2142857	0.125	0.0909091	0.1785714	0.0909091	0.1875	0.0	0.1666667	0.0	0.0015	0.040404	
Foulque macroule	0.173913	0.0015	0.25	0.4210526	0.6666667	0.4705882	0.3333333	0.2352941	0.3333333	0.5	0.2	0.4666667	0.4230769	0.3157895	0.3513514	0.5666667	0.4444444	0.2121212	0.2307692	0.3225806	0.2571429	0.2162162	0.1818182	0.25	0.2222222	0.0454545	0.0697674	0.3095238	0.1904762	0.1923077	0.2222222	0.3921569	0.25	0.2	0.3636364	0.3684211	0.1666667	0.2142857	0.125	0.2272727	0.3214286	0.2727273	0.3125	0.2222222	0.3333333	0.2307692	0.3125	0.3434343	
Marouette poussin	0.0	0.0	0.0	0.0	0.0	0.0	0.0	0.0	0.0	0.0	0.0	0.0	0.0	0.0	0.0	0.0	0.0	0.0	0.0	0.0	0.0	0.0	0.0	0.0	0.0	0.0	0.0	0.0	0.0	0.0	0.0	0.0	0.25	0.0	0.0	0.0	0.0	0.0	0.0	0.0	0.0	0.0	0.0	0.0	0.0	0.0	0.0	0.0	
Grue cendrée	0.3478261	0.5	0.4375	0.3157895	0.4166667	0.5294118	0.4285714	0.2352941	0.2222222	0.0015	0.2	0.1333333	0.0	0.0263158	0.0540541	0.0	0.0015	0.0	0.0	0.0	0.0	0.0	0.0454545	0.0015	0.0	0.0	0.0	0.0	0.0	0.0	0.0	0.0	0.0	0.0	0.0	0.0526316	0.0	0.1428571	0.5	0.2727273	0.3928571	0.4545455	0.375	0.4444444	0.3333333	0.4615385	0.375	0.4545455	
Échasse blanche	0.0	0.0	0.0	0.0	0.0	0.0	0.0	0.0	0.0	0.0	0.0	0.0	0.0	0.0	0.0	0.0	0.0	0.0	0.0	0.0	0.0	0.0	0.0454545	0.0	0.0	0.0	0.0	0.0	0.0	0.0	0.0	0.0	0.0	0.0	0.0	0.0	0.0	0.0	0.0	0.0	0.0	0.0	0.0	0.0	0.0	0.0	0.0	0.0	
Avocette élégante	0.0	0.0	0.0	0.0	0.0	0.0	0.0	0.0	0.0	0.0	0.0	0.0	0.0	0.0	0.0	0.0	0.037037	0.0	0.0	0.0	0.0	0.0	0.0	0.0	0.0	0.0	0.0	0.0	0.0	0.0	0.0	0.0	0.0	0.0	0.0	0.0	0.0	0.0	0.0	0.0	0.0	0.0	0.0	0.0	0.0	0.0	0.0	0.0	
Huîtrier pie	0.0	0.0	0.0	0.0	0.0	0.0	0.0	0.0	0.0	0.0	0.0	0.0	0.0	0.0	0.0	0.0	0.0	0.0	0.0	0.0	0.0	0.0	0.0	0.0	0.0	0.0	0.0	0.0	0.0	0.0	0.0	0.0	0.0	0.0	0.0	0.0	0.0	0.0	0.125	0.0	0.0	0.0	0.0	0.0	0.0	0.0	0.0	0.0	
Pluvier argenté	0.0	0.0	0.0	0.0	0.0	0.0	0.0	0.0	0.0	0.0	0.0	0.0	0.0	0.0	0.0	0.0	0.0	0.0	0.0	0.0	0.0	0.0	0.0	0.0	0.0	0.0	0.0	0.0	0.0	0.0	0.0	0.0	0.0	0.0	0.0	0.0	0.0	0.0	0.0	0.0	0.0	0.0015	0.0	0.0	0.0	0.0	0.0	0.0	
Pluvier doré	0.0	0.0	0.0	0.0	0.0	0.0	0.0015	0.0015	0.0	0.0015	0.0	0.0015	0.0	0.0	0.0	0.0	0.0	0.0	0.0	0.0	0.0	0.0	0.0	0.0	0.0	0.0	0.0	0.0	0.0	0.0	0.0	0.0	0.0	0.0	0.0	0.0	0.0	0.0	0.0015	0.0	0.0357143	0.0015	0.0625	0.0	0.0015	0.0	0.0	0.0	
Guignard d’Eurasie	0.0	0.0	0.0	0.0	0.0	0.0	0.0	0.0	0.0	0.0	0.0	0.0	0.0	0.0	0.0	0.0	0.0	0.0	0.0	0.0	0.0	0.0	0.0	0.0	0.0	0.0	0.0	0.0	0.0	0.0	0.0	0.0015	0.0	0.0	0.0	0.0	0.0	0.0	0.0	0.0	0.0	0.0	0.0	0.0	0.0	0.0	0.0	0.0	
Grand Gravelot	0.0	0.0	0.0	0.0	0.0	0.0	0.0	0.0	0.0	0.0	0.0	0.0	0.0	0.0	0.0	0.0	0.0740741	0.0	0.0	0.0	0.0	0.0	0.0	0.0	0.0	0.0	0.0	0.0	0.0	0.0	0.0	0.0	0.0	0.0	0.0	0.0	0.0	0.0714286	0.0	0.0	0.1071429	0.0	0.0	0.0	0.0	0.0	0.0	0.0	
Petit Gravelot	0.0	0.0	0.0	0.0	0.0	0.0	0.0	0.0	0.0	0.0	0.2	0.0666667	0.0	0.1052632	0.027027	0.0	0.1111111	0.0015	0.0	0.0	0.0285714	0.0	0.0	0.0	0.0	0.0	0.0	0.0	0.047619	0.0	0.0	0.0784314	0.125	0.0	0.0	0.0526316	0.0	0.0	0.0	0.0	0.0	0.0	0.0	0.0	0.0	0.0	0.0	0.0	
Vanneau huppé	0.1304348	0.0015	0.0	0.0	0.0833333	0.0588235	0.2380952	0.0	0.0015	0.0015	0.0	0.1333333	0.0	0.0526316	0.0	0.0333333	0.037037	0.030303	0.0	0.0	0.0	0.0	0.0	0.0416667	0.0	0.0454545	0.1162791	0.0952381	0.047619	0.0769231	0.0555556	0.1568627	0.25	0.0	0.0909091	0.0526316	0.0	0.1428571	0.25	0.0454545	0.1071429	0.0909091	0.3125	0.0	0.3333333	0.0	0.125	0.1212121	
Courlis corlieu	0.0	0.0	0.0	0.0	0.0	0.0	0.0	0.0	0.0	0.0	0.0	0.0	0.0015	0.0	0.0	0.0	0.0	0.0	0.0	0.0	0.0	0.0	0.0	0.0	0.0	0.0	0.0	0.0	0.0	0.0	0.0	0.0	0.0	0.0	0.0	0.0	0.0	0.0	0.0	0.0	0.0	0.0	0.0	0.0	0.0	0.0	0.0	0.0	
Courlis cendré	0.0	0.0	0.0	0.0	0.0	0.0	0.0	0.0	0.0	0.0	0.0	0.0666667	0.0	0.0263158	0.027027	0.0015	0.0	0.0	0.0	0.0015	0.0	0.0	0.0	0.0	0.0	0.0	0.0	0.0	0.0	0.0	0.0	0.0196078	0.0	0.0	0.0	0.0	0.0	0.0	0.125	0.0	0.0	0.0	0.0	0.0	0.0	0.0	0.0	0.0	
Barge à queue noire	0.0	0.0	0.0	0.0	0.0	0.0	0.0	0.0	0.0	0.0	0.0	0.0	0.0769231	0.0	0.0	0.0	0.0	0.0	0.0	0.0	0.0	0.0	0.0	0.0	0.0	0.0	0.0	0.0	0.0	0.0	0.0	0.0	0.0	0.0	0.0	0.0	0.0	0.0	0.0	0.0	0.0357143	0.0	0.0	0.0	0.0	0.0	0.0	0.0	
Bécasse des bois	0.1304348	0.125	0.25	0.2105263	0.25	0.1764706	0.0952381	0.1764706	0.0	0.0	0.0015	0.0	0.0	0.0	0.0	0.0	0.0	0.0	0.0	0.0	0.0	0.0	0.0	0.0	0.0	0.0	0.0	0.0	0.0	0.0	0.0	0.0	0.0	0.0	0.0	0.0	0.0	0.0	0.0	0.0	0.0357143	0.0	0.0	0.2222222	0.3333333	0.2307692	0.1875	0.0707071	
Bécassine des marais	0.0	0.0015	0.0	0.0	0.0	0.0588235	0.0	0.0	0.0	0.0	0.0	0.0666667	0.0384615	0.0263158	0.0	0.0	0.037037	0.0	0.0	0.0	0.0	0.0	0.0	0.0	0.0	0.0	0.0	0.047619	0.0	0.0769231	0.0277778	0.1176471	0.375	0.0	0.0909091	0.0	0.0	0.0714286	0.0015	0.0909091	0.1071429	0.1363636	0.0625	0.0	0.0	0.1538462	0.0	0.010101	
Phalarope à bec large	0.0	0.0	0.0	0.0	0.0	0.0	0.0	0.0	0.0	0.0	0.0	0.0	0.0	0.0	0.0	0.0	0.0	0.0	0.0	0.0	0.0	0.0	0.0	0.0	0.0	0.0	0.0	0.0	0.0	0.0	0.0	0.0	0.0	0.0	0.0	0.0	0.0	0.0	0.0	0.0	0.0	0.0	0.0015	0.0	0.0	0.0	0.0	0.0	
Phalarope à bec étroit	0.0	0.0	0.0	0.0	0.0	0.0	0.0	0.0	0.0	0.0	0.0	0.0	0.0	0.0	0.0	0.0	0.0	0.0	0.0015	0.0015	0.0	0.0	0.0	0.0	0.0	0.0	0.0	0.0	0.0	0.0	0.0	0.0196078	0.0	0.0	0.0	0.0	0.0	0.0	0.0	0.0	0.0	0.0	0.0	0.0	0.0	0.0	0.0	0.0	
Chevalier guignette	0.0	0.0	0.0	0.0	0.0	0.0	0.0	0.0	0.0	0.0	0.0015	0.0	0.0	0.0526316	0.0	0.2	0.1481481	0.0909091	0.025641	0.0	0.0	0.0	0.0	0.0	0.0	0.0454545	0.1395349	0.1190476	0.3809524	0.1153846	0.1111111	0.1960784	0.125	0.0	0.0909091	0.0015	0.0	0.0	0.0	0.0	0.0	0.0	0.0	0.0	0.0	0.0	0.0	0.0	
Chevalier culblanc	0.0434783	0.0	0.0015	0.0526316	0.0	0.0	0.0	0.0	0.0	0.0	0.0	0.1333333	0.0384615	0.1052632	0.0	0.0	0.0	0.0	0.0	0.0	0.0	0.0	0.0	0.0416667	0.0	0.0	0.0930233	0.0238095	0.0015	0.0769231	0.1388889	0.0196078	0.25	0.0	0.0	0.0526316	0.0	0.0	0.125	0.0909091	0.0	0.0454545	0.0	0.0015	0.0	0.0	0.0	0.020202	
Chevalier sylvain	0.0	0.0	0.0	0.0	0.0	0.0	0.0	0.0	0.0	0.0	0.0	0.0	0.0	0.0263158	0.0	0.0333333	0.037037	0.0	0.0	0.0	0.0	0.0	0.0	0.0	0.0	0.0	0.0	0.0	0.0	0.0384615	0.0	0.0392157	0.125	0.0	0.0	0.0	0.0	0.0	0.0	0.0	0.0	0.0	0.0	0.0	0.0	0.0	0.0	0.0	
Chevalier gambette	0.0	0.0	0.0	0.0	0.0	0.0	0.0	0.0	0.0	0.0	0.0	0.0666667	0.0	0.0526316	0.0	0.0	0.037037	0.0	0.0	0.0	0.0	0.0	0.0	0.0	0.0	0.0	0.0	0.0	0.0	0.0	0.0	0.0196078	0.0	0.0	0.0	0.0	0.0	0.0	0.0	0.0	0.0357143	0.0	0.0	0.0	0.0	0.0	0.0	0.0	
Chevalier arlequin	0.0	0.0	0.0	0.0	0.0	0.0	0.0	0.0	0.0	0.0	0.0	0.0	0.0	0.0	0.0	0.0	0.037037	0.0	0.0	0.0	0.0	0.0	0.0	0.0	0.0	0.0	0.0	0.0	0.0	0.0	0.0	0.0392157	0.0	0.0	0.0	0.0	0.0	0.0714286	0.0015	0.0454545	0.0357143	0.0015	0.0	0.0	0.0	0.0	0.0	0.0	
Chevalier aboyeur	0.0	0.0	0.0	0.0	0.0	0.0	0.0	0.0	0.0	0.0	0.0	0.0	0.0769231	0.0	0.0	0.0	0.0740741	0.0	0.0	0.0	0.0	0.0	0.0	0.0	0.0	0.0	0.0	0.0	0.0	0.0384615	0.0277778	0.1176471	0.125	0.0	0.0	0.0526316	0.0	0.1428571	0.125	0.0	0.0	0.0	0.0	0.0	0.0	0.0	0.0	0.0	
Tournepierre à collier	0.0	0.0	0.0	0.0	0.0	0.0	0.0	0.0	0.0	0.0	0.0	0.0	0.0	0.0	0.0	0.0	0.0	0.0	0.0	0.0	0.0	0.0	0.0	0.0	0.0	0.0	0.0	0.0	0.0	0.0	0.0	0.0196078	0.0	0.0	0.0	0.0	0.0	0.0	0.0	0.0	0.0	0.0	0.0	0.0	0.0	0.0	0.0	0.0	
Bécasseau maubèche	0.0	0.0	0.0	0.0	0.0	0.0	0.0	0.0	0.0	0.0	0.0	0.0	0.0	0.0	0.0	0.0	0.0	0.0	0.0	0.0	0.0	0.0	0.0	0.0	0.0	0.0	0.0	0.0	0.0	0.0384615	0.0	0.0	0.0	0.0	0.0	0.0	0.0	0.0	0.0	0.0	0.0	0.0	0.0	0.0	0.0	0.0	0.0	0.0	
Combattant varié	0.0	0.0	0.0	0.0	0.0	0.0	0.0	0.0	0.0	0.0	0.0	0.0666667	0.0	0.0526316	0.0	0.0	0.037037	0.0	0.0	0.0	0.0	0.0	0.0	0.0	0.0	0.0	0.0	0.0238095	0.0	0.0	0.0	0.0196078	0.0	0.0	0.0	0.0526316	0.0	0.0	0.125	0.0454545	0.1071429	0.0454545	0.0015	0.0	0.0	0.0	0.0	0.0	
Bécasseau de Temminck	0.0	0.0	0.0	0.0	0.0	0.0	0.0	0.0	0.0	0.0	0.0	0.0	0.0	0.0	0.0	0.0	0.0	0.0	0.0	0.0	0.0	0.0	0.0	0.0	0.0	0.0	0.0	0.0	0.0	0.0	0.0	0.0196078	0.0	0.0	0.0	0.0	0.0	0.0	0.0	0.0	0.0	0.0	0.0	0.0	0.0	0.0	0.0	0.0	
Bécasseau variable	0.0	0.0	0.0	0.0	0.0	0.0	0.0	0.0	0.0	0.0	0.0	0.0666667	0.0	0.0	0.0	0.0	0.0	0.0	0.0	0.0	0.0	0.0	0.0	0.0	0.0	0.0	0.0	0.0	0.0	0.0384615	0.0	0.0196078	0.0	0.0	0.0	0.0	0.0	0.0714286	0.125	0.0454545	0.1071429	0.0454545	0.0	0.0	0.0	0.0	0.0	0.010101	
Bécasseau minute	0.0	0.0	0.0	0.0	0.0	0.0	0.0	0.0	0.0	0.0	0.0	0.0	0.0	0.0	0.0	0.0	0.0	0.0	0.0	0.0	0.0	0.0	0.0	0.0	0.0	0.0	0.0	0.0	0.0	0.0384615	0.0	0.0	0.0	0.0	0.0	0.0	0.0	0.0	0.125	0.0	0.0	0.0	0.0	0.0	0.0	0.0	0.0	0.0	
Bécasseau tacheté	0.0	0.0	0.0	0.0	0.0	0.0	0.0	0.0	0.0	0.0	0.0	0.0	0.0	0.0	0.0	0.0	0.0	0.0	0.0	0.0	0.0	0.0	0.0	0.0	0.0	0.0	0.0	0.0	0.0	0.0	0.0	0.0	0.0	0.0	0.0	0.0	0.0	0.0	0.0	0.0015	0.0357143	0.0	0.0	0.0	0.0	0.0	0.0	0.0	
Mouette pygmée	0.0	0.0	0.0	0.0	0.0	0.0	0.0	0.0	0.0	0.0	0.0	0.0	0.0384615	0.0263158	0.0	0.0666667	0.0	0.0	0.0	0.0	0.0	0.0	0.0	0.0	0.0	0.0	0.0	0.0	0.0	0.0	0.0	0.0	0.0	0.0	0.0	0.0	0.0	0.0	0.0	0.0	0.0	0.0	0.0	0.0	0.0	0.0	0.0	0.0	
Mouette rieuse	0.0434783	0.125	0.125	0.2105263	0.1666667	0.0588235	0.047619	0.0015	0.1111111	0.0	0.0	0.1333333	0.2307692	0.1315789	0.027027	0.1333333	0.0740741	0.030303	0.025641	0.0	0.0571429	0.027027	0.0	0.0833333	0.2222222	0.0	0.0697674	0.1666667	0.0952381	0.1153846	0.0277778	0.1960784	0.125	0.2	0.0	0.1578947	0.1666667	0.3571429	0.125	0.0909091	0.1785714	0.1818182	0.375	0.0015	0.3333333	0.2307692	0.125	0.2424242	
Mouette mélanocéphale	0.0	0.0	0.0	0.0	0.0	0.0	0.0	0.0	0.0	0.0	0.0	0.0	0.0	0.0	0.0	0.0	0.0	0.0	0.0	0.0	0.0	0.0	0.0	0.0	0.0	0.0	0.0	0.0	0.0	0.0384615	0.0	0.0196078	0.0	0.0	0.0	0.0	0.0	0.0	0.0	0.0	0.0	0.0	0.0	0.0	0.0	0.0	0.0	0.0	
Goéland cendré	0.0	0.0015	0.0	0.0	0.0833333	0.0588235	0.0	0.0	0.0	0.0	0.0	0.0	0.0	0.0	0.0	0.0	0.0	0.0	0.0	0.0	0.0	0.0	0.0	0.0	0.0	0.0	0.0	0.0	0.0	0.0	0.0	0.0	0.0	0.0	0.0454545	0.0	0.0	0.0	0.0	0.0	0.0	0.0	0.0	0.0	0.0015	0.0015	0.0	0.010101	
Goéland pontique	0.0	0.0	0.0	0.0	0.0015	0.0	0.0	0.0	0.0	0.0	0.0	0.0	0.0	0.0	0.0	0.0	0.0	0.0	0.0	0.0	0.0	0.0	0.0	0.0	0.0	0.0	0.0	0.0	0.0	0.0	0.0	0.0	0.0	0.0	0.0	0.0	0.0	0.0	0.0	0.0	0.0	0.0	0.0	0.0	0.0	0.0	0.0	0.0	
Goéland argenté	0.0	0.0	0.0	0.0	0.0	0.0	0.0	0.0	0.0	0.0	0.0	0.0	0.0	0.0	0.0	0.0	0.0	0.0	0.0	0.0	0.0	0.0	0.0	0.0	0.0	0.0	0.0	0.0	0.0	0.0	0.0	0.0	0.0	0.0	0.0	0.0	0.0	0.0	0.0	0.0	0.0	0.0	0.0	0.0	0.0	0.0	0.0	0.0015	
Goéland leucophée	0.0	0.125	0.0	0.1052632	0.0015	0.0	0.0	0.0	0.0	0.0	0.0	0.0	0.0	0.0263158	0.0	0.0	0.0	0.0	0.0	0.0322581	0.0	0.0	0.0	0.0	0.0	0.0	0.0015	0.0	0.0	0.0	0.0	0.0	0.0	0.0	0.0	0.0	0.0	0.0	0.0	0.0	0.0	0.0	0.0	0.0	0.1666667	0.0015	0.0	0.0505051	
Goéland brun	0.0	0.0	0.0	0.0	0.0	0.0	0.0	0.0	0.0	0.0	0.0	0.0	0.0	0.0	0.0	0.0	0.0	0.0	0.0	0.0	0.0	0.0	0.0	0.0	0.0	0.0	0.0	0.0238095	0.0	0.0	0.0	0.0	0.0	0.0	0.0	0.0	0.0	0.0	0.0	0.0	0.0	0.0	0.0	0.0	0.0015	0.0015	0.0	0.0	
goéland sp. (Larus sp.)	0.0	0.0	0.0	0.0	0.0	0.0	0.0	0.0	0.0	0.0	0.0	0.0	0.0	0.0	0.0	0.0	0.0	0.0	0.0	0.0	0.0	0.0	0.0	0.0	0.0	0.0	0.0	0.0	0.0	0.0	0.0	0.0	0.0	0.0	0.0	0.0	0.0	0.0	0.0	0.0	0.0	0.0	0.0	0.0	0.0	0.0	0.125	0.0	
Sterne naine	0.0	0.0	0.0	0.0	0.0	0.0	0.0	0.0	0.0	0.0	0.0	0.0	0.0	0.0	0.0	0.0	0.0	0.0	0.025641	0.0	0.0	0.0	0.0	0.0	0.0	0.0	0.0	0.0	0.0	0.0	0.0	0.0	0.0	0.0	0.0	0.0	0.0	0.0	0.0	0.0	0.0	0.0	0.0	0.0	0.0	0.0	0.0	0.0	
Guifette moustac	0.0	0.0	0.0	0.0	0.0	0.0	0.0	0.0	0.0	0.0	0.0	0.0	0.0	0.0	0.0	0.0	0.0	0.0	0.0	0.0	0.0	0.027027	0.0015	0.0	0.0	0.0	0.0	0.0	0.0	0.0	0.0	0.0	0.0	0.0	0.0	0.0	0.0	0.0	0.0	0.0	0.0	0.0	0.0	0.0	0.0	0.0	0.0	0.0	
Guifette noire	0.0	0.0	0.0	0.0	0.0	0.0	0.0	0.0	0.0	0.0	0.0	0.0	0.0	0.0526316	0.0	0.2	0.1111111	0.0	0.0	0.0	0.0571429	0.0	0.0	0.0	0.0	0.0	0.0	0.0	0.0	0.0015	0.0	0.0588235	0.125	0.0	0.0454545	0.0	0.0	0.0	0.0	0.0	0.0	0.0	0.0	0.0	0.0	0.0	0.0	0.0	
Sterne pierregarin	0.0	0.0	0.0	0.0	0.0	0.0	0.0	0.0	0.0	0.0	0.0	0.0	0.0384615	0.0526316	0.0	0.3	0.1481481	0.0606061	0.1025641	0.0322581	0.0571429	0.0540541	0.0454545	0.125	0.1111111	0.0015	0.1395349	0.0952381	0.0952381	0.2307692	0.0277778	0.0015	0.0	0.0	0.0	0.0	0.0	0.0	0.0	0.0	0.0	0.0	0.0	0.0	0.0	0.0	0.0	0.0	
Sterne pierregarin ou S. arctique	0.0	0.0	0.0	0.0	0.0	0.0	0.0	0.0	0.0	0.0	0.0	0.0	0.0	0.0	0.027027	0.0	0.0	0.0	0.0	0.0	0.0	0.0	0.0	0.0	0.0	0.0	0.0	0.0	0.0	0.0	0.0	0.0	0.0	0.0	0.0	0.0	0.0	0.0	0.0	0.0	0.0	0.0	0.0	0.0	0.0	0.0	0.0	0.0	
sterne sp.	0.0	0.0	0.0	0.0	0.0	0.0	0.0	0.0	0.0	0.0	0.0	0.0	0.0	0.0	0.0540541	0.0	0.0	0.0	0.0	0.0	0.0	0.027027	0.0	0.0	0.0	0.0	0.0	0.0	0.0	0.0	0.0	0.0	0.0	0.0	0.0	0.0526316	0.0	0.0	0.0	0.0	0.0	0.0	0.0	0.0	0.0	0.0	0.0	0.0	
Grèbe castagneux	0.0	0.0015	0.0	0.1052632	0.0	0.0	0.047619	0.0	0.1111111	0.0	0.0	0.0	0.1923077	0.0789474	0.1891892	0.1666667	0.037037	0.030303	0.1025641	0.0967742	0.1428571	0.1081081	0.0909091	0.0015	0.1111111	0.0454545	0.1162791	0.1904762	0.1428571	0.0384615	0.0833333	0.1176471	0.25	0.0	0.2727273	0.2105263	0.0015	0.2142857	0.0	0.0909091	0.2142857	0.1818182	0.0625	0.1111111	0.0	0.0769231	0.0	0.0707071	
Grèbe jougris	0.0	0.0	0.0	0.1052632	0.0	0.0	0.0	0.0	0.0	0.0	0.0	0.0	0.0	0.0	0.0	0.0	0.0	0.0	0.0	0.0	0.0	0.0	0.0	0.0	0.0	0.0	0.0	0.0	0.0	0.0	0.0	0.0	0.0	0.0	0.0	0.0	0.0	0.0	0.0	0.0	0.0	0.0	0.0	0.0	0.0	0.0	0.0	0.0	
Grèbe huppé	0.0	0.125	0.1875	0.2105263	0.1666667	0.2941176	0.1904762	0.0588235	0.3333333	0.5	0.2	0.3333333	0.3461538	0.2368421	0.2432432	0.4666667	0.3703704	0.1818182	0.1538462	0.1612903	0.2285714	0.1891892	0.0454545	0.3333333	0.2222222	0.0454545	0.1627907	0.2380952	0.1904762	0.1153846	0.1666667	0.2745098	0.0	0.2	0.2272727	0.3157895	0.3333333	0.2857143	0.125	0.1363636	0.3214286	0.1818182	0.1875	0.1111111	0.1666667	0.1538462	0.0625	0.3030303	
Grèbe à cou noir	0.0	0.0	0.0	0.0	0.0	0.0	0.0	0.0	0.0	0.0	0.0	0.0	0.0	0.0	0.0	0.0333333	0.037037	0.0	0.0	0.0	0.0	0.0	0.0	0.0	0.0	0.0	0.0	0.0	0.0	0.0	0.0	0.0	0.0	0.0	0.0	0.0	0.0	0.0	0.0	0.0	0.0	0.0	0.0	0.0	0.0	0.0	0.0	0.0015	
Plongeon catmarin	0.0	0.0	0.0	0.0	0.0	0.0	0.0	0.0	0.0	0.0	0.0	0.0	0.0	0.0	0.0	0.0	0.0	0.0	0.0	0.0	0.0	0.0	0.0	0.0	0.0	0.0	0.0	0.0	0.0	0.0	0.0	0.0	0.0	0.0	0.0	0.0	0.0	0.0	0.0	0.0	0.0	0.0	0.0	0.0	0.0	0.0015	0.0	0.0	
Plongeon arctique	0.0	0.0	0.0625	0.0	0.0	0.0	0.0	0.0	0.0	0.0	0.0	0.0	0.0	0.0	0.0	0.0	0.0	0.0	0.0	0.0	0.0	0.0	0.0	0.0	0.0	0.0	0.0	0.0	0.0	0.0	0.0	0.0	0.0	0.0	0.0	0.0	0.0	0.0	0.0	0.0	0.0	0.0	0.0	0.0	0.0	0.0	0.0	0.0015	
Plongeon imbrin	0.0	0.0	0.0	0.0	0.0	0.0	0.0	0.0	0.0	0.0	0.0	0.0	0.0	0.0	0.0	0.0	0.0	0.0	0.0	0.0	0.0	0.0	0.0	0.0	0.0	0.0	0.0	0.0	0.0	0.0	0.0	0.0	0.0	0.0	0.0	0.0	0.0	0.0	0.0	0.0	0.0	0.0	0.0	0.0	0.0	0.2307692	0.0	0.0015	
Cigogne noire	0.0	0.0	0.0	0.0	0.0	0.0	0.0	0.0	0.0	0.0	0.0	0.0	0.0	0.0263158	0.027027	0.0015	0.0	0.030303	0.025641	0.0015	0.0285714	0.0540541	0.0	0.0015	0.0015	0.0015	0.0232558	0.0015	0.047619	0.0	0.0	0.0015	0.125	0.0	0.0	0.0	0.0	0.0	0.0	0.0	0.0	0.0	0.0625	0.0	0.0	0.0	0.0	0.0	
Cigogne blanche	0.0434783	0.125	0.0625	0.1052632	0.0833333	0.0015	0.047619	0.0015	0.1111111	0.0	0.2	0.1333333	0.0384615	0.1052632	0.027027	0.1333333	0.1481481	0.0	0.025641	0.0322581	0.0285714	0.1351351	0.2272727	0.125	0.1111111	0.1363636	0.0697674	0.0015	0.0952381	0.1153846	0.0555556	0.0980392	0.125	0.0	0.0	0.0526316	0.0	0.0	0.0	0.0	0.0	0.0	0.0625	0.0	0.1666667	0.0015	0.0	0.030303	
Grand Cormoran	0.173913	0.375	0.25	0.4210526	0.3333333	0.2352941	0.3809524	0.3529412	0.2222222	0.5	0.2	0.2666667	0.1923077	0.3421053	0.1891892	0.1	0.1111111	0.0909091	0.0769231	0.0322581	0.0571429	0.1891892	0.0909091	0.0	0.1111111	0.0	0.0930233	0.1428571	0.0952381	0.1153846	0.1111111	0.2156863	0.5	0.0	0.3181818	0.3684211	0.5	0.3571429	0.25	0.2272727	0.4285714	0.3636364	0.25	0.2222222	0.3333333	0.3846154	0.375	0.5050505	
Spatule blanche	0.0	0.0	0.0	0.0	0.0	0.0	0.0	0.0	0.0	0.0	0.0	0.0	0.0	0.0	0.0	0.0	0.0	0.0	0.0	0.0	0.0	0.0	0.0	0.0015	0.0	0.0	0.0	0.0	0.0	0.0384615	0.0	0.0	0.25	0.0	0.0	0.0	0.0	0.0	0.0	0.0	0.0	0.0	0.0	0.0	0.0	0.0	0.0	0.0	
Butor étoilé	0.0	0.0	0.0	0.0	0.0	0.0	0.0015	0.0	0.0	0.0	0.0	0.0	0.0	0.0526316	0.0015	0.0333333	0.1111111	0.030303	0.0512821	0.0322581	0.0285714	0.0015	0.0	0.0	0.0	0.0	0.0232558	0.0015	0.0	0.0	0.0	0.0	0.0	0.0	0.0454545	0.0	0.0	0.0714286	0.0	0.0	0.0	0.0	0.0	0.0	0.0	0.0	0.0	0.010101	
Blongios nain	0.0	0.0	0.0	0.0	0.0	0.0	0.0	0.0	0.0	0.0	0.0	0.0	0.0	0.0	0.0	0.0	0.0	0.0	0.025641	0.0015	0.0285714	0.0	0.0	0.0015	0.0	0.0	0.0	0.0015	0.0	0.0	0.0	0.0	0.0	0.0	0.0	0.0	0.0	0.0	0.0	0.0	0.0	0.0	0.0	0.0	0.0	0.0	0.0	0.0	
Bihoreau gris	0.0	0.0	0.0	0.0	0.0	0.0	0.0	0.0	0.0	0.0	0.0	0.0	0.0	0.0	0.0	0.0	0.0	0.0	0.0	0.0	0.0	0.0	0.0	0.0	0.0	0.0	0.0	0.0	0.047619	0.0	0.0	0.0	0.0	0.0	0.0	0.0	0.0	0.0	0.0	0.0	0.0	0.0	0.0	0.0	0.0	0.0	0.0	0.0	
Aigrette garzette	0.0	0.0	0.0015	0.0	0.0	0.0	0.0	0.0	0.0	0.0	0.0015	0.0666667	0.0	0.0	0.0	0.0	0.0	0.030303	0.0	0.0015	0.0285714	0.027027	0.0	0.0416667	0.1111111	0.0454545	0.0	0.0	0.0952381	0.0	0.0	0.0196078	0.125	0.0	0.0909091	0.0	0.0	0.0714286	0.0	0.0454545	0.0	0.0	0.0625	0.0	0.0	0.0	0.0	0.0	
Héron garde-boeufs	0.0	0.0	0.0	0.0	0.0	0.0	0.0	0.0	0.0	0.0	0.0	0.0	0.0	0.0	0.0	0.0	0.0	0.0	0.0	0.0	0.0015	0.0	0.0454545	0.0	0.0	0.0	0.0	0.0	0.1428571	0.0	0.0	0.0	0.0	0.0	0.0	0.0	0.0	0.0	0.0	0.0	0.0	0.0	0.0	0.0	0.0	0.0	0.0	0.0	
Grande Aigrette	0.2608696	0.75	0.4375	0.6315789	0.5	0.3529412	0.3809524	0.4117647	0.3333333	0.5	0.2	0.2666667	0.1923077	0.2631579	0.1621622	0.1333333	0.1481481	0.0606061	0.1025641	0.1290323	0.0857143	0.1081081	0.0909091	0.0833333	0.1111111	0.0909091	0.0232558	0.1190476	0.2380952	0.1538462	0.1388889	0.254902	0.25	0.0	0.3636364	0.4736842	0.3333333	0.3571429	0.25	0.3181818	0.5	0.4090909	0.3125	0.1111111	0.3333333	0.4615385	0.375	0.6161616	
Héron cendré	0.0434783	0.75	0.5625	0.4736842	0.3333333	0.2352941	0.3333333	0.0	0.1111111	0.5	0.6	0.4	0.4230769	0.3947368	0.3513514	0.6	0.3333333	0.2121212	0.1794872	0.2580645	0.3142857	0.4054054	0.4090909	0.2916667	0.6666667	0.2272727	0.4186047	0.452381	0.5238095	0.3461538	0.5	0.3921569	0.875	0.2	0.4545455	0.4736842	0.3333333	0.5714286	0.375	0.3181818	0.2857143	0.4545455	0.625	0.5555556	0.5	0.3846154	0.375	0.5050505	
Héron pourpré	0.0	0.0	0.0	0.0	0.0	0.0	0.0	0.0	0.0	0.0	0.0	0.0	0.1153846	0.0263158	0.0	0.1666667	0.1481481	0.0015	0.0512821	0.0645161	0.0571429	0.0810811	0.0015	0.0833333	0.0015	0.0	0.0232558	0.0714286	0.0	0.0769231	0.0277778	0.1372549	0.0	0.0	0.0454545	0.0	0.0	0.0	0.0	0.0	0.0	0.0	0.0	0.0	0.0	0.0	0.0	0.0	
Balbuzard pêcheur	0.0	0.0	0.0	0.0	0.0	0.0	0.0	0.0	0.0	0.0	0.0	0.0666667	0.0769231	0.0263158	0.0540541	0.0015	0.037037	0.0	0.0	0.0322581	0.0	0.0	0.0	0.0	0.0	0.0	0.0	0.047619	0.0952381	0.0384615	0.0555556	0.0588235	0.0	0.0	0.0909091	0.0526316	0.0015	0.0015	0.125	0.0	0.0	0.0	0.0	0.0	0.0	0.0	0.0	0.0015	
Élanion blanc	0.0	0.0	0.0	0.0	0.0	0.0	0.0	0.0	0.0	0.0	0.0	0.0	0.0	0.0	0.0	0.0	0.0	0.0	0.0	0.0015	0.0	0.0	0.0	0.0	0.0	0.0	0.0	0.0	0.0	0.0	0.0	0.0	0.0	0.0	0.0	0.0	0.0	0.0	0.0	0.0	0.0	0.0	0.0	0.0	0.0	0.0	0.0	0.0	
Bondrée apivore	0.0	0.0	0.0	0.0	0.0	0.0	0.0	0.0	0.0	0.0	0.0	0.0	0.0	0.0	0.0	0.0333333	0.037037	0.1212121	0.025641	0.0322581	0.0015	0.027027	0.1363636	0.0015	0.0	0.0909091	0.0465116	0.047619	0.0	0.0384615	0.0833333	0.0196078	0.0	0.0	0.0	0.0	0.0	0.0	0.0	0.0	0.0	0.0	0.0	0.0	0.0	0.0	0.0	0.0	
Circaète Jean-le-Blanc	0.0	0.0	0.0	0.0	0.0	0.0	0.0	0.0	0.0	0.0	0.0	0.0	0.0	0.0	0.0	0.0	0.0	0.0	0.0	0.0	0.0	0.0	0.0	0.0	0.0	0.0	0.0	0.0238095	0.0	0.0	0.0	0.0	0.0	0.0	0.0	0.0	0.0	0.0	0.0	0.0	0.0	0.0	0.0	0.0	0.0	0.0	0.0	0.0	
Épervier d'Europe	0.1304348	0.25	0.25	0.0526316	0.0015	0.0015	0.0952381	0.0588235	0.0	0.0	0.2	0.1333333	0.0	0.0526316	0.027027	0.1666667	0.037037	0.0015	0.025641	0.0	0.0285714	0.0	0.0	0.0416667	0.0015	0.0454545	0.0465116	0.047619	0.1428571	0.0769231	0.0833333	0.0980392	0.0	0.0	0.1363636	0.0526316	0.0	0.0	0.0015	0.0454545	0.0714286	0.0	0.0625	0.3333333	0.0	0.0769231	0.0015	0.0505051	
Autour des palombes	0.0	0.0	0.0	0.0	0.0	0.0588235	0.047619	0.0	0.0	0.0	0.0	0.0	0.0	0.0	0.0	0.0	0.037037	0.0606061	0.0	0.0322581	0.0	0.0015	0.0	0.0	0.0015	0.0	0.0	0.0	0.0	0.0	0.0	0.0	0.125	0.0	0.0	0.0	0.0	0.0	0.0	0.0	0.0	0.0	0.0	0.0	0.0015	0.0	0.0	0.020202	
Busard des roseaux	0.0	0.0	0.0	0.0	0.0	0.0	0.0	0.0	0.0	0.0	0.0	0.3333333	0.1923077	0.1315789	0.0540541	0.3333333	0.1851852	0.030303	0.0769231	0.0645161	0.1714286	0.1891892	0.0015	0.125	0.0015	0.0	0.0465116	0.0015	0.0015	0.0769231	0.0277778	0.0980392	0.125	0.2	0.0454545	0.0	0.0	0.0	0.0	0.0	0.0357143	0.0909091	0.0	0.0	0.0	0.0	0.0	0.020202	
Busard Saint-Martin	0.0434783	0.0015	0.0	0.0015	0.0833333	0.0	0.047619	0.0588235	0.1111111	0.0	0.0	0.0666667	0.0	0.0015	0.027027	0.0015	0.0	0.030303	0.0	0.0	0.0015	0.0	0.0	0.0	0.0	0.0	0.0	0.047619	0.0	0.0	0.0	0.0	0.0	0.0	0.0	0.0	0.0	0.0	0.0	0.0454545	0.0357143	0.0454545	0.0	0.0	0.0	0.0	0.0015	0.0505051	
Busard cendré	0.0	0.0	0.0	0.0	0.0	0.0	0.0	0.0	0.0	0.0	0.0	0.0	0.0	0.0	0.027027	0.0015	0.0015	0.030303	0.1282051	0.0322581	0.0571429	0.027027	0.0	0.0015	0.0	0.0	0.0465116	0.0952381	0.0952381	0.0	0.0277778	0.0	0.0	0.0	0.0	0.0	0.0	0.0	0.0	0.0	0.0	0.0	0.0	0.0	0.0	0.0	0.0	0.0	
Busard Saint-Martin ou B. cendré	0.0	0.0	0.0	0.0	0.0	0.0	0.0	0.0	0.0	0.0	0.0	0.0	0.0	0.0	0.0	0.0	0.0	0.030303	0.0	0.0	0.0	0.0	0.0	0.0	0.0	0.0	0.0	0.0	0.0	0.0	0.0	0.0	0.0	0.0	0.0	0.0	0.0	0.0	0.0	0.0	0.0	0.0	0.0	0.0	0.0	0.0	0.0	0.0	
Milan royal	0.0	0.125	0.0015	0.0015	0.0	0.0588235	0.047619	0.0588235	0.0015	0.0	0.0015	0.1333333	0.0384615	0.0526316	0.0540541	0.0333333	0.037037	0.0606061	0.0512821	0.1290323	0.0857143	0.0810811	0.0015	0.0833333	0.0015	0.0909091	0.0232558	0.0952381	0.0	0.0384615	0.0833333	0.0980392	0.0015	0.0015	0.0909091	0.0526316	0.0	0.0015	0.125	0.1363636	0.1071429	0.1363636	0.0625	0.1111111	0.0	0.0015	0.0	0.020202	
Milan noir	0.0	0.0	0.0	0.0	0.0	0.0	0.0	0.0	0.0	0.0	0.4	0.6	0.3461538	0.3947368	0.3513514	0.4	0.3333333	0.2424242	0.2564103	0.3225806	0.3714286	0.4054054	0.3636364	0.4166667	0.2222222	0.1818182	0.2325581	0.2857143	0.2380952	0.0384615	0.0555556	0.0196078	0.0	0.0	0.0	0.0526316	0.0	0.0	0.0	0.0	0.0	0.0	0.0	0.0	0.0	0.0	0.0	0.0	
Milan royal ou M. noir	0.0	0.0	0.0	0.0	0.0	0.0	0.0	0.0	0.0	0.0	0.0	0.0	0.0	0.0	0.0	0.0	0.0	0.030303	0.0	0.0	0.0	0.0	0.0	0.0	0.0	0.0454545	0.0	0.0	0.0	0.0	0.0	0.0	0.0	0.0	0.0	0.0	0.0	0.0	0.0	0.0	0.0	0.0	0.0625	0.0	0.0	0.0	0.0	0.0	
Pygargue à queue blanche	0.0	0.0	0.0	0.0	0.0	0.0	0.0	0.0	0.1111111	0.0	0.0	0.0	0.1153846	0.0	0.0	0.0666667	0.0	0.0	0.025641	0.0	0.0285714	0.0	0.0	0.0015	0.0	0.0015	0.0015	0.0	0.0	0.0	0.0	0.0	0.0	0.0	0.0909091	0.0526316	0.1666667	0.0714286	0.0	0.0	0.0357143	0.0	0.0	0.0	0.0015	0.0015	0.0	0.020202	
Buse variable	0.5217391	0.5	0.625	0.3157895	0.6666667	0.5294118	0.6190476	0.3529412	0.2222222	0.0	0.2	0.4666667	0.5	0.4736842	0.4324324	0.3666667	0.0740741	0.3333333	0.3076923	0.1935484	0.6	0.4054054	0.3181818	0.3333333	0.3333333	0.4545455	0.4883721	0.452381	0.3809524	0.4230769	0.3333333	0.372549	0.25	0.6	0.3636364	0.3684211	0.6666667	0.5714286	0.375	0.6818182	0.5	0.5454545	0.375	0.7777778	0.6666667	0.6153846	0.6875	0.4343434	
rapace sp.	0.0	0.0	0.0	0.0	0.0	0.0	0.0	0.0	0.0	0.0	0.0	0.0	0.0384615	0.0	0.0	0.0	0.0	0.0	0.0	0.0	0.0	0.0	0.0	0.0	0.0	0.0	0.0	0.0238095	0.0	0.0	0.0277778	0.0	0.0	0.0	0.0	0.0	0.0	0.0	0.0	0.0454545	0.0	0.0	0.0625	0.1111111	0.0	0.0	0.0	0.0	
Effraie des clochers	0.0	0.0015	0.0015	0.0	0.0	0.0	0.0015	0.1764706	0.0	0.0	0.0	0.0	0.0	0.0	0.0015	0.0	0.0	0.030303	0.0	0.0	0.0	0.0	0.0	0.0	0.0	0.0	0.0	0.0015	0.0	0.0	0.0	0.0015	0.0	0.0	0.0	0.0	0.0	0.0	0.0	0.0	0.0	0.0	0.0	0.0	0.0	0.0	0.0	0.010101	
Grand-duc d'Europe	0.0	0.0	0.0	0.0	0.0	0.0	0.0	0.0	0.0	0.0	0.0	0.0015	0.0	0.0	0.0	0.0	0.0	0.0	0.0	0.0	0.0	0.0	0.0	0.0	0.0	0.0	0.0	0.0	0.0	0.0	0.0	0.0	0.0	0.0	0.0	0.0	0.0	0.0	0.0	0.0	0.0	0.0	0.0	0.0	0.0	0.0	0.0	0.0	
Chevêche d'Athéna	0.0	0.0	0.0	0.0	0.0	0.0	0.0	0.0	0.0	0.0	0.0	0.0	0.0	0.0	0.0	0.0	0.0	0.0	0.0	0.0	0.0	0.0	0.0	0.0	0.0	0.0	0.0	0.0	0.0	0.0	0.0	0.0	0.0	0.0	0.0454545	0.0015	0.0015	0.0	0.0	0.0	0.0	0.0	0.0	0.0	0.0	0.0	0.0	0.0	
Chouette hulotte	0.0	0.125	0.0	0.0015	0.0	0.0	0.047619	0.0	0.0	0.0	0.0	0.0	0.0769231	0.0	0.0	0.0	0.037037	0.0606061	0.025641	0.0015	0.0285714	0.0	0.0	0.0	0.0	0.0	0.0	0.0238095	0.0	0.0769231	0.0	0.0392157	0.0	0.0	0.0	0.0526316	0.0	0.0	0.0	0.0	0.0	0.0454545	0.0	0.1111111	0.0015	0.0	0.0625	0.0	
Hibou moyen-duc	0.0	0.0	0.0	0.0	0.0	0.0	0.0	0.0	0.0	0.0	0.0	0.0	0.0	0.0	0.0	0.0	0.0	0.0	0.0	0.0015	0.0	0.0	0.0015	0.0	0.0	0.0	0.0	0.0	0.0	0.0	0.0	0.0	0.0	0.0	0.0	0.0	0.0	0.0	0.0	0.0	0.0	0.0	0.0	0.0	0.0	0.0	0.0	0.0	
Huppe fasciée	0.0	0.0	0.0	0.0	0.0	0.0	0.0	0.0	0.0	0.0	0.0	0.0	0.0	0.0	0.0	0.0	0.0	0.0	0.025641	0.0015	0.0	0.0	0.0	0.0	0.0015	0.0	0.0	0.0	0.0	0.0	0.0555556	0.0	0.0	0.0	0.0	0.0	0.0	0.0	0.0	0.0	0.0	0.0	0.0	0.0	0.0	0.0	0.0	0.0	
Guêpier d'Europe	0.0	0.0	0.0	0.0	0.0	0.0	0.0	0.0	0.0	0.0	0.0	0.0	0.0	0.0	0.0	0.0	0.0	0.0	0.0512821	0.0015	0.0285714	0.0540541	0.0909091	0.0015	0.0	0.0015	0.1162791	0.047619	0.0952381	0.0015	0.0833333	0.0196078	0.0	0.0	0.0	0.0	0.0	0.0	0.0	0.0	0.0	0.0	0.0	0.0	0.0	0.0	0.0	0.0	
Martin-pêcheur d'Europe	0.0	0.0015	0.0625	0.1052632	0.0	0.0588235	0.047619	0.0	0.0	0.0	0.0015	0.0666667	0.1538462	0.0789474	0.027027	0.0015	0.1481481	0.030303	0.0512821	0.0015	0.0571429	0.027027	0.0909091	0.0416667	0.1111111	0.0909091	0.3023256	0.1428571	0.4761905	0.3846154	0.2777778	0.1372549	0.625	0.2	0.1818182	0.1578947	0.1666667	0.4285714	0.125	0.1363636	0.1428571	0.1363636	0.125	0.0	0.1666667	0.0769231	0.0625	0.0808081	
Torcol fourmilier	0.0	0.0	0.0	0.0	0.0	0.0	0.0	0.0	0.0	0.0	0.0	0.0	0.0	0.0789474	0.0	0.0666667	0.0	0.030303	0.0015	0.0	0.0	0.0	0.0	0.0416667	0.0	0.0	0.0015	0.0	0.0	0.0	0.0	0.0	0.0	0.0	0.0	0.0	0.0	0.0	0.0	0.0	0.0	0.0	0.0	0.0	0.0	0.0	0.0	0.0	
Pic mar	0.0869565	0.0015	0.125	0.0	0.1666667	0.0	0.1428571	0.0588235	0.0	0.0	0.0	0.0	0.0	0.0263158	0.0	0.0	0.0015	0.0	0.025641	0.0322581	0.0857143	0.027027	0.0454545	0.0416667	0.0015	0.0	0.0465116	0.047619	0.0	0.0	0.0277778	0.0196078	0.125	0.0	0.0	0.1052632	0.1666667	0.0714286	0.0015	0.1363636	0.1071429	0.2727273	0.125	0.3333333	0.0	0.0769231	0.1875	0.010101	
Pic épeiche	0.3478261	0.625	0.375	0.3684211	0.4166667	0.2352941	0.5238095	0.3529412	0.1111111	0.5	0.0	0.1333333	0.1538462	0.1842105	0.1891892	0.2333333	0.2962963	0.1515152	0.2564103	0.1290323	0.2857143	0.2432432	0.2727273	0.0833333	0.1111111	0.0909091	0.2093023	0.2380952	0.1428571	0.2307692	0.3055556	0.3137255	0.25	0.2	0.2272727	0.2105263	0.3333333	0.2142857	0.625	0.3181818	0.2142857	0.3636364	0.125	0.6666667	0.3333333	0.3076923	0.3125	0.2020202	
Pic épeichette	0.0	0.0	0.0	0.0	0.0	0.0	0.047619	0.0	0.0	0.0	0.0	0.0	0.0384615	0.0263158	0.0	0.0	0.0	0.0	0.0	0.0	0.0285714	0.0	0.0	0.0	0.0	0.0	0.0465116	0.0238095	0.0	0.0	0.0277778	0.0	0.125	0.0	0.0	0.0526316	0.0	0.0714286	0.0015	0.0	0.0	0.0454545	0.0	0.0	0.1666667	0.0	0.0	0.020202	
Pic cendré	0.0	0.0	0.0	0.0	0.0	0.0	0.0952381	0.0	0.0	0.0	0.0	0.0	0.0	0.0263158	0.0	0.0015	0.0	0.0	0.0	0.0	0.0	0.0	0.0	0.0	0.0	0.0	0.0	0.0	0.0	0.0	0.0	0.0	0.0	0.0	0.0	0.0	0.0	0.0	0.0	0.0	0.0357143	0.0	0.0	0.0	0.0	0.0	0.0	0.0	
Pic vert	0.0869565	0.125	0.1875	0.1052632	0.1666667	0.0588235	0.2380952	0.1764706	0.1111111	0.0	0.0	0.0666667	0.0769231	0.2105263	0.027027	0.1	0.0740741	0.0606061	0.1282051	0.0967742	0.1142857	0.0810811	0.0454545	0.0833333	0.0	0.0909091	0.1627907	0.2380952	0.2857143	0.1538462	0.1388889	0.2156863	0.375	0.0015	0.0909091	0.1578947	0.3333333	0.0	0.125	0.2727273	0.1785714	0.0909091	0.0625	0.1111111	0.1666667	0.0769231	0.1875	0.1212121	
Pic noir	0.2173913	0.125	0.3125	0.1578947	0.1666667	0.1764706	0.1904762	0.1764706	0.0	0.0	0.0	0.0	0.0	0.0789474	0.0540541	0.0333333	0.0740741	0.1515152	0.0769231	0.0015	0.0571429	0.0015	0.0	0.0833333	0.0	0.0	0.0	0.0952381	0.0	0.0769231	0.0555556	0.0784314	0.25	0.0	0.0	0.0526316	0.0	0.0	0.0015	0.1363636	0.1071429	0.3636364	0.125	0.3333333	0.1666667	0.2307692	0.1875	0.1212121	
Faucon crécerelle	0.0869565	0.125	0.25	0.0526316	0.1666667	0.2352941	0.1904762	0.1176471	0.0	0.0	0.2	0.2	0.1923077	0.2368421	0.3513514	0.3666667	0.1481481	0.3030303	0.3076923	0.0967742	0.2571429	0.2702703	0.1363636	0.0416667	0.3333333	0.0909091	0.1860465	0.2857143	0.1428571	0.1538462	0.1944444	0.0784314	0.0	0.0015	0.2727273	0.3684211	0.0	0.2142857	0.125	0.2727273	0.2142857	0.2272727	0.1875	0.1111111	0.3333333	0.3076923	0.0625	0.1818182	
Faucon hobereau	0.0	0.0	0.0	0.0	0.0	0.0	0.0	0.0	0.0	0.0	0.0	0.0	0.0	0.0	0.0	0.0666667	0.0	0.0	0.0769231	0.0015	0.0571429	0.0015	0.0	0.0015	0.0015	0.0	0.0	0.047619	0.0015	0.0769231	0.0555556	0.0196078	0.0	0.0	0.0	0.0526316	0.0	0.0	0.0	0.0	0.0	0.0	0.0	0.0	0.0	0.0	0.0	0.0	
Faucon pèlerin	0.0	0.0015	0.0	0.0015	0.0	0.0	0.0	0.0	0.0	0.0	0.0	0.0	0.0	0.0	0.0	0.0	0.0	0.0	0.0	0.0	0.0	0.0	0.0	0.0	0.0	0.0454545	0.0	0.0238095	0.0	0.0	0.0	0.0	0.0	0.0	0.0	0.0	0.0	0.0	0.0	0.0	0.0	0.0	0.0	0.0	0.0	0.0	0.0	0.010101	
rapace diurne sp.	0.0	0.0	0.0	0.0	0.0	0.0	0.0	0.0	0.0	0.0	0.0	0.0	0.0	0.0	0.0	0.0	0.0	0.0	0.0	0.0015	0.0	0.0	0.0	0.0	0.0	0.0	0.0	0.0	0.0	0.0	0.0	0.0	0.0	0.0	0.0	0.0	0.0	0.0	0.0	0.0	0.0	0.0	0.0	0.0	0.0	0.0	0.0	0.0	
Loriot d'Europe	0.0	0.0	0.0	0.0	0.0	0.0	0.0	0.0	0.0	0.0	0.0	0.0	0.0	0.0	0.0540541	0.1333333	0.2222222	0.3030303	0.2307692	0.2258065	0.2571429	0.1891892	0.1818182	0.0416667	0.0015	0.1363636	0.2790698	0.2380952	0.0952381	0.0769231	0.0555556	0.0	0.0	0.0	0.0	0.0	0.0	0.0	0.0	0.0	0.0	0.0	0.0	0.0	0.0	0.0	0.0	0.0	
Pie-grièche écorcheur	0.0	0.0	0.0	0.0	0.0	0.0	0.0	0.0	0.0	0.0	0.0	0.0	0.0	0.0	0.0	0.0	0.0015	0.0606061	0.2051282	0.1290323	0.2857143	0.1351351	0.1818182	0.125	0.3333333	0.0454545	0.3023256	0.3333333	0.2857143	0.1153846	0.1666667	0.1176471	0.0	0.0	0.0454545	0.0	0.0	0.0	0.0	0.0	0.0	0.0	0.0	0.0	0.0	0.0	0.0	0.0	
Pie-grièche grise	0.0	0.0	0.0	0.0	0.0	0.0	0.0	0.0	0.0	0.0	0.0	0.0	0.0	0.0	0.0	0.0	0.0	0.0	0.0	0.0	0.0	0.0	0.0	0.0	0.0	0.0	0.0	0.0	0.0	0.0	0.0	0.0	0.0	0.0	0.0	0.0	0.0	0.0	0.0	0.0	0.0	0.0015	0.0	0.0	0.0015	0.0	0.0	0.0	
Pie-grièche à tête rousse	0.0	0.0	0.0	0.0	0.0	0.0	0.0	0.0	0.0	0.0	0.0	0.0	0.0	0.0	0.0	0.0	0.0	0.0	0.0	0.0	0.0	0.0	0.0	0.0	0.0	0.0	0.0	0.0238095	0.047619	0.0	0.0	0.0	0.0	0.0	0.0	0.0	0.0	0.0	0.0	0.0	0.0	0.0	0.0	0.0	0.0	0.0	0.0	0.0	
Geai des chênes	0.3478261	0.625	0.375	0.2105263	0.4166667	0.1764706	0.3333333	0.2941176	0.1111111	0.0	0.0	0.1333333	0.1923077	0.1315789	0.1081081	0.2333333	0.0740741	0.1212121	0.1538462	0.1612903	0.1142857	0.0810811	0.2272727	0.0833333	0.1111111	0.0	0.1162791	0.2380952	0.2857143	0.2307692	0.1666667	0.1960784	0.125	0.4	0.2727273	0.2631579	0.5	0.2142857	0.375	0.4545455	0.2857143	0.4090909	0.125	0.8888889	0.6666667	0.2307692	0.4375	0.1717172	
Pie bavarde	0.3043478	0.125	0.25	0.2105263	0.3333333	0.4705882	0.2380952	0.4117647	0.5555556	0.0	0.4	0.4666667	0.2692308	0.2105263	0.3243243	0.4	0.1111111	0.2727273	0.2564103	0.1935484	0.3142857	0.2162162	0.1818182	0.2083333	0.2222222	0.2727273	0.1860465	0.3095238	0.2380952	0.1153846	0.2777778	0.0588235	0.375	0.2	0.2272727	0.2631579	0.3333333	0.4285714	0.375	0.5	0.2857143	0.3181818	0.25	0.4444444	0.3333333	0.3846154	0.25	0.2626263	
Choucas des tours	0.2173913	0.125	0.0625	0.1578947	0.1666667	0.1176471	0.1428571	0.1764706	0.1111111	0.0	0.2	0.2	0.0384615	0.1578947	0.2432432	0.1333333	0.0740741	0.3030303	0.2564103	0.1290323	0.2285714	0.1081081	0.1363636	0.0833333	0.1111111	0.0909091	0.1162791	0.1428571	0.047619	0.0384615	0.0555556	0.0980392	0.125	0.0015	0.0909091	0.0526316	0.1666667	0.0	0.375	0.3181818	0.1785714	0.1818182	0.3125	0.1111111	0.1666667	0.0769231	0.25	0.1616162	
Corbeau freux	0.1304348	0.0	0.0625	0.1578947	0.0	0.1176471	0.047619	0.0	0.0	0.0	0.2	0.2	0.0769231	0.1052632	0.0810811	0.1333333	0.0	0.1212121	0.1025641	0.0322581	0.0285714	0.027027	0.0	0.0833333	0.1111111	0.0	0.0930233	0.1190476	0.047619	0.0015	0.0277778	0.0392157	0.0	0.0	0.0	0.0	0.0015	0.0	0.0	0.0454545	0.0714286	0.0454545	0.125	0.0	0.0	0.0	0.1875	0.0909091	
Corneille noire	0.6086957	0.375	0.8125	0.6315789	0.6666667	0.6470588	0.7619048	0.5882353	0.5555556	0.5	0.8	0.7333333	0.7692308	0.5	0.7027027	0.6666667	0.5555556	0.5757576	0.6153846	0.1290323	0.7428571	0.5675676	0.4090909	0.375	0.5555556	0.4545455	0.5348837	0.6666667	0.4285714	0.5384615	0.4166667	0.3137255	0.25	0.4	0.3181818	0.5263158	0.1666667	0.5	0.75	0.7727273	0.6071429	0.6818182	0.5	0.8888889	0.6666667	0.7692308	0.625	0.6161616	
corneille sp.	0.0	0.0	0.0	0.0	0.0	0.0	0.0	0.0	0.0	0.0	0.0015	0.0	0.0	0.0	0.0	0.0	0.0	0.0	0.0	0.0	0.0	0.0	0.0	0.0416667	0.0	0.0	0.0	0.0015	0.0	0.0	0.0	0.0	0.0	0.0	0.0	0.0	0.0	0.0	0.0	0.0	0.0	0.0	0.0	0.0	0.0	0.0	0.0	0.0	
Grand Corbeau	0.173913	0.375	0.25	0.1578947	0.3333333	0.1176471	0.1428571	0.1764706	0.2222222	0.5	0.0	0.0666667	0.0	0.0263158	0.0	0.0015	0.0	0.030303	0.025641	0.0322581	0.0285714	0.0540541	0.0454545	0.0	0.0	0.0454545	0.0015	0.0714286	0.047619	0.0	0.0555556	0.0588235	0.0	0.0	0.0	0.0526316	0.0	0.0	0.125	0.1818182	0.0714286	0.1818182	0.0	0.6666667	0.1666667	0.3076923	0.1875	0.0707071	
Mésange noire	0.0434783	0.0	0.0625	0.1052632	0.0833333	0.0588235	0.0	0.0588235	0.0	0.0	0.0	0.0	0.0	0.0	0.0	0.0	0.0	0.0	0.0	0.0	0.0	0.027027	0.0	0.0015	0.0	0.0	0.0	0.0	0.0	0.0	0.0	0.0196078	0.0	0.0	0.0	0.0526316	0.0	0.1428571	0.0	0.0	0.0714286	0.0909091	0.1875	0.1111111	0.0	0.0769231	0.1875	0.030303	
Mésange huppée	0.0	0.0	0.0	0.0526316	0.0833333	0.0588235	0.0952381	0.0	0.0	0.0	0.0	0.0015	0.0	0.0526316	0.0	0.0	0.037037	0.0	0.0	0.0322581	0.0015	0.0015	0.0	0.0416667	0.0	0.0454545	0.0015	0.0	0.047619	0.1153846	0.0277778	0.0392157	0.0	0.2	0.0	0.0526316	0.0	0.0	0.125	0.0454545	0.0	0.1363636	0.0	0.1111111	0.0	0.0	0.125	0.0	
Mésange nonnette	0.4347826	0.75	0.375	0.2105263	0.3333333	0.2352941	0.3333333	0.2941176	0.0	0.5	0.0	0.0	0.0384615	0.1315789	0.027027	0.1	0.1111111	0.030303	0.025641	0.0967742	0.1428571	0.1081081	0.0454545	0.0015	0.1111111	0.0454545	0.0465116	0.1190476	0.1904762	0.1923077	0.0555556	0.1372549	0.125	0.4	0.1363636	0.1052632	0.3333333	0.0714286	0.375	0.4090909	0.1428571	0.5	0.0	0.7777778	0.5	0.5384615	0.375	0.1010101	
Mésange boréale	0.0	0.0015	0.0	0.0	0.0015	0.0	0.0015	0.0	0.1111111	0.0	0.0	0.0	0.0	0.0	0.0	0.0	0.0	0.0	0.0	0.0	0.0	0.0	0.0	0.0	0.0	0.0	0.0	0.047619	0.0	0.0384615	0.0	0.0	0.0	0.0	0.0	0.0015	0.0015	0.0	0.0015	0.0	0.0	0.0	0.0	0.0	0.0	0.0015	0.0	0.0	
Mésange nonnette ou M. boréale	0.0	0.0	0.0	0.0	0.0	0.0	0.0	0.0	0.0	0.0	0.0	0.0	0.0	0.0263158	0.0	0.0	0.0	0.0	0.0	0.0	0.0	0.0	0.0	0.0	0.0	0.0	0.0	0.0	0.0	0.0	0.0	0.0	0.0	0.0	0.0	0.0	0.0	0.0	0.0	0.0	0.0	0.0	0.0	0.0	0.0015	0.0	0.0	0.0	
Mésange bleue	0.5217391	0.625	0.4375	0.3157895	0.4166667	0.3529412	0.5238095	0.4705882	0.4444444	1.0	0.0	0.7333333	0.4230769	0.2368421	0.2702703	0.3333333	0.2962963	0.2424242	0.2820513	0.2903226	0.4	0.2432432	0.2272727	0.0416667	0.2222222	0.1363636	0.2790698	0.3095238	0.2857143	0.4615385	0.3611111	0.254902	0.375	0.4	0.5454545	0.2631579	0.3333333	0.4285714	0.375	0.6363636	0.5	0.5454545	0.5	1.0	0.5	0.4615385	0.4375	0.3434343	
Mésange charbonnière	0.6521739	0.75	0.5625	0.4736842	0.5	0.3529412	0.5714286	0.5882353	0.5555556	1.0	0.2	0.7333333	0.5384615	0.3947368	0.4324324	0.4	0.4814815	0.5151515	0.4358974	0.1935484	0.3714286	0.3243243	0.2272727	0.125	0.3333333	0.2727273	0.2790698	0.2857143	0.4761905	0.3461538	0.3888889	0.2352941	0.25	0.4	0.4545455	0.4210526	0.3333333	0.5	0.375	0.6363636	0.6785714	0.7272727	0.4375	1.0	0.6666667	0.5384615	0.5625	0.3030303	
Rémiz penduline	0.0	0.0	0.0	0.0	0.0	0.0	0.0	0.0	0.0	0.0	0.0	0.0	0.0	0.0	0.0	0.0	0.0	0.030303	0.0	0.0	0.0	0.0	0.0	0.0	0.0	0.0	0.0	0.0	0.0	0.0	0.0	0.0	0.0	0.0	0.0	0.0	0.0	0.0	0.0	0.0	0.0357143	0.0	0.0	0.0	0.0	0.0	0.0	0.0	
Alouette lulu	0.0	0.0	0.0	0.0	0.0	0.0	0.0	0.0015	0.0	0.0	0.0	0.0015	0.0769231	0.0263158	0.027027	0.0	0.0015	0.0	0.025641	0.0322581	0.0285714	0.0540541	0.0454545	0.0	0.0	0.0	0.0	0.0238095	0.0	0.0	0.0	0.0196078	0.0	0.0	0.0	0.0	0.0	0.0	0.0015	0.0	0.0	0.0454545	0.0	0.0	0.0	0.0	0.0	0.0	
Alouette des champs	0.0434783	0.0015	0.0015	0.0015	0.0	0.0588235	0.047619	0.1764706	0.1111111	0.0	0.2	0.3333333	0.3076923	0.4210526	0.3243243	0.5	0.2592593	0.2121212	0.3589744	0.0967742	0.4	0.3513514	0.1363636	0.25	0.4444444	0.1818182	0.1860465	0.1904762	0.1428571	0.0	0.0277778	0.0196078	0.0	0.0	0.0454545	0.0015	0.0	0.2142857	0.0015	0.3181818	0.1428571	0.1363636	0.0625	0.0	0.0	0.0769231	0.125	0.0808081	
Panure à moustaches	0.0	0.125	0.0	0.0	0.0	0.0	0.0	0.0	0.0	0.0	0.0	0.0	0.0	0.0	0.0	0.0	0.0	0.0	0.0	0.0	0.0	0.0	0.0	0.0	0.0	0.0	0.0	0.0	0.0	0.0	0.0	0.0	0.0	0.0	0.0	0.0	0.0	0.0	0.0	0.0	0.0	0.0	0.0625	0.0	0.0	0.0	0.0	0.0	
Hypolaïs polyglotte	0.0	0.0	0.0	0.0	0.0	0.0	0.0	0.0	0.0	0.0	0.0	0.0	0.0	0.0	0.0	0.0015	0.0	0.030303	0.0769231	0.0322581	0.0571429	0.027027	0.0454545	0.0015	0.0	0.0454545	0.0232558	0.1190476	0.0	0.0	0.0	0.0	0.0	0.0	0.0	0.0	0.0	0.0	0.0	0.0	0.0	0.0	0.0	0.0	0.0	0.0	0.0	0.0	
Phragmite des joncs	0.0	0.0	0.0	0.0	0.0	0.0	0.0	0.0	0.0	0.0	0.0	0.0	0.1538462	0.1578947	0.1351351	0.3	0.1851852	0.030303	0.1025641	0.0322581	0.0571429	0.0540541	0.0015	0.0	0.0	0.0	0.0232558	0.0238095	0.0	0.0	0.0	0.0	0.125	0.0	0.0	0.0	0.0	0.0	0.0	0.0	0.0	0.0	0.0	0.0	0.0	0.0	0.0	0.0	
Rousserolle verderolle	0.0	0.0	0.0	0.0	0.0	0.0	0.0	0.0	0.0	0.0	0.0	0.0	0.0	0.0	0.0	0.0	0.037037	0.0015	0.025641	0.0322581	0.0571429	0.0	0.0	0.0	0.0	0.0	0.0	0.0	0.0952381	0.0	0.0	0.0	0.0	0.0	0.0	0.0	0.0	0.0	0.0	0.0	0.0	0.0	0.0	0.0	0.0	0.0	0.0	0.0	
Rousserolle effarvatte	0.0	0.0	0.0	0.0	0.0	0.0	0.0	0.0	0.0	0.0	0.0	0.0	0.0	0.0263158	0.1081081	0.2333333	0.2592593	0.0909091	0.1282051	0.0967742	0.1714286	0.1621622	0.0909091	0.125	0.2222222	0.0	0.0930233	0.0952381	0.047619	0.0769231	0.0555556	0.1176471	0.25	0.0	0.0454545	0.0	0.0	0.0	0.0	0.0	0.0	0.0	0.0	0.0	0.0	0.0	0.0	0.0	
Rousserolle verderolle ou R. effarvatte	0.0	0.0	0.0	0.0	0.0	0.0	0.0	0.0	0.0	0.0	0.0	0.0	0.0	0.0	0.0	0.0	0.0	0.0	0.0	0.0015	0.0	0.0	0.0	0.0	0.0	0.0	0.0	0.0	0.0	0.0	0.0	0.0	0.0	0.0	0.0	0.0	0.0	0.0	0.0	0.0	0.0	0.0	0.0	0.0	0.0	0.0	0.0	0.0	
Rousserolle turdoïde	0.0	0.0	0.0	0.0	0.0	0.0	0.0	0.0	0.0	0.0	0.0	0.0	0.0	0.0	0.0810811	0.2333333	0.3703704	0.1212121	0.1794872	0.2258065	0.2	0.1351351	0.0454545	0.125	0.3333333	0.0	0.0232558	0.047619	0.047619	0.0	0.0	0.0588235	0.0	0.0	0.0	0.0	0.0	0.0	0.0	0.0	0.0	0.0	0.0	0.0	0.0	0.0	0.0	0.0	
Locustelle luscinioïde	0.0	0.0	0.0	0.0	0.0	0.0	0.0	0.0	0.0	0.0	0.0	0.0	0.0	0.0	0.027027	0.0333333	0.1111111	0.0	0.0	0.0322581	0.0285714	0.0	0.0015	0.0	0.0	0.0	0.0	0.0	0.0	0.0	0.0	0.0	0.0	0.0	0.0	0.0	0.0	0.0	0.0	0.0	0.0	0.0	0.0	0.0	0.0	0.0	0.0	0.0	
Locustelle tachetée	0.0	0.0	0.0	0.0	0.0	0.0	0.0	0.0	0.0	0.0	0.0	0.0	0.0	0.0	0.0	0.0	0.0	0.0	0.0	0.0322581	0.0285714	0.0	0.0	0.0	0.0	0.0	0.0232558	0.0	0.0	0.0	0.0	0.0	0.0	0.0	0.0	0.0	0.0	0.0	0.0	0.0	0.0	0.0	0.0	0.0	0.0	0.0	0.0	0.0	
Hirondelle de rivage	0.0	0.0	0.0	0.0	0.0	0.0	0.0	0.0	0.0	0.0	0.0	0.0666667	0.1153846	0.0789474	0.027027	0.1666667	0.1111111	0.030303	0.0	0.0322581	0.0285714	0.0540541	0.0454545	0.0015	0.0	0.0	0.0697674	0.1666667	0.1428571	0.0015	0.0555556	0.0784314	0.0	0.0	0.0454545	0.0526316	0.0	0.0	0.0	0.0	0.0	0.0	0.0	0.0	0.0	0.0	0.0	0.0	
Hirondelle rustique	0.0	0.0	0.0	0.0	0.0	0.0	0.0	0.0	0.0	0.0	0.0	0.3333333	0.2307692	0.4473684	0.4324324	0.4	0.4814815	0.4545455	0.5641026	0.4193548	0.6571429	0.4594595	0.4090909	0.2083333	0.3333333	0.5	0.4418605	0.6666667	0.5714286	0.5	0.4166667	0.3333333	0.25	0.6	0.3181818	0.1052632	0.0	0.0	0.0	0.0	0.0	0.0	0.0	0.0	0.0	0.0	0.0	0.0	
Hirondelle de fenêtre	0.0	0.0	0.0	0.0	0.0	0.0	0.0	0.0	0.0	0.0	0.0	0.0	0.0	0.1842105	0.1081081	0.0666667	0.2222222	0.3636364	0.3076923	0.1612903	0.4285714	0.3783784	0.2727273	0.1666667	0.1111111	0.4090909	0.3488372	0.4047619	0.2857143	0.4615385	0.3611111	0.1176471	0.375	0.0015	0.1363636	0.2105263	0.0	0.0	0.0	0.0	0.0	0.0	0.0	0.0	0.0	0.0	0.0	0.0	
hirondelle sp.	0.0	0.0	0.0	0.0	0.0	0.0	0.0	0.0	0.0	0.0	0.0	0.0	0.0	0.0	0.0	0.0	0.0	0.0	0.0	0.0	0.0	0.0	0.0	0.0	0.0	0.0454545	0.0	0.0	0.0	0.0	0.0	0.0	0.0	0.0	0.0	0.0	0.0	0.0	0.0	0.0	0.0	0.0	0.0	0.0	0.0	0.0	0.0	0.0	
Pouillot siffleur	0.0	0.0	0.0	0.0	0.0	0.0	0.0	0.0	0.0	0.0	0.0	0.0	0.0	0.0263158	0.0	0.0	0.0015	0.0909091	0.025641	0.0	0.0015	0.0015	0.0454545	0.0	0.0	0.0	0.0	0.0	0.0	0.0	0.0	0.0	0.0	0.0	0.0	0.0	0.0	0.0	0.0	0.0	0.0	0.0	0.0	0.0	0.0	0.0	0.0	0.0	
Pouillot brun	0.0	0.0	0.0	0.0	0.0	0.0	0.0	0.0	0.0	0.0	0.0	0.0	0.0	0.0	0.0	0.0	0.0	0.0	0.0	0.0	0.0	0.0	0.0	0.0	0.0	0.0	0.0	0.0	0.0	0.0	0.0	0.0	0.0	0.0	0.0	0.0	0.0	0.0	0.0	0.0	0.0	0.0	0.0	0.0	0.0	0.0	0.0	0.0015	
Pouillot fitis	0.0	0.0	0.0	0.0	0.0	0.0	0.0	0.0	0.0	0.0	0.2	0.0666667	0.0769231	0.2105263	0.1081081	0.2666667	0.1481481	0.1212121	0.1025641	0.1935484	0.0571429	0.027027	0.0454545	0.0	0.2222222	0.0	0.0465116	0.0238095	0.047619	0.0769231	0.0833333	0.0588235	0.0	0.0	0.0	0.0	0.0	0.0	0.0	0.0	0.0	0.0	0.0	0.0	0.0	0.0	0.0	0.0	
Pouillot véloce	0.0434783	0.0	0.0	0.0526316	0.0	0.0	0.0952381	0.0	0.4444444	0.5	0.4	0.4666667	0.6923077	0.6052632	0.4594595	0.6	0.4814815	0.3636364	0.4871795	0.516129	0.6	0.4054054	0.3636364	0.2916667	0.3333333	0.3181818	0.1860465	0.2380952	0.1904762	0.3076923	0.3611111	0.2745098	0.375	0.0015	0.5	0.3157895	0.5	0.2142857	0.5	0.1818182	0.1428571	0.2272727	0.0	0.1111111	0.0	0.0	0.0	0.040404	
Pouillot fitis ou P. véloce	0.0	0.0	0.0	0.0	0.0	0.0	0.0	0.0	0.0	0.0	0.0	0.0	0.0	0.0	0.0	0.0	0.0	0.0	0.0	0.0	0.0	0.0	0.0	0.0	0.0	0.0	0.0	0.0	0.0	0.0	0.0	0.0196078	0.0	0.0	0.0	0.0	0.0	0.0	0.0	0.0	0.0	0.0	0.0	0.0	0.0	0.0	0.0	0.0	
Bouscarle de Cetti	0.0	0.0	0.0	0.0	0.0	0.0	0.0	0.0	0.0	0.0	0.0	0.0	0.0769231	0.0	0.0	0.0666667	0.0740741	0.0	0.0	0.0322581	0.0015	0.0	0.0	0.0	0.0	0.0	0.0	0.0	0.0	0.0	0.0	0.0	0.0	0.0	0.0	0.0	0.0	0.0	0.0	0.0	0.0	0.0	0.0	0.0	0.0	0.0	0.0	0.0	
Orite à longue queue	0.2608696	0.375	0.375	0.1052632	0.4166667	0.1764706	0.2857143	0.2941176	0.0	0.5	0.0	0.1333333	0.1153846	0.0789474	0.0810811	0.1	0.1111111	0.0	0.0769231	0.0322581	0.0571429	0.0810811	0.0909091	0.0416667	0.0	0.0454545	0.0465116	0.0238095	0.047619	0.1153846	0.1111111	0.0980392	0.0	0.0	0.1363636	0.0526316	0.1666667	0.1428571	0.25	0.2727273	0.1785714	0.4090909	0.0	0.8888889	0.3333333	0.4615385	0.25	0.1515152	
Fauvette à tête noire	0.0	0.0	0.0	0.0	0.0	0.0	0.0	0.0	0.0	0.0	0.0	0.2666667	0.4230769	0.3947368	0.4054054	0.6	0.5555556	0.4242424	0.5128205	0.3225806	0.5714286	0.4864865	0.4090909	0.25	0.3333333	0.3181818	0.3023256	0.1904762	0.2380952	0.3461538	0.2777778	0.2352941	0.25	0.0015	0.1363636	0.2105263	0.0	0.0	0.0	0.0454545	0.0	0.0	0.0	0.0	0.0	0.0	0.0	0.0	
Fauvette des jardins	0.0	0.0	0.0	0.0	0.0	0.0	0.0	0.0	0.0	0.0	0.0	0.0	0.0	0.0	0.0810811	0.3666667	0.2592593	0.1515152	0.1794872	0.1612903	0.2285714	0.2162162	0.1818182	0.0	0.1111111	0.0909091	0.0465116	0.0	0.047619	0.0384615	0.0	0.0196078	0.0	0.0	0.0	0.0	0.0	0.0	0.0	0.0	0.0	0.0	0.0	0.0	0.0	0.0	0.0	0.0	
Fauvette babillarde	0.0	0.0	0.0	0.0	0.0	0.0	0.0	0.0	0.0	0.0	0.0	0.0	0.0	0.0526316	0.0540541	0.1	0.0740741	0.1212121	0.025641	0.1290323	0.0571429	0.0540541	0.0909091	0.0	0.0	0.0	0.0232558	0.0	0.0015	0.0	0.0277778	0.0	0.0	0.0	0.0	0.0	0.0	0.0	0.0	0.0	0.0	0.0	0.0	0.0	0.0	0.0	0.0	0.0	
Fauvette grisette	0.0	0.0	0.0	0.0	0.0	0.0	0.0	0.0	0.0	0.0	0.0	0.0	0.0	0.0263158	0.0540541	0.1333333	0.1851852	0.2424242	0.1538462	0.1935484	0.0857143	0.1621622	0.0454545	0.0015	0.0	0.0	0.0465116	0.0714286	0.1428571	0.0769231	0.0555556	0.0392157	0.0	0.0	0.0	0.0	0.0	0.0	0.0	0.0	0.0	0.0	0.0	0.0	0.0	0.0	0.0	0.0	
Roitelet huppé	0.2608696	0.75	0.375	0.0526316	0.25	0.1176471	0.1428571	0.0	0.0	0.0	0.0	0.0666667	0.0	0.0263158	0.0	0.0	0.0	0.0	0.025641	0.0	0.0	0.027027	0.0	0.0416667	0.0	0.0454545	0.0	0.0	0.0	0.0769231	0.0277778	0.0588235	0.0	0.0	0.0454545	0.0526316	0.1666667	0.1428571	0.25	0.3181818	0.0714286	0.4090909	0.0	0.6666667	0.3333333	0.3076923	0.3125	0.0808081	
Roitelet à triple bandeau	0.173913	0.0	0.125	0.1052632	0.0833333	0.1764706	0.1428571	0.1176471	0.0	0.0	0.0	0.1333333	0.1538462	0.1052632	0.027027	0.0666667	0.037037	0.0909091	0.0769231	0.0322581	0.0285714	0.0	0.0909091	0.0416667	0.1111111	0.0	0.0232558	0.0	0.0	0.0769231	0.0277778	0.0784314	0.0	0.0	0.1363636	0.1052632	0.1666667	0.0714286	0.125	0.1363636	0.1785714	0.0909091	0.0	0.2222222	0.0	0.0769231	0.0625	0.020202	
Roitelet huppé ou R. à triple bandeau	0.0	0.0	0.0625	0.0	0.0	0.0	0.0	0.0	0.0	0.0	0.0	0.0	0.0	0.0	0.0	0.0	0.0	0.0	0.0	0.0	0.0	0.0	0.0	0.0	0.0	0.0	0.0	0.0	0.0	0.0	0.0	0.0	0.0	0.0	0.0	0.0	0.0	0.0	0.0	0.0	0.0	0.0	0.0	0.0	0.0	0.0	0.0	0.0	
Tichodrome échelette	0.0	0.0	0.0	0.0	0.0	0.0	0.0	0.0	0.0	0.0	0.0	0.0015	0.0	0.0	0.0	0.0	0.0	0.0	0.0	0.0	0.0	0.0	0.0	0.0	0.0	0.0	0.0	0.0	0.0	0.0	0.0	0.0	0.0	0.0	0.0	0.0	0.0	0.0	0.0	0.0	0.0	0.0	0.0	0.0	0.0	0.0	0.0	0.0	
Sittelle torchepot	0.3478261	0.375	0.3125	0.1578947	0.3333333	0.0588235	0.4285714	0.2352941	0.2222222	0.0	0.0	0.2	0.1538462	0.2105263	0.0	0.1333333	0.0015	0.0606061	0.1025641	0.0967742	0.0	0.027027	0.1363636	0.0416667	0.1111111	0.0	0.0697674	0.1666667	0.1428571	0.1923077	0.0833333	0.1764706	0.0	0.2	0.0	0.1578947	0.1666667	0.1428571	0.5	0.3181818	0.1785714	0.3181818	0.0625	0.7777778	0.3333333	0.3076923	0.375	0.1414141	
Grimpereau des bois	0.0869565	0.25	0.125	0.0	0.3333333	0.0	0.1904762	0.0588235	0.0	0.0	0.0	0.0	0.0015	0.0526316	0.0015	0.0333333	0.0	0.0	0.0512821	0.0322581	0.0285714	0.0540541	0.0	0.0	0.0	0.0	0.0232558	0.0714286	0.0	0.0384615	0.0	0.0980392	0.25	0.0	0.0	0.1052632	0.0	0.0714286	0.125	0.1818182	0.1071429	0.1818182	0.0	0.6666667	0.1666667	0.1538462	0.1875	0.0505051	
Grimpereau des jardins	0.3913043	0.25	0.3125	0.2105263	0.25	0.1764706	0.3809524	0.1764706	0.3333333	0.5	0.0	0.2666667	0.1538462	0.2631579	0.0540541	0.3	0.2222222	0.2121212	0.1794872	0.0645161	0.2285714	0.1621622	0.1363636	0.0416667	0.0015	0.2272727	0.1395349	0.1190476	0.1904762	0.1923077	0.1388889	0.2352941	0.125	0.0	0.2272727	0.1578947	0.1666667	0.0714286	0.25	0.2272727	0.2857143	0.3181818	0.1875	0.4444444	0.1666667	0.1538462	0.3125	0.1717172	
Grimpereau des bois ou G. des jardins	0.0	0.0	0.0	0.0	0.0	0.0	0.047619	0.0	0.0	0.0	0.0	0.0	0.0	0.0263158	0.027027	0.0	0.0	0.0	0.0	0.0	0.0	0.0	0.0	0.0	0.0	0.0	0.0	0.0	0.0	0.0384615	0.0	0.0	0.0	0.0	0.0	0.0	0.0	0.0	0.0	0.0	0.0	0.0454545	0.0	0.0	0.0	0.0	0.0	0.010101	
Troglodyte mignon	0.3043478	0.125	0.25	0.0526316	0.3333333	0.1764706	0.2857143	0.1764706	0.3333333	0.5	0.2	0.4	0.1923077	0.1578947	0.1891892	0.3	0.2592593	0.1515152	0.2051282	0.2580645	0.3428571	0.2162162	0.2272727	0.1666667	0.0	0.1818182	0.1395349	0.0952381	0.047619	0.1153846	0.1388889	0.0784314	0.125	0.0	0.0454545	0.2631579	0.0015	0.1428571	0.375	0.3181818	0.3214286	0.4090909	0.3125	0.6666667	0.6666667	0.3076923	0.3125	0.2626263	
Cincle plongeur	0.0	0.0	0.0	0.0	0.0	0.0	0.0	0.0	0.0	0.0	0.0	0.0	0.0	0.0	0.0	0.0	0.0	0.0	0.0	0.0015	0.0	0.0	0.0	0.0	0.0	0.0	0.0	0.0	0.0015	0.0015	0.0	0.0	0.125	0.0	0.0	0.0	0.0	0.0	0.0	0.0	0.0	0.0454545	0.0	0.0	0.0	0.0	0.0	0.0	
Étourneau sansonnet	0.2608696	0.125	0.5	0.4210526	0.5	0.3529412	0.4761905	0.3529412	0.4444444	0.0	0.6	0.3333333	0.3846154	0.3684211	0.5675676	0.6	0.5925926	0.4545455	0.6410256	0.1290323	0.6857143	0.2972973	0.4090909	0.375	0.2222222	0.1363636	0.3023256	0.4047619	0.3809524	0.3076923	0.2222222	0.1960784	0.25	0.2	0.3636364	0.4736842	0.3333333	0.2142857	0.375	0.5454545	0.5	0.5454545	0.5	0.5555556	0.1666667	0.3076923	0.25	0.3333333	
Grive draine	0.3043478	0.25	0.3125	0.2631579	0.0833333	0.0588235	0.1904762	0.1176471	0.0	0.0	0.2	0.0015	0.0	0.0526316	0.0810811	0.0666667	0.037037	0.0909091	0.025641	0.0645161	0.0	0.027027	0.0	0.0416667	0.1111111	0.0454545	0.0232558	0.1190476	0.047619	0.0384615	0.0	0.0	0.0	0.0	0.0	0.0526316	0.1666667	0.0714286	0.125	0.2272727	0.1071429	0.1363636	0.1875	0.4444444	0.1666667	0.0769231	0.1875	0.1010101	
Grive musicienne	0.0434783	0.125	0.0625	0.0	0.1666667	0.1176471	0.1904762	0.1764706	0.3333333	0.5	0.0015	0.0666667	0.3076923	0.2368421	0.1351351	0.2666667	0.1851852	0.0909091	0.1794872	0.2258065	0.2285714	0.1891892	0.1363636	0.0833333	0.1111111	0.0454545	0.1162791	0.0952381	0.0952381	0.0769231	0.0	0.0392157	0.0	0.0	0.0454545	0.0526316	0.0015	0.0714286	0.125	0.3636364	0.1071429	0.0909091	0.0	0.0	0.1666667	0.0	0.0	0.0707071	
Grive mauvis	0.2608696	0.25	0.3125	0.2105263	0.25	0.2941176	0.047619	0.1176471	0.1111111	0.0	0.0	0.0666667	0.0769231	0.0	0.0	0.0	0.0	0.0	0.0	0.0	0.0	0.0	0.0	0.0	0.0	0.0	0.0	0.0	0.0	0.0	0.0	0.0	0.0	0.0	0.0	0.0	0.0	0.0714286	0.0015	0.0909091	0.1785714	0.1363636	0.1875	0.3333333	0.3333333	0.2307692	0.1875	0.1313131	
Merle noir	0.5217391	0.625	0.625	0.5263158	0.75	0.4705882	0.5714286	0.5294118	0.5555556	0.5	0.2	0.6666667	0.4615385	0.4473684	0.4864865	0.4333333	0.5185185	0.5151515	0.6153846	0.2580645	0.7428571	0.4594595	0.3181818	0.3333333	0.3333333	0.4090909	0.5116279	0.3809524	0.2380952	0.3076923	0.3055556	0.1372549	0.125	0.0015	0.1363636	0.3684211	0.1666667	0.2142857	0.625	0.5	0.6785714	0.6363636	0.4375	0.8888889	0.8333333	0.6153846	0.5	0.4848485	
Grive litorne	0.1304348	0.25	0.1875	0.1052632	0.1666667	0.0588235	0.047619	0.0588235	0.0	0.0	0.0	0.0	0.0015	0.0526316	0.0540541	0.1	0.0	0.0606061	0.025641	0.0	0.0015	0.0810811	0.0454545	0.0416667	0.0	0.0454545	0.1395349	0.047619	0.0	0.1923077	0.0277778	0.0	0.0	0.0	0.0	0.0	0.0	0.0	0.125	0.0	0.0357143	0.0909091	0.0	0.1111111	0.3333333	0.1538462	0.1875	0.1212121	
Merle à plastron	0.0	0.0	0.0	0.0	0.0	0.0	0.0	0.0	0.0	0.0	0.0	0.0	0.0015	0.0263158	0.0	0.0	0.0	0.0	0.0	0.0	0.0	0.0	0.0	0.0	0.0	0.0	0.0	0.0	0.0	0.0	0.0	0.0	0.0	0.0	0.0	0.0	0.0	0.0	0.0	0.0	0.0	0.0	0.0	0.0	0.0	0.0	0.0	0.0	
Turdus sp.	0.0434783	0.0	0.0	0.0	0.0	0.0	0.0	0.0	0.0	0.0	0.2	0.0	0.0	0.0	0.0	0.0	0.0	0.0	0.0	0.0	0.0	0.0	0.0	0.0	0.0	0.0	0.0	0.0	0.0	0.0	0.0	0.0	0.0	0.0	0.0	0.0	0.0	0.0	0.0	0.0	0.0357143	0.0454545	0.0625	0.2222222	0.0	0.0769231	0.0625	0.010101	
Gobemouche gris	0.0	0.0	0.0	0.0	0.0	0.0	0.0	0.0	0.0	0.0	0.0	0.0	0.0	0.0	0.0	0.0333333	0.037037	0.030303	0.025641	0.0015	0.0015	0.1081081	0.0	0.0416667	0.0	0.1363636	0.1395349	0.0952381	0.047619	0.1153846	0.1666667	0.1372549	0.0	0.0	0.0	0.1052632	0.1666667	0.0	0.0	0.0	0.0	0.0	0.0	0.0	0.0	0.0	0.0	0.0	
Rougegorge familier	0.3478261	0.25	0.3125	0.3684211	0.3333333	0.1764706	0.4285714	0.5294118	0.4444444	1.0	0.2	0.4666667	0.3846154	0.4210526	0.2432432	0.1666667	0.2222222	0.2121212	0.3333333	0.2903226	0.3142857	0.1891892	0.4545455	0.125	0.2222222	0.1363636	0.1627907	0.1190476	0.0952381	0.2307692	0.0833333	0.1568627	0.0	0.2	0.2272727	0.2631579	0.3333333	0.2857143	0.625	0.5454545	0.5357143	0.5909091	0.25	0.5555556	0.6666667	0.3846154	0.4375	0.3333333	
Rossignol philomèle	0.0	0.0	0.0	0.0	0.0	0.0	0.0	0.0	0.0	0.0	0.0	0.0	0.0	0.1315789	0.1891892	0.5333333	0.4444444	0.1818182	0.0769231	0.3225806	0.2285714	0.2162162	0.1363636	0.0416667	0.0	0.0	0.0930233	0.0	0.047619	0.0	0.0	0.0196078	0.0	0.0	0.0	0.0	0.0	0.0	0.0	0.0	0.0	0.0	0.0	0.0	0.0	0.0	0.0	0.0	
Gorgebleue à miroir	0.0	0.0	0.0	0.0	0.0	0.0	0.0	0.0	0.0	0.0	0.0	0.0	0.0	0.0	0.0015	0.0	0.0	0.0	0.0	0.0015	0.0285714	0.0	0.0	0.0	0.0	0.0	0.0	0.0	0.0	0.0	0.0	0.0	0.125	0.0	0.0	0.0	0.0	0.0	0.0	0.0	0.0	0.0	0.0	0.0	0.0	0.0	0.0	0.0	
Gobemouche noir	0.0	0.0	0.0	0.0	0.0	0.0	0.0	0.0	0.0	0.0	0.0	0.0	0.0	0.0	0.0	0.0	0.0	0.0	0.0	0.0	0.0	0.0	0.0	0.0	0.0	0.0	0.0232558	0.0238095	0.0	0.0384615	0.0555556	0.0392157	0.0	0.0	0.0	0.0	0.0	0.0	0.0	0.0	0.0	0.0	0.0	0.0	0.0	0.0	0.0	0.0	
Gobemouche à collier	0.0	0.0	0.0	0.0	0.0	0.0	0.0	0.0	0.0	0.0	0.0	0.0	0.0	0.0015	0.0	0.0333333	0.0015	0.0	0.0512821	0.0322581	0.0015	0.0	0.0015	0.0	0.0	0.0	0.0	0.0	0.0	0.0	0.0	0.0	0.0	0.0	0.0	0.0	0.0	0.0	0.0	0.0	0.0	0.0	0.0	0.0	0.0	0.0	0.0	0.0	
Rougequeue à front blanc	0.0	0.0	0.0	0.0	0.0	0.0	0.0	0.0	0.0	0.0	0.0	0.0	0.0384615	0.0789474	0.027027	0.2333333	0.1111111	0.1212121	0.1025641	0.0967742	0.1142857	0.2162162	0.0909091	0.0416667	0.0	0.1363636	0.0465116	0.047619	0.047619	0.0384615	0.0555556	0.0784314	0.0	0.0	0.0454545	0.1578947	0.0	0.0	0.0	0.0	0.0	0.0	0.0	0.0	0.0	0.0	0.0	0.0	
Rougequeue noir	0.0	0.0	0.0	0.0	0.0	0.0	0.0952381	0.0	0.0	0.0015	0.0	0.2666667	0.1923077	0.2105263	0.1891892	0.1333333	0.1481481	0.3030303	0.3589744	0.1290323	0.3428571	0.2972973	0.2727273	0.125	0.0	0.2272727	0.2093023	0.1428571	0.1904762	0.0769231	0.1388889	0.0392157	0.0	0.0015	0.2272727	0.2631579	0.1666667	0.3571429	0.125	0.1818182	0.2142857	0.0909091	0.125	0.0	0.0	0.0	0.0	0.010101	
Tarier des prés	0.0	0.0	0.0	0.0	0.0	0.0	0.0	0.0	0.0	0.0	0.0	0.0	0.0	0.0263158	0.1081081	0.0666667	0.037037	0.0015	0.0	0.0	0.0	0.0	0.0	0.0	0.0	0.0	0.0	0.0	0.0	0.0	0.0555556	0.0392157	0.0	0.0	0.0	0.0	0.0	0.0	0.125	0.0454545	0.0	0.0	0.0	0.0	0.0	0.0	0.0	0.0	
Tarier pâtre	0.0	0.0	0.0	0.0	0.0	0.0	0.047619	0.1764706	0.1111111	0.0	0.2	0.2	0.1923077	0.1052632	0.2972973	0.3	0.0740741	0.2727273	0.1538462	0.0322581	0.2	0.2432432	0.0909091	0.0416667	0.2222222	0.0	0.2790698	0.2380952	0.2380952	0.0769231	0.1111111	0.0784314	0.0	0.0	0.2272727	0.1578947	0.0	0.0	0.0	0.0909091	0.0357143	0.0454545	0.0	0.0	0.0	0.0	0.0625	0.0	
Traquet motteux	0.0	0.0	0.0	0.0	0.0	0.0	0.0	0.0	0.0	0.0	0.0	0.0	0.0384615	0.0789474	0.0810811	0.1666667	0.037037	0.030303	0.0512821	0.0	0.0	0.027027	0.0	0.0	0.0	0.0	0.0	0.0	0.0	0.0384615	0.0	0.0196078	0.0	0.0	0.0454545	0.0	0.0	0.0	0.0	0.0	0.0	0.0	0.0	0.0	0.0	0.0	0.0	0.0	
Accenteur mouchet	0.0	0.0	0.0	0.0526316	0.0	0.0	0.047619	0.0588235	0.0	0.5	0.0	0.2666667	0.1923077	0.1052632	0.0810811	0.0015	0.037037	0.0909091	0.1025641	0.0322581	0.0857143	0.0540541	0.0015	0.0	0.0	0.0454545	0.0465116	0.0238095	0.0952381	0.0	0.0277778	0.0588235	0.0	0.0	0.1363636	0.0526316	0.0	0.0714286	0.0	0.0	0.1071429	0.0454545	0.0625	0.0	0.0	0.0	0.0625	0.020202	
Moineau domestique	0.3043478	0.375	0.4375	0.2105263	0.3333333	0.3529412	0.4285714	0.4117647	0.3333333	0.5	0.4	0.4	0.2692308	0.2105263	0.2972973	0.2666667	0.0740741	0.6363636	0.4102564	0.2903226	0.5142857	0.3243243	0.3636364	0.25	0.1111111	0.5454545	0.4651163	0.547619	0.4761905	0.2307692	0.1388889	0.0784314	0.25	0.2	0.4545455	0.3684211	0.3333333	0.3571429	0.375	0.5	0.4642857	0.3636364	0.25	0.2222222	0.5	0.2307692	0.375	0.2424242	
Moineau friquet	0.0434783	0.0015	0.0	0.0	0.0	0.0	0.0	0.0	0.0	0.0	0.0	0.1333333	0.0	0.0526316	0.0	0.0333333	0.0	0.0606061	0.025641	0.0	0.0	0.0	0.0	0.0	0.0	0.0	0.0	0.0238095	0.0015	0.0384615	0.0277778	0.0015	0.0	0.0	0.0	0.0	0.0	0.0015	0.0015	0.1363636	0.0714286	0.0	0.0	0.0	0.0	0.0015	0.0	0.0	
Bergeronnette des ruisseaux	0.0434783	0.125	0.0	0.0526316	0.0833333	0.0015	0.047619	0.1764706	0.0	0.0	0.2	0.0	0.0	0.0263158	0.027027	0.0333333	0.037037	0.0606061	0.0	0.0322581	0.0015	0.027027	0.0909091	0.0416667	0.0	0.0454545	0.0465116	0.047619	0.1904762	0.0384615	0.0555556	0.0	0.25	0.0	0.0909091	0.0526316	0.0	0.0714286	0.125	0.0454545	0.0714286	0.1818182	0.0	0.3333333	0.1666667	0.0769231	0.125	0.0505051	
Bergeronnette printanière	0.0	0.0	0.0	0.0	0.0	0.0	0.0	0.0	0.0	0.0	0.0	0.0	0.0769231	0.2105263	0.1891892	0.3666667	0.1851852	0.1818182	0.1794872	0.0967742	0.1142857	0.1621622	0.0909091	0.0416667	0.1111111	0.0	0.1627907	0.1190476	0.2380952	0.0769231	0.1944444	0.1372549	0.125	0.0	0.0454545	0.0	0.0	0.0714286	0.0	0.0	0.0	0.0	0.0	0.0	0.0	0.0	0.0	0.0	
Bergeronnette grise	0.0	0.25	0.0625	0.1578947	0.0	0.0	0.047619	0.1764706	0.3333333	0.5	0.2	0.5333333	0.4230769	0.1842105	0.4324324	0.4333333	0.3703704	0.3636364	0.5384615	0.1612903	0.4571429	0.3783784	0.3181818	0.2916667	0.4444444	0.4090909	0.3023256	0.5952381	0.3809524	0.3076923	0.1666667	0.1568627	0.25	0.2	0.3181818	0.2105263	0.1666667	0.4285714	0.375	0.0909091	0.25	0.1363636	0.1875	0.0015	0.0	0.0	0.0625	0.0505051	
bergeronette sp.	0.0	0.0	0.0	0.0526316	0.0	0.0	0.0	0.0588235	0.0	0.0	0.0	0.0	0.0	0.0	0.0	0.0	0.0	0.0	0.0	0.0	0.0	0.0	0.0	0.0	0.0	0.0	0.0	0.0	0.0	0.0	0.0	0.0	0.0	0.0	0.0	0.0	0.0	0.0	0.0015	0.0	0.0	0.0	0.0	0.0	0.0	0.0	0.0	0.0	
Pipit farlouse	0.0434783	0.0	0.0	0.0526316	0.0	0.0	0.0	0.0588235	0.0	0.0	0.2	0.0	0.0769231	0.1315789	0.0810811	0.0	0.0	0.030303	0.025641	0.0	0.0	0.0810811	0.0	0.0	0.0	0.0	0.0	0.0	0.0	0.0	0.0	0.0	0.0	0.0	0.0	0.1052632	0.0	0.1428571	0.125	0.2272727	0.1785714	0.0454545	0.1875	0.1111111	0.0	0.0	0.0625	0.0	
Pipit des arbres	0.0	0.0	0.0	0.0	0.0	0.0	0.0	0.0	0.0	0.0	0.0	0.1333333	0.0015	0.1052632	0.1081081	0.1	0.037037	0.1818182	0.2307692	0.1612903	0.1142857	0.0810811	0.0909091	0.1666667	0.0	0.0	0.0232558	0.0714286	0.047619	0.0384615	0.0833333	0.0392157	0.125	0.0	0.0454545	0.0526316	0.0	0.0	0.0	0.0	0.0	0.0	0.0	0.0	0.0	0.0	0.0	0.0	
Pipit spioncelle	0.0	0.125	0.0	0.0015	0.0015	0.1764706	0.0015	0.0588235	0.0	0.5	0.2	0.0	0.0	0.0789474	0.0	0.0	0.0	0.0	0.0	0.0	0.0	0.0	0.0	0.0	0.0	0.0	0.0	0.0	0.0	0.0	0.0	0.0	0.0	0.0	0.0	0.0	0.0015	0.0714286	0.125	0.0909091	0.1071429	0.0909091	0.0	0.0	0.0	0.0769231	0.0	0.030303	
Pipit farlouse ou P. spioncelle	0.0	0.0	0.0	0.0	0.0	0.0	0.0	0.0	0.0	0.0	0.0	0.0	0.0	0.0	0.0	0.0	0.0	0.0	0.0	0.0	0.0	0.0	0.0	0.0	0.0	0.0	0.0	0.0	0.0	0.0	0.0	0.0	0.0	0.0	0.0	0.0	0.0	0.0	0.0	0.0	0.0	0.0454545	0.0	0.0	0.0	0.0	0.0	0.0	
Anthus sp.	0.0	0.0	0.0	0.0	0.0	0.0	0.0	0.0	0.0	0.0	0.0	0.0	0.0	0.0	0.0	0.0	0.0	0.0	0.0	0.0	0.0	0.0	0.0	0.0	0.0	0.0	0.0	0.0	0.0	0.0	0.0	0.0	0.0	0.0	0.0	0.0526316	0.0	0.0	0.0	0.0	0.0357143	0.0	0.0	0.0	0.0	0.0	0.0	0.0	
Pinson des arbres	0.7391304	0.375	0.375	0.2631579	0.3333333	0.2941176	0.6190476	0.4705882	0.7777778	0.5	0.4	0.8	0.5769231	0.6052632	0.5675676	0.5666667	0.4814815	0.5151515	0.5641026	0.516129	0.6285714	0.4594595	0.5454545	0.4583333	0.4444444	0.5909091	0.372093	0.3333333	0.3333333	0.2692308	0.2222222	0.1960784	0.125	0.2	0.3636364	0.3157895	0.3333333	0.3571429	0.5	0.6363636	0.5357143	0.6363636	0.6875	0.8888889	0.6666667	0.7692308	0.5625	0.2929293	
Pinson du Nord	0.0434783	0.0015	0.125	0.0	0.0	0.0588235	0.047619	0.0	0.0	0.5	0.0	0.0	0.0	0.0	0.0	0.0	0.0	0.0	0.0	0.0	0.0	0.0	0.0	0.0	0.0	0.0	0.0	0.0	0.0	0.0	0.0	0.0	0.0	0.2	0.0	0.0	0.0	0.0714286	0.0015	0.0	0.1071429	0.2727273	0.0	0.1111111	0.0	0.1538462	0.0	0.020202	
Grosbec casse-noyaux	0.2173913	0.375	0.375	0.3684211	0.3333333	0.1764706	0.2380952	0.1176471	0.1111111	0.0	0.0015	0.0	0.1538462	0.0526316	0.0810811	0.0666667	0.0740741	0.0606061	0.1282051	0.1290323	0.0285714	0.0810811	0.0454545	0.0416667	0.0	0.0	0.0465116	0.1428571	0.0952381	0.0384615	0.0277778	0.0980392	0.0	0.0	0.0909091	0.1052632	0.0	0.0	0.125	0.1818182	0.1428571	0.3636364	0.0	0.6666667	0.0	0.4615385	0.1875	0.1313131	
Bouvreuil pivoine	0.0434783	0.25	0.0625	0.0	0.0833333	0.0	0.047619	0.0588235	0.0	0.0	0.0	0.0	0.0384615	0.0263158	0.0	0.0	0.0015	0.0909091	0.0	0.0322581	0.0	0.0015	0.0	0.0	0.0	0.0454545	0.0	0.047619	0.0	0.0384615	0.0277778	0.0196078	0.0	0.0	0.0	0.0	0.1666667	0.0	0.125	0.0	0.0714286	0.0909091	0.0625	0.0	0.0	0.1538462	0.0	0.040404	
Verdier d'Europe	0.0434783	0.0	0.0	0.0	0.0	0.1176471	0.0	0.0588235	0.2222222	0.0	0.0015	0.4	0.1923077	0.2368421	0.1081081	0.2	0.1481481	0.1515152	0.1538462	0.1612903	0.3428571	0.2702703	0.1818182	0.2083333	0.2222222	0.1363636	0.3488372	0.2619048	0.1904762	0.0	0.0277778	0.0392157	0.0	0.0	0.0	0.0526316	0.0	0.0714286	0.0	0.0454545	0.1428571	0.1363636	0.1875	0.0	0.0	0.3076923	0.0	0.040404	
Linotte mélodieuse	0.0	0.0	0.0	0.0	0.0	0.0588235	0.1428571	0.0	0.0	0.0	0.0	0.1333333	0.4230769	0.2105263	0.2702703	0.3666667	0.2962963	0.2727273	0.2564103	0.2580645	0.2857143	0.2162162	0.1363636	0.125	0.3333333	0.2272727	0.2790698	0.3571429	0.3809524	0.1153846	0.1666667	0.0392157	0.125	0.0	0.3181818	0.0526316	0.0	0.1428571	0.0	0.0454545	0.0357143	0.0909091	0.0625	0.0	0.0	0.0769231	0.0625	0.030303	
Sizerin flammé	0.0	0.0	0.0	0.0	0.0	0.0	0.0	0.0	0.0	0.0	0.0	0.0	0.0	0.0263158	0.0	0.0	0.0	0.0	0.0	0.0	0.0	0.0	0.0	0.0	0.0	0.0	0.0	0.0	0.0	0.0	0.0	0.0	0.0	0.0	0.0	0.0	0.0	0.0	0.0	0.0	0.0	0.0	0.0	0.0	0.0	0.0	0.0	0.020202	
Bec-croisé des sapins	0.0	0.0	0.0	0.0526316	0.0015	0.1176471	0.0	0.0	0.0	0.0	0.0	0.0	0.0	0.0	0.0	0.0	0.0	0.0	0.0	0.0	0.0	0.027027	0.0	0.0	0.0	0.0	0.0	0.0	0.0	0.0	0.0	0.0	0.0	0.0	0.0	0.0526316	0.0	0.0	0.0	0.0	0.0	0.0	0.0	0.0015	0.0	0.0	0.0625	0.0	
Chardonneret élégant	0.0434783	0.0	0.0625	0.0	0.0833333	0.0	0.047619	0.0588235	0.0015	0.0	0.0	0.2	0.1153846	0.1842105	0.2702703	0.2666667	0.1851852	0.3030303	0.3076923	0.2258065	0.4571429	0.2162162	0.3181818	0.0416667	0.1111111	0.4545455	0.372093	0.4285714	0.2380952	0.1538462	0.1666667	0.0588235	0.0	0.2	0.1363636	0.0526316	0.0	0.0714286	0.125	0.1818182	0.1785714	0.0909091	0.0625	0.0	0.1666667	0.0	0.0625	0.040404	
Serin cini	0.0	0.0	0.0	0.0	0.0	0.0	0.0	0.0	0.0	0.0	0.0	0.0666667	0.0	0.0526316	0.0	0.0333333	0.037037	0.0606061	0.0512821	0.0015	0.0571429	0.0540541	0.0909091	0.0015	0.0	0.0909091	0.1162791	0.0238095	0.0	0.0	0.0	0.0	0.0	0.0	0.0	0.0	0.0	0.0	0.0	0.0909091	0.0357143	0.0	0.0	0.0	0.0	0.0	0.0	0.0	
Tarin des aulnes	0.2173913	0.25	0.25	0.1578947	0.25	0.0588235	0.0952381	0.1176471	0.0	0.0	0.0	0.1333333	0.0	0.0	0.0015	0.0	0.0	0.0	0.0	0.0	0.0	0.0	0.0	0.0	0.0	0.0	0.0	0.0	0.0	0.0	0.0	0.0	0.0	0.0	0.0	0.0	0.0	0.0714286	0.0	0.1363636	0.0714286	0.2272727	0.0	0.2222222	0.0	0.2307692	0.1875	0.0808081	
Bruant proyer	0.0	0.0	0.0	0.0015	0.0	0.0	0.047619	0.0588235	0.0	0.0	0.0	0.1333333	0.0	0.2631579	0.1081081	0.1333333	0.1481481	0.0606061	0.1538462	0.0322581	0.1428571	0.1081081	0.0909091	0.0833333	0.1111111	0.0454545	0.1860465	0.0714286	0.1428571	0.0384615	0.0833333	0.0	0.0	0.0	0.0	0.0	0.0	0.0	0.125	0.0454545	0.0357143	0.0	0.0	0.0	0.0	0.0	0.0	0.010101	
Bruant fou	0.0	0.0	0.0	0.0	0.0	0.0	0.0	0.0	0.0	0.0	0.0	0.0	0.0	0.0	0.0	0.0	0.0	0.0	0.0	0.0	0.0	0.0	0.0	0.0	0.0	0.0	0.0	0.0	0.0	0.0	0.0	0.0	0.0	0.0	0.0	0.0	0.0	0.0	0.0	0.0	0.0	0.0	0.0	0.0	0.0	0.0	0.0	0.020202	
Bruant zizi	0.0434783	0.0	0.0	0.0	0.0	0.0	0.0	0.0	0.0	0.0	0.0	0.0666667	0.0	0.0263158	0.0	0.0	0.0	0.0	0.0512821	0.0	0.0	0.0	0.0	0.0416667	0.0	0.0	0.0	0.0	0.0	0.0	0.0	0.0196078	0.0	0.0	0.0	0.0	0.0	0.0	0.0	0.0	0.0	0.0	0.0	0.0	0.0	0.0	0.0	0.020202	
Bruant jaune	0.173913	0.0015	0.0	0.1052632	0.0	0.1176471	0.047619	0.2352941	0.0	0.0	0.0	0.1333333	0.1923077	0.1842105	0.2702703	0.3666667	0.1851852	0.2121212	0.2820513	0.2903226	0.3714286	0.2702703	0.1818182	0.1666667	0.2222222	0.1818182	0.3255814	0.4047619	0.2380952	0.1153846	0.1666667	0.0392157	0.0	0.2	0.0	0.0	0.0015	0.0714286	0.25	0.1818182	0.1071429	0.0454545	0.0625	0.0015	0.0	0.0769231	0.125	0.1010101	
Bruant des roseaux	0.0	0.0	0.0015	0.0	0.0015	0.0	0.047619	0.0588235	0.1111111	0.5	0.0	0.0666667	0.0	0.1052632	0.0810811	0.1666667	0.1481481	0.030303	0.0512821	0.0322581	0.0285714	0.0810811	0.0	0.0015	0.0	0.0	0.0232558	0.0	0.0	0.0	0.0	0.0196078	0.125	0.0	0.0454545	0.0	0.0	0.0714286	0.125	0.0454545	0.0357143	0.0454545	0.0625	0.0	0.1666667	0.0	0.0	0.010101	
passereau sp.	0.173913	0.0	0.1875	0.1578947	0.1666667	0.0588235	0.047619	0.2352941	0.0	0.0	0.0	0.0	0.0769231	0.0	0.1081081	0.0666667	0.037037	0.0909091	0.1282051	0.0	0.0571429	0.0810811	0.0015	0.1666667	0.2222222	0.0909091	0.0697674	0.1904762	0.2857143	0.1538462	0.0	0.0980392	0.0	0.0	0.0	0.0526316	0.1666667	0.0	0.125	0.4090909	0.1428571	0.1363636	0.0	0.0	0.5	0.0769231	0.0625	0.0606061	

