









Frequency of observations in the selected location(s).:
Number of taxa: 	261

	Jan				Feb				Mar				Apr				May				Jun				Jul				Aug				Sep				Oct				Nov				Dec				
Sample Size:	25.0	10.0	11.0	10.0	6.0	39.0	15.0	16.0	8.0	7.0	12.0	31.0	31.0	40.0	21.0	52.0	18.0	43.0	15.0	22.0	14.0	17.0	16.0	9.0	15.0	34.0	55.0	52.0	39.0	63.0	42.0	41.0	9.0	8.0	3.0	7.0	10.0	7.0	14.0	25.0	17.0	8.0	6.0	12.0	5.0	0.0	12.0	52.0	

Dendrocygne veuf	0.0	0.0	0.0	0.0	0.0	0.0	0.0	0.0	0.0	0.0	0.0	0.0	0.0	0.0	0.0	0.0	0.0	0.0	0.0	0.0	0.0	0.0015	0.0	0.0	0.0	0.0	0.0	0.0	0.0	0.0	0.0	0.0	0.0	0.0	0.0	0.0	0.0	0.0	0.0	0.0	0.0	0.0	0.0	0.0	0.0	0.0	0.0	0.0	
Oie cendrée	0.0	0.0	0.0	0.0015	0.0	0.0512821	0.0	0.0	0.0	0.0	0.0	0.0	0.0	0.0	0.0	0.0	0.0	0.0	0.0	0.0	0.0	0.0	0.0	0.0	0.0	0.0	0.0	0.0	0.0	0.0	0.0	0.0	0.0	0.0	0.0	0.0	0.0	0.0	0.0015	0.0	0.0588235	0.0015	0.0015	0.0015	0.0015	0.0	0.0	0.0192308	
Oie cygnoïde	0.0	0.0	0.0	0.0	0.0015	0.0	0.0	0.0	0.0	0.0	0.0	0.0	0.0	0.0	0.0	0.0	0.0	0.0	0.0	0.0	0.0	0.0	0.0	0.0	0.0015	0.0	0.0015	0.0	0.0015	0.0015	0.0	0.0	0.0	0.0015	0.0015	0.0015	0.0015	0.0	0.0	0.0	0.0015	0.0	0.0015	0.0015	0.0015	0.0	0.0	0.0192308	
Bernache cravant	0.0	0.0	0.0	0.0	0.0	0.0	0.0	0.0	0.0	0.0	0.0	0.0	0.0	0.0	0.0	0.0	0.0	0.0	0.0	0.0	0.0	0.0	0.0	0.0	0.0	0.0	0.0	0.0	0.0	0.0	0.0	0.0	0.0	0.0	0.0	0.0	0.0	0.0	0.0	0.0	0.0015	0.0	0.0	0.0	0.0	0.0	0.0	0.0	
Bernache nonnette	0.04	0.0	0.0015	0.0015	0.0	0.0	0.0015	0.0	0.0	0.0	0.0	0.0	0.0	0.0	0.0	0.0	0.0	0.0	0.0	0.0	0.0	0.0	0.0	0.0	0.0	0.0	0.0	0.0	0.0	0.0	0.0	0.0	0.0	0.0	0.0015	0.0	0.0	0.1428571	0.0	0.0	0.0	0.0	0.0	0.0	0.0	0.0	0.0	0.0	
Bernache du Canada	0.0	0.0	0.0	0.0015	0.0	0.0	0.0	0.0	0.0	0.0	0.0	0.0	0.0	0.0	0.0	0.0	0.0	0.0	0.0666667	0.0454545	0.0	0.0	0.0	0.0	0.0	0.0	0.0	0.0	0.0	0.015873	0.0	0.0	0.0	0.0	0.0	0.0	0.0	0.0	0.0	0.0	0.0	0.0	0.0	0.0	0.0	0.0	0.0	0.0	
Cygne tuberculé	0.04	0.0015	0.0909091	0.0015	0.0	0.0015	0.0015	0.0015	0.0	0.0015	0.0833333	0.0967742	0.0015	0.2	0.047619	0.1730769	0.0555556	0.0015	0.0015	0.0015	0.0015	0.0	0.0015	0.0015	0.0	0.0015	0.0909091	0.0015	0.025641	0.0793651	0.0015	0.0243902	0.0	0.0015	0.0015	0.0015	0.0015	0.0015	0.0714286	0.0015	0.0588235	0.0015	0.0015	0.0015	0.0015	0.0015	0.1666667	0.1153846	
Cygne noir	0.0	0.0	0.0	0.0	0.0	0.0	0.0	0.0	0.0	0.0	0.0	0.0	0.0	0.0	0.0	0.0	0.0	0.0	0.0	0.0	0.0	0.0	0.0	0.0	0.0	0.0	0.0	0.0	0.0	0.0	0.0	0.0	0.0	0.0	0.0	0.0015	0.0	0.0	0.0	0.0	0.0	0.0	0.0	0.0	0.0	0.0	0.0	0.0	
Ouette d'Égypte	0.0	0.0	0.0	0.0	0.0015	0.0	0.0	0.0015	0.0015	0.0015	0.0	0.0015	0.0015	0.0	0.0015	0.0	0.0	0.0015	0.0	0.0015	0.0015	0.0	0.0	0.0	0.0	0.0	0.0	0.0	0.025641	0.0015	0.0	0.0015	0.0	0.125	0.0015	0.0015	0.0015	0.0015	0.0	0.0	0.0	0.0	0.0	0.0	0.0	0.0	0.0	0.0192308	
Tadorne casarca	0.0	0.0	0.0	0.0	0.0	0.0	0.0	0.0	0.0	0.0	0.0	0.0322581	0.0	0.0	0.0	0.0015	0.0	0.0	0.0015	0.0	0.0	0.0	0.0	0.0	0.0	0.0	0.0	0.0	0.0	0.015873	0.0	0.0	0.0	0.0	0.0	0.0	0.0	0.0015	0.0	0.0	0.0	0.0	0.0	0.0	0.0	0.0	0.0	0.0	
Tadorne de Belon	0.0	0.0015	0.0	0.0	0.0015	0.0015	0.0	0.0015	0.0	0.0	0.0	0.0	0.0	0.0	0.0	0.0	0.0	0.0	0.0	0.0	0.0	0.0	0.0	0.0	0.0	0.0	0.0	0.0	0.0	0.015873	0.0	0.0	0.0	0.0	0.0	0.0	0.0	0.0	0.0	0.0015	0.0	0.0	0.0	0.0	0.0015	0.0015	0.0015	0.0	
Canard musqué	0.04	0.0015	0.0	0.0	0.0	0.0	0.0	0.0	0.0	0.0	0.0	0.0	0.0	0.0	0.0	0.0	0.0	0.0	0.0	0.0	0.0	0.0588235	0.0	0.0	0.0	0.0	0.0	0.0	0.0	0.0	0.0	0.0	0.0	0.0	0.0	0.0	0.0	0.0	0.0	0.0	0.0	0.0	0.0	0.0	0.0	0.0	0.0	0.0	
Canard mandarin	0.04	0.0015	0.0	0.0	0.0	0.0	0.0	0.0	0.0	0.0	0.0	0.0	0.0015	0.0	0.0	0.0	0.0	0.0	0.0	0.0454545	0.0	0.0	0.0	0.0	0.0	0.0	0.0	0.0	0.0	0.0	0.0	0.0	0.0	0.0	0.0	0.0	0.0015	0.0	0.0	0.0	0.0588235	0.0	0.0	0.0	0.0	0.0	0.0015	0.0015	
Sarcelle d'été	0.0	0.0	0.0	0.0	0.0	0.0	0.0	0.0	0.0	0.0	0.0015	0.0322581	0.0015	0.0015	0.0015	0.0015	0.0	0.0	0.0	0.0	0.0	0.0	0.0	0.0	0.0	0.0	0.0	0.0	0.0	0.0	0.0	0.0	0.1111111	0.0015	0.0	0.0	0.0	0.0	0.0	0.0	0.0	0.0	0.0	0.0	0.0	0.0	0.0	0.0	
Canard souchet	0.08	0.0015	0.0015	0.0015	0.0	0.0	0.0015	0.0015	0.0015	0.0015	0.0015	0.0322581	0.0322581	0.025	0.0	0.0015	0.0015	0.0	0.0015	0.0	0.0	0.0	0.0	0.0	0.0015	0.0	0.0181818	0.0	0.0	0.0	0.0015	0.0015	0.0015	0.0015	0.0015	0.0015	0.0015	0.0015	0.0015	0.0015	0.0015	0.0	0.0015	0.0015	0.0015	0.0015	0.0015	0.0	
Canard chipeau	0.04	0.0015	0.0	0.0015	0.0015	0.0015	0.0	0.0015	0.0015	0.0015	0.0015	0.0015	0.0015	0.0015	0.0	0.0	0.0	0.0	0.0	0.0454545	0.0015	0.0	0.0	0.0	0.0	0.0	0.0	0.0	0.0	0.0	0.0	0.0	0.0	0.0015	0.0015	0.0	0.0	0.0	0.0	0.0	0.0015	0.0	0.0015	0.0015	0.0015	0.0015	0.0	0.0015	
Canard siffleur	0.0015	0.0015	0.0015	0.0015	0.3333333	0.0	0.0	0.0015	0.0015	0.0015	0.0015	0.0	0.0	0.0	0.0	0.0	0.0	0.0	0.0	0.0	0.0	0.0	0.0	0.0	0.0	0.0	0.0	0.0	0.0	0.0	0.0	0.0	0.0	0.0	0.0	0.0	0.0015	0.0015	0.0015	0.0015	0.0015	0.0015	0.0015	0.0015	0.0015	0.0015	0.0015	0.0192308	
Canard colvert	0.4	0.3	0.3636364	0.0015	0.1666667	0.2051282	0.0666667	0.5	0.125	0.1428571	0.1666667	0.2258065	0.1935484	0.325	0.1428571	0.3269231	0.0555556	0.1395349	0.0666667	0.0909091	0.0015	0.1176471	0.1875	0.0015	0.2	0.0588235	0.1272727	0.0192308	0.1282051	0.1746032	0.047619	0.097561	0.5555556	0.375	1.0	0.0015	0.0015	0.2857143	0.3571429	0.04	0.1764706	0.0015	0.1666667	0.0015	0.2	0.0015	0.4166667	0.1923077	
Canard pilet	0.0	0.0015	0.0015	0.0	0.0015	0.0	0.0	0.0	0.0015	0.0015	0.0	0.0	0.0015	0.0	0.0	0.0	0.0	0.0	0.0	0.0	0.0	0.0	0.0	0.0	0.0	0.0	0.0	0.0	0.0	0.0	0.0	0.0	0.0	0.0	0.0	0.0	0.0015	0.0015	0.0	0.0	0.0015	0.0	0.0	0.0015	0.0015	0.0	0.0833333	0.0192308	
Sarcelle d'hiver	0.08	0.0015	0.0015	0.0015	0.0015	0.0769231	0.0015	0.0625	0.0015	0.0015	0.0833333	0.0967742	0.0015	0.075	0.047619	0.0	0.0	0.0	0.0015	0.0	0.0	0.0	0.0	0.0	0.0	0.0	0.0	0.0	0.0015	0.047619	0.0015	0.0015	0.0015	0.0015	0.0015	0.0015	0.0015	0.0015	0.0015	0.04	0.0015	0.0	0.0015	0.0015	0.0015	0.0015	0.0833333	0.0576923	
anatidé sp. (canard barboteur sp.)	0.0	0.0	0.0	0.0	0.0	0.0	0.0	0.0	0.0	0.0	0.0	0.0	0.0	0.0	0.0	0.0	0.0	0.0	0.0	0.0454545	0.0	0.0	0.0	0.0	0.0	0.0	0.0	0.0	0.0	0.0	0.0	0.0	0.0	0.0	0.0	0.0	0.0	0.0	0.0	0.0	0.0	0.0	0.0	0.0	0.0	0.0	0.0	0.0	
Nette rousse	0.0	0.0015	0.0	0.0015	0.0	0.0015	0.0	0.0015	0.0015	0.0015	0.0	0.0015	0.0	0.0	0.0	0.0	0.0	0.0	0.0	0.0	0.0	0.0	0.0	0.0015	0.0015	0.0015	0.0015	0.0015	0.0	0.0015	0.0	0.0015	0.0	0.0	0.0	0.0015	0.0015	0.0	0.0	0.0	0.0	0.0015	0.0	0.0015	0.0	0.0	0.0	0.0	
Fuligule milouin	0.0015	0.0015	0.0015	0.0015	0.0015	0.0015	0.0015	0.0015	0.0015	0.0015	0.0015	0.0015	0.0015	0.0015	0.047619	0.0192308	0.0015	0.0015	0.0015	0.0	0.0015	0.0	0.0	0.0015	0.0	0.0015	0.0181818	0.0	0.0015	0.0	0.0015	0.0015	0.0	0.0015	0.3333333	0.0015	0.0015	0.0015	0.0015	0.0015	0.0015	0.0	0.0015	0.0015	0.0015	0.0015	0.0015	0.0576923	
Fuligule à bec cerclé	0.0	0.0	0.0	0.0015	0.0	0.0	0.0	0.0	0.0015	0.0	0.0	0.0	0.0	0.0	0.0	0.0	0.0	0.0	0.0	0.0	0.0	0.0	0.0	0.0	0.0	0.0	0.0	0.0	0.0	0.0	0.0	0.0	0.0	0.0	0.0	0.0	0.0	0.0	0.0	0.0	0.0	0.0	0.0	0.0	0.0	0.0	0.0	0.0	
Hybride Fuligule milouin x F. nyroca	0.0	0.0	0.0	0.0	0.0015	0.0015	0.0	0.0	0.0015	0.0	0.0	0.0	0.0	0.0	0.0	0.0	0.0	0.0	0.0	0.0	0.0	0.0	0.0	0.0	0.0	0.0	0.0	0.0	0.0	0.0	0.0	0.0	0.0	0.0	0.0	0.0	0.0	0.0	0.0	0.0	0.0	0.0	0.0	0.0	0.0	0.0	0.0	0.0	
Fuligule morillon	0.0015	0.0015	0.0015	0.0015	0.0015	0.0015	0.0015	0.0015	0.0015	0.0015	0.0015	0.0015	0.0015	0.05	0.0	0.0015	0.0015	0.0015	0.0015	0.0015	0.0015	0.0	0.0	0.0015	0.0	0.0	0.0	0.0	0.0	0.0	0.0	0.0	0.0	0.0	0.0	0.0	0.0015	0.0	0.0	0.0015	0.0015	0.0	0.0015	0.0015	0.0015	0.0015	0.0015	0.0015	
Macreuse brune	0.0	0.0	0.0	0.0	0.0	0.0	0.0	0.0	0.0	0.0	0.0	0.0	0.0	0.0	0.0	0.0	0.0	0.0	0.0	0.0	0.0	0.0	0.0	0.0	0.0	0.0	0.0	0.0	0.0	0.0	0.0	0.0	0.0	0.0	0.0	0.0	0.0	0.0	0.0	0.0	0.0	0.0	0.0	0.0	0.0	0.0	0.0015	0.0015	
Garrot à oeil d'or	0.0	0.0	0.0015	0.0	0.0	0.025641	0.0	0.0	0.0015	0.0	0.0015	0.0	0.0	0.0	0.0	0.0	0.0	0.0	0.0	0.0	0.0	0.0	0.0	0.0	0.0	0.0	0.0	0.0	0.0	0.0	0.0	0.0	0.0	0.0	0.0	0.0	0.0	0.0	0.0	0.0	0.0	0.0	0.0	0.0	0.0	0.0	0.0	0.0192308	
Harle bièvre	0.04	0.0015	0.0015	0.0015	0.0015	0.025641	0.0015	0.0015	0.125	0.0	0.0	0.0	0.0	0.0	0.0	0.0	0.0	0.0	0.0	0.0	0.0	0.0	0.0	0.0	0.0	0.0	0.0	0.0	0.0	0.0	0.0	0.0	0.0	0.0	0.0	0.0	0.0	0.0	0.0	0.0	0.0	0.0	0.0	0.0015	0.0015	0.0	0.0015	0.0015	
Harle huppé	0.0	0.0	0.0	0.0	0.0	0.0	0.0	0.0	0.0	0.0	0.0	0.0	0.0	0.0	0.0	0.0	0.0	0.0	0.0	0.0	0.0	0.0	0.0	0.0	0.0	0.0	0.0	0.0	0.0	0.0	0.0	0.0	0.0	0.0	0.0	0.0	0.0	0.0	0.0	0.0	0.0	0.0	0.0	0.0015	0.0	0.0	0.0	0.0	
Perdrix grise	0.0	0.0	0.0	0.0	0.0	0.0	0.0	0.0	0.0	0.0	0.0015	0.0	0.0015	0.0	0.0	0.0	0.0	0.0	0.0	0.0	0.0	0.0015	0.0	0.0	0.0	0.0	0.0	0.0	0.0	0.0	0.0	0.0	0.0	0.0	0.0015	0.0	0.0	0.0	0.0015	0.0	0.0	0.0	0.0	0.0	0.0	0.0	0.0	0.0	
Faisan de Colchide	0.0015	0.0015	0.0015	0.0	0.0	0.0	0.0666667	0.0625	0.0	0.0015	0.0833333	0.0322581	0.0015	0.1	0.0015	0.0961538	0.0015	0.0232558	0.0015	0.0015	0.0015	0.0588235	0.0	0.0015	0.0	0.0015	0.0545455	0.0015	0.025641	0.031746	0.0	0.0015	0.0015	0.0015	0.0	0.0015	0.0015	0.1428571	0.1428571	0.0015	0.0	0.0	0.0015	0.0015	0.0015	0.0015	0.0833333	0.0192308	
Faisan de Colchide ou F. versicolore	0.0	0.0	0.0	0.0	0.0	0.0	0.0	0.0	0.0	0.0	0.0	0.0322581	0.0	0.0	0.0	0.0	0.0	0.0	0.0	0.0	0.0	0.0	0.0	0.0	0.0	0.0	0.0	0.0	0.025641	0.0	0.0	0.0	0.0	0.0	0.0	0.0	0.0	0.0	0.0	0.0	0.0	0.0	0.0	0.0	0.0	0.0	0.0	0.0	
Caille des blés	0.0	0.0	0.0	0.0	0.0	0.0	0.0	0.0	0.0	0.0	0.0	0.0	0.0	0.0	0.0015	0.0015	0.0015	0.0015	0.0015	0.0015	0.0015	0.0015	0.0015	0.0015	0.0015	0.0015	0.0015	0.0015	0.0015	0.015873	0.0	0.0015	0.0	0.0015	0.0	0.0015	0.0	0.0	0.0	0.0	0.0	0.0	0.0	0.0	0.0	0.0	0.0	0.0	
Perdrix rouge	0.0	0.0	0.0	0.0	0.0	0.0	0.0	0.0	0.0	0.0	0.0	0.0	0.0	0.025	0.0	0.0	0.0015	0.0	0.0015	0.0	0.0	0.0	0.0	0.0	0.0	0.0	0.0	0.0	0.0	0.0	0.0	0.0015	0.0015	0.0	0.0	0.0	0.0	0.0	0.0	0.0	0.0	0.0	0.0	0.0	0.0	0.0	0.0	0.0015	
Pigeon biset	0.28	0.2	0.0015	0.1	0.0015	0.025641	0.0015	0.0015	0.0015	0.0015	0.0833333	0.0967742	0.0322581	0.0015	0.0	0.0384615	0.0555556	0.1395349	0.0015	0.0015	0.2142857	0.1176471	0.0625	0.0	0.0666667	0.0588235	0.0363636	0.0192308	0.025641	0.0793651	0.047619	0.0243902	0.0015	0.0015	0.0015	0.1428571	0.0015	0.1428571	0.0015	0.08	0.0015	0.25	0.0015	0.0015	0.0015	0.0015	0.0015	0.0192308	
Pigeon colombin	0.0	0.0	0.0015	0.1	0.0	0.0	0.0	0.0	0.0	0.0	0.0015	0.0015	0.0	0.025	0.0	0.0	0.1111111	0.0	0.0	0.0	0.0	0.0588235	0.0	0.0	0.0	0.0	0.0181818	0.0	0.0	0.015873	0.0	0.0	0.0	0.0015	0.0015	0.0015	0.1	0.0015	0.0015	0.12	0.0015	0.0	0.0	0.0	0.0	0.0	0.0	0.0	
Pigeon ramier	0.64	0.6	0.7272727	0.5	0.3333333	0.5128205	0.4	0.875	0.625	0.5714286	0.6666667	0.6451613	0.5483871	0.65	0.4761905	0.5192308	0.7222222	0.4883721	0.6	0.5909091	0.7142857	0.6470588	0.625	0.5555556	0.6	0.7058824	0.8545455	0.7115385	0.7179487	0.7142857	0.6190476	0.7317073	0.6666667	0.5	0.6666667	0.4285714	0.4	0.7142857	0.5714286	0.52	0.2941176	0.375	0.1666667	0.5833333	0.2	0.0015	0.6666667	0.6730769	
Tourterelle des bois	0.0	0.0	0.0	0.0	0.0	0.0	0.0	0.0	0.0	0.0	0.0	0.0	0.0015	0.0015	0.0015	0.0192308	0.0555556	0.1395349	0.2	0.0909091	0.0015	0.0588235	0.0625	0.0015	0.0666667	0.0294118	0.2363636	0.0576923	0.025641	0.0	0.0238095	0.0243902	0.0	0.0015	0.0	0.0	0.0	0.0	0.0	0.0	0.0	0.0	0.0	0.0	0.0	0.0	0.0	0.0	
Tourterelle turque	0.32	0.1	0.1818182	0.2	0.1666667	0.1794872	0.2	0.5625	0.25	0.2857143	0.5833333	0.2258065	0.2258065	0.25	0.1904762	0.1923077	0.5	0.2325581	0.1333333	0.3636364	0.5	0.4705882	0.3125	0.4444444	0.0015	0.1470588	0.2363636	0.1153846	0.2307692	0.0793651	0.2619048	0.4390244	0.3333333	0.25	0.0015	0.4285714	0.1	0.2857143	0.2857143	0.0015	0.0015	0.5	0.1666667	0.0833333	0.2	0.0015	0.5833333	0.1923077	
columbidé sp.	0.0	0.0	0.0	0.0	0.0	0.0	0.0666667	0.0	0.0	0.0	0.0	0.0	0.0	0.0	0.0	0.0	0.0	0.0	0.0	0.0	0.0	0.0	0.0	0.0	0.0	0.0	0.0	0.0	0.0	0.0	0.0	0.0	0.0	0.0	0.0	0.0	0.0	0.0	0.0	0.0	0.0	0.0	0.0	0.0	0.0	0.0	0.0	0.0	
Coucou gris	0.0	0.0	0.0	0.0	0.0	0.0	0.0	0.0	0.0	0.0	0.0833333	0.0322581	0.0322581	0.275	0.2857143	0.1153846	0.3333333	0.1627907	0.0666667	0.1363636	0.0015	0.0015	0.0625	0.0	0.0	0.0	0.0181818	0.0	0.1025641	0.047619	0.0015	0.0	0.0	0.125	0.0	0.0	0.1	0.0	0.0	0.0	0.0	0.0	0.0	0.0	0.0	0.0	0.0	0.0	
Engoulevent d'Europe	0.0	0.0	0.0	0.0	0.0	0.0	0.0	0.0	0.0	0.0	0.0	0.0	0.0	0.0	0.0	0.0	0.0	0.0015	0.0015	0.0454545	0.0	0.0	0.0015	0.0	0.0	0.0294118	0.0181818	0.0	0.0	0.0	0.0	0.0015	0.0	0.0	0.0	0.0	0.0	0.0	0.0	0.0	0.0	0.0	0.0	0.0	0.0	0.0	0.0	0.0	
Martinet noir	0.0	0.0	0.0	0.0	0.0	0.0	0.0	0.0	0.0	0.0	0.0833333	0.0	0.0015	0.025	0.0015	0.1346154	0.1111111	0.1860465	0.1333333	0.3181818	0.4285714	0.2352941	0.4375	0.2222222	0.4	0.3529412	0.2363636	0.0961538	0.0512821	0.031746	0.0	0.0	0.0	0.0	0.0	0.0	0.0	0.0	0.0	0.0015	0.0	0.0015	0.0	0.0	0.0	0.0	0.0	0.0	
Râle d'eau	0.08	0.0015	0.0909091	0.0	0.0015	0.0015	0.0	0.0015	0.0015	0.0015	0.0015	0.0322581	0.0015	0.025	0.0	0.0192308	0.0	0.0	0.0015	0.0	0.0	0.0015	0.0015	0.0	0.0015	0.0	0.0	0.0015	0.0015	0.0	0.047619	0.0015	0.0015	0.0015	0.0015	0.0015	0.0015	0.0015	0.0015	0.0015	0.0015	0.0015	0.0015	0.0015	0.0015	0.0	0.0	0.0	
Marouette ponctuée	0.0	0.0	0.0	0.0	0.0	0.0	0.0	0.0	0.0015	0.0015	0.0015	0.0015	0.0015	0.0015	0.0	0.0	0.0	0.0	0.0	0.0	0.0	0.0	0.0	0.0	0.0	0.0	0.0	0.0	0.0	0.0	0.0	0.0	0.0015	0.0015	0.0	0.0	0.0	0.0	0.0	0.0	0.0	0.0	0.0	0.0	0.0	0.0	0.0	0.0	
Gallinule poule-d'eau	0.2	0.0015	0.1818182	0.0015	0.0015	0.025641	0.0666667	0.0625	0.0015	0.0015	0.1666667	0.0322581	0.0015	0.175	0.0952381	0.0384615	0.0555556	0.0465116	0.0015	0.0909091	0.0015	0.1176471	0.0625	0.0015	0.0015	0.0294118	0.0909091	0.0015	0.0769231	0.031746	0.0238095	0.0487805	0.2222222	0.0015	0.0015	0.0015	0.0015	0.0015	0.0714286	0.0015	0.1176471	0.0015	0.0015	0.0833333	0.2	0.0015	0.3333333	0.0576923	
Foulque macroule	0.0015	0.0015	0.0015	0.0015	0.3333333	0.2051282	0.0666667	0.0015	0.0015	0.0015	0.0833333	0.0322581	0.0322581	0.2	0.047619	0.0961538	0.0555556	0.0232558	0.0015	0.0015	0.0714286	0.0	0.0	0.0015	0.0015	0.0015	0.0909091	0.0192308	0.1282051	0.1587302	0.047619	0.0015	0.3333333	0.375	1.0	0.0015	0.0015	0.0015	0.0015	0.0015	0.0015	0.0	0.1666667	0.0015	0.0015	0.0015	0.0015	0.1153846	
Grue cendrée	0.0015	0.0	0.0	0.0015	0.0015	0.2051282	0.0015	0.3125	0.375	0.1428571	0.0015	0.0015	0.0	0.0015	0.0015	0.0	0.0	0.0	0.0	0.0	0.0	0.0	0.0	0.0	0.0	0.0	0.0	0.0	0.0	0.0	0.0238095	0.0	0.0	0.0	0.0015	0.0	0.1	0.0015	0.4285714	0.24	0.1176471	0.25	0.0015	0.4166667	0.0015	0.0	0.0	0.0015	
Oedicnème criard	0.0	0.0	0.0	0.0	0.0	0.0	0.0	0.0	0.0	0.0	0.0	0.0015	0.0015	0.0	0.0015	0.0015	0.0	0.0	0.0	0.0015	0.0015	0.0	0.0	0.0015	0.0	0.0	0.0015	0.0	0.0	0.0	0.0	0.0243902	0.0015	0.0	0.0015	0.0015	0.0015	0.0015	0.0	0.0	0.0	0.0	0.0	0.0	0.0	0.0	0.0	0.0	
Échasse blanche	0.0	0.0	0.0	0.0	0.0	0.0	0.0	0.0	0.0	0.0	0.0	0.0	0.0015	0.0	0.0015	0.0	0.0	0.0	0.0015	0.0	0.0	0.0	0.0	0.0	0.0	0.0	0.0	0.0	0.0	0.0	0.0	0.0	0.0	0.0	0.0	0.0	0.0	0.0	0.0	0.0	0.0	0.0	0.0	0.0	0.0	0.0	0.0	0.0	
Huîtrier pie	0.0	0.0	0.0	0.0	0.0	0.0	0.0	0.0	0.0	0.0	0.0	0.0	0.0	0.0	0.0	0.0	0.0	0.0	0.0	0.0	0.0	0.0	0.0	0.0	0.0	0.0	0.0	0.0	0.0	0.0	0.0	0.0	0.0	0.0	0.0	0.0015	0.0	0.0	0.0	0.0	0.0	0.0	0.0	0.0	0.0	0.0	0.0	0.0	
Pluvier argenté	0.0	0.0	0.0	0.0	0.0	0.0	0.0	0.0	0.0	0.0	0.0	0.0	0.0	0.0	0.0	0.0	0.0	0.0	0.0	0.0	0.0	0.0	0.0	0.0	0.0	0.0	0.0	0.0	0.0	0.0	0.0	0.0	0.0	0.0	0.0	0.0015	0.0	0.0015	0.0	0.0	0.0	0.0	0.0015	0.0	0.0	0.0	0.0	0.0	
Pluvier doré	0.0	0.0	0.0	0.0	0.0	0.0015	0.0	0.0	0.125	0.0	0.0015	0.0015	0.0	0.0	0.0	0.0	0.0	0.0	0.0	0.0	0.0	0.0	0.0	0.0	0.0	0.0	0.0	0.0	0.0	0.0	0.0	0.0	0.0	0.0	0.0	0.0	0.0	0.0	0.0015	0.0	0.0	0.0	0.0	0.0	0.0	0.0015	0.0	0.0	
Guignard d’Eurasie	0.0	0.0	0.0	0.0	0.0	0.0	0.0	0.0	0.0	0.0	0.0	0.0	0.0	0.0	0.0	0.0	0.0	0.0	0.0	0.0	0.0	0.0	0.0	0.0	0.0	0.0	0.0	0.0	0.0	0.0	0.0015	0.0015	0.0	0.0	0.0	0.0	0.0	0.0	0.0	0.0	0.0	0.0	0.0	0.0	0.0	0.0	0.0	0.0	
Grand Gravelot	0.0	0.0	0.0	0.0	0.0	0.0	0.0	0.0	0.0	0.0	0.0	0.0	0.0	0.0	0.0	0.0	0.0	0.0015	0.0	0.0015	0.0	0.0	0.0	0.0	0.0	0.0	0.0	0.0	0.0	0.0	0.0	0.0015	0.0015	0.0015	0.0015	0.0015	0.0015	0.0015	0.0	0.0	0.0	0.0	0.0	0.0	0.0	0.0	0.0	0.0	
Petit Gravelot	0.0	0.0	0.0	0.0	0.0	0.0	0.0	0.0	0.0	0.0	0.0015	0.0015	0.0322581	0.05	0.0015	0.0015	0.0015	0.0015	0.0015	0.0015	0.0015	0.0	0.0015	0.0015	0.0	0.0015	0.0015	0.0015	0.025641	0.031746	0.047619	0.0015	0.0015	0.0015	0.0	0.0	0.0	0.0015	0.0015	0.0	0.0	0.0	0.0	0.0	0.0	0.0	0.0	0.0	
Vanneau huppé	0.0015	0.0015	0.0015	0.0015	0.0015	0.0769231	0.0666667	0.1875	0.25	0.0015	0.0015	0.0015	0.0015	0.0015	0.0	0.0	0.0015	0.0	0.0015	0.0	0.0015	0.0	0.0625	0.0015	0.0015	0.0015	0.0181818	0.0192308	0.025641	0.031746	0.0015	0.0015	0.0	0.0015	0.0015	0.0015	0.0015	0.0015	0.0015	0.0015	0.0015	0.0015	0.1666667	0.0015	0.0015	0.0015	0.0	0.0015	
Courlis corlieu	0.0	0.0	0.0	0.0	0.0	0.0	0.0	0.0	0.0	0.0	0.0	0.0	0.0	0.0	0.0	0.0015	0.0	0.0	0.0	0.0	0.0	0.0	0.0	0.0	0.0	0.0015	0.0015	0.0015	0.0015	0.0	0.0	0.0015	0.0	0.0	0.0	0.0	0.0	0.0	0.0	0.0	0.0	0.0	0.0	0.0	0.0	0.0	0.0	0.0	
Courlis cendré	0.0	0.0	0.0015	0.0	0.0	0.0	0.0	0.0	0.0	0.0	0.0	0.0	0.0	0.0	0.0015	0.0	0.0	0.0015	0.0	0.0015	0.0	0.0	0.0	0.0	0.0	0.0	0.0	0.0	0.0	0.0	0.0	0.0	0.0	0.0	0.0	0.0	0.0	0.0	0.0	0.0	0.0	0.0	0.0	0.0	0.0	0.0015	0.0015	0.0	
Barge rousse	0.0	0.0	0.0	0.0	0.0	0.0	0.0	0.0	0.0	0.0	0.0	0.0	0.0	0.0	0.0	0.0	0.0	0.0	0.0	0.0	0.0	0.0	0.0	0.0	0.0	0.0	0.0	0.0	0.0	0.0	0.0	0.0	0.0	0.0	0.0	0.0015	0.0	0.0	0.0	0.0	0.0	0.0	0.0	0.0	0.0	0.0	0.0	0.0	
Barge à queue noire	0.0	0.0	0.0	0.0	0.0	0.0	0.0	0.0	0.0	0.0	0.0	0.0	0.0	0.0	0.0	0.0	0.0	0.0	0.0	0.0	0.0	0.0	0.0	0.0	0.0	0.0	0.0	0.0	0.0	0.0	0.0	0.0	0.0015	0.0	0.0	0.0	0.0	0.0	0.0	0.0	0.0	0.0	0.0	0.0	0.0	0.0	0.0	0.0	
Bécassine sourde	0.0015	0.0	0.0015	0.0015	0.0	0.0015	0.0	0.0015	0.0015	0.0015	0.0	0.0322581	0.0	0.0	0.0	0.0	0.0	0.0	0.0	0.0	0.0	0.0	0.0	0.0	0.0	0.0	0.0	0.0	0.0	0.0	0.0	0.0	0.0	0.0	0.0	0.0015	0.0	0.0	0.0	0.0	0.0015	0.0	0.0	0.0015	0.0	0.0	0.0	0.0015	
Bécasse des bois	0.0	0.0	0.0	0.0015	0.0	0.0	0.0666667	0.0	0.0015	0.0	0.0833333	0.0015	0.0	0.0	0.0015	0.0	0.0	0.0	0.0	0.0	0.0	0.0	0.0	0.0	0.0	0.0	0.0	0.0	0.0	0.0	0.0	0.0	0.0	0.0	0.0	0.0	0.0	0.0	0.0	0.0	0.0	0.0015	0.0	0.0	0.0015	0.0	0.0015	0.0192308	
Bécassine des marais	0.04	0.0015	0.0909091	0.0015	0.0	0.1025641	0.0	0.0015	0.0015	0.0015	0.0833333	0.0322581	0.0322581	0.075	0.047619	0.0015	0.0015	0.0	0.0	0.0	0.0	0.0	0.0	0.0	0.0	0.0	0.0181818	0.0	0.0512821	0.047619	0.0714286	0.0015	0.0015	0.125	0.0015	0.0015	0.0015	0.0015	0.0714286	0.04	0.0588235	0.0015	0.0015	0.0015	0.0015	0.0015	0.1666667	0.0384615	
Chevalier guignette	0.0015	0.0	0.0015	0.0015	0.0015	0.0015	0.0	0.0	0.0	0.0	0.0015	0.0	0.0322581	0.025	0.047619	0.1346154	0.0555556	0.0232558	0.0015	0.0015	0.0	0.0	0.0	0.0	0.0015	0.0015	0.0545455	0.0192308	0.0769231	0.1428571	0.0952381	0.0015	0.1111111	0.25	0.0015	0.0015	0.0015	0.0015	0.0015	0.0	0.0015	0.0	0.0015	0.0015	0.0	0.0	0.0	0.0384615	
Chevalier culblanc	0.08	0.0015	0.0015	0.0015	0.0015	0.025641	0.0666667	0.0015	0.0	0.0	0.0015	0.0322581	0.0015	0.175	0.047619	0.0015	0.0	0.0015	0.0	0.0	0.0015	0.0	0.0015	0.0015	0.0015	0.0015	0.0015	0.0576923	0.025641	0.1428571	0.0952381	0.0015	0.0015	0.125	0.0015	0.0015	0.0015	0.0015	0.0714286	0.12	0.0015	0.0	0.0015	0.0015	0.0015	0.0015	0.0	0.0192308	
Chevalier sylvain	0.0	0.0	0.0	0.0	0.0	0.0	0.0	0.0	0.0	0.0	0.0	0.0	0.0	0.0	0.0	0.0	0.0	0.0015	0.0015	0.0015	0.0	0.0	0.0	0.0	0.0	0.0	0.0	0.0015	0.0	0.0952381	0.0238095	0.0015	0.0015	0.125	0.0	0.0	0.0	0.0015	0.0	0.0	0.0	0.0	0.0	0.0	0.0	0.0	0.0	0.0	
Chevalier gambette	0.0	0.0	0.0	0.0	0.0	0.0	0.0	0.0	0.0	0.0	0.0015	0.0015	0.0	0.05	0.0	0.0192308	0.0	0.0015	0.0015	0.0	0.0	0.0	0.0	0.0	0.0	0.0	0.0	0.0015	0.0	0.0	0.0	0.0015	0.0	0.0	0.0	0.0015	0.0	0.0015	0.0015	0.0	0.0	0.0	0.0	0.0	0.0	0.0	0.0	0.0	
Chevalier arlequin	0.0	0.0	0.0	0.0	0.0	0.0	0.0	0.0	0.0	0.0	0.0	0.0015	0.0	0.0	0.0	0.0	0.0	0.0	0.0	0.0	0.0	0.0	0.0	0.0	0.0	0.0	0.0	0.0	0.0	0.0	0.0	0.0	0.0	0.0	0.0	0.0	0.0	0.0	0.0	0.0	0.0	0.0	0.0	0.0	0.0	0.0	0.0	0.0	
Chevalier aboyeur	0.0	0.0	0.0	0.0	0.0	0.0	0.0	0.0	0.0	0.0	0.0	0.0	0.0015	0.025	0.047619	0.0192308	0.0555556	0.0015	0.0015	0.0015	0.0	0.0	0.0	0.0	0.0	0.0	0.0015	0.0015	0.0015	0.031746	0.0015	0.0015	0.0015	0.0015	0.0015	0.0015	0.0015	0.0	0.0015	0.0	0.0	0.0	0.0	0.0	0.0	0.0	0.0	0.0	
Bécasseau maubèche	0.0	0.0	0.0	0.0	0.0	0.0	0.0	0.0	0.0	0.0	0.0	0.0	0.0	0.0	0.0	0.0	0.0	0.0	0.0	0.0	0.0	0.0	0.0	0.0	0.0	0.0	0.0	0.0	0.0	0.0	0.0	0.0015	0.0	0.0	0.0	0.0	0.0	0.0	0.0	0.0	0.0	0.0	0.0	0.0	0.0	0.0	0.0	0.0	
Combattant varié	0.0	0.0	0.0	0.0	0.0	0.0	0.0	0.0	0.0	0.0	0.0015	0.0	0.0	0.0	0.0	0.0	0.0	0.0	0.0	0.0	0.0	0.0	0.0	0.0	0.0	0.0	0.0	0.0	0.0015	0.0	0.0	0.0	0.0015	0.0	0.0	0.0015	0.0	0.0	0.0	0.0	0.0	0.0	0.0	0.0	0.0	0.0	0.0	0.0	
Bécasseau cocorli	0.0	0.0	0.0	0.0	0.0	0.0	0.0	0.0	0.0	0.0	0.0	0.0	0.0	0.0	0.0	0.0	0.0	0.0	0.0	0.0	0.0	0.0	0.0	0.0	0.0	0.0	0.0	0.0	0.0	0.0	0.0	0.0	0.0015	0.0	0.0015	0.0	0.0	0.0	0.0	0.0	0.0	0.0	0.0	0.0	0.0	0.0	0.0	0.0	
Bécasseau de Temminck	0.0	0.0	0.0	0.0	0.0	0.0	0.0	0.0	0.0	0.0	0.0	0.0	0.0	0.0	0.0	0.0	0.0	0.0015	0.0	0.0	0.0	0.0	0.0	0.0	0.0	0.0	0.0	0.0	0.0	0.0	0.0	0.0	0.0	0.0	0.0	0.0	0.0	0.0	0.0	0.0	0.0	0.0	0.0	0.0	0.0	0.0	0.0	0.0	
Bécasseau variable	0.0	0.0	0.0	0.0	0.0	0.0	0.0	0.0	0.0	0.0	0.0	0.0015	0.0	0.0	0.0	0.0	0.0	0.0015	0.0	0.0	0.0	0.0	0.0	0.0	0.0	0.0	0.0	0.0	0.0	0.0	0.0	0.0015	0.0015	0.0015	0.0015	0.0015	0.0	0.0015	0.0	0.0	0.0015	0.0	0.0015	0.0	0.0	0.0	0.0	0.0	
Bécasseau minute	0.0	0.0	0.0	0.0	0.0	0.0	0.0	0.0	0.0	0.0	0.0	0.0	0.0	0.0	0.0	0.0	0.0	0.0	0.0	0.0	0.0	0.0	0.0	0.0	0.0	0.0	0.0	0.0	0.0	0.0	0.0	0.0	0.0	0.0	0.0015	0.0015	0.0	0.0015	0.0	0.0	0.0	0.0	0.0	0.0	0.0	0.0	0.0	0.0	
Labbe à longue queue	0.0	0.0	0.0	0.0	0.0	0.0	0.0	0.0	0.0	0.0	0.0	0.0	0.0	0.0	0.0	0.0	0.0	0.0	0.0	0.0	0.0	0.0	0.0	0.0	0.0	0.0	0.0	0.0	0.0	0.0	0.0	0.0	0.0015	0.0	0.0	0.0	0.0	0.0	0.0	0.0	0.0	0.0	0.0	0.0	0.0	0.0	0.0	0.0	
Mouette tridactyle	0.0	0.0	0.0	0.0	0.0	0.0	0.0	0.0	0.0	0.0	0.0	0.0	0.0	0.0	0.0	0.0	0.0	0.0	0.0	0.0	0.0	0.0	0.0	0.0	0.0	0.0	0.0	0.0	0.0	0.0	0.0	0.0	0.0	0.0	0.0	0.0	0.0	0.0	0.0	0.0	0.0	0.0	0.0	0.0015	0.0	0.0	0.0	0.0	
Mouette rieuse	0.04	0.0015	0.0015	0.1	0.0015	0.0	0.0015	0.0015	0.0015	0.0015	0.0015	0.0322581	0.0015	0.025	0.0015	0.0015	0.0015	0.0015	0.0015	0.0015	0.0015	0.0	0.0625	0.0015	0.0015	0.0015	0.0015	0.0015	0.0015	0.0015	0.0	0.0015	0.0015	0.0015	0.0015	0.0015	0.0015	0.0015	0.0015	0.0015	0.0015	0.0015	0.0015	0.0015	0.0015	0.0015	0.0015	0.0015	
Mouette mélanocéphale	0.0	0.0	0.0	0.0	0.0	0.0	0.0	0.0	0.0	0.0	0.0015	0.0015	0.0015	0.0	0.0	0.0	0.0	0.0	0.0	0.0	0.0	0.0	0.0	0.0	0.0	0.0	0.0	0.0	0.0	0.0	0.0	0.0	0.0	0.0	0.0	0.0	0.0	0.0	0.0	0.0	0.0	0.0	0.0	0.0	0.0	0.0	0.0	0.0	
Goéland cendré	0.0015	0.1	0.0	0.0	0.0	0.0	0.0	0.0	0.0	0.0	0.0	0.0	0.0	0.0	0.0	0.0	0.0	0.0	0.0	0.0	0.0	0.0	0.0	0.0	0.0	0.0	0.0	0.0	0.0	0.0	0.0	0.0	0.0	0.0	0.0	0.0	0.0	0.0	0.0	0.0	0.0	0.0	0.0	0.0	0.0	0.0	0.0	0.0	
Goéland leucophée	0.04	0.0015	0.0	0.0015	0.0015	0.0	0.0	0.0	0.0	0.0	0.0	0.0015	0.0	0.0	0.0	0.0192308	0.0	0.0	0.0	0.0	0.0	0.0	0.0	0.0015	0.0015	0.0	0.0	0.0	0.0	0.0	0.0	0.0243902	0.0	0.0	0.0	0.0	0.0	0.0	0.0	0.0015	0.0	0.0015	0.0015	0.0015	0.0015	0.0015	0.0	0.0	
Goéland brun	0.0	0.0	0.0	0.0	0.0	0.0	0.0	0.0	0.0	0.0	0.0015	0.0	0.0	0.0	0.0	0.0	0.0	0.0	0.0	0.0	0.0	0.0	0.0	0.0	0.0	0.0	0.0	0.0	0.0	0.0	0.0	0.0	0.0	0.0	0.0	0.0	0.0	0.0	0.0	0.0	0.0	0.0015	0.0	0.0	0.0	0.0	0.0	0.0	
goéland sp. (Larus sp.)	0.0	0.0	0.0	0.0	0.0	0.0	0.0	0.0	0.0	0.0	0.0	0.0	0.0	0.0	0.0015	0.0	0.0	0.0	0.0	0.0	0.0	0.0	0.0015	0.0	0.0	0.0	0.0	0.0	0.0	0.0	0.0	0.0	0.0	0.0	0.0	0.0	0.0	0.0	0.0	0.0015	0.0	0.0	0.0	0.0	0.0	0.0	0.0	0.0	
Sterne hansel	0.0	0.0	0.0	0.0	0.0	0.0	0.0	0.0	0.0	0.0	0.0	0.0	0.0	0.0	0.0	0.0	0.0	0.0	0.0	0.0	0.0	0.0	0.0	0.0015	0.0	0.0	0.0	0.0	0.0	0.0	0.0	0.0	0.0	0.0	0.0	0.0	0.0	0.0	0.0	0.0	0.0	0.0	0.0	0.0	0.0	0.0	0.0	0.0	
Guifette moustac	0.0	0.0	0.0	0.0	0.0	0.0	0.0	0.0	0.0	0.0	0.0	0.0015	0.0	0.0015	0.0	0.0	0.0015	0.0	0.0	0.0015	0.0	0.0	0.0	0.0015	0.0	0.0	0.0	0.0	0.0	0.0015	0.0	0.0	0.0	0.0	0.0	0.0	0.0	0.0	0.0	0.0	0.0	0.0	0.0	0.0	0.0	0.0	0.0	0.0	
Guifette noire	0.0	0.0	0.0	0.0	0.0	0.0	0.0	0.0	0.0	0.0	0.0	0.0	0.0	0.0	0.0	0.0	0.0015	0.0	0.0	0.0	0.0	0.0	0.0	0.0	0.0015	0.0	0.0	0.0	0.0	0.0	0.0	0.0	0.0	0.0015	0.0	0.0	0.0	0.0	0.0	0.0	0.0	0.0	0.0	0.0	0.0	0.0	0.0	0.0	
Sterne pierregarin	0.0	0.0	0.0	0.0	0.0	0.0	0.0	0.0	0.0	0.0	0.0	0.0	0.0	0.0015	0.0	0.0	0.0	0.0	0.0	0.0	0.0	0.0	0.0	0.0	0.0	0.0	0.0	0.0	0.0	0.0	0.0	0.0	0.0	0.0	0.0	0.0	0.0	0.0	0.0	0.0	0.0	0.0	0.0	0.0	0.0	0.0	0.0	0.0	
Sterne caugek	0.0	0.0	0.0	0.0	0.0	0.0	0.0	0.0	0.0	0.0	0.0	0.0	0.0	0.0	0.0	0.0	0.0015	0.0	0.0	0.0	0.0	0.0	0.0	0.0	0.0	0.0	0.0	0.0	0.0	0.0	0.0	0.0	0.0	0.0	0.0	0.0	0.0	0.0	0.0	0.0	0.0	0.0	0.0	0.0	0.0	0.0	0.0	0.0	
Grèbe castagneux	0.2	0.0015	0.1818182	0.0015	0.0015	0.025641	0.0015	0.0015	0.125	0.0015	0.0015	0.0322581	0.0015	0.025	0.0015	0.0015	0.0015	0.0015	0.0015	0.0015	0.0015	0.0	0.0	0.0015	0.0015	0.0015	0.0015	0.0015	0.0512821	0.0793651	0.0238095	0.0015	0.0015	0.0015	0.3333333	0.0015	0.0015	0.1428571	0.0015	0.0015	0.0015	0.0015	0.0015	0.0015	0.0015	0.0015	0.1666667	0.0192308	
Grèbe esclavon	0.0	0.0	0.0	0.0	0.0	0.0	0.0	0.0	0.0	0.0	0.0	0.0	0.0	0.0	0.0	0.0	0.0	0.0	0.0	0.0	0.0	0.0	0.0	0.0	0.0	0.0	0.0	0.0	0.0	0.0	0.0	0.0	0.0	0.0	0.0	0.0	0.0	0.0	0.0	0.0	0.0	0.0	0.0	0.0	0.0015	0.0	0.0	0.0	
Grèbe jougris	0.04	0.0	0.0	0.0	0.0015	0.0	0.0	0.0	0.0	0.0	0.0	0.0015	0.0015	0.0	0.0	0.0	0.0	0.0	0.0	0.0	0.0	0.0	0.0	0.0	0.0	0.0	0.0	0.0	0.0	0.0	0.0	0.0	0.0	0.0	0.0	0.0	0.0	0.0	0.0	0.0	0.0	0.0	0.0015	0.0015	0.0	0.0015	0.0	0.0	
Grèbe huppé	0.16	0.1	0.1818182	0.0015	0.3333333	0.0769231	0.0015	0.4375	0.0015	0.0015	0.0015	0.0322581	0.0645161	0.275	0.047619	0.1538462	0.0555556	0.0232558	0.0015	0.0015	0.0015	0.0015	0.0	0.0015	0.0666667	0.0015	0.1636364	0.0192308	0.1025641	0.1587302	0.047619	0.0487805	0.3333333	0.25	1.0	0.0015	0.0015	0.0015	0.1428571	0.0015	0.0015	0.0015	0.1666667	0.0015	0.0015	0.0015	0.0833333	0.1730769	
Grèbe à cou noir	0.0	0.0	0.0	0.0	0.0	0.0	0.0	0.0	0.0	0.0015	0.0	0.0	0.0	0.0	0.0	0.0192308	0.0	0.0015	0.0015	0.0	0.0	0.0	0.0	0.0	0.0	0.0	0.0	0.0	0.0	0.0	0.0	0.0	0.0	0.0015	0.0	0.0	0.0	0.0	0.0	0.0	0.0	0.0	0.0	0.0	0.0	0.0	0.0	0.0	
Plongeon catmarin	0.04	0.0	0.0	0.0	0.0	0.0	0.0	0.0	0.0	0.0	0.0	0.0	0.0	0.0	0.0	0.0	0.0	0.0	0.0	0.0	0.0	0.0	0.0	0.0	0.0	0.0	0.0	0.0	0.0	0.0	0.0	0.0	0.0	0.0	0.0	0.0	0.0	0.0	0.0	0.0	0.0	0.0	0.0	0.0	0.0015	0.0015	0.0	0.0015	
Plongeon arctique	0.0	0.1	0.0	0.0015	0.0015	0.0	0.0	0.0	0.0	0.0	0.0	0.0	0.0	0.0	0.0	0.0	0.0	0.0	0.0	0.0	0.0	0.0	0.0	0.0	0.0	0.0	0.0	0.0	0.0	0.0	0.0	0.0	0.0	0.0	0.0	0.0	0.0	0.0	0.0	0.0	0.0	0.0	0.0	0.0	0.0	0.0	0.0015	0.0015	
Plongeon imbrin	0.0	0.0	0.0	0.0	0.0	0.0	0.0	0.0	0.0	0.0	0.0	0.0	0.0	0.0	0.0	0.0	0.0	0.0	0.0	0.0	0.0	0.0	0.0	0.0	0.0	0.0	0.0	0.0	0.0	0.0	0.0	0.0	0.0	0.0	0.0	0.0	0.0	0.0	0.0	0.0	0.0	0.0	0.0	0.0	0.0	0.0	0.0	0.0015	
Cigogne noire	0.0	0.0	0.0	0.0	0.0	0.0	0.0	0.0	0.125	0.0015	0.0	0.0015	0.0015	0.0	0.0	0.0015	0.0015	0.0	0.0	0.0	0.0	0.0	0.0	0.0	0.0	0.0	0.0181818	0.0	0.0015	0.0	0.0238095	0.0015	0.0015	0.0015	0.0015	0.0015	0.0	0.0	0.0	0.0	0.0	0.0	0.0	0.0	0.0	0.0	0.0	0.0	
Cigogne blanche	0.0	0.0	0.0	0.0	0.0	0.0	0.0	0.0015	0.0	0.0015	0.0	0.0322581	0.0015	0.0015	0.0	0.0015	0.0015	0.0	0.0	0.0	0.0015	0.0015	0.0	0.0	0.0	0.0	0.0	0.0	0.0	0.0	0.0	0.0015	0.0015	0.0015	0.0	0.0	0.1	0.0	0.0	0.0	0.0	0.0	0.0	0.0	0.0	0.0	0.0	0.0	
cigogne sp.	0.0	0.0	0.0	0.0	0.0	0.0	0.0	0.0	0.0	0.0015	0.0	0.0	0.0	0.0	0.0	0.0	0.0	0.0	0.0	0.0	0.0	0.0	0.0	0.0	0.0	0.0	0.0	0.0	0.0	0.0	0.0	0.0	0.0	0.0	0.0	0.0	0.0	0.0	0.0	0.0	0.0	0.0	0.0	0.0	0.0	0.0	0.0	0.0	
Grand Cormoran	0.36	0.2	0.2727273	0.0015	0.3333333	0.3846154	0.1333333	0.5	0.375	0.2857143	0.0833333	0.0322581	0.0967742	0.1	0.0	0.0384615	0.0015	0.0015	0.0	0.0015	0.0	0.0	0.0	0.0015	0.0	0.0588235	0.0363636	0.0384615	0.0015	0.047619	0.0238095	0.0015	0.2222222	0.25	0.3333333	0.1428571	0.1	0.2857143	0.4285714	0.44	0.1764706	0.125	0.0015	0.0015	0.4	0.0015	0.25	0.1730769	
Ibis falcinelle	0.0	0.0	0.0	0.0	0.0	0.0	0.0	0.0	0.0	0.0	0.0	0.0	0.0	0.0	0.0	0.0	0.0	0.0	0.0	0.0	0.0015	0.0	0.0	0.0	0.0	0.0	0.0	0.0	0.0	0.0	0.0015	0.0	0.0	0.0	0.0	0.0	0.0	0.0	0.0	0.0	0.0	0.0	0.0	0.0	0.0	0.0	0.0	0.0	
Butor étoilé	0.0	0.0	0.0	0.0	0.0	0.0	0.0	0.0	0.0	0.0	0.0	0.0	0.0015	0.0	0.0	0.0	0.0	0.0	0.0	0.0015	0.0	0.0	0.0	0.0	0.0	0.0	0.0	0.0	0.0	0.0	0.0	0.0	0.0	0.0	0.0	0.0	0.0	0.0	0.0	0.0	0.0	0.0	0.0	0.0	0.0	0.0	0.0	0.0	
Blongios nain	0.0	0.0	0.0	0.0	0.0	0.0	0.0	0.0	0.0	0.0	0.0	0.0	0.0	0.0	0.0	0.0	0.0015	0.0	0.0	0.0015	0.0	0.0	0.0	0.0	0.0	0.0	0.0	0.0	0.0	0.0	0.0	0.0	0.0	0.0015	0.0015	0.0	0.0	0.0	0.0	0.04	0.0	0.0	0.0	0.0	0.0	0.0	0.0	0.0	
Bihoreau gris	0.0	0.0	0.0	0.0	0.0	0.0	0.0	0.0	0.0	0.0	0.0015	0.0	0.0015	0.0015	0.0015	0.0015	0.0015	0.0015	0.0015	0.0454545	0.0015	0.1176471	0.0015	0.0015	0.0015	0.0015	0.0015	0.0015	0.0015	0.0	0.0015	0.0015	0.0015	0.0015	0.0015	0.0015	0.0	0.0015	0.0	0.0	0.0	0.0	0.0	0.0015	0.0	0.0	0.0	0.0	
Aigrette garzette	0.04	0.0015	0.0015	0.0015	0.0	0.0015	0.0015	0.0015	0.0015	0.0015	0.0015	0.0322581	0.0015	0.0	0.0015	0.0192308	0.0555556	0.0015	0.0015	0.0015	0.0	0.0	0.0	0.0	0.0015	0.0	0.0363636	0.0015	0.0512821	0.047619	0.0238095	0.0015	0.1111111	0.125	0.0015	0.0015	0.0015	0.0015	0.0714286	0.04	0.0015	0.0	0.0015	0.0015	0.0015	0.0015	0.0015	0.0015	
Héron garde-boeufs	0.0	0.1	0.0015	0.0015	0.0	0.0512821	0.0666667	0.0	0.0	0.0015	0.0015	0.0322581	0.0322581	0.025	0.0952381	0.1346154	0.0015	0.0015	0.0015	0.0454545	0.0714286	0.0	0.0015	0.0015	0.2	0.4411765	0.4181818	0.2307692	0.0769231	0.015873	0.047619	0.0015	0.1111111	0.375	1.0	0.0015	0.0	0.0015	0.0	0.04	0.0015	0.0	0.0015	0.0	0.0	0.0015	0.0833333	0.0015	
Grande Aigrette	0.04	0.3	0.0909091	0.3	0.5	0.1282051	0.0666667	0.125	0.0015	0.4285714	0.0015	0.0322581	0.0015	0.0015	0.0	0.0192308	0.0015	0.0465116	0.0015	0.0015	0.0015	0.0	0.0	0.0015	0.0	0.0015	0.0363636	0.0015	0.1282051	0.1428571	0.0952381	0.0015	0.3333333	0.375	1.0	0.0015	0.1	0.0015	0.1428571	0.28	0.0588235	0.0015	0.0015	0.0015	0.2	0.0015	0.25	0.0961538	
Héron cendré	0.24	0.3	0.3636364	0.2	0.5	0.2307692	0.0666667	0.4375	0.125	0.4285714	0.25	0.1612903	0.2258065	0.25	0.1904762	0.3846154	0.2222222	0.1162791	0.0015	0.2272727	0.0714286	0.1764706	0.0015	0.1111111	0.3333333	0.2352941	0.2363636	0.1346154	0.2564103	0.3809524	0.2619048	0.0243902	0.5555556	0.375	1.0	0.4285714	0.2	0.5714286	0.3571429	0.36	0.1176471	0.0015	0.0015	0.1666667	0.0015	0.0015	0.4166667	0.1346154	
Héron pourpré	0.0	0.0	0.0	0.0	0.0	0.0	0.0	0.0	0.0	0.0	0.0	0.0015	0.0	0.025	0.047619	0.0	0.0	0.0015	0.0015	0.0015	0.0	0.0	0.0	0.0	0.0	0.0	0.0181818	0.0015	0.025641	0.031746	0.0015	0.0015	0.3333333	0.25	0.0015	0.0015	0.0	0.0	0.0	0.0	0.0	0.0	0.0	0.0	0.0	0.0	0.0	0.0	
Balbuzard pêcheur	0.0	0.0	0.0	0.0	0.0	0.0	0.0	0.0	0.0	0.0	0.0015	0.0015	0.0015	0.0015	0.0	0.0015	0.0	0.0015	0.0	0.0	0.0015	0.0	0.0	0.0	0.0	0.0	0.0	0.0	0.0	0.0	0.0	0.0015	0.1111111	0.25	0.0015	0.0015	0.0015	0.0	0.0	0.0015	0.0	0.0015	0.0	0.0	0.0	0.0	0.0	0.0	
Élanion blanc	0.0	0.0015	0.0	0.0	0.0	0.0	0.0	0.0015	0.0	0.0	0.0	0.0015	0.0	0.0	0.0	0.0015	0.0015	0.0	0.0	0.0	0.0	0.0	0.0	0.0	0.0	0.0	0.0	0.0	0.0	0.0015	0.0015	0.0243902	0.0	0.0	0.0015	0.0	0.2	0.0	0.0015	0.0	0.0	0.0	0.0015	0.0	0.0	0.0	0.0	0.0	
Bondrée apivore	0.0	0.0	0.0	0.0	0.0	0.0	0.0	0.0	0.0	0.0	0.0	0.0	0.0	0.0	0.0	0.0015	0.0015	0.0232558	0.0666667	0.0454545	0.0015	0.0015	0.0625	0.0015	0.0015	0.0015	0.0545455	0.0961538	0.1025641	0.015873	0.0015	0.0243902	0.0015	0.0015	0.0	0.0015	0.0	0.0	0.0	0.0	0.0	0.0	0.0	0.0	0.0	0.0	0.0	0.0	
Vautour fauve	0.0	0.0	0.0	0.0	0.0	0.0	0.0	0.0	0.0	0.0	0.0	0.0	0.0	0.0	0.0	0.0	0.0	0.0	0.0	0.0454545	0.0015	0.0	0.0	0.0	0.0	0.0	0.0	0.0	0.0	0.0	0.0	0.0	0.0	0.0	0.0	0.0	0.0	0.0	0.0	0.0	0.0	0.0	0.0	0.0	0.0	0.0	0.0	0.0	
Circaète Jean-le-Blanc	0.0	0.0	0.0	0.0	0.0	0.0	0.0	0.0	0.0	0.0	0.0015	0.0	0.0015	0.0	0.0	0.0	0.0	0.0	0.0	0.0	0.0	0.0	0.0	0.0	0.0	0.0	0.0	0.0015	0.025641	0.0	0.0	0.0243902	0.0015	0.0	0.0	0.0015	0.0	0.0015	0.0	0.0	0.0	0.0	0.0	0.0	0.0	0.0	0.0	0.0	
Aigle botté	0.0	0.0	0.0	0.0	0.0	0.0	0.0	0.0	0.0	0.0	0.0	0.0	0.0015	0.0	0.0015	0.0	0.0	0.0	0.0	0.0015	0.0015	0.0	0.0	0.0	0.0	0.0	0.0	0.0	0.0	0.0015	0.0	0.0	0.0	0.0015	0.0015	0.0	0.0	0.0	0.0	0.0015	0.0	0.0	0.0	0.0	0.0	0.0	0.0	0.0	
Aigle impérial	0.0	0.0	0.0	0.0	0.0	0.0	0.0	0.0	0.0	0.0	0.0	0.0015	0.0	0.0	0.0	0.0	0.0	0.0	0.0	0.0	0.0	0.0	0.0	0.0	0.0	0.0	0.0	0.0	0.0	0.0	0.0	0.0	0.0	0.0	0.0	0.0	0.0	0.0	0.0	0.0	0.0	0.0	0.0	0.0	0.0	0.0	0.0	0.0	
Épervier d'Europe	0.04	0.2	0.0909091	0.0015	0.0015	0.0512821	0.1333333	0.25	0.375	0.0015	0.0833333	0.0322581	0.0645161	0.05	0.0015	0.0192308	0.0015	0.0232558	0.0015	0.0909091	0.0	0.0015	0.0015	0.0015	0.0015	0.0015	0.0181818	0.1538462	0.025641	0.031746	0.047619	0.0731707	0.0015	0.0015	0.0015	0.0015	0.1	0.2857143	0.0714286	0.16	0.0015	0.25	0.0015	0.0833333	0.0015	0.0015	0.0833333	0.0576923	
Autour des palombes	0.0	0.0	0.0	0.0	0.0	0.0	0.0	0.0015	0.125	0.0	0.0	0.0	0.0015	0.0	0.0	0.0	0.0	0.0	0.0	0.0	0.0	0.0588235	0.0	0.0	0.0	0.0	0.0	0.0	0.0	0.0	0.0015	0.0015	0.0	0.0	0.0	0.0	0.0	0.0	0.0015	0.0	0.0	0.0	0.0	0.0015	0.0	0.0	0.0	0.0015	
Busard des roseaux	0.0	0.0	0.0	0.0	0.0	0.0	0.0	0.0	0.0	0.0	0.0015	0.0015	0.0322581	0.025	0.0	0.0384615	0.0	0.0	0.0015	0.0	0.0	0.0	0.0	0.0	0.0	0.0	0.0	0.0015	0.0	0.0015	0.0	0.0015	0.1111111	0.0015	0.0015	0.0015	0.0015	0.0015	0.0015	0.0	0.0	0.0	0.0	0.0	0.0	0.0	0.0	0.0	
Busard Saint-Martin	0.0015	0.0	0.0015	0.1	0.0	0.0	0.0015	0.0015	0.0	0.0	0.0015	0.0	0.0015	0.0	0.0	0.0	0.0015	0.0	0.0	0.0015	0.0	0.0	0.0	0.0	0.0	0.0	0.0	0.0	0.0	0.0	0.0	0.0015	0.0	0.0015	0.0015	0.0	0.1	0.0015	0.0015	0.04	0.0015	0.0	0.0	0.0015	0.0015	0.0015	0.0	0.0192308	
Busard pâle	0.0015	0.0	0.0	0.0	0.0	0.0	0.0	0.0	0.0	0.0	0.0	0.0	0.0	0.0	0.0	0.0	0.0	0.0	0.0	0.0	0.0	0.0	0.0	0.0	0.0	0.0	0.0	0.0	0.0	0.0	0.0	0.0	0.0	0.0	0.0	0.0	0.0	0.0	0.0	0.0	0.0	0.0	0.0	0.0	0.0	0.0	0.0	0.0	
Busard cendré	0.0	0.0	0.0	0.0	0.0	0.0	0.0	0.0	0.0	0.0	0.0	0.0	0.0	0.0	0.0	0.0	0.0015	0.0	0.0	0.0	0.0	0.0	0.0	0.0	0.0	0.0	0.0	0.0	0.0	0.0	0.0238095	0.0015	0.0	0.0015	0.0	0.0	0.0	0.0	0.0	0.0	0.0	0.0	0.0	0.0	0.0	0.0	0.0	0.0	
Milan royal	0.0015	0.0015	0.0015	0.0015	0.0	0.0	0.0666667	0.125	0.25	0.0015	0.1666667	0.0645161	0.0322581	0.0015	0.0015	0.0192308	0.0015	0.0015	0.0015	0.0909091	0.0015	0.0	0.0625	0.1111111	0.0666667	0.0	0.0015	0.0576923	0.025641	0.015873	0.0015	0.0	0.0	0.0	0.0015	0.0015	0.0015	0.1428571	0.0714286	0.04	0.0015	0.25	0.0015	0.0015	0.0015	0.0015	0.0	0.0015	
Milan noir	0.0	0.0	0.0	0.0	0.0	0.0	0.0	0.0	0.0015	0.0015	0.0833333	0.1935484	0.1612903	0.2	0.0015	0.2115385	0.0555556	0.0930233	0.1333333	0.2272727	0.0714286	0.1176471	0.1875	0.0015	0.1333333	0.3235294	0.1636364	0.2692308	0.1538462	0.047619	0.0015	0.0243902	0.0	0.0	0.0	0.0	0.0	0.1428571	0.0	0.0	0.0	0.0	0.0	0.0	0.0	0.0	0.0	0.0	
Buse variable	0.24	0.3	0.4545455	0.3	0.3333333	0.2820513	0.2	0.6875	0.5	0.2857143	0.4166667	0.4193548	0.3548387	0.35	0.2380952	0.2115385	0.1666667	0.1395349	0.1333333	0.4090909	0.0714286	0.1764706	0.125	0.2222222	0.4	0.3823529	0.4363636	0.4423077	0.6923077	0.4761905	0.5	0.4634146	0.2222222	0.25	0.3333333	0.2857143	0.5	0.4285714	0.4285714	0.32	0.2352941	0.125	0.0015	0.1666667	0.0015	0.0015	0.3333333	0.2115385	
rapace sp.	0.0	0.0	0.0	0.0	0.0	0.0	0.0	0.0	0.0	0.0	0.0	0.0	0.0	0.0	0.0	0.0	0.0	0.0	0.0	0.0	0.0	0.0	0.0	0.1111111	0.0	0.0	0.0	0.0	0.0	0.0	0.0238095	0.1219512	0.0	0.0	0.0	0.1428571	0.0	0.0	0.0	0.0	0.0	0.0	0.0	0.0833333	0.0	0.0	0.0	0.0	
Effraie des clochers	0.0015	0.0	0.0	0.0	0.0015	0.025641	0.0	0.0015	0.0	0.0	0.0	0.0322581	0.0015	0.0015	0.0015	0.0015	0.0	0.0015	0.0015	0.0909091	0.0	0.1176471	0.0	0.2222222	0.0	0.0	0.0015	0.0015	0.025641	0.0	0.0	0.0015	0.0	0.125	0.0	0.0015	0.0	0.0015	0.0	0.0	0.0	0.0	0.0	0.0	0.0	0.0	0.0	0.0	
Petit-duc scops	0.0	0.0	0.0	0.0	0.0	0.0	0.0	0.0	0.0	0.0	0.0	0.0	0.0	0.0	0.0	0.0015	0.0	0.0	0.0015	0.0	0.0	0.0	0.0015	0.0	0.0	0.0	0.0	0.0	0.0	0.0	0.0	0.0	0.0	0.0	0.0	0.0	0.0	0.0	0.0	0.0	0.0	0.0	0.0	0.0	0.0	0.0	0.0	0.0	
Grand-duc d'Europe	0.0015	0.0	0.0909091	0.0	0.0	0.0	0.0	0.0	0.0	0.0	0.0	0.0	0.0	0.0	0.0	0.0	0.0	0.0	0.0	0.0	0.0	0.0588235	0.0	0.0	0.0	0.0	0.0	0.0	0.0	0.0	0.0	0.0	0.0	0.0	0.0	0.0	0.0	0.0	0.0	0.0	0.0	0.0	0.0	0.0	0.0	0.0	0.0	0.0	
Chevêche d'Athéna	0.04	0.0015	0.0909091	0.0015	0.0015	0.0512821	0.1333333	0.0015	0.0015	0.0015	0.0	0.0322581	0.0645161	0.0	0.0015	0.0769231	0.0015	0.1162791	0.0	0.0454545	0.0	0.2352941	0.0625	0.0015	0.0015	0.0588235	0.0181818	0.1730769	0.0512821	0.0793651	0.0714286	0.0015	0.0015	0.125	0.0015	0.0	0.1	0.1428571	0.0015	0.04	0.0015	0.0	0.1666667	0.0833333	0.0	0.0015	0.0	0.0015	
Chouette hulotte	0.0015	0.0	0.0015	0.0	0.0	0.0512821	0.0666667	0.0	0.0	0.0	0.0015	0.0322581	0.0015	0.05	0.047619	0.0384615	0.0015	0.0015	0.0015	0.0454545	0.0714286	0.1176471	0.0015	0.1111111	0.0	0.0294118	0.0	0.0015	0.0769231	0.0793651	0.0238095	0.1707317	0.1111111	0.25	0.0	0.0015	0.0	0.0015	0.0	0.08	0.0015	0.0	0.1666667	0.0	0.0015	0.0	0.0	0.0015	
Hibou moyen-duc	0.0	0.0	0.0	0.0	0.0	0.0	0.0	0.0	0.0	0.0	0.0	0.0	0.0	0.0	0.0	0.0	0.0	0.0	0.0	0.0	0.0	0.0	0.0	0.0	0.0	0.0015	0.0	0.0	0.0	0.0	0.0238095	0.0487805	0.0	0.0	0.0	0.0	0.0	0.0	0.0	0.0	0.0	0.0	0.0	0.0	0.0	0.0	0.0	0.0015	
Hibou des marais	0.0	0.0	0.0	0.0	0.0	0.0	0.0	0.0	0.0	0.0	0.0	0.0	0.0	0.0	0.0	0.0	0.0	0.0	0.0	0.0	0.0	0.0	0.0	0.0	0.0	0.0	0.0	0.0	0.0	0.0	0.0	0.0	0.0	0.0	0.0	0.0	0.0	0.0	0.0	0.0	0.0	0.0	0.0	0.0	0.0	0.0	0.0015	0.0	
Huppe fasciée	0.0	0.0	0.0	0.0	0.0	0.0	0.0	0.0	0.0	0.0	0.0015	0.0322581	0.0645161	0.125	0.0015	0.1730769	0.0015	0.0465116	0.0015	0.1363636	0.0015	0.0	0.0625	0.0015	0.0015	0.0015	0.0909091	0.0576923	0.025641	0.015873	0.0238095	0.0	0.0	0.0015	0.0	0.0	0.0	0.0	0.0	0.04	0.0	0.0	0.0	0.0	0.0	0.0	0.0	0.0	
Guêpier d'Europe	0.0	0.0	0.0	0.0	0.0	0.0	0.0	0.0	0.0	0.0	0.0	0.0	0.0	0.0	0.0	0.0	0.0015	0.0232558	0.0015	0.0015	0.0	0.0	0.0	0.0	0.0	0.0	0.0	0.0	0.0	0.0	0.0	0.0	0.0015	0.0015	0.0	0.0	0.0	0.0	0.0	0.0	0.0	0.0	0.0	0.0	0.0	0.0	0.0	0.0	
Martin-pêcheur d'Europe	0.2	0.0015	0.0015	0.0015	0.0015	0.025641	0.0015	0.125	0.0015	0.0015	0.0833333	0.0645161	0.0645161	0.025	0.0	0.0576923	0.1111111	0.0232558	0.0015	0.0454545	0.0015	0.0015	0.0015	0.0015	0.0666667	0.0588235	0.0909091	0.0576923	0.1282051	0.1269841	0.047619	0.0731707	0.0015	0.0015	0.6666667	0.1428571	0.0015	0.2857143	0.1428571	0.04	0.0588235	0.0015	0.0015	0.0833333	0.2	0.0015	0.0833333	0.0961538	
Rollier d'Europe	0.0	0.0	0.0	0.0	0.0	0.0	0.0	0.0	0.0	0.0	0.0	0.0	0.0	0.0	0.0	0.0	0.0	0.0	0.0	0.0	0.0	0.0	0.0	0.0	0.0	0.0	0.0	0.0	0.0	0.0	0.0015	0.0	0.0015	0.0	0.0015	0.0	0.0	0.0	0.0	0.0	0.0	0.0	0.0	0.0	0.0	0.0	0.0	0.0	
Torcol fourmilier	0.0	0.0	0.0	0.0015	0.0	0.0	0.0	0.0	0.0	0.0	0.0	0.0	0.0015	0.0015	0.0015	0.0	0.0015	0.0	0.0015	0.0015	0.0	0.0	0.0	0.0	0.0	0.0	0.0	0.0015	0.0	0.0	0.0238095	0.0015	0.0015	0.0	0.0	0.0	0.0	0.0	0.0	0.0	0.0	0.0	0.0	0.0	0.0	0.0	0.0	0.0	
Pic mar	0.0015	0.1	0.0909091	0.0015	0.0	0.0015	0.2	0.0625	0.0015	0.0015	0.0833333	0.0015	0.0322581	0.025	0.0015	0.0015	0.0	0.0232558	0.0015	0.1363636	0.2857143	0.1764706	0.1875	0.0015	0.0015	0.1470588	0.2727273	0.25	0.1282051	0.0793651	0.1190476	0.0243902	0.0	0.0	0.0	0.0015	0.1	0.0015	0.0714286	0.2	0.1176471	0.0	0.0015	0.1666667	0.0	0.0	0.0833333	0.0769231	
Pic épeiche	0.44	0.6	0.2727273	0.1	0.0015	0.1794872	0.5333333	0.625	0.5	0.1428571	0.3333333	0.2903226	0.3548387	0.35	0.0952381	0.1923077	0.1111111	0.1162791	0.1333333	0.2727273	0.4285714	0.4705882	0.25	0.0015	0.0666667	0.2352941	0.3636364	0.3846154	0.4615385	0.3015873	0.3095238	0.4390244	0.1111111	0.125	0.0015	0.2857143	0.1	0.1428571	0.4285714	0.28	0.4117647	0.25	0.0015	0.3333333	0.0015	0.0015	0.4166667	0.3461538	
Pic épeichette	0.0	0.0015	0.0015	0.0	0.0015	0.0	0.0	0.0625	0.125	0.0015	0.0833333	0.0015	0.0322581	0.0	0.0015	0.0	0.0015	0.0	0.0015	0.0909091	0.0	0.0015	0.0015	0.0015	0.0	0.0294118	0.0909091	0.0769231	0.0512821	0.047619	0.0015	0.0243902	0.0015	0.0015	0.0015	0.0015	0.1	0.0015	0.0714286	0.0015	0.0015	0.0015	0.0015	0.0	0.0015	0.0015	0.0015	0.0015	
Pic vert	0.16	0.2	0.2727273	0.0015	0.1666667	0.2820513	0.2	0.5625	0.25	0.1428571	0.3333333	0.3548387	0.1290323	0.35	0.047619	0.1730769	0.1111111	0.1860465	0.0666667	0.1818182	0.1428571	0.2352941	0.1875	0.0015	0.2666667	0.2647059	0.6181818	0.4230769	0.5384615	0.4126984	0.3095238	0.4146341	0.1111111	0.125	0.0015	0.1428571	0.3	0.7142857	0.4285714	0.16	0.0588235	0.125	0.0015	0.25	0.2	0.0015	0.25	0.3846154	
Pic noir	0.08	0.1	0.1818182	0.0015	0.0	0.0015	0.1333333	0.125	0.0	0.1428571	0.1666667	0.0322581	0.0322581	0.075	0.0	0.0576923	0.0015	0.0465116	0.0666667	0.0454545	0.0015	0.0	0.0625	0.0	0.0	0.0	0.0181818	0.0192308	0.025641	0.031746	0.0	0.0243902	0.1111111	0.0015	0.0	0.0015	0.1	0.0015	0.0015	0.0015	0.0588235	0.0015	0.0015	0.0015	0.0015	0.0	0.0015	0.0192308	
Faucon crécerelle	0.08	0.0015	0.1818182	0.1	0.0015	0.0769231	0.0666667	0.3125	0.125	0.0015	0.1666667	0.0967742	0.2580645	0.1	0.1428571	0.1538462	0.0015	0.0930233	0.0666667	0.2272727	0.0714286	0.1176471	0.1875	0.0	0.0	0.0882353	0.1454545	0.0961538	0.2564103	0.1904762	0.1666667	0.0731707	0.1111111	0.0015	0.0015	0.1428571	0.2	0.4285714	0.2142857	0.28	0.2352941	0.125	0.0015	0.0015	0.0015	0.0015	0.25	0.1153846	
Faucon kobez	0.0	0.0	0.0	0.0	0.0	0.0	0.0	0.0	0.0	0.0	0.0	0.0	0.0	0.0	0.0	0.0	0.0	0.0	0.0	0.0	0.0	0.0	0.0015	0.0	0.0	0.0	0.0	0.0	0.0	0.0	0.0	0.0	0.0	0.0	0.0	0.0	0.0	0.0	0.0	0.0	0.0	0.0	0.0	0.0	0.0	0.0	0.0	0.0	
Faucon émerillon	0.0	0.0	0.0	0.0	0.0	0.0	0.0	0.0	0.0	0.0	0.0	0.0	0.0	0.0015	0.0	0.0	0.0	0.0	0.0	0.0	0.0	0.0	0.0	0.0	0.0	0.0	0.0	0.0	0.0	0.0	0.0	0.0	0.0	0.0	0.0	0.0	0.0015	0.0	0.0015	0.0015	0.0	0.0	0.0	0.0	0.0	0.0	0.0	0.0	
Faucon hobereau	0.0	0.0	0.0	0.0	0.0	0.0	0.0	0.0	0.0	0.0	0.0	0.0	0.0	0.0	0.0	0.0192308	0.0015	0.0465116	0.0015	0.0015	0.0	0.0015	0.0625	0.0	0.0015	0.0	0.0181818	0.0192308	0.0015	0.0	0.0714286	0.0243902	0.0	0.0015	0.0	0.0015	0.1	0.0	0.0	0.0	0.0	0.0	0.0	0.0	0.0	0.0	0.0	0.0	
Faucon pèlerin	0.0015	0.0015	0.0015	0.0015	0.0015	0.025641	0.0	0.0015	0.0015	0.0015	0.0015	0.0015	0.0645161	0.0015	0.0	0.0384615	0.0015	0.0015	0.0015	0.0015	0.0015	0.0	0.0625	0.0015	0.0666667	0.0	0.0	0.0192308	0.0	0.015873	0.0	0.0	0.0015	0.0015	0.0015	0.0015	0.0015	0.0015	0.0015	0.08	0.0015	0.0015	0.0015	0.0015	0.0015	0.0	0.0015	0.0015	
petit faucon sp.	0.0	0.0	0.0	0.0	0.0	0.0	0.0	0.0	0.0	0.0	0.0	0.0	0.0	0.0	0.0	0.0	0.0	0.0	0.0	0.0	0.0	0.0	0.0	0.0	0.0	0.0	0.0	0.0	0.0	0.0	0.0	0.0	0.0	0.0	0.0	0.0	0.0	0.0	0.0	0.0	0.0	0.0	0.0	0.0833333	0.0	0.0	0.0	0.0	
Calopsitte élégante	0.0	0.0	0.0	0.0	0.0	0.0	0.0	0.0	0.0	0.0	0.0	0.0	0.0	0.0	0.0	0.0	0.0	0.0	0.0	0.0	0.0	0.0	0.0	0.0	0.0	0.0	0.0	0.0	0.0	0.0015	0.0	0.0	0.0	0.0	0.0	0.0	0.0	0.0	0.0	0.0	0.0	0.0	0.0	0.0	0.0	0.0	0.0	0.0	
Perruche à collier	0.0	0.0	0.0	0.0	0.0	0.0	0.0	0.0	0.0	0.0	0.0	0.0	0.0	0.0	0.0015	0.0	0.0	0.0	0.0	0.0	0.0	0.0	0.0	0.0	0.0	0.0	0.0	0.0	0.0	0.0	0.0	0.0	0.0	0.0	0.0	0.0	0.0	0.0	0.0	0.0	0.0	0.0	0.0	0.0	0.0	0.0	0.0	0.0	
Loriot d'Europe	0.0	0.0	0.0	0.0	0.0	0.0	0.0	0.0	0.0	0.0	0.0	0.0	0.0	0.025	0.1904762	0.1346154	0.2777778	0.372093	0.2666667	0.1818182	0.2857143	0.2352941	0.3125	0.0015	0.0666667	0.2941176	0.3090909	0.1923077	0.0512821	0.1269841	0.0952381	0.0015	0.1111111	0.0	0.0	0.0	0.0	0.0	0.0	0.0	0.0	0.0	0.0	0.0	0.0	0.0	0.0	0.0	
Pie-grièche écorcheur	0.0	0.0	0.0	0.0	0.0	0.0	0.0	0.0	0.0	0.0	0.0	0.0	0.0	0.0	0.0	0.0384615	0.0015	0.0465116	0.0015	0.0909091	0.0015	0.1176471	0.1875	0.0015	0.0015	0.2058824	0.3090909	0.1730769	0.1282051	0.1111111	0.0015	0.0487805	0.0	0.0	0.0	0.0	0.0	0.0	0.0	0.0	0.0	0.0	0.0	0.0	0.0	0.0	0.0	0.0	
Pie-grièche grise	0.0	0.0	0.0	0.0	0.0	0.0	0.0	0.0	0.0	0.0	0.0	0.0	0.0	0.0	0.0	0.0	0.0	0.0	0.0	0.0454545	0.0	0.0	0.0	0.0	0.0	0.0	0.0	0.0	0.0	0.0	0.0	0.0	0.0	0.0	0.0	0.0	0.0	0.0	0.0	0.0	0.0	0.0	0.0	0.0	0.0	0.0	0.0	0.0015	
Pie-grièche à tête rousse	0.0	0.0	0.0	0.0	0.0	0.0	0.0	0.0	0.0	0.0	0.0	0.0	0.0	0.0	0.0015	0.0015	0.0015	0.0232558	0.0015	0.0015	0.0	0.0015	0.0	0.0015	0.0	0.0015	0.0727273	0.0192308	0.0015	0.0	0.0015	0.0015	0.0	0.0	0.0	0.0	0.0	0.0	0.0	0.0	0.0	0.0	0.0	0.0	0.0	0.0	0.0	0.0	
Geai des chênes	0.4	0.4	0.5454545	0.2	0.3333333	0.2307692	0.1333333	0.6875	0.5	0.1428571	0.4166667	0.1612903	0.3225806	0.325	0.047619	0.25	0.2222222	0.1627907	0.0015	0.2727273	0.5	0.1764706	0.125	0.1111111	0.0666667	0.2352941	0.3272727	0.3076923	0.2564103	0.1111111	0.2380952	0.3658537	0.1111111	0.0015	0.0015	0.2857143	0.3	0.5714286	0.6428571	0.56	0.1764706	0.375	0.0015	0.25	0.2	0.0015	0.4166667	0.3461538	
Pie bavarde	0.6	0.5	0.2727273	0.3	0.1666667	0.1794872	0.2	0.5	0.375	0.4285714	0.5	0.483871	0.4193548	0.275	0.1904762	0.2884615	0.2777778	0.4418605	0.2	0.4090909	0.4285714	0.5294118	0.4375	0.4444444	0.3333333	0.3823529	0.3090909	0.3269231	0.5384615	0.3650794	0.2142857	0.2682927	0.4444444	0.25	0.0015	0.2857143	0.4	0.8571429	0.5	0.32	0.4705882	0.5	0.0015	0.5833333	0.6	0.0015	0.5833333	0.4807692	
Choucas des tours	0.2	0.6	0.1818182	0.2	0.1666667	0.2820513	0.1333333	0.4375	0.125	0.1428571	0.1666667	0.1935484	0.0322581	0.1	0.0015	0.2692308	0.0555556	0.1162791	0.1333333	0.1818182	0.2142857	0.1764706	0.125	0.0015	0.1333333	0.0882353	0.0545455	0.1346154	0.1025641	0.0634921	0.0238095	0.0487805	0.3333333	0.375	0.3333333	0.1428571	0.0015	0.4285714	0.5714286	0.44	0.2941176	0.125	0.0015	0.3333333	0.4	0.0015	0.4166667	0.2692308	
Corbeau freux	0.0	0.0015	0.0015	0.2	0.0015	0.1794872	0.2	0.0015	0.125	0.0015	0.0015	0.0645161	0.1612903	0.05	0.0015	0.1346154	0.0015	0.0015	0.0015	0.0015	0.0	0.0	0.0	0.1111111	0.0666667	0.0294118	0.0	0.0961538	0.0769231	0.0634921	0.0238095	0.097561	0.0015	0.0	0.0015	0.0	0.1	0.0015	0.2857143	0.4	0.2352941	0.0	0.0015	0.25	0.0015	0.0015	0.0015	0.0015	
Corneille noire	0.68	0.5	0.7272727	0.5	0.5	0.5641026	0.3333333	0.75	0.625	0.2857143	0.5	0.6129032	0.3548387	0.425	0.2857143	0.5576923	0.3333333	0.2325581	0.2666667	0.3181818	0.5	0.4705882	0.5625	0.1111111	0.5333333	0.4117647	0.6727273	0.4615385	0.4102564	0.5396825	0.5	0.5609756	0.7777778	0.75	1.0	0.5714286	0.3	0.7142857	0.6428571	0.68	0.5294118	0.25	0.0015	0.6666667	0.6	0.0015	0.6666667	0.5576923	
corneille sp.	0.0	0.0	0.0	0.0	0.0	0.0	0.0	0.0	0.0	0.0	0.0	0.0	0.0	0.0	0.0	0.0	0.0	0.0232558	0.0	0.0	0.0	0.0	0.0	0.0	0.0	0.0	0.0	0.0	0.0	0.0	0.0	0.0	0.0	0.0	0.0	0.0	0.0	0.0	0.0	0.0	0.0	0.0	0.0	0.0	0.0	0.0	0.0	0.0	
Grand Corbeau	0.0015	0.1	0.0909091	0.0015	0.0	0.025641	0.1333333	0.0	0.0015	0.0015	0.0015	0.0645161	0.0967742	0.0015	0.047619	0.0015	0.1111111	0.0232558	0.0015	0.0	0.0015	0.0	0.0	0.0	0.0	0.0	0.0	0.0015	0.025641	0.0015	0.0	0.0015	0.0015	0.0015	0.0015	0.1428571	0.1	0.0015	0.0015	0.08	0.0015	0.0015	0.0015	0.0015	0.0015	0.0015	0.0015	0.0384615	
Mésange noire	0.12	0.1	0.0909091	0.1	0.0015	0.0015	0.0666667	0.125	0.125	0.0015	0.1666667	0.0322581	0.0645161	0.125	0.0	0.0384615	0.0	0.0232558	0.0	0.0	0.0714286	0.0	0.0	0.0015	0.0	0.0	0.0	0.0192308	0.0769231	0.0793651	0.0	0.0	0.1111111	0.0	0.0	0.2857143	0.0015	0.0015	0.0015	0.0	0.0015	0.125	0.0015	0.0833333	0.2	0.0015	0.0015	0.0384615	
Mésange huppée	0.04	0.2	0.1818182	0.1	0.0	0.0	0.0666667	0.0625	0.125	0.0	0.1666667	0.0322581	0.0967742	0.05	0.0	0.0192308	0.0555556	0.0	0.0	0.0	0.0714286	0.0588235	0.0	0.0015	0.0	0.0588235	0.0	0.0576923	0.0512821	0.0	0.0	0.0487805	0.0015	0.0	0.0	0.0	0.0015	0.0	0.0714286	0.0	0.0	0.125	0.0015	0.0833333	0.2	0.0015	0.0	0.0769231	
Mésange nonnette	0.24	0.1	0.4545455	0.0015	0.1666667	0.1538462	0.2666667	0.4375	0.25	0.0015	0.25	0.0967742	0.2580645	0.075	0.0952381	0.0384615	0.1666667	0.0232558	0.0	0.0015	0.0	0.1176471	0.0625	0.0015	0.0666667	0.0882353	0.0181818	0.1153846	0.1282051	0.015873	0.0238095	0.2195122	0.0	0.125	0.0015	0.1428571	0.0015	0.0	0.2142857	0.04	0.0588235	0.0	0.1666667	0.1666667	0.2	0.0015	0.1666667	0.1730769	
Mésange boréale	0.0	0.0	0.0	0.0	0.0015	0.0	0.0	0.0	0.0	0.0	0.0	0.0015	0.0	0.0	0.0	0.0	0.0	0.0	0.0	0.0	0.0	0.0	0.0	0.0	0.0	0.0	0.0	0.0	0.025641	0.0	0.0	0.0	0.0	0.0	0.0	0.0	0.0	0.0	0.0	0.0	0.0	0.0015	0.0015	0.0	0.0015	0.0	0.0	0.0	
Mésange bleue	0.64	0.9	0.9090909	0.4	0.3333333	0.7179487	0.6	0.9375	0.875	0.4285714	0.8333333	0.6774194	0.5483871	0.525	0.4761905	0.5961538	0.5555556	0.4186047	0.1333333	0.3636364	0.5	0.5882353	0.375	0.2222222	0.3333333	0.5	0.6	0.5576923	0.4871795	0.5238095	0.4761905	0.5609756	0.5555556	0.25	0.0015	0.5714286	0.4	0.7142857	0.5714286	0.44	0.5294118	0.5	0.5	0.5	0.6	0.0015	0.5833333	0.7884615	
Mésange charbonnière	0.68	0.8	0.6363636	0.3	0.3333333	0.6410256	0.8	0.9375	0.75	0.4285714	1.0	0.6451613	0.5806452	0.625	0.6190476	0.5192308	0.5	0.2790698	0.4	0.4090909	0.2857143	0.6470588	0.4375	0.2222222	0.4	0.3235294	0.4545455	0.5576923	0.6153846	0.4285714	0.4761905	0.5853659	0.5555556	0.5	0.0015	0.7142857	0.3	0.7142857	0.5714286	0.8	0.4705882	0.625	0.3333333	0.5	0.6	0.0015	0.5833333	0.6730769	
Rémiz penduline	0.0	0.0	0.0	0.0	0.0	0.0	0.0	0.0	0.0	0.0	0.0015	0.0015	0.0015	0.0	0.0	0.0	0.0	0.0	0.0	0.0	0.0	0.0	0.0	0.0	0.0	0.0	0.0	0.0	0.0	0.0	0.0	0.0	0.0	0.0	0.0	0.0015	0.0	0.0015	0.0	0.0015	0.0015	0.0	0.0	0.0	0.0	0.0	0.0	0.0	
Alouette lulu	0.0015	0.0015	0.0909091	0.0015	0.0015	0.2307692	0.2	0.1875	0.25	0.0015	0.0015	0.0967742	0.0322581	0.15	0.0952381	0.1153846	0.0555556	0.1162791	0.0015	0.0454545	0.0714286	0.0588235	0.0	0.0015	0.0015	0.0588235	0.0545455	0.0192308	0.0	0.0	0.0015	0.0	0.0015	0.0015	0.0015	0.0015	0.1	0.1428571	0.0714286	0.32	0.0588235	0.0	0.0015	0.0015	0.0015	0.0	0.0	0.0192308	
Alouette des champs	0.0015	0.0015	0.0015	0.0015	0.0015	0.025641	0.0015	0.25	0.25	0.0015	0.0015	0.0645161	0.0015	0.0015	0.0	0.0015	0.0555556	0.0232558	0.0666667	0.0454545	0.0015	0.0588235	0.0	0.0015	0.0	0.0015	0.0	0.0015	0.0015	0.0	0.0	0.0	0.0015	0.0	0.0015	0.0015	0.1	0.0015	0.0714286	0.12	0.0015	0.125	0.0015	0.0015	0.0015	0.0015	0.0015	0.0015	
Cisticole des joncs	0.0	0.0015	0.0	0.0015	0.0	0.0769231	0.1333333	0.0	0.0	0.0015	0.0	0.0322581	0.0015	0.05	0.047619	0.0192308	0.0015	0.0232558	0.0015	0.0015	0.0015	0.0	0.0015	0.0015	0.0	0.0015	0.3090909	0.0192308	0.0769231	0.1269841	0.0015	0.0015	0.0015	0.0015	0.0	0.0	0.1	0.0	0.0	0.0	0.0	0.0	0.0	0.0	0.0	0.0	0.0	0.0192308	
Hypolaïs polyglotte	0.0	0.0	0.0	0.0	0.0	0.0	0.0	0.0	0.0	0.0	0.0	0.0	0.0	0.0	0.0015	0.1923077	0.1111111	0.0697674	0.1333333	0.0015	0.0714286	0.1176471	0.125	0.0015	0.1333333	0.0882353	0.1454545	0.1153846	0.025641	0.047619	0.0	0.0	0.1111111	0.0	0.0	0.0	0.0	0.0	0.0	0.0	0.0	0.0	0.0	0.0	0.0	0.0	0.0	0.0	
Phragmite des joncs	0.0	0.0	0.0	0.0	0.0	0.0	0.0	0.0	0.0	0.0	0.0015	0.0015	0.0015	0.0015	0.0015	0.0192308	0.0015	0.0015	0.0015	0.0015	0.0	0.0	0.0	0.0015	0.0	0.0	0.0	0.0015	0.025641	0.015873	0.0015	0.0015	0.0015	0.0015	0.0	0.0	0.0	0.0	0.0	0.0	0.0	0.0	0.0	0.0	0.0	0.0	0.0	0.0	
Rousserolle effarvatte	0.0	0.0	0.0	0.0	0.0	0.0	0.0	0.0	0.0	0.0	0.0	0.0	0.0	0.0015	0.0015	0.0015	0.0015	0.0015	0.0015	0.0015	0.0015	0.0015	0.0015	0.0	0.0015	0.0	0.0181818	0.0	0.0015	0.015873	0.0238095	0.0015	0.0015	0.0015	0.0015	0.0015	0.0015	0.0015	0.0015	0.0015	0.0	0.0	0.0	0.0	0.0	0.0	0.0	0.0	
Locustelle tachetée	0.0	0.0	0.0	0.0	0.0	0.0	0.0	0.0	0.0	0.0	0.0	0.0015	0.0	0.0015	0.0015	0.0	0.0015	0.0015	0.0	0.0015	0.0714286	0.0588235	0.0	0.0	0.0	0.0015	0.0	0.0	0.0015	0.0	0.0015	0.0	0.0015	0.0	0.0	0.0	0.0	0.0	0.0	0.0	0.0	0.0	0.0	0.0	0.0	0.0	0.0	0.0	
Hirondelle de rivage	0.0	0.0	0.0	0.0	0.0	0.0	0.0	0.0	0.0	0.0	0.0015	0.0015	0.0015	0.05	0.0015	0.0192308	0.0015	0.0015	0.0015	0.0015	0.0015	0.0	0.0015	0.0015	0.0015	0.0294118	0.0	0.0015	0.0512821	0.0015	0.0238095	0.0015	0.0	0.0015	0.0015	0.0	0.0	0.0	0.0	0.0	0.0	0.0	0.0	0.0	0.0	0.0	0.0	0.0	
Hirondelle de rochers	0.0015	0.0015	0.0015	0.0015	0.0	0.0	0.0	0.0	0.0	0.0015	0.0015	0.0015	0.0322581	0.025	0.0015	0.0384615	0.0	0.0	0.0	0.0	0.0015	0.0	0.0	0.0015	0.0015	0.0	0.0181818	0.0384615	0.0015	0.0015	0.0	0.0	0.0015	0.0	0.0	0.0	0.0	0.0	0.0015	0.04	0.0015	0.0	0.0015	0.0015	0.0	0.0	0.0	0.0	
Hirondelle rustique	0.0	0.0	0.0	0.0	0.0	0.0	0.0	0.0	0.0	0.0015	0.1666667	0.2258065	0.3225806	0.375	0.1428571	0.25	0.2777778	0.3255814	0.0015	0.3636364	0.0714286	0.2352941	0.0625	0.3333333	0.1333333	0.2058824	0.3090909	0.5	0.4615385	0.2857143	0.3809524	0.5121951	0.2222222	0.125	0.0015	0.2857143	0.1	0.0015	0.0015	0.04	0.0	0.0	0.0	0.0	0.0	0.0	0.0	0.0	
Hirondelle de fenêtre	0.0	0.0	0.0	0.0	0.0	0.0	0.0	0.0	0.0	0.0	0.0015	0.0645161	0.0645161	0.1	0.0952381	0.1923077	0.0015	0.0232558	0.0015	0.1818182	0.2142857	0.1176471	0.0625	0.0015	0.1333333	0.2941176	0.2363636	0.1730769	0.2820513	0.1428571	0.1666667	0.195122	0.3333333	0.125	0.0015	0.1428571	0.1	0.1428571	0.0	0.0	0.0	0.0	0.0	0.0	0.0	0.0	0.0	0.0	
hirondelle sp.	0.0	0.0	0.0	0.0	0.0	0.0	0.0	0.0	0.0	0.0	0.0	0.0	0.0	0.025	0.0	0.0	0.0	0.0	0.0	0.0	0.0	0.0	0.0	0.1111111	0.0	0.0	0.0	0.0	0.0	0.0	0.0	0.0	0.0	0.0	0.0	0.0	0.0	0.0	0.0	0.0	0.0	0.0	0.0	0.0	0.0	0.0	0.0	0.0	
Pouillot siffleur	0.0	0.0	0.0	0.0	0.0	0.0	0.0	0.0	0.0	0.0	0.0	0.0	0.0	0.0015	0.0015	0.0192308	0.0555556	0.0015	0.0	0.0	0.0714286	0.0	0.0	0.0	0.0	0.0294118	0.0	0.0	0.0	0.0	0.0	0.0015	0.0	0.0	0.0	0.0	0.0	0.0	0.0	0.0	0.0	0.0	0.0	0.0	0.0	0.0	0.0	0.0	
Pouillot de Bonelli	0.0	0.0	0.0	0.0	0.0	0.0	0.0	0.0	0.0	0.0	0.0	0.0	0.0322581	0.025	0.047619	0.0192308	0.0555556	0.0015	0.0015	0.0015	0.0714286	0.0015	0.0	0.0015	0.0666667	0.0588235	0.0	0.0	0.0	0.0	0.0	0.0	0.0	0.0	0.0	0.0	0.0	0.0	0.0	0.0	0.0	0.0	0.0	0.0	0.0	0.0	0.0	0.0	
Pouillot à grands sourcils	0.0	0.0	0.0	0.0	0.0	0.0	0.0	0.0	0.0	0.0	0.0	0.0	0.0	0.0	0.0	0.0	0.0	0.0	0.0	0.0	0.0	0.0	0.0	0.0	0.0	0.0	0.0	0.0	0.0	0.0	0.0	0.0	0.0	0.0	0.0	0.0	0.0	0.0	0.0015	0.0015	0.0	0.0015	0.0	0.0	0.0	0.0	0.0	0.0	
Pouillot fitis	0.0	0.0	0.0	0.0	0.0	0.0	0.0	0.0	0.0	0.0	0.0015	0.0015	0.0322581	0.05	0.1428571	0.0384615	0.0015	0.0015	0.0015	0.0	0.0015	0.0	0.0	0.0	0.0	0.0015	0.0727273	0.0384615	0.025641	0.0634921	0.0238095	0.0487805	0.0015	0.0015	0.0015	0.0015	0.0015	0.1428571	0.0714286	0.0	0.0	0.0	0.0	0.0	0.0	0.0	0.0	0.0	
Pouillot véloce	0.12	0.1	0.0015	0.0015	0.1666667	0.1794872	0.0015	0.375	0.25	0.2857143	0.5	0.5806452	0.4516129	0.55	0.4285714	0.5961538	0.3333333	0.2790698	0.2666667	0.2727273	0.4285714	0.3529412	0.5	0.1111111	0.2	0.2352941	0.2363636	0.3461538	0.3333333	0.3809524	0.4285714	0.2682927	0.0015	0.25	0.0015	0.4285714	0.1	0.5714286	0.2857143	0.16	0.1176471	0.125	0.1666667	0.0015	0.0015	0.0015	0.0015	0.0192308	
pouillot sp.	0.0	0.0	0.0	0.0	0.0	0.0	0.0	0.0	0.0	0.0	0.0	0.0	0.0	0.025	0.047619	0.0	0.0	0.0	0.0	0.0	0.0	0.0	0.0	0.0	0.0	0.0	0.0	0.0	0.0	0.0	0.0	0.0243902	0.0	0.0	0.0	0.0	0.0	0.0	0.0	0.0	0.0	0.0	0.0	0.0	0.0	0.0	0.0	0.0	
Bouscarle de Cetti	0.0	0.0015	0.0015	0.0	0.0015	0.0	0.0	0.0	0.0015	0.0	0.0	0.0015	0.0015	0.025	0.0015	0.0015	0.0015	0.0015	0.0015	0.0015	0.0015	0.0588235	0.0625	0.0	0.0	0.0294118	0.0	0.0015	0.0015	0.0	0.0238095	0.0015	0.0015	0.0	0.0	0.0015	0.0015	0.0015	0.0	0.0	0.0	0.0	0.0	0.0	0.0	0.0015	0.0	0.0	
Orite à longue queue	0.32	0.5	0.2727273	0.3	0.1666667	0.3333333	0.2	0.4375	0.375	0.2857143	0.4166667	0.2580645	0.1290323	0.2	0.0952381	0.1923077	0.1111111	0.0930233	0.0015	0.0909091	0.1428571	0.1764706	0.0625	0.1111111	0.2666667	0.2647059	0.2	0.3653846	0.2051282	0.1269841	0.1428571	0.2195122	0.1111111	0.125	0.0015	0.2857143	0.1	0.2857143	0.2857143	0.4	0.2941176	0.25	0.1666667	0.1666667	0.2	0.0015	0.1666667	0.3461538	
Fauvette à tête noire	0.0015	0.0	0.0015	0.0015	0.0	0.025641	0.0666667	0.0015	0.25	0.1428571	0.1666667	0.516129	0.6451613	0.75	0.6190476	0.6538462	0.7777778	0.5116279	0.6	0.6363636	0.6428571	0.5882353	0.5	0.3333333	0.4666667	0.6764706	0.5454545	0.5769231	0.3333333	0.3015873	0.4761905	0.5365854	0.4444444	0.375	0.0015	0.2857143	0.2	0.1428571	0.1428571	0.2	0.1176471	0.0015	0.0015	0.0	0.0	0.0	0.0	0.0192308	
Fauvette des jardins	0.0	0.0	0.0	0.0	0.0	0.0	0.0	0.0	0.0	0.0	0.0	0.0	0.0	0.025	0.047619	0.1346154	0.1111111	0.0465116	0.0015	0.0015	0.0	0.1176471	0.125	0.0015	0.0015	0.1176471	0.0363636	0.0	0.0	0.0015	0.0	0.0	0.0015	0.0	0.0	0.0015	0.0	0.0	0.0	0.0	0.0	0.0	0.0	0.0	0.0	0.0	0.0	0.0	
Fauvette grisette	0.0	0.0	0.0	0.0	0.0	0.0	0.0	0.0	0.0	0.0	0.0	0.0015	0.0015	0.125	0.1904762	0.2884615	0.0555556	0.0465116	0.0015	0.0454545	0.0015	0.0588235	0.0625	0.0015	0.0666667	0.0882353	0.1272727	0.0769231	0.0512821	0.0634921	0.047619	0.0731707	0.0015	0.0015	0.0015	0.0	0.0	0.0	0.0	0.0	0.0	0.0	0.0	0.0	0.0	0.0	0.0	0.0	
Fauvette pitchou	0.0	0.0	0.0015	0.0	0.0	0.0	0.0	0.0015	0.0	0.1428571	0.0	0.0	0.0	0.0	0.0	0.0	0.0	0.0	0.0	0.0	0.0	0.0	0.0	0.0	0.0	0.0	0.0	0.0	0.0	0.0	0.0	0.0	0.0	0.0	0.0	0.0	0.0	0.0	0.0015	0.0015	0.0015	0.0	0.0015	0.0	0.0	0.0	0.0	0.0	
Roitelet huppé	0.04	0.1	0.0	0.1	0.0015	0.1025641	0.0	0.125	0.125	0.0	0.1666667	0.0322581	0.0322581	0.025	0.1904762	0.0192308	0.1111111	0.0	0.0	0.0454545	0.0	0.0588235	0.0625	0.1111111	0.0015	0.0	0.0363636	0.0576923	0.0015	0.0	0.0	0.0	0.0015	0.0	0.0	0.0	0.0	0.0	0.1428571	0.04	0.2352941	0.125	0.0015	0.0833333	0.2	0.0015	0.1666667	0.0576923	
Roitelet à triple bandeau	0.16	0.2	0.0015	0.1	0.0015	0.1538462	0.1333333	0.375	0.375	0.0015	0.3333333	0.3548387	0.1935484	0.2	0.4285714	0.1538462	0.3888889	0.2093023	0.2	0.1818182	0.3571429	0.4117647	0.1875	0.0015	0.0666667	0.0294118	0.0545455	0.2692308	0.1538462	0.1111111	0.0952381	0.1463415	0.0015	0.0015	0.0015	0.1428571	0.1	0.0015	0.2857143	0.28	0.1764706	0.125	0.0015	0.3333333	0.4	0.0	0.1666667	0.1923077	
Roitelet huppé ou R. à triple bandeau	0.0	0.0	0.0	0.0	0.0	0.0	0.0	0.0	0.0	0.0	0.0	0.0	0.0	0.0	0.0	0.0	0.0	0.0	0.0	0.0	0.0	0.0	0.0	0.0015	0.0	0.0	0.0015	0.0	0.025641	0.0	0.0	0.0731707	0.0	0.0	0.0	0.0	0.0	0.0	0.0714286	0.04	0.0	0.0	0.0	0.0	0.0	0.0	0.0	0.0	
Tichodrome échelette	0.0015	0.0015	0.0015	0.0015	0.0015	0.0	0.0	0.0	0.0	0.0	0.0015	0.0	0.0	0.0	0.0	0.0	0.0	0.0	0.0	0.0	0.0	0.0	0.0	0.0	0.0	0.0	0.0	0.0	0.0	0.0	0.0	0.0	0.0	0.0	0.0	0.0	0.0	0.0	0.0	0.0015	0.0	0.0015	0.0015	0.0015	0.0015	0.0015	0.0	0.0015	
Sittelle torchepot	0.36	0.2	0.2727273	0.2	0.0015	0.3076923	0.3333333	0.5625	0.375	0.0015	0.3333333	0.4516129	0.2903226	0.175	0.1428571	0.1153846	0.1111111	0.0232558	0.1333333	0.0909091	0.3571429	0.2941176	0.0625	0.2222222	0.0015	0.1764706	0.2181818	0.3461538	0.3076923	0.3333333	0.1904762	0.3902439	0.1111111	0.0015	0.0015	0.4285714	0.1	0.2857143	0.2142857	0.16	0.2352941	0.25	0.1666667	0.5	0.2	0.0015	0.3333333	0.3653846	
Grimpereau des bois	0.0	0.0	0.0	0.0	0.0	0.0	0.0	0.0	0.0	0.0	0.1666667	0.0015	0.0967742	0.0	0.0	0.0	0.0	0.0465116	0.0	0.0	0.0	0.0588235	0.0	0.0	0.0	0.0	0.0	0.0192308	0.025641	0.015873	0.0	0.0	0.0	0.0	0.0	0.0	0.0	0.0	0.0	0.0	0.0588235	0.0	0.0	0.0	0.0	0.0	0.0	0.0	
Grimpereau des jardins	0.36	0.5	0.1818182	0.2	0.1666667	0.2820513	0.2666667	0.5625	0.125	0.0015	0.4166667	0.2903226	0.3225806	0.425	0.3333333	0.3653846	0.3333333	0.2093023	0.2	0.1818182	0.1428571	0.3529412	0.25	0.1111111	0.2	0.4411765	0.5090909	0.4807692	0.3846154	0.4761905	0.3333333	0.4146341	0.2222222	0.25	0.0015	0.2857143	0.1	0.0015	0.3571429	0.44	0.2352941	0.125	0.0015	0.3333333	0.4	0.0015	0.25	0.4423077	
Grimpereau des bois ou G. des jardins	0.0	0.0	0.0	0.0	0.0	0.0	0.0	0.0	0.0	0.0	0.0	0.0	0.0	0.0	0.0	0.0	0.0	0.0232558	0.0	0.0	0.0	0.0	0.0	0.0015	0.0	0.0	0.0	0.0	0.025641	0.0	0.0	0.0015	0.0	0.0	0.0	0.0	0.0015	0.0	0.0	0.0	0.0	0.0	0.0	0.0	0.0	0.0	0.0	0.0	
Troglodyte mignon	0.36	0.1	0.2727273	0.3	0.1666667	0.2307692	0.3333333	0.25	0.5	0.0015	0.5	0.1935484	0.2580645	0.3	0.3809524	0.3269231	0.1666667	0.2790698	0.0666667	0.1818182	0.3571429	0.2352941	0.375	0.2222222	0.3333333	0.1764706	0.2909091	0.2692308	0.1794872	0.0793651	0.1190476	0.3414634	0.0015	0.125	0.0015	0.0015	0.1	0.2857143	0.2142857	0.2	0.4117647	0.125	0.1666667	0.1666667	0.2	0.0015	0.5	0.3461538	
Cincle plongeur	0.04	0.0015	0.0015	0.0015	0.0	0.025641	0.0015	0.0	0.0	0.0015	0.0	0.0322581	0.0322581	0.05	0.0015	0.0	0.0	0.0	0.0	0.0	0.0015	0.0	0.0015	0.0	0.0	0.0	0.0	0.0	0.0015	0.0	0.0	0.0	0.0	0.0	0.0	0.0	0.0	0.0	0.0	0.0015	0.0	0.0	0.0015	0.0015	0.0015	0.0015	0.0015	0.0015	
Étourneau sansonnet	0.44	0.5	0.3636364	0.2	0.1666667	0.2564103	0.2	0.625	0.5	0.1428571	0.5	0.2903226	0.3225806	0.475	0.2857143	0.3269231	0.2777778	0.2325581	0.0666667	0.2272727	0.2857143	0.3529412	0.5	0.1111111	0.2	0.2352941	0.2727273	0.1538462	0.3333333	0.3174603	0.3571429	0.2926829	0.1111111	0.125	0.0015	0.2857143	0.2	0.7142857	0.5	0.48	0.4117647	0.25	0.0015	0.4166667	0.2	0.0015	0.3333333	0.3076923	
Étourneau roselin	0.0	0.0	0.0	0.0	0.0	0.0	0.0	0.0	0.0	0.0	0.0	0.0	0.0	0.0	0.0	0.0	0.0	0.0	0.0	0.0	0.0015	0.0	0.0	0.0	0.0	0.0	0.0	0.0	0.0	0.0	0.0	0.0	0.0	0.0	0.0	0.0	0.0	0.0	0.0	0.0	0.0	0.0	0.0	0.0	0.0	0.0	0.0	0.0	
Grive draine	0.28	0.4	0.6363636	0.1	0.0015	0.1794872	0.2666667	0.5	0.25	0.1428571	0.1666667	0.1290323	0.0645161	0.15	0.1428571	0.0192308	0.0555556	0.0232558	0.1333333	0.0454545	0.0714286	0.1176471	0.0625	0.0	0.0015	0.0015	0.0181818	0.0384615	0.0	0.0	0.0	0.0243902	0.0015	0.0015	0.0015	0.1428571	0.1	0.2857143	0.2142857	0.04	0.0588235	0.25	0.0015	0.1666667	0.0015	0.0015	0.4166667	0.1153846	
Grive musicienne	0.2	0.1	0.0909091	0.1	0.1666667	0.1282051	0.1333333	0.3125	0.625	0.1428571	0.3333333	0.2903226	0.2258065	0.225	0.1428571	0.0384615	0.1666667	0.1627907	0.2	0.0909091	0.5714286	0.2352941	0.1875	0.0015	0.0015	0.0882353	0.0727273	0.0769231	0.0769231	0.0015	0.047619	0.0243902	0.2222222	0.375	0.0015	0.1428571	0.1	0.0015	0.0714286	0.08	0.1176471	0.125	0.1666667	0.0015	0.0015	0.0015	0.0015	0.0192308	
Grive mauvis	0.08	0.1	0.0015	0.0	0.0	0.0015	0.0015	0.0	0.375	0.0015	0.25	0.0322581	0.0015	0.0015	0.0	0.0	0.0	0.0	0.0	0.0	0.0	0.0	0.0	0.0	0.0	0.0	0.0	0.0	0.0	0.0	0.0	0.0	0.0	0.0	0.0	0.0	0.0	0.0015	0.0015	0.04	0.1176471	0.25	0.0015	0.0015	0.2	0.0015	0.0833333	0.0384615	
Merle noir	0.64	0.8	0.8181818	0.1	0.3333333	0.4358974	0.2666667	0.75	0.75	0.2857143	0.75	0.7741935	0.6451613	0.475	0.5714286	0.7115385	0.8888889	0.6511628	0.7333333	0.7272727	0.8571429	0.6470588	0.75	0.4444444	0.6	0.4411765	0.5090909	0.4615385	0.4358974	0.2857143	0.3809524	0.6585366	0.3333333	0.375	0.0015	0.7142857	0.2	0.7142857	0.5714286	0.24	0.4705882	0.5	0.1666667	0.6666667	0.6	0.0015	0.6666667	0.5769231	
Grive litorne	0.0015	0.0	0.0015	0.0015	0.0015	0.025641	0.0	0.125	0.125	0.0	0.0015	0.0322581	0.0015	0.0015	0.0	0.0	0.0	0.0	0.0	0.0	0.0	0.0	0.0	0.0	0.0	0.0	0.0	0.0	0.0	0.0	0.0	0.0	0.0	0.0	0.0	0.0	0.0	0.0	0.0714286	0.0015	0.0015	0.125	0.0015	0.0833333	0.0015	0.0015	0.0015	0.0384615	
Merle à plastron	0.0	0.0	0.0	0.0	0.0	0.0	0.0	0.0	0.0	0.0	0.0	0.0	0.0	0.025	0.0015	0.0	0.0	0.0	0.0	0.0	0.0	0.0	0.0	0.0	0.0	0.0	0.0	0.0	0.0	0.0	0.0	0.0	0.0	0.0	0.0015	0.0015	0.0	0.0015	0.0015	0.0015	0.0	0.0	0.0	0.0	0.0	0.0	0.0	0.0	
Turdus sp.	0.0	0.0	0.0	0.0	0.0	0.0	0.0	0.0	0.0	0.0	0.0	0.0	0.0	0.0	0.0	0.0	0.0	0.0	0.0	0.0	0.0	0.0	0.0	0.0	0.0	0.0	0.0	0.0	0.0	0.0	0.0	0.0	0.0	0.0	0.0	0.0	0.0	0.0015	0.0	0.0	0.0	0.0	0.0	0.0	0.0	0.0	0.0	0.0	
Gobemouche gris	0.0	0.0	0.0	0.0	0.0	0.0	0.0	0.0	0.0	0.0	0.0	0.0	0.0	0.0	0.0	0.0192308	0.0555556	0.0015	0.0015	0.0454545	0.0714286	0.1176471	0.375	0.0	0.0	0.0015	0.0181818	0.1153846	0.0769231	0.1269841	0.1428571	0.097561	0.1111111	0.125	0.0015	0.0015	0.0015	0.1428571	0.0015	0.0	0.0	0.0	0.0	0.0	0.0	0.0	0.0	0.0	
Rougegorge familier	0.64	0.8	0.5454545	0.2	0.3333333	0.6410256	0.6666667	0.75	0.75	0.1428571	0.75	0.5483871	0.483871	0.45	0.5238095	0.2307692	0.7222222	0.4651163	0.3333333	0.5	0.5714286	0.5882353	0.6875	0.3333333	0.4	0.1470588	0.2181818	0.5	0.1794872	0.1904762	0.2142857	0.5121951	0.4444444	0.375	0.0015	0.7142857	0.4	0.7142857	0.6428571	0.84	0.9411765	0.75	0.3333333	0.5833333	0.8	0.0015	0.6666667	0.6346154	
Rossignol philomèle	0.0	0.0	0.0	0.0	0.0	0.0	0.0	0.0	0.0	0.0	0.0	0.0	0.0322581	0.175	0.2380952	0.5961538	0.1666667	0.1860465	0.2	0.1818182	0.1428571	0.1176471	0.125	0.0015	0.0666667	0.0294118	0.2181818	0.1346154	0.025641	0.047619	0.0015	0.1219512	0.0	0.0	0.0015	0.0	0.0	0.0	0.0	0.0	0.0	0.0	0.0	0.0	0.0	0.0	0.0	0.0	
Gorgebleue à miroir	0.0	0.0	0.0	0.0	0.0	0.0	0.0	0.0	0.0	0.0015	0.0015	0.0322581	0.0015	0.0015	0.0	0.0	0.0	0.0	0.0	0.0	0.0	0.0	0.0	0.0	0.0	0.0	0.0	0.0	0.0	0.0	0.0	0.0015	0.0015	0.0015	0.0015	0.0015	0.0015	0.0	0.0	0.0	0.0	0.0	0.0	0.0	0.0	0.0	0.0	0.0	
Gobemouche noir	0.0	0.0	0.0	0.0	0.0	0.0	0.0	0.0	0.0	0.0	0.0	0.0	0.0015	0.0015	0.0015	0.0384615	0.0	0.0015	0.0	0.0	0.0	0.0	0.0625	0.0	0.0	0.0	0.0	0.0015	0.0	0.1111111	0.2857143	0.3658537	0.4444444	0.125	0.0015	0.0015	0.0	0.1428571	0.0015	0.0	0.0	0.0	0.0	0.0	0.0	0.0	0.0	0.0	
Rougequeue à front blanc	0.0	0.0	0.0	0.0	0.0	0.0	0.0	0.0	0.0	0.0	0.0015	0.0015	0.1612903	0.1	0.047619	0.3269231	0.0015	0.0465116	0.0666667	0.0909091	0.0714286	0.0588235	0.0	0.0015	0.1333333	0.1764706	0.1090909	0.0769231	0.2564103	0.1111111	0.0238095	0.0487805	0.1111111	0.125	0.0	0.0015	0.0	0.0	0.0	0.0	0.0	0.0	0.0	0.0	0.0	0.0	0.0	0.0	
Rougequeue noir	0.0015	0.0015	0.0909091	0.0	0.0015	0.025641	0.0	0.0015	0.0	0.0015	0.25	0.3870968	0.1935484	0.225	0.1428571	0.25	0.1111111	0.3488372	0.0666667	0.3181818	0.2857143	0.1764706	0.25	0.3333333	0.1333333	0.0588235	0.1272727	0.1538462	0.2307692	0.1746032	0.1666667	0.097561	0.0015	0.125	0.0015	0.2857143	0.1	0.5714286	0.2857143	0.2	0.2941176	0.125	0.0015	0.0015	0.0015	0.0	0.0015	0.0192308	
Tarier des prés	0.0	0.0	0.0	0.0	0.0	0.0	0.0	0.0	0.0	0.0	0.0	0.0	0.0322581	0.0015	0.0952381	0.0384615	0.0555556	0.0	0.0015	0.0	0.0	0.0	0.0	0.0	0.0	0.0	0.0	0.0	0.0	0.015873	0.0015	0.0015	0.0015	0.0015	0.0015	0.0015	0.1	0.0	0.0	0.0	0.0	0.0	0.0	0.0	0.0	0.0	0.0	0.0	
Tarier pâtre	0.0015	0.0015	0.0909091	0.0015	0.0	0.0769231	0.0666667	0.375	0.125	0.1428571	0.1666667	0.0967742	0.0322581	0.175	0.1428571	0.25	0.1111111	0.0930233	0.0015	0.0909091	0.0714286	0.1176471	0.1875	0.0015	0.0015	0.1764706	0.3272727	0.2307692	0.2307692	0.2539683	0.2857143	0.097561	0.0015	0.0015	0.0015	0.0015	0.1	0.1428571	0.2857143	0.24	0.0588235	0.0	0.0015	0.0015	0.0015	0.0015	0.1666667	0.0384615	
Tarier de Sibérie	0.0	0.0	0.0	0.0	0.0	0.0	0.0	0.0	0.0	0.0	0.0	0.0	0.0	0.025	0.0	0.0	0.0	0.0	0.0	0.0	0.0	0.0	0.0	0.0	0.0	0.0	0.0	0.0	0.0	0.0	0.0	0.0	0.0	0.0	0.0	0.0	0.0	0.0	0.0	0.0	0.0	0.0	0.0	0.0	0.0	0.0	0.0	0.0	
Traquet motteux	0.0	0.0	0.0	0.0	0.0	0.0	0.0	0.0	0.0	0.0	0.0	0.0015	0.0322581	0.05	0.047619	0.0192308	0.0555556	0.0015	0.0015	0.0	0.0015	0.0	0.0	0.0	0.0	0.0	0.0	0.0	0.0	0.015873	0.0238095	0.0015	0.0015	0.0015	0.0015	0.0015	0.0015	0.0015	0.0	0.04	0.0	0.0	0.0	0.0	0.0	0.0	0.0	0.0	
Accenteur alpin	0.0	0.0	0.0015	0.0	0.0	0.0	0.0	0.0	0.0	0.0	0.0	0.0	0.0	0.0	0.0	0.0	0.0	0.0	0.0	0.0	0.0	0.0	0.0	0.0	0.0	0.0	0.0	0.0	0.0	0.0	0.0	0.0	0.0	0.0	0.0	0.0	0.0	0.0	0.0	0.0	0.0	0.0	0.0	0.0	0.0	0.0	0.0	0.0015	
Accenteur mouchet	0.28	0.2	0.1818182	0.1	0.0015	0.2051282	0.2	0.375	0.25	0.1428571	0.25	0.1612903	0.0967742	0.05	0.1428571	0.1346154	0.1666667	0.0232558	0.0666667	0.2272727	0.2142857	0.1176471	0.125	0.2222222	0.0666667	0.0588235	0.0909091	0.1346154	0.0512821	0.0952381	0.0714286	0.0731707	0.2222222	0.25	0.0015	0.1428571	0.2	0.0015	0.2857143	0.2	0.3529412	0.25	0.1666667	0.25	0.2	0.0015	0.0833333	0.2115385	
Moineau domestique	0.36	0.4	0.1818182	0.3	0.1666667	0.0769231	0.3333333	0.5625	0.25	0.0015	0.3333333	0.483871	0.516129	0.4	0.2380952	0.2307692	0.6111111	0.4186047	0.2666667	0.5454545	0.5	0.5882353	0.4375	0.6666667	0.4666667	0.4411765	0.5090909	0.3076923	0.5897436	0.2222222	0.2619048	0.2682927	0.3333333	0.25	0.0015	0.5714286	0.3	0.2857143	0.2857143	0.04	0.0015	0.125	0.1666667	0.0833333	0.4	0.0015	0.5	0.3076923	
Moineau friquet	0.0	0.0	0.0	0.0	0.0	0.0	0.0	0.0	0.0	0.0	0.0	0.0	0.0	0.0	0.0	0.0	0.0	0.0	0.0015	0.0454545	0.0	0.0588235	0.0	0.0	0.0	0.0	0.0	0.0	0.0	0.0	0.0	0.0	0.0	0.0	0.0	0.0	0.0015	0.0	0.0	0.0	0.0	0.0	0.0	0.0	0.0	0.0	0.0	0.0	
Bergeronnette des ruisseaux	0.12	0.2	0.0015	0.0015	0.0015	0.1025641	0.1333333	0.3125	0.125	0.0015	0.0833333	0.0645161	0.0322581	0.125	0.2380952	0.1153846	0.0555556	0.1162791	0.0666667	0.1363636	0.0015	0.0588235	0.1875	0.2222222	0.0666667	0.0588235	0.0727273	0.1923077	0.1538462	0.1269841	0.1428571	0.0487805	0.2222222	0.125	0.3333333	0.1428571	0.1	0.0015	0.1428571	0.12	0.0588235	0.25	0.0015	0.1666667	0.2	0.0015	0.25	0.1730769	
Bergeronnette printanière	0.0	0.0	0.0	0.0	0.0	0.0	0.0	0.0	0.0	0.0	0.0	0.0015	0.0322581	0.05	0.0015	0.0015	0.0555556	0.0232558	0.0015	0.0454545	0.0015	0.0015	0.0015	0.0	0.0015	0.0015	0.0181818	0.0192308	0.025641	0.0634921	0.047619	0.0487805	0.0015	0.0015	0.0015	0.0015	0.0015	0.0015	0.0	0.0	0.0	0.0	0.0	0.0	0.0	0.0	0.0	0.0	
Bergeronnette grise	0.08	0.0015	0.0015	0.0015	0.0015	0.0512821	0.0666667	0.375	0.375	0.0015	0.1666667	0.1290323	0.0967742	0.275	0.1428571	0.2115385	0.2777778	0.0930233	0.1333333	0.0454545	0.0714286	0.2352941	0.0625	0.1111111	0.0015	0.0294118	0.2	0.2307692	0.1538462	0.1269841	0.1190476	0.0487805	0.2222222	0.125	0.0015	0.2857143	0.2	0.4285714	0.2857143	0.24	0.0588235	0.125	0.0015	0.0015	0.4	0.0015	0.0833333	0.0384615	
bergeronette sp.	0.0	0.0	0.0	0.0	0.0	0.0	0.0	0.0	0.0	0.0	0.0	0.0	0.0	0.0	0.0	0.0	0.0	0.0	0.0	0.0	0.0	0.0	0.0	0.0	0.0	0.0	0.0	0.0	0.0	0.015873	0.0	0.0	0.0	0.0	0.0	0.0	0.0	0.0	0.0	0.0	0.0	0.0	0.0	0.0	0.0	0.0	0.0	0.0	
Pipit de Richard	0.0	0.0	0.0	0.0	0.0	0.0	0.0	0.0	0.0	0.0	0.0	0.0	0.0	0.0	0.0	0.0	0.0	0.0	0.0	0.0	0.0	0.0	0.0	0.0	0.0	0.0	0.0	0.0	0.0	0.0	0.0	0.0	0.0	0.0	0.0	0.0015	0.0	0.0	0.0015	0.0015	0.0	0.0	0.0	0.0	0.0	0.0	0.0	0.0	
Pipit rousseline	0.0	0.0	0.0	0.0	0.0	0.0	0.0	0.0	0.0	0.0	0.0	0.0	0.0	0.0	0.0	0.0015	0.0	0.0	0.0015	0.0	0.0	0.0	0.0	0.0	0.0	0.0	0.0363636	0.0	0.0	0.0	0.0	0.0015	0.0	0.0	0.0015	0.0	0.0	0.0	0.0	0.0	0.0	0.0	0.0	0.0	0.0	0.0	0.0	0.0	
Pipit farlouse	0.12	0.0015	0.0015	0.0	0.0	0.2051282	0.0666667	0.1875	0.25	0.0015	0.0015	0.1290323	0.1612903	0.125	0.047619	0.0192308	0.0	0.0	0.0	0.0	0.0714286	0.0	0.0	0.0	0.0	0.0	0.0	0.0192308	0.025641	0.0	0.0	0.0	0.0	0.0	0.0015	0.0015	0.3	0.2857143	0.2857143	0.44	0.2941176	0.0015	0.0015	0.0833333	0.0015	0.0015	0.0833333	0.1346154	
Pipit des arbres	0.0	0.0	0.0	0.0	0.0	0.0	0.0	0.0	0.0	0.0	0.0	0.0015	0.0015	0.05	0.047619	0.0576923	0.0015	0.0232558	0.0015	0.0015	0.0015	0.0015	0.0015	0.0015	0.0015	0.0	0.0363636	0.0192308	0.025641	0.047619	0.0015	0.0487805	0.1111111	0.0015	0.0015	0.0015	0.1	0.0015	0.0015	0.0015	0.0	0.0	0.0	0.0	0.0	0.0	0.0	0.0	
Pipit à gorge rousse	0.0	0.0	0.0	0.0	0.0	0.0	0.0	0.0	0.0	0.0	0.0	0.0	0.0	0.0	0.0	0.0	0.0	0.0	0.0	0.0	0.0	0.0	0.0	0.0	0.0	0.0	0.0	0.0	0.0	0.0	0.0	0.0	0.0	0.0	0.0	0.0015	0.0	0.0015	0.0015	0.0	0.0	0.0	0.0	0.0	0.0	0.0	0.0	0.0	
Pipit spioncelle	0.04	0.0015	0.1818182	0.0015	0.0015	0.0512821	0.0015	0.0625	0.0015	0.0	0.0015	0.0322581	0.0015	0.075	0.047619	0.0	0.0	0.0	0.0	0.0	0.0	0.0	0.0	0.0	0.0	0.0	0.0	0.0	0.0	0.0	0.0	0.0	0.0	0.0	0.0	0.0	0.0	0.0015	0.0714286	0.24	0.1764706	0.0015	0.0015	0.0015	0.2	0.0015	0.0833333	0.1346154	
Anthus sp.	0.0	0.0	0.0	0.0	0.0	0.0	0.0	0.0	0.0	0.0	0.0	0.0	0.0322581	0.0	0.0	0.0	0.0	0.0	0.0	0.0	0.0	0.0	0.0	0.0	0.0	0.0	0.0	0.0	0.0	0.0	0.0	0.0	0.0	0.0	0.0	0.0	0.0	0.0	0.0	0.04	0.0	0.0	0.0	0.0	0.0	0.0	0.0	0.0	
Pinson des arbres	0.56	0.6	0.5454545	0.2	0.3333333	0.3589744	0.3333333	0.9375	0.75	0.2857143	0.75	0.5806452	0.6451613	0.625	0.4761905	0.5384615	0.9444444	0.5581395	0.6	0.5	0.5714286	0.5882353	0.4375	0.6666667	0.3333333	0.5588235	0.5272727	0.2884615	0.2564103	0.1428571	0.0952381	0.195122	0.2222222	0.125	0.0015	0.1428571	0.2	0.5714286	0.5714286	0.72	0.5882353	0.875	0.1666667	0.25	0.6	0.0015	0.5	0.5	
Pinson du Nord	0.08	0.1	0.0909091	0.2	0.0015	0.0015	0.0015	0.125	0.125	0.0015	0.0833333	0.0015	0.0322581	0.0015	0.047619	0.0	0.0	0.0	0.0	0.0	0.0	0.0	0.0	0.0	0.0	0.0	0.0	0.0	0.0	0.0	0.0	0.0	0.0	0.0015	0.0	0.0	0.0	0.0015	0.0015	0.12	0.0588235	0.375	0.1666667	0.0015	0.2	0.0015	0.0833333	0.0769231	
Grosbec casse-noyaux	0.16	0.2	0.0909091	0.1	0.0015	0.025641	0.0015	0.3125	0.125	0.0015	0.0833333	0.0645161	0.0015	0.0015	0.0952381	0.0015	0.1111111	0.0232558	0.0666667	0.0454545	0.0714286	0.0588235	0.0625	0.0	0.0	0.0	0.0	0.0	0.025641	0.015873	0.0	0.0487805	0.1111111	0.125	0.0	0.1428571	0.2	0.0	0.2142857	0.12	0.1764706	0.5	0.1666667	0.0833333	0.2	0.0015	0.0833333	0.1346154	
Bouvreuil pivoine	0.0	0.1	0.0909091	0.0015	0.0015	0.0015	0.0015	0.1875	0.0015	0.0015	0.1666667	0.0322581	0.0015	0.05	0.0	0.0015	0.0	0.0	0.0666667	0.0454545	0.0015	0.0015	0.0015	0.0	0.0	0.0015	0.0181818	0.0	0.0769231	0.0	0.0	0.0243902	0.0	0.0	0.0015	0.0	0.0	0.0	0.0	0.0015	0.0015	0.125	0.0015	0.0015	0.0015	0.0015	0.0015	0.0192308	
Verdier d'Europe	0.24	0.2	0.0015	0.2	0.0015	0.025641	0.0666667	0.375	0.0015	0.0015	0.3333333	0.1935484	0.1612903	0.15	0.2857143	0.0192308	0.3333333	0.1860465	0.1333333	0.2272727	0.1428571	0.2352941	0.1875	0.2222222	0.0666667	0.0882353	0.0727273	0.0769231	0.1025641	0.047619	0.0238095	0.0487805	0.1111111	0.125	0.0015	0.2857143	0.1	0.4285714	0.2142857	0.12	0.0015	0.25	0.1666667	0.0015	0.0015	0.0015	0.25	0.1153846	
Linotte mélodieuse	0.0	0.0015	0.0	0.0015	0.0	0.0	0.0666667	0.0	0.0	0.0	0.0015	0.0645161	0.0645161	0.075	0.0952381	0.0384615	0.0015	0.0232558	0.0015	0.0454545	0.0015	0.0015	0.0015	0.0	0.0	0.0	0.0363636	0.0	0.0512821	0.015873	0.0714286	0.0487805	0.0015	0.0015	0.0015	0.0	0.1	0.0015	0.0015	0.12	0.0015	0.0015	0.0015	0.0015	0.0015	0.0015	0.0015	0.0015	
Sizerin flammé	0.0015	0.0	0.0015	0.0015	0.0015	0.0	0.0	0.0	0.0015	0.0015	0.0015	0.0015	0.0015	0.0	0.0	0.0	0.0	0.0	0.0	0.0	0.0	0.0	0.0	0.0	0.0	0.0	0.0	0.0	0.0	0.0	0.0	0.0	0.0	0.0	0.0	0.0	0.0	0.0	0.0	0.0	0.0015	0.0015	0.0015	0.0015	0.0015	0.0015	0.0015	0.0015	
Bec-croisé des sapins	0.0	0.0	0.0	0.0	0.0	0.0	0.0	0.0	0.0	0.0	0.0	0.0	0.0	0.0	0.0	0.0	0.0	0.0	0.0	0.0	0.0	0.0	0.0	0.0	0.0	0.0	0.0	0.0	0.025641	0.0	0.0	0.0	0.0	0.0	0.0015	0.0	0.0	0.0	0.0	0.0	0.0	0.0	0.0015	0.0015	0.0015	0.0015	0.0	0.0015	
Chardonneret élégant	0.36	0.2	0.0909091	0.2	0.0015	0.1538462	0.2	0.5625	0.25	0.1428571	0.5833333	0.1935484	0.0967742	0.2	0.1904762	0.0961538	0.0015	0.2790698	0.1333333	0.2727273	0.0015	0.0588235	0.125	0.3333333	0.0666667	0.0882353	0.1272727	0.1923077	0.1794872	0.1587302	0.1190476	0.097561	0.1111111	0.125	0.0015	0.0015	0.1	0.2857143	0.2142857	0.32	0.4705882	0.0015	0.1666667	0.0015	0.4	0.0015	0.1666667	0.1346154	
Serin cini	0.0	0.0	0.0	0.0	0.0	0.0	0.0	0.0	0.0015	0.0015	0.0015	0.0015	0.0967742	0.05	0.1428571	0.0192308	0.1666667	0.0697674	0.0666667	0.1363636	0.2857143	0.1764706	0.1875	0.1111111	0.0666667	0.0294118	0.1272727	0.0961538	0.025641	0.031746	0.0	0.1707317	0.1111111	0.125	0.0015	0.1428571	0.1	0.0	0.0	0.08	0.0015	0.0	0.0	0.0	0.0	0.0	0.0	0.0	
Tarin des aulnes	0.32	0.3	0.3636364	0.0015	0.0015	0.0512821	0.1333333	0.375	0.0015	0.0015	0.1666667	0.0015	0.0645161	0.0015	0.0015	0.0	0.0	0.0	0.0	0.0454545	0.0	0.0	0.0	0.0	0.0	0.0294118	0.0	0.0	0.0	0.0	0.0	0.0	0.0015	0.0	0.0	0.0	0.0	0.0015	0.3571429	0.28	0.0588235	0.5	0.0015	0.0833333	0.4	0.0015	0.3333333	0.2307692	
Bruant des neiges	0.0	0.0	0.0	0.0	0.0	0.0	0.0	0.0	0.0	0.0	0.0	0.0	0.0	0.0	0.0	0.0	0.0	0.0	0.0	0.0	0.0	0.0	0.0	0.0	0.0	0.0	0.0	0.0	0.0	0.0	0.0	0.0	0.0	0.0	0.0	0.0	0.0	0.0015	0.0	0.0	0.0	0.0	0.0015	0.0	0.0	0.0	0.0	0.0	
Bruant mélanocéphale	0.0	0.0	0.0	0.0	0.0	0.0	0.0	0.0	0.0	0.0	0.0	0.0	0.0	0.0	0.0	0.0	0.0	0.0	0.0	0.0015	0.0	0.0	0.0	0.0	0.0	0.0	0.0	0.0	0.0	0.0	0.0	0.0	0.0	0.0	0.0	0.0	0.0	0.0	0.0	0.0	0.0	0.0	0.0	0.0	0.0	0.0	0.0	0.0	
Bruant proyer	0.0015	0.0	0.0	0.0	0.0015	0.0	0.0	0.0015	0.0	0.0015	0.0015	0.0322581	0.0645161	0.0015	0.047619	0.0384615	0.0	0.0232558	0.0015	0.0015	0.0015	0.0015	0.0015	0.0015	0.0	0.0	0.0	0.0	0.0	0.0	0.0	0.0	0.0	0.0	0.0	0.0015	0.0	0.0015	0.0015	0.0	0.0015	0.0	0.0015	0.0015	0.0	0.0015	0.0	0.0	
Bruant fou	0.0	0.1	0.0	0.0	0.0	0.0015	0.0	0.0	0.0	0.0	0.0	0.0	0.0	0.0	0.0	0.0	0.0	0.0	0.0	0.0	0.0	0.0	0.0	0.0	0.0	0.0	0.0	0.0	0.0	0.0	0.0	0.0	0.0	0.0	0.0	0.0	0.0	0.0	0.0	0.0	0.0	0.0	0.0	0.0	0.0	0.0	0.0015	0.0	
Bruant zizi	0.0015	0.0	0.0015	0.0015	0.0015	0.025641	0.1333333	0.1875	0.0	0.0015	0.0833333	0.0967742	0.0645161	0.175	0.1428571	0.0961538	0.0015	0.0465116	0.0015	0.0454545	0.0015	0.0588235	0.0015	0.0015	0.0015	0.0588235	0.2	0.0961538	0.025641	0.047619	0.0015	0.0243902	0.0015	0.0015	0.0015	0.0015	0.1	0.0015	0.2857143	0.16	0.1176471	0.0	0.0	0.0015	0.0	0.0	0.0	0.0015	
Bruant jaune	0.0	0.0	0.0015	0.0	0.0	0.025641	0.0666667	0.1875	0.0	0.0	0.0833333	0.0	0.0015	0.05	0.0952381	0.0384615	0.0555556	0.0015	0.0666667	0.0015	0.1428571	0.0	0.0	0.0	0.0015	0.0294118	0.0181818	0.0384615	0.0512821	0.0	0.0	0.0	0.0	0.0	0.0	0.0	0.0	0.0	0.1428571	0.0015	0.0015	0.0015	0.0015	0.0015	0.0	0.0015	0.0833333	0.0015	
Bruant ortolan	0.0	0.0	0.0	0.0	0.0	0.0	0.0	0.0	0.0	0.0	0.0	0.0	0.0	0.0	0.0	0.0015	0.0	0.0	0.0	0.0	0.0	0.0	0.0	0.0	0.0	0.0	0.0	0.0	0.0	0.0015	0.0	0.0015	0.0015	0.0015	0.0015	0.0	0.0	0.0	0.0	0.0	0.0	0.0	0.0	0.0	0.0	0.0	0.0	0.0	
Bruant des roseaux	0.0	0.0015	0.0015	0.0015	0.0015	0.0769231	0.0015	0.0015	0.125	0.0015	0.0833333	0.0015	0.0015	0.0	0.0	0.0	0.0	0.0	0.0	0.0	0.0	0.0	0.0	0.0	0.0	0.0	0.0	0.0	0.0	0.0	0.0	0.0	0.0	0.0	0.0	0.0015	0.1	0.0015	0.0015	0.0015	0.0015	0.125	0.0015	0.0015	0.0015	0.0015	0.0833333	0.0576923	
Bruant nain	0.0	0.0	0.0	0.0	0.0	0.0	0.0	0.0	0.0	0.0	0.0	0.0	0.0	0.0	0.0	0.0	0.0	0.0	0.0	0.0	0.0	0.0	0.0	0.0	0.0	0.0	0.0	0.0	0.0	0.0	0.0	0.0	0.0	0.0	0.0	0.0	0.0	0.0	0.0	0.0	0.0015	0.0	0.0	0.0	0.0	0.0	0.0	0.0	
passereau sp.	0.0	0.0	0.0	0.0	0.0	0.0	0.0	0.0	0.0	0.0	0.0	0.0	0.0	0.0	0.0	0.0	0.0	0.0015	0.0	0.0	0.0	0.0	0.0	0.0	0.0	0.0	0.0	0.0192308	0.0	0.031746	0.2142857	0.4146341	0.0	0.0	0.0	0.0	0.0	0.0	0.0	0.04	0.0588235	0.0	0.1666667	0.0	0.0	0.0	0.0	0.0192308	

