









Frequency of observations in the selected location(s).:
Number of taxa: 	212

	Jan				Feb				Mar				Apr				May				Jun				Jul				Aug				Sep				Oct				Nov				Dec				
Sample Size:	7.0	3.0	9.0	12.0	4.0	8.0	3.0	7.0	3.0	7.0	13.0	16.0	17.0	14.0	11.0	32.0	33.0	73.0	38.0	76.0	32.0	47.0	21.0	21.0	31.0	15.0	23.0	27.0	16.0	20.0	32.0	33.0	12.0	19.0	21.0	18.0	17.0	21.0	9.0	6.0	1.0	9.0	16.0	18.0	1.0	5.0	3.0	37.0	

Oie cendrée	0.0	0.0	0.0	0.0	0.0	0.0	0.0	0.0	0.0	0.0	0.0	0.0	0.0	0.0	0.0	0.0	0.0	0.0	0.0	0.0015	0.0	0.0	0.0	0.0	0.0	0.0	0.0	0.0	0.0	0.0	0.0	0.0	0.0	0.0	0.0	0.0	0.0	0.0	0.0	0.0	0.0	0.0	0.0	0.0	0.0	0.0	0.0	0.0	
Oie cygnoïde	0.0	0.0	0.0	0.0	0.0	0.0	0.0	0.0	0.0	0.0	0.0	0.0	0.0	0.0	0.0	0.0	0.0	0.0	0.0	0.0	0.0	0.0	0.0	0.0	0.0	0.0	0.0	0.0	0.0	0.0	0.0	0.0	0.0	0.0	0.0	0.0	0.0	0.0	0.0	0.0	0.0	0.0	0.0625	0.0	0.0	0.0015	0.0	0.0	
Hybride Oie cendrée x O. cygnoïde	0.0	0.0	0.0	0.0	0.0	0.0	0.0	0.0	0.0	0.0	0.0	0.0	0.0	0.0	0.0	0.0	0.0	0.0	0.0	0.0	0.0	0.0	0.0015	0.0	0.0	0.0	0.0	0.0	0.0	0.0	0.0	0.0	0.0	0.0	0.0	0.0	0.0	0.0	0.0	0.0	0.0	0.0	0.0625	0.0	0.0	0.0	0.0	0.0	
Cygne tuberculé	0.1428571	0.0	0.0	0.0015	0.0	0.0015	0.0	0.0	0.0	0.0	0.0	0.0	0.0015	0.0015	0.0015	0.0	0.0	0.0	0.0	0.0015	0.03125	0.0212766	0.0	0.0	0.0322581	0.0	0.0	0.0015	0.0	0.0	0.0	0.0	0.0	0.1052632	0.0	0.1111111	0.0	0.0	0.0	0.0	0.0	0.0	0.0	0.0	0.0	0.0	0.0	0.1081081	
Tadorne casarca	0.0	0.0	0.0	0.0	0.0	0.0	0.0	0.0	0.0	0.0	0.0	0.0	0.0	0.0	0.0	0.0	0.0	0.0136986	0.0	0.0	0.0	0.0	0.0	0.0	0.0	0.0	0.0	0.0	0.0	0.0	0.0	0.0	0.0	0.0	0.0	0.0	0.0	0.0	0.0	0.0	0.0	0.0	0.0	0.0	0.0	0.0	0.0	0.0	
Canard musqué	0.0	0.0	0.0	0.0	0.0	0.0	0.0	0.0	0.0	0.0	0.0015	0.0	0.0	0.0	0.0	0.0	0.0	0.0	0.0	0.0	0.0	0.0	0.0	0.0	0.0	0.0	0.0434783	0.0	0.0	0.0	0.0	0.0	0.0	0.0	0.0	0.0	0.0	0.0	0.0	0.0	0.0	0.0	0.0	0.0	0.0	0.0	0.0	0.0	
Canard souchet	0.0	0.0	0.0	0.0833333	0.0	0.0	0.0	0.0	0.0	0.0	0.0	0.0	0.0	0.0	0.0	0.0	0.0	0.0	0.0	0.0	0.0	0.0	0.0	0.0	0.0	0.0	0.0	0.0	0.0	0.0	0.0	0.0	0.0	0.0	0.0	0.0	0.0	0.0	0.0	0.0	0.0	0.0	0.0	0.0	0.0	0.0	0.0	0.0	
Canard colvert	0.2857143	0.0	0.4444444	0.4166667	0.25	0.125	0.0015	0.2857143	0.0	0.0	0.1538462	0.1875	0.0588235	0.0015	0.0909091	0.125	0.1818182	0.0547945	0.0789474	0.0789474	0.0625	0.106383	0.0	0.0952381	0.0645161	0.0666667	0.0869565	0.037037	0.3125	0.2	0.0625	0.030303	0.25	0.2105263	0.1428571	0.0555556	0.1764706	0.1428571	0.0	0.0	0.0	0.0	0.25	0.1111111	1.0	0.0	0.3333333	0.2162162	
Sarcelle d'hiver	0.0	0.0	0.0	0.0	0.0	0.0	0.0	0.0	0.0	0.0	0.0	0.0	0.0	0.0	0.0	0.0	0.0	0.0	0.0	0.0	0.0	0.0	0.0	0.0	0.0	0.0	0.0	0.0	0.0	0.0	0.0	0.0	0.0	0.0526316	0.0	0.0	0.0	0.0	0.0	0.0	0.0	0.0	0.0	0.0	0.0	0.0	0.0	0.0	
Harle bièvre	0.0	0.0	0.1111111	0.0	0.0	0.0	0.0	0.0	0.0	0.0	0.0	0.0	0.0	0.0	0.0	0.0	0.0	0.0	0.0	0.0	0.0	0.0015	0.0	0.0	0.0	0.0	0.0	0.0	0.0	0.0	0.0	0.0	0.0	0.0	0.0	0.0	0.0	0.0	0.0	0.0	0.0	0.0	0.0	0.0	0.0	0.0	0.0	0.0	
Perdrix grise	0.0	0.0	0.0	0.0	0.0	0.0	0.0	0.0	0.0	0.0	0.0	0.0	0.0	0.0	0.0	0.0	0.0015	0.0	0.0	0.0	0.0	0.0212766	0.0	0.0015	0.0	0.0	0.0	0.0	0.0	0.0	0.0	0.0	0.0	0.0	0.0	0.0	0.0588235	0.0	0.0	0.0	0.0	0.0	0.0	0.0	0.0	0.0	0.0	0.0	
Faisan de Colchide	0.0	0.0	0.0	0.0	0.0	0.0	0.0015	0.0	0.0015	0.0015	0.0	0.0	0.0015	0.0015	0.0015	0.0015	0.0	0.0	0.0263158	0.0015	0.03125	0.0425532	0.0	0.047619	0.0	0.0	0.0	0.0	0.0	0.0	0.03125	0.0	0.0	0.0526316	0.0	0.0555556	0.0	0.0015	0.0015	0.0	0.0	0.0	0.125	0.0	0.0	0.0	0.0	0.0015	
Paon bleu	0.0	0.0	0.0	0.0	0.0	0.0	0.0	0.0	0.0	0.0	0.0	0.0	0.0	0.0	0.0	0.0	0.0	0.0136986	0.0	0.0	0.0	0.0	0.0	0.0	0.0	0.0	0.0	0.0	0.0	0.0	0.0	0.0	0.0	0.0	0.0	0.0	0.0	0.0	0.0	0.0	0.0	0.0	0.0	0.0	0.0	0.0	0.0	0.0	
Caille des blés	0.0	0.0	0.0	0.0	0.0	0.0	0.0	0.0	0.0	0.0	0.0	0.0	0.0	0.0	0.0	0.0	0.0	0.0136986	0.0	0.0263158	0.0	0.0	0.0	0.0	0.0	0.0	0.0015	0.0	0.0015	0.0	0.0	0.0	0.0	0.0	0.0	0.0	0.0	0.0	0.0	0.0	0.0	0.0	0.0	0.0	0.0	0.0	0.0	0.0	
Perdrix rouge	0.0	0.0	0.0	0.0	0.0	0.0	0.0	0.0	0.0	0.0	0.0769231	0.0	0.0	0.0	0.0015	0.0015	0.0	0.0136986	0.0	0.0	0.0	0.0015	0.0	0.0	0.0	0.0	0.0015	0.0	0.0	0.0015	0.0	0.030303	0.0	0.0526316	0.047619	0.0555556	0.0	0.047619	0.0015	0.0	0.0	0.0	0.0	0.0555556	0.0	0.0	0.0	0.0015	
Pigeon biset	0.4285714	0.0	0.1111111	0.25	0.0	0.0	0.0015	0.0	0.0	0.0015	0.0769231	0.1875	0.1176471	0.0015	0.0909091	0.15625	0.1515152	0.0136986	0.0789474	0.0394737	0.0625	0.1276596	0.0952381	0.2380952	0.2258065	0.0666667	0.0434783	0.1851852	0.0015	0.15	0.0625	0.0606061	0.25	0.0015	0.0952381	0.0555556	0.1176471	0.047619	0.1111111	0.0	0.0	0.0	0.0625	0.0015	0.0	0.4	0.3333333	0.027027	
Pigeon colombin	0.0	0.0	0.0	0.0	0.0	0.0	0.0	0.0	0.0	0.0	0.0	0.0015	0.0	0.0	0.0	0.03125	0.0	0.0	0.0	0.0015	0.0	0.0	0.0	0.0952381	0.0	0.0666667	0.0434783	0.0	0.0	0.0	0.0015	0.0	0.0	0.0	0.0	0.0	0.0	0.0	0.0	0.0	0.0	0.0	0.0	0.0	0.0	0.0	0.0	0.0	
Pigeon ramier	0.1428571	0.0015	0.3333333	0.5833333	0.5	0.5	0.0015	0.1428571	0.0015	0.2857143	0.3076923	0.4375	0.3529412	0.4285714	0.3636364	0.4375	0.3333333	0.2191781	0.2631579	0.3552632	0.3125	0.3404255	0.2380952	0.5714286	0.4193548	0.5333333	0.2608696	0.3333333	0.375	0.45	0.25	0.5151515	0.5	0.1052632	0.3333333	0.3333333	0.0	0.047619	0.1111111	0.6666667	1.0	0.2222222	0.0625	0.2222222	1.0	0.6	0.0015	0.027027	
Tourterelle des bois	0.0	0.0	0.0	0.0	0.0	0.0	0.0	0.0	0.0	0.0	0.0	0.0	0.0	0.0	0.0015	0.0015	0.0909091	0.0684932	0.0263158	0.0394737	0.0625	0.0425532	0.047619	0.047619	0.0967742	0.0015	0.0	0.0	0.0625	0.0015	0.0625	0.030303	0.1666667	0.0	0.0	0.0555556	0.0	0.0	0.0	0.0	0.0	0.0	0.0	0.0	0.0	0.0	0.0	0.0	
Tourterelle turque	0.2857143	0.0015	0.1111111	0.25	0.25	0.0015	0.0015	0.1428571	0.0	0.4285714	0.2307692	0.25	0.1176471	0.3571429	0.0015	0.3125	0.3333333	0.2054795	0.1578947	0.0657895	0.15625	0.1914894	0.1428571	0.3809524	0.2903226	0.2	0.1304348	0.2592593	0.0625	0.1	0.1875	0.2424242	0.25	0.0526316	0.2380952	0.1666667	0.1176471	0.047619	0.0	0.0	0.0	0.2222222	0.0625	0.1111111	0.0	0.4	0.0	0.027027	
Coucou gris	0.0	0.0	0.0	0.0	0.0	0.0	0.0	0.0	0.0	0.0	0.0	0.0	0.0588235	0.2857143	0.1818182	0.46875	0.3636364	0.3424658	0.2894737	0.2894737	0.34375	0.1489362	0.0	0.047619	0.0	0.0	0.0	0.0015	0.0625	0.0	0.0	0.0	0.0	0.0	0.0	0.0	0.0	0.0	0.0	0.0	0.0	0.0	0.0	0.0	0.0	0.0	0.0	0.0	
Engoulevent d'Europe	0.0	0.0	0.0	0.0	0.0	0.0	0.0	0.0	0.0	0.0	0.0	0.0	0.0	0.0	0.0	0.0	0.0015	0.0	0.0263158	0.0131579	0.0	0.0425532	0.0	0.0	0.0	0.0	0.0015	0.0	0.0	0.05	0.03125	0.0015	0.0	0.0015	0.0	0.0	0.0	0.0	0.0	0.0	0.0	0.0	0.0	0.0	0.0	0.0	0.0	0.0	
Martinet à ventre blanc	0.0	0.0	0.0	0.0	0.0	0.0	0.0	0.0	0.0	0.0	0.0	0.0	0.0	0.0	0.0	0.0	0.030303	0.0015	0.0	0.0526316	0.0	0.0212766	0.0	0.0015	0.0322581	0.0	0.0434783	0.037037	0.0	0.05	0.0625	0.1212121	0.0	0.0	0.0	0.0	0.0	0.0	0.0	0.0	0.0	0.0	0.0	0.0	0.0	0.0	0.0	0.0	
Martinet noir	0.0	0.0	0.0	0.0	0.0	0.0	0.0	0.0	0.0	0.0	0.0	0.0	0.0	0.0015	0.0015	0.25	0.5757576	0.4109589	0.2368421	0.2763158	0.28125	0.3404255	0.6190476	0.3809524	0.516129	0.1333333	0.2608696	0.1481481	0.1875	0.05	0.09375	0.030303	0.0	0.0	0.0	0.0	0.0	0.0	0.0	0.0	0.0	0.0	0.0	0.0	0.0	0.0	0.0	0.0	
Gallinule poule-d'eau	0.0	0.0	0.1111111	0.0833333	0.25	0.0	0.0	0.0	0.0	0.0	0.0	0.0015	0.0	0.0	0.0909091	0.0	0.0	0.0015	0.0	0.0	0.03125	0.0	0.0	0.0015	0.0	0.0666667	0.0	0.0	0.0	0.0	0.0015	0.0	0.0833333	0.0	0.047619	0.0	0.0	0.0	0.0	0.0	0.0	0.0	0.0	0.1111111	0.0	0.0	0.0	0.027027	
Foulque macroule	0.0	0.0	0.0	0.0	0.0	0.0	0.0	0.0	0.0	0.0	0.0	0.0	0.0	0.0	0.0	0.0	0.0	0.0	0.0	0.0	0.0	0.0	0.0	0.0	0.0	0.0	0.0	0.0	0.0	0.0	0.0	0.0	0.0	0.0	0.0	0.0	0.0	0.0	0.0	0.0	0.0	0.0	0.0	0.0	0.0	0.0	0.0	0.0540541	
Grue cendrée	0.0	0.0	0.0	0.0	0.0	0.0	0.0	0.0	0.0	0.0	0.0769231	0.0	0.0	0.0	0.0	0.0	0.0	0.0	0.0	0.0	0.0	0.0	0.0	0.0	0.0	0.0	0.0	0.0	0.0	0.0	0.0	0.0	0.0	0.0	0.0	0.0	0.0	0.047619	0.0	0.0015	0.0	0.0015	0.0	0.0015	0.0	0.0	0.0	0.0	
Oedicnème criard	0.0	0.0	0.0	0.0	0.0	0.0	0.0	0.0	0.0	0.0	0.0	0.0	0.0	0.0	0.0	0.0	0.0	0.0	0.0	0.0	0.0	0.0212766	0.0	0.0	0.0322581	0.0015	0.0434783	0.0	0.0	0.0015	0.0	0.0	0.0	0.0	0.0	0.0	0.0	0.0	0.0	0.0	0.0	0.0	0.0	0.0	0.0	0.0	0.0	0.0	
Pluvier doré	0.0	0.0	0.0	0.0	0.0	0.0	0.0	0.0	0.0	0.0	0.0	0.0	0.0	0.0	0.0	0.0	0.0	0.0	0.0	0.0	0.0	0.0	0.0	0.0	0.0	0.0	0.0	0.0	0.0	0.0	0.0	0.0	0.0	0.0	0.0	0.0	0.0	0.0	0.0	0.0015	0.0	0.0	0.0	0.0	0.0	0.0	0.0	0.0	
Petit Gravelot	0.0	0.0	0.0	0.0	0.0	0.0	0.0	0.0	0.0	0.0	0.0	0.0	0.0	0.0015	0.0	0.0015	0.0	0.0	0.0	0.0	0.0	0.0	0.0	0.0	0.0	0.0666667	0.0	0.0	0.0	0.0	0.0	0.0	0.0	0.0	0.0	0.0	0.0	0.0	0.0	0.0	0.0	0.0	0.0	0.0	0.0	0.0	0.0	0.0	
Vanneau huppé	0.0	0.0	0.0015	0.0	0.0	0.0	0.0	0.0	0.0	0.0	0.0	0.0	0.0	0.0	0.0	0.0015	0.0015	0.0	0.0	0.0	0.0	0.0	0.0	0.0	0.0	0.0	0.0	0.0	0.0	0.0	0.0	0.0	0.0	0.0	0.0	0.0	0.0	0.0	0.0	0.0	0.0	0.0	0.0	0.0555556	0.0	0.0	0.0	0.0	
Courlis cendré	0.0	0.0	0.0	0.0	0.0	0.0	0.0	0.0	0.0	0.0	0.0	0.0	0.0	0.0	0.0015	0.0	0.0	0.0	0.0	0.0	0.0	0.0	0.0	0.0	0.0	0.0	0.0	0.0	0.0	0.0	0.0	0.0	0.0	0.0	0.0	0.0	0.0	0.0	0.0	0.0	0.0	0.0	0.0	0.0	0.0	0.0	0.0	0.0	
Bécasse des bois	0.0	0.0	0.0	0.0	0.0	0.0	0.0	0.0	0.0	0.0	0.0	0.0	0.0	0.0	0.0	0.0	0.0	0.0	0.0	0.0015	0.0	0.0	0.0	0.0	0.0	0.0	0.0	0.0	0.0	0.0	0.0	0.0	0.0	0.0	0.0	0.0	0.0	0.0	0.0	0.0	0.0	0.0	0.0	0.0015	0.0	0.0	0.0	0.0	
Bécassine des marais	0.0	0.0	0.0	0.0833333	0.0	0.0	0.0	0.0	0.0	0.0	0.0	0.0	0.0	0.0	0.0	0.0	0.0	0.0	0.0	0.0	0.0	0.0	0.0	0.0	0.0	0.0	0.0	0.0	0.0	0.0	0.0	0.0	0.0	0.0	0.0	0.0	0.0	0.0	0.0	0.0	0.0	0.0	0.0	0.0	0.0	0.0	0.0	0.0	
Chevalier guignette	0.0	0.0	0.0	0.0	0.0	0.0	0.0	0.0	0.0	0.0	0.0	0.0	0.0	0.0	0.0	0.0625	0.0015	0.0136986	0.0	0.0	0.0	0.0015	0.0	0.0	0.0	0.0	0.0	0.037037	0.0625	0.1	0.03125	0.030303	0.0	0.2105263	0.0952381	0.0	0.0588235	0.0	0.0	0.0	0.0	0.0	0.0	0.0	0.0	0.0	0.0	0.0	
Chevalier culblanc	0.0	0.0	0.0	0.0833333	0.0	0.0	0.0	0.0	0.0	0.0	0.0	0.0	0.0	0.0	0.0015	0.0	0.0	0.0	0.0	0.0	0.0	0.0	0.0	0.0	0.0	0.0	0.0	0.0	0.0	0.0015	0.0	0.0	0.0015	0.0	0.0	0.0	0.0	0.0	0.0	0.0	0.0	0.0	0.0	0.0	0.0	0.0	0.0	0.027027	
Chevalier gambette	0.0	0.0	0.0	0.0	0.0	0.0	0.0	0.0	0.0	0.0	0.0	0.0	0.0	0.0	0.0	0.0	0.0015	0.0	0.0	0.0	0.0	0.0	0.0	0.0	0.0	0.0	0.0	0.0	0.0	0.0	0.0	0.0	0.0	0.0	0.0	0.0	0.0	0.0	0.0	0.0	0.0	0.0	0.0	0.0	0.0	0.0	0.0	0.0	
Chevalier aboyeur	0.0	0.0	0.0	0.0	0.0	0.0	0.0	0.0	0.0	0.1428571	0.0	0.0	0.0	0.0	0.0	0.0	0.0	0.0	0.0	0.0	0.0	0.0	0.0	0.0	0.0	0.0	0.0	0.0	0.0	0.0	0.0	0.0	0.0	0.0526316	0.0	0.0	0.0	0.0	0.0	0.0	0.0	0.0	0.0	0.0	0.0	0.0	0.0	0.0	
Bécasseau cocorli	0.0	0.0	0.0	0.0	0.0	0.0	0.0	0.0	0.0	0.0	0.0	0.0	0.0	0.0	0.0	0.0	0.0	0.0	0.0	0.0	0.0	0.0	0.0	0.0	0.0	0.0	0.0	0.0	0.0	0.0	0.0	0.0	0.0	0.0526316	0.0	0.0	0.0	0.0	0.0	0.0	0.0	0.0	0.0	0.0	0.0	0.0	0.0	0.0	
Mouette tridactyle	0.0	0.0	0.0	0.0	0.0	0.0	0.0	0.0	0.0	0.0	0.0	0.0	0.0	0.0	0.0	0.0	0.0	0.0	0.0	0.0	0.0	0.0	0.0	0.0	0.0	0.0	0.0	0.0	0.0	0.0	0.0	0.0	0.0	0.0	0.0	0.0	0.0	0.0	0.0	0.0	0.0	0.0	0.0	0.0555556	0.0	0.0	0.0	0.0	
Mouette rieuse	0.0	0.0	0.0	0.0833333	0.25	0.0	0.0	0.0	0.0	0.0	0.0	0.0	0.0	0.0	0.0	0.0	0.0	0.0	0.0	0.0	0.0	0.0	0.0	0.0	0.0	0.0	0.0	0.0	0.0	0.0	0.0	0.0	0.0	0.0526316	0.0	0.0	0.0	0.0	0.0	0.0	0.0	0.0	0.0625	0.1111111	0.0	0.0	0.0	0.0015	
Goéland leucophée	0.2857143	0.0	0.4444444	0.1666667	0.25	0.0	0.0015	0.0	0.0	0.0	0.0	0.0625	0.1176471	0.0015	0.0909091	0.0625	0.0015	0.0	0.0789474	0.0526316	0.0625	0.0638298	0.0015	0.047619	0.0967742	0.0	0.0869565	0.0015	0.125	0.0	0.0015	0.030303	0.0833333	0.0	0.047619	0.0	0.0588235	0.0	0.0015	0.5	1.0	0.0015	0.0625	0.0555556	0.0	0.0	0.3333333	0.1621622	
goéland sp. (Larus sp.)	0.0	0.0	0.0	0.0833333	0.0	0.0	0.0	0.1428571	0.0	0.0	0.0	0.0	0.0	0.0	0.0	0.0	0.0	0.0	0.0	0.0	0.0	0.0	0.0	0.0	0.0	0.0	0.0	0.0	0.0	0.0	0.0	0.0	0.0	0.0	0.0	0.0	0.0	0.0	0.0	0.0	0.0	0.0	0.0	0.0	0.0	0.0	0.0	0.0	
Guifette noire	0.0	0.0	0.0	0.0	0.0	0.0	0.0	0.0	0.0	0.0	0.0	0.0	0.0	0.0	0.0	0.0	0.0	0.0	0.0	0.0	0.0	0.0212766	0.0	0.0	0.0	0.0	0.0	0.0	0.0	0.0	0.0	0.0	0.0	0.0	0.0	0.0	0.0	0.0	0.0	0.0	0.0	0.0	0.0	0.0	0.0	0.0	0.0	0.0	
Grèbe castagneux	0.0	0.0	0.0	0.0833333	0.0	0.0	0.0	0.0	0.0	0.0	0.0	0.0	0.0	0.0	0.0	0.0	0.0	0.0	0.0	0.0	0.0	0.0	0.0	0.0	0.0	0.0	0.0	0.0	0.0	0.0015	0.0	0.1212121	0.0833333	0.0	0.0015	0.0	0.0588235	0.0	0.0	0.0015	0.0	0.0	0.0	0.0	0.0	0.0	0.0	0.0810811	
Grèbe huppé	0.0	0.0	0.2222222	0.0833333	0.25	0.0	0.0	0.0	0.0	0.0	0.0	0.0625	0.0	0.0	0.0	0.0	0.0015	0.0	0.0	0.0015	0.0	0.0212766	0.0	0.0	0.0	0.0	0.0	0.0	0.0	0.0	0.0	0.0	0.0	0.0526316	0.0	0.0	0.0588235	0.0	0.1111111	0.0	0.0	0.0	0.125	0.0555556	0.0	0.0	0.0	0.0015	
Plongeon imbrin	0.0	0.0	0.0	0.0	0.0	0.0	0.0	0.0	0.0	0.0	0.0	0.0	0.0	0.0	0.0	0.0	0.0	0.0	0.0	0.0	0.0	0.0	0.0	0.0	0.0	0.0	0.0	0.0	0.0	0.0	0.0	0.0	0.0	0.0	0.0	0.0	0.0	0.0	0.0	0.0	0.0	0.0	0.0625	0.0	0.0	0.0	0.0	0.027027	
Cigogne noire	0.0	0.0	0.0	0.0	0.0	0.0	0.0	0.0	0.0	0.0	0.0	0.0	0.0	0.0	0.0015	0.0	0.0	0.0	0.0	0.0	0.0	0.0	0.0	0.0	0.0	0.0	0.0	0.0	0.0	0.0	0.0	0.0	0.0	0.0	0.0	0.0	0.0	0.0	0.0	0.0	0.0	0.0	0.0	0.0	0.0	0.0	0.0	0.0	
Cigogne blanche	0.0	0.0	0.0	0.0	0.0	0.0	0.0	0.0	0.0	0.0	0.0	0.0	0.0	0.0	0.0	0.0	0.030303	0.0015	0.0	0.0	0.0	0.0	0.0	0.0	0.0	0.0	0.0	0.0	0.0	0.0	0.0	0.0	0.0015	0.0	0.0	0.0	0.0	0.0015	0.0	0.0	0.0	0.0	0.0	0.0	0.0	0.0	0.0	0.0	
Grand Cormoran	0.2857143	0.0	0.6666667	0.4166667	0.5	0.25	0.0	0.1428571	0.0	0.0	0.1538462	0.25	0.0588235	0.0015	0.0015	0.0	0.0	0.0	0.0	0.0131579	0.0	0.0	0.0	0.0	0.0322581	0.0	0.0	0.0	0.0	0.0	0.0	0.0	0.0	0.1052632	0.0	0.0	0.1176471	0.0952381	0.1111111	0.3333333	1.0	0.1111111	0.3125	0.1111111	1.0	0.0	0.3333333	0.3783784	
Blongios nain	0.0	0.0	0.0	0.0	0.0	0.0	0.0	0.0	0.0	0.0	0.0	0.0	0.0	0.0	0.0	0.0	0.030303	0.0	0.0	0.0	0.0	0.0	0.0	0.0	0.0	0.0	0.0	0.0	0.0	0.0	0.0	0.0	0.0	0.0	0.0	0.0	0.0	0.0	0.0	0.0	0.0	0.0	0.0	0.0	0.0	0.0	0.0	0.0	
Bihoreau gris	0.0	0.0	0.0	0.0	0.0	0.0	0.0	0.0	0.0	0.0	0.0	0.0	0.0	0.0015	0.0	0.0	0.0	0.0	0.0263158	0.0	0.0	0.0	0.0	0.0	0.0	0.0	0.0	0.0	0.0	0.0	0.0015	0.0	0.0	0.0	0.0	0.0	0.0	0.0	0.0	0.0	0.0	0.0	0.0	0.0	0.0	0.0	0.0	0.0	
Aigrette garzette	0.0	0.0	0.0	0.0833333	0.25	0.0	0.0	0.0	0.0	0.0	0.0	0.0	0.0	0.0	0.0	0.0015	0.0	0.0	0.0	0.0	0.0	0.0	0.0	0.047619	0.0	0.0	0.0	0.0	0.0625	0.0	0.0	0.0	0.0	0.0	0.0	0.0	0.0	0.0	0.0	0.0	0.0	0.0	0.0	0.0	0.0	0.0	0.0	0.0	
Crabier chevelu	0.0	0.0	0.0	0.0	0.0	0.0	0.0	0.0	0.0	0.0	0.0	0.0	0.0	0.0	0.0	0.0015	0.0	0.0	0.0	0.0	0.0	0.0	0.0	0.0	0.0	0.0	0.0	0.0	0.0	0.0	0.0	0.0	0.0	0.0	0.0	0.0	0.0	0.0	0.0	0.0	0.0	0.0	0.0	0.0	0.0	0.0	0.0	0.0	
Héron garde-boeufs	0.0	0.0	0.0	0.0	0.0	0.0	0.0	0.0	0.0	0.0	0.0015	0.0625	0.0015	0.0	0.0909091	0.0015	0.0	0.0	0.0	0.0	0.0	0.0	0.0	0.0	0.0	0.0	0.0	0.0	0.0	0.0	0.0	0.0	0.0	0.0	0.0	0.0	0.0	0.0015	0.0	0.0	0.0	0.0	0.0	0.0	0.0	0.0	0.0015	0.0	
Grande Aigrette	0.0015	0.0	0.1111111	0.0	0.25	0.125	0.0	0.0	0.0	0.0	0.0	0.0	0.0	0.0	0.0	0.0015	0.0	0.0015	0.0	0.0	0.0	0.0	0.0	0.0	0.0	0.0	0.0	0.0	0.0	0.0	0.0	0.0	0.0	0.0015	0.0	0.0555556	0.0	0.047619	0.0	0.0015	0.0	0.0	0.125	0.0	0.0	0.0	0.0	0.0810811	
Héron cendré	0.2857143	0.0015	0.2222222	0.1666667	0.5	0.125	0.0	0.1428571	0.0	0.1428571	0.0015	0.125	0.0588235	0.0015	0.0015	0.0625	0.030303	0.0410959	0.0526316	0.0921053	0.09375	0.0425532	0.0	0.2380952	0.0967742	0.1333333	0.0434783	0.037037	0.3125	0.15	0.125	0.1212121	0.4166667	0.1578947	0.1428571	0.0555556	0.1764706	0.1428571	0.2222222	0.5	0.0	0.0	0.25	0.1111111	1.0	0.0	0.3333333	0.2702703	
Balbuzard pêcheur	0.0	0.0	0.0	0.0	0.0	0.0	0.0	0.0	0.0	0.0	0.0	0.0	0.0	0.0	0.0015	0.0	0.0	0.0136986	0.0	0.0	0.0	0.0	0.0	0.0	0.0	0.0	0.0	0.0	0.0	0.0	0.0	0.0	0.0	0.0	0.0	0.0	0.0	0.0	0.0	0.0	0.0	0.0	0.0	0.0	0.0	0.0	0.0	0.0	
Élanion blanc	0.0	0.0	0.0	0.0	0.0	0.0	0.0	0.0	0.0	0.0	0.0	0.0	0.0	0.0	0.0	0.0	0.0	0.0	0.0	0.0	0.0	0.0	0.0	0.0	0.0322581	0.0	0.0434783	0.037037	0.0625	0.0	0.0015	0.0015	0.0	0.0	0.0	0.0	0.0015	0.047619	0.0	0.0	0.0	0.0	0.0625	0.0	0.0	0.0	0.0	0.0015	
Gypaète barbu	0.0	0.0015	0.0	0.0833333	0.0	0.0	0.0	0.0	0.0	0.0	0.0	0.0015	0.0	0.0	0.0	0.0	0.030303	0.0015	0.0263158	0.0015	0.0	0.0212766	0.0	0.047619	0.0	0.0	0.0	0.0015	0.0	0.0	0.03125	0.030303	0.0	0.0	0.0	0.0	0.0	0.047619	0.0	0.0	0.0	0.0	0.0015	0.0	0.0	0.0	0.0	0.0	
Percnoptère d'Égypte	0.0	0.0	0.0	0.0	0.0	0.0	0.0	0.0	0.0	0.0	0.0	0.0	0.0	0.0	0.0	0.0	0.0606061	0.0136986	0.0	0.0657895	0.0	0.0	0.047619	0.047619	0.0322581	0.0666667	0.0	0.0015	0.0015	0.1	0.0	0.0	0.0	0.0015	0.0	0.0	0.0	0.0	0.0	0.0	0.0	0.0	0.0	0.0	0.0	0.0	0.0	0.0	
Bondrée apivore	0.0	0.0	0.0	0.0	0.0	0.0	0.0	0.0	0.0	0.0	0.0	0.0	0.0	0.0	0.0909091	0.0	0.0	0.0410959	0.0263158	0.0263158	0.03125	0.0425532	0.0	0.0952381	0.0967742	0.0666667	0.0434783	0.0740741	0.0625	0.0015	0.03125	0.030303	0.0	0.0	0.047619	0.0	0.0	0.0	0.0	0.0	0.0	0.0	0.0	0.0	0.0	0.0	0.0	0.0	
Vautour moine	0.0015	0.0015	0.0	0.0	0.0	0.0	0.0015	0.0	0.0	0.0	0.0	0.0015	0.1176471	0.0	0.0909091	0.0015	0.0909091	0.0547945	0.1052632	0.0526316	0.0015	0.0212766	0.047619	0.0015	0.0	0.0015	0.0	0.0015	0.0	0.1	0.03125	0.030303	0.0	0.0	0.0	0.0555556	0.0	0.047619	0.1111111	0.0	0.0	0.0	0.1875	0.0	0.0	0.0015	0.3333333	0.0810811	
Vautour fauve	0.2857143	1.0	0.1111111	0.1666667	0.25	0.0015	0.0015	0.2857143	0.3333333	0.2857143	0.3076923	0.1875	0.3529412	0.1428571	0.1818182	0.0625	0.1212121	0.1917808	0.1842105	0.3684211	0.15625	0.2765957	0.3333333	0.2380952	0.2580645	0.2666667	0.2173913	0.1111111	0.25	0.1	0.375	0.3030303	0.3333333	0.0526316	0.1904762	0.2777778	0.0015	0.1428571	0.4444444	0.0015	0.0015	0.1111111	0.25	0.0555556	0.0015	0.0	0.3333333	0.2162162	
Circaète Jean-le-Blanc	0.0	0.0	0.0	0.0	0.0	0.0	0.0	0.0	0.0	0.1428571	0.0769231	0.0625	0.0588235	0.0015	0.0909091	0.09375	0.0909091	0.0136986	0.0526316	0.1578947	0.03125	0.0425532	0.1904762	0.0952381	0.0322581	0.1333333	0.0869565	0.0015	0.0625	0.0015	0.15625	0.0606061	0.0015	0.0526316	0.1904762	0.0555556	0.0	0.047619	0.0	0.0	0.0	0.0	0.0	0.0	0.0	0.0	0.0	0.0	
Aigle botté	0.0	0.0	0.0	0.0	0.0	0.0	0.0	0.0	0.0	0.0	0.0	0.0	0.0	0.0	0.0	0.0015	0.0606061	0.0015	0.0	0.0263158	0.0015	0.0015	0.047619	0.0015	0.0015	0.2	0.0015	0.037037	0.0015	0.05	0.09375	0.0015	0.0	0.0	0.0	0.0	0.0	0.0	0.0	0.0	0.0	0.0	0.0	0.0	0.0	0.0	0.0	0.0	
Aigle royal	0.0	0.0015	0.0	0.0	0.0	0.0	0.0	0.0	0.0	0.1428571	0.0	0.0625	0.0	0.0714286	0.0909091	0.0015	0.0	0.0136986	0.0015	0.0131579	0.03125	0.0	0.0015	0.0	0.0	0.0	0.0	0.0	0.0	0.0	0.0625	0.0	0.0	0.0	0.0015	0.0	0.0	0.0	0.0	0.0015	0.0	0.0	0.0625	0.0	0.0	0.0	0.0	0.0	
Épervier d'Europe	0.0	0.0	0.1111111	0.0833333	0.0	0.0	0.0	0.0015	0.0	0.0	0.0	0.0	0.0	0.0714286	0.0015	0.03125	0.0	0.0	0.0263158	0.0263158	0.0015	0.0638298	0.0	0.047619	0.0322581	0.0	0.0434783	0.0015	0.0	0.15	0.15625	0.1515152	0.0	0.0526316	0.0015	0.1111111	0.0015	0.0	0.2222222	0.0015	0.0	0.0	0.0015	0.0	0.0	0.0	0.0	0.0540541	
Autour des palombes	0.0	0.0	0.0	0.0	0.0	0.0	0.0	0.0	0.0	0.0	0.0	0.0	0.0	0.0	0.0	0.0	0.0015	0.0136986	0.0	0.0	0.0	0.0	0.0	0.0	0.0	0.0	0.0	0.0	0.0	0.0	0.0015	0.030303	0.0	0.0	0.0	0.0	0.0	0.0	0.0015	0.0	0.0	0.0	0.0625	0.0	0.0	0.0	0.0	0.0	
Aerospiza, Tachyspiza, Accipiter ou Astur sp.	0.0	0.0	0.0	0.0	0.0	0.0	0.0	0.0	0.0	0.0	0.0769231	0.0	0.0	0.0	0.0	0.0	0.0	0.0	0.0	0.0	0.0	0.0	0.0	0.0	0.0	0.0	0.0	0.0	0.0	0.0	0.0	0.0	0.0	0.0	0.0	0.0	0.0	0.0	0.0	0.0	0.0	0.0	0.0	0.0	0.0	0.0	0.0	0.0	
Busard des roseaux	0.0	0.0	0.0	0.0	0.0	0.0	0.0	0.0	0.0	0.0	0.0	0.0	0.0	0.0	0.0909091	0.0	0.0	0.0136986	0.0	0.0	0.0	0.0	0.0	0.0	0.0	0.0	0.0	0.0	0.0	0.0	0.0	0.0	0.0	0.0526316	0.0952381	0.1111111	0.0	0.0	0.0	0.0	0.0	0.0	0.0	0.0	0.0	0.0	0.0	0.0	
Busard Saint-Martin	0.0	0.0	0.1111111	0.0833333	0.0	0.0	0.0	0.0	0.0	0.0	0.0	0.0625	0.0588235	0.0	0.0015	0.0	0.0	0.0015	0.0263158	0.0	0.0	0.0	0.0	0.0	0.0	0.0	0.0	0.0	0.0	0.0	0.03125	0.0	0.0833333	0.0526316	0.047619	0.0555556	0.0	0.0	0.0	0.0	0.0	0.0	0.0015	0.0	0.0	0.0	0.0	0.0	
Busard cendré	0.0	0.0	0.0	0.0	0.0	0.0	0.0	0.0	0.0	0.0	0.0	0.0	0.0	0.0	0.0	0.0625	0.0015	0.0136986	0.0526316	0.0394737	0.03125	0.0425532	0.0015	0.0952381	0.0322581	0.0	0.0	0.0	0.0625	0.0	0.0015	0.030303	0.0	0.0015	0.047619	0.0	0.0	0.0	0.0	0.0	0.0	0.0	0.0	0.0	0.0	0.0	0.0	0.0	
Milan royal	0.1428571	0.0015	0.1111111	0.1666667	0.5	0.25	0.0015	0.1428571	0.0015	0.2857143	0.3076923	0.1875	0.2352941	0.0	0.2727273	0.0625	0.0606061	0.0821918	0.0526316	0.1052632	0.09375	0.212766	0.1428571	0.1904762	0.1290323	0.2	0.0434783	0.1851852	0.125	0.0	0.15625	0.030303	0.0833333	0.1052632	0.1904762	0.3333333	0.1764706	0.047619	0.0015	0.3333333	1.0	0.0015	0.25	0.2777778	0.0	0.0	0.3333333	0.0540541	
Milan noir	0.0	0.0	0.0	0.0	0.0	0.0	0.0	0.0	0.0	0.1428571	0.1538462	0.25	0.1176471	0.1428571	0.1818182	0.09375	0.0909091	0.1369863	0.1842105	0.2894737	0.1875	0.2978723	0.1428571	0.3333333	0.3225806	0.2	0.2608696	0.1481481	0.1875	0.05	0.125	0.030303	0.0833333	0.0015	0.047619	0.0015	0.0015	0.0	0.0015	0.0	0.0	0.0	0.0	0.0	0.0	0.0	0.0	0.0	
Milan royal ou M. noir	0.0	0.0	0.0	0.0	0.0	0.0	0.0	0.0	0.0	0.0	0.0	0.0	0.0	0.0	0.0	0.0	0.0	0.0136986	0.0	0.0	0.0	0.0	0.0	0.0	0.0	0.0	0.0015	0.0	0.0	0.0	0.0	0.0	0.0	0.0	0.0	0.0	0.0	0.0	0.0	0.0	0.0	0.0	0.0	0.0	0.0	0.0	0.0	0.0	
Buse pattue	0.0	0.0015	0.0	0.0	0.25	0.0	0.0015	0.0	0.0	0.0	0.0	0.0	0.0	0.0	0.0	0.0	0.0	0.0	0.0	0.0	0.0	0.0	0.0	0.0	0.0	0.0	0.0	0.0	0.0	0.0	0.0	0.0	0.0	0.0	0.0	0.0	0.0	0.0	0.0	0.0	0.0	0.0	0.0	0.0	0.0	0.0	0.0	0.0	
Buse variable	0.2857143	0.3333333	0.2222222	0.5	0.75	0.375	0.6666667	0.2857143	0.3333333	0.4285714	0.3076923	0.375	0.1764706	0.0714286	0.2727273	0.21875	0.2121212	0.0821918	0.1315789	0.1578947	0.1875	0.1702128	0.2380952	0.3333333	0.1612903	0.2	0.2608696	0.3333333	0.375	0.3	0.21875	0.3333333	0.0833333	0.2105263	0.4285714	0.3888889	0.0588235	0.2380952	0.5555556	0.3333333	0.0	0.4444444	0.375	0.2222222	0.0015	0.2	0.0015	0.4054054	
Buteo sp.	0.0	0.0	0.0	0.1666667	0.0	0.0	0.0	0.0	0.0	0.0	0.0	0.0	0.0	0.0	0.0	0.0	0.0	0.0	0.0	0.0	0.0	0.0	0.0	0.0	0.0	0.0	0.0	0.0	0.0	0.0	0.0	0.0	0.0	0.0	0.0	0.0	0.0	0.0	0.0	0.0	0.0	0.0	0.0	0.0	0.0	0.0	0.0	0.0	
rapace sp.	0.0	0.0	0.0	0.0	0.0	0.0	0.0	0.0	0.0	0.0	0.0769231	0.0	0.0	0.0	0.0	0.0	0.0	0.0136986	0.0	0.0	0.0	0.0	0.0	0.0	0.0	0.0	0.0	0.0	0.0	0.0	0.0	0.030303	0.0	0.0	0.0	0.0	0.0	0.0	0.0	0.0	0.0	0.0	0.0	0.0	0.0	0.0	0.0	0.0	
Effraie des clochers	0.0	0.0	0.0	0.0	0.0	0.0	0.0	0.0	0.0	0.0	0.0	0.0	0.0	0.0	0.0	0.0	0.0	0.0	0.0	0.0015	0.0	0.0	0.0	0.047619	0.0	0.0	0.0	0.0	0.0	0.0	0.0015	0.0	0.0	0.0	0.0	0.0	0.0	0.0	0.0	0.0	0.0	0.0	0.0	0.0	0.0	0.0	0.0	0.0	
Petit-duc scops	0.0	0.0	0.0	0.0	0.0	0.0	0.0	0.0	0.0	0.0	0.0	0.0	0.0588235	0.0015	0.0	0.03125	0.0015	0.0	0.0263158	0.0131579	0.0625	0.0	0.0	0.0	0.0	0.0	0.0	0.0015	0.0	0.0	0.0	0.0015	0.0	0.0	0.0	0.0	0.0	0.0	0.0	0.0	0.0	0.0	0.0	0.0	0.0	0.0	0.0	0.0	
Grand-duc d'Europe	0.0	0.0	0.0	0.0	0.0	0.0	0.0	0.0	0.0	0.0	0.0	0.0	0.0015	0.0015	0.0	0.0	0.0	0.0	0.0	0.0	0.0	0.0	0.0	0.0	0.0	0.0	0.0	0.0	0.0	0.0	0.0	0.0015	0.0015	0.0	0.0	0.0	0.0	0.0	0.0	0.0	0.0	0.0	0.0	0.0015	0.0	0.0	0.0	0.0	
Chevêche d'Athéna	0.0	0.0	0.0015	0.0015	0.0	0.0015	0.0	0.0	0.0	0.0	0.0	0.0015	0.0	0.0015	0.0	0.0	0.0	0.0136986	0.0015	0.0015	0.03125	0.0	0.0015	0.0015	0.0322581	0.0	0.0	0.0	0.0015	0.0	0.0015	0.0	0.0	0.0015	0.0	0.0015	0.0	0.0952381	0.0	0.3333333	0.0	0.0	0.0015	0.0	1.0	0.0	0.0015	0.0	
Chouette hulotte	0.0	0.0	0.0	0.0	0.0	0.0	0.0	0.0015	0.0015	0.0	0.0015	0.0015	0.0	0.0015	0.0	0.03125	0.030303	0.0015	0.0015	0.0263158	0.03125	0.0	0.0	0.0015	0.0322581	0.0	0.0434783	0.0	0.0	0.1	0.0015	0.0909091	0.0833333	0.0015	0.0	0.0015	0.0	0.0	0.0	0.0	0.0	0.0	0.0015	0.0	1.0	0.0	0.0	0.0015	
Hibou moyen-duc	0.0	0.0	0.0	0.0	0.0	0.0	0.0	0.0	0.0	0.0	0.0	0.0	0.0	0.0	0.0015	0.0	0.0	0.0	0.0	0.0	0.0	0.0	0.0	0.0	0.0015	0.0	0.0	0.0	0.0	0.0	0.0015	0.0	0.0	0.0	0.0	0.0	0.0	0.0	0.0	0.0	0.0	0.0	0.0	0.0	0.0	0.0	0.0	0.0	
Hibou des marais	0.0	0.0	0.1111111	0.0	0.25	0.0	0.0	0.0	0.0	0.0	0.0	0.0	0.0	0.0	0.0	0.0	0.0	0.0	0.0	0.0	0.0	0.0	0.0	0.0	0.0	0.0	0.0	0.0	0.0	0.0	0.0	0.0	0.0	0.0	0.0	0.0	0.0	0.0	0.0	0.0	0.0	0.0	0.0	0.0	0.0	0.0	0.0	0.0	
Strigiformes sp.	0.0	0.0	0.0	0.0	0.0	0.0	0.0	0.0	0.0	0.0	0.0	0.0	0.0	0.0	0.0	0.0	0.0	0.0	0.0	0.0	0.0	0.0212766	0.0	0.0	0.0	0.0	0.0	0.0	0.0	0.0	0.0	0.0	0.0	0.0	0.0	0.0	0.0	0.0	0.0	0.0	0.0	0.0	0.0	0.0	0.0	0.0	0.0	0.0	
Huppe fasciée	0.0	0.0	0.0	0.0	0.0	0.0	0.0	0.0	0.0	0.0	0.0	0.0625	0.0588235	0.1428571	0.3636364	0.0625	0.0909091	0.0958904	0.0789474	0.1315789	0.03125	0.0638298	0.0952381	0.0952381	0.0322581	0.1333333	0.0015	0.0740741	0.0015	0.05	0.0	0.0	0.0	0.0	0.0	0.0	0.0	0.0	0.0	0.0	0.0	0.0	0.0	0.0	0.0	0.0	0.0	0.0	
Guêpier d'Europe	0.0	0.0	0.0	0.0	0.0	0.0	0.0	0.0	0.0	0.0	0.0	0.0	0.0	0.0	0.0	0.0015	0.0015	0.0136986	0.0015	0.0015	0.0	0.0212766	0.0	0.047619	0.0	0.0015	0.0	0.0015	0.0	0.1	0.0	0.0	0.0833333	0.0526316	0.047619	0.0	0.0	0.0	0.0	0.0	0.0	0.0	0.0	0.0	0.0	0.0	0.0	0.0	
Martin-pêcheur d'Europe	0.0	0.0	0.1111111	0.0833333	0.25	0.0	0.0	0.0	0.0	0.0	0.0	0.0625	0.0	0.0	0.0	0.03125	0.030303	0.0136986	0.0	0.0263158	0.0	0.0	0.0	0.047619	0.0322581	0.0	0.0	0.0740741	0.0625	0.15	0.09375	0.0606061	0.25	0.1052632	0.047619	0.0	0.0	0.0	0.0015	0.0015	0.0	0.0	0.1875	0.1111111	0.0	0.0	0.0	0.1351351	
Rollier d'Europe	0.0	0.0	0.0	0.0	0.0	0.0	0.0	0.0	0.0	0.0	0.0	0.0	0.0	0.0	0.0	0.0	0.0	0.0	0.0	0.0	0.0	0.0	0.0	0.0	0.0	0.0	0.0	0.0	0.0625	0.0	0.03125	0.0015	0.0	0.0526316	0.0	0.0	0.0	0.0	0.0	0.0	0.0	0.0	0.0	0.0	0.0	0.0	0.0	0.0	
Torcol fourmilier	0.0	0.0	0.0	0.0	0.0	0.0	0.0	0.0	0.0	0.0	0.0	0.0	0.0588235	0.0714286	0.0	0.03125	0.0	0.0136986	0.0263158	0.0263158	0.0	0.0015	0.0	0.0	0.0322581	0.0	0.0	0.037037	0.0	0.0	0.0	0.0	0.0	0.0	0.0	0.0	0.0	0.0	0.0	0.0	0.0	0.0	0.0	0.0	0.0	0.0	0.0	0.0	
Pic mar	0.0	0.0	0.0	0.0	0.25	0.0	0.0015	0.0	0.0	0.0	0.0	0.0	0.0	0.0	0.0	0.03125	0.030303	0.0136986	0.0	0.0394737	0.03125	0.0	0.047619	0.047619	0.0322581	0.0666667	0.0	0.037037	0.0625	0.05	0.0015	0.030303	0.0015	0.0526316	0.0015	0.0555556	0.0588235	0.0952381	0.0	0.0	0.0	0.0	0.0	0.0555556	0.0	0.0	0.0	0.0015	
Pic épeiche	0.1428571	0.0015	0.2222222	0.0833333	0.25	0.125	0.0	0.1428571	0.0	0.1428571	0.1538462	0.25	0.1176471	0.0714286	0.0909091	0.0625	0.0606061	0.1369863	0.0263158	0.1973684	0.15625	0.1276596	0.1904762	0.4285714	0.1935484	0.2666667	0.173913	0.2222222	0.125	0.35	0.1875	0.3333333	0.25	0.1578947	0.047619	0.2222222	0.0588235	0.1428571	0.1111111	0.5	0.0	0.3333333	0.125	0.3333333	1.0	0.2	0.6666667	0.2162162	
Pic épeichette	0.0	0.0	0.0	0.1666667	0.0	0.0	0.0	0.0	0.0	0.1428571	0.0	0.0	0.0	0.0	0.0	0.0625	0.0	0.0	0.0	0.0263158	0.03125	0.0212766	0.0	0.047619	0.0322581	0.0	0.0	0.037037	0.0	0.1	0.0	0.0606061	0.0833333	0.0	0.0	0.0	0.0	0.0015	0.0	0.0	0.0	0.0	0.0625	0.0	0.0	0.0	0.0	0.0015	
Pic vert	0.2857143	0.0015	0.0	0.0833333	0.5	0.25	0.6666667	0.1428571	0.0	0.4285714	0.3076923	0.25	0.2352941	0.0714286	0.0015	0.0625	0.0606061	0.1232877	0.0789474	0.1973684	0.09375	0.1276596	0.0952381	0.3333333	0.2580645	0.1333333	0.1304348	0.2592593	0.125	0.2	0.1875	0.2727273	0.4166667	0.1578947	0.1904762	0.3333333	0.0588235	0.0952381	0.1111111	0.1666667	0.0	0.2222222	0.25	0.1666667	0.0015	0.2	0.0015	0.1081081	
Pic de Sharpe	0.0	0.0	0.0	0.0	0.0	0.0	0.0	0.0	0.0	0.0	0.0	0.0	0.0	0.0	0.0	0.0	0.0	0.0	0.0	0.0	0.0	0.0	0.0	0.0	0.0	0.0	0.0	0.0	0.0	0.0	0.0	0.0	0.0	0.0	0.0	0.0	0.0	0.047619	0.0	0.0	0.0	0.0	0.0	0.0	0.0	0.0	0.0	0.0	
Pic vert ou P. de Sharpe	0.0	0.0	0.0	0.0	0.0	0.0	0.0	0.0	0.0	0.0	0.0	0.0	0.0	0.0	0.0	0.0	0.0	0.0	0.0	0.0	0.03125	0.0	0.0	0.0	0.0	0.0	0.0	0.0	0.0	0.0	0.0	0.0	0.0	0.0	0.0	0.0	0.0	0.0	0.0	0.0	0.0	0.0	0.0	0.0	0.0	0.0	0.0	0.0	
Pic noir	0.1428571	0.0	0.0	0.0	0.0	0.0	0.0	0.0	0.0	0.0	0.0	0.0015	0.0	0.0714286	0.0	0.03125	0.0015	0.0136986	0.0263158	0.0131579	0.0	0.0638298	0.0	0.047619	0.0645161	0.0	0.0015	0.037037	0.0	0.0	0.0	0.1212121	0.0015	0.0015	0.0	0.0555556	0.0	0.0	0.0	0.0	0.0	0.0	0.0015	0.0555556	0.0015	0.0	0.0	0.027027	
Faucon crécerelle	0.1428571	0.0015	0.2222222	0.1666667	0.25	0.125	0.3333333	0.2857143	0.0015	0.1428571	0.3076923	0.3125	0.1176471	0.2857143	0.1818182	0.15625	0.1515152	0.0958904	0.2105263	0.1315789	0.0625	0.1702128	0.2380952	0.2380952	0.2258065	0.2	0.0434783	0.2592593	0.125	0.05	0.25	0.2121212	0.1666667	0.2631579	0.3809524	0.2777778	0.0588235	0.1428571	0.1111111	0.1666667	0.0	0.4444444	0.125	0.1666667	0.0	0.0	0.3333333	0.1621622	
Faucon crécerellette ou F. crécerelle	0.0	0.0	0.0	0.0	0.0	0.0	0.0	0.0	0.0	0.0	0.0	0.0	0.0	0.0	0.0	0.0	0.0	0.0	0.0	0.0	0.0	0.0	0.0	0.0	0.0	0.0	0.0	0.0	0.0	0.0015	0.0	0.0	0.0	0.0	0.0	0.0	0.0	0.0	0.0	0.0	0.0	0.0	0.0	0.0	0.0	0.0	0.0	0.0	
Faucon d'Éléonore	0.0	0.0	0.0	0.0	0.0	0.0	0.0	0.0	0.0	0.0	0.0	0.0	0.0	0.0	0.0	0.0	0.0	0.0	0.0	0.0	0.0	0.0	0.0	0.0	0.0	0.0	0.0	0.0	0.0	0.0015	0.0	0.0	0.0	0.0	0.0	0.0	0.0	0.0	0.0	0.0	0.0	0.0	0.0	0.0	0.0	0.0	0.0	0.0	
Faucon émerillon	0.0	0.0	0.0	0.0	0.25	0.0	0.0	0.0	0.0	0.0	0.0	0.0	0.0	0.0	0.0	0.0	0.0	0.0	0.0	0.0	0.0	0.0	0.0	0.0	0.0	0.0	0.0	0.0	0.0	0.0	0.0	0.0	0.0	0.0	0.0	0.0	0.0	0.047619	0.0	0.0015	0.0	0.0	0.0	0.0	0.0	0.0	0.0015	0.0	
Faucon hobereau	0.0	0.0	0.0	0.0	0.0	0.0	0.0	0.0	0.0	0.0	0.0	0.0	0.0	0.0	0.0	0.0	0.030303	0.0	0.0263158	0.0263158	0.0015	0.0	0.047619	0.047619	0.0322581	0.0	0.0015	0.0	0.0015	0.0	0.0015	0.0015	0.0015	0.0526316	0.0	0.0015	0.0	0.0	0.0	0.0	0.0	0.0	0.0	0.0	0.0	0.0	0.0	0.0	
Faucon sacre	0.0	0.0	0.0	0.0	0.0	0.0	0.0	0.0	0.0	0.0	0.0	0.0	0.0	0.0	0.0	0.0	0.0	0.0	0.0	0.0	0.0	0.0	0.0	0.0	0.0	0.0	0.0	0.0	0.0	0.0	0.0	0.0	0.0833333	0.0526316	0.0	0.0	0.0	0.0	0.0	0.0	0.0	0.0	0.0	0.0	0.0	0.0	0.0	0.0	
Faucon pèlerin	0.0	0.0	0.0	0.0	0.0	0.0	0.0	0.0	0.0	0.0	0.0	0.0	0.0588235	0.0	0.0015	0.0	0.030303	0.0	0.0526316	0.0131579	0.03125	0.0212766	0.0	0.0	0.0322581	0.0	0.0015	0.0	0.0015	0.0	0.03125	0.0	0.0	0.0	0.0015	0.0	0.0	0.0015	0.1111111	0.0015	0.0	0.0	0.125	0.1111111	0.0	0.0	0.0	0.027027	
Falco sp.	0.0	0.0	0.0	0.0833333	0.0	0.0	0.0	0.0	0.0	0.0	0.0	0.0	0.0	0.0	0.0	0.0	0.0	0.0015	0.0	0.0	0.0	0.0	0.0	0.0	0.0	0.0	0.0	0.0	0.0	0.0	0.0	0.0	0.0	0.0	0.047619	0.0	0.0	0.0	0.0	0.0	0.0	0.0	0.0	0.0	0.0	0.0	0.0	0.0	
rapace diurne sp.	0.0	0.0	0.0	0.0833333	0.0	0.0	0.0	0.0	0.0	0.0	0.0	0.0	0.0	0.0	0.0	0.0	0.0	0.0	0.0	0.0	0.0	0.0	0.0	0.0	0.0	0.0	0.0	0.0	0.0	0.0	0.0	0.0	0.0	0.0	0.0	0.0	0.0	0.0	0.0	0.0	0.0	0.0	0.0	0.0	0.0	0.0	0.0	0.0	
Loriot d'Europe	0.0	0.0	0.0	0.0	0.0	0.0	0.0	0.0	0.0	0.0	0.0	0.0	0.0	0.0	0.0015	0.125	0.1515152	0.1369863	0.1578947	0.1052632	0.09375	0.0425532	0.0952381	0.1428571	0.1935484	0.2	0.0869565	0.1481481	0.0015	0.0	0.0625	0.0909091	0.0	0.0	0.0	0.0	0.0	0.0	0.0	0.0	0.0	0.0	0.0	0.0	0.0	0.0	0.0	0.0	
Pie-grièche écorcheur	0.0	0.0	0.0	0.0	0.0	0.0	0.0	0.0	0.0	0.0	0.0	0.0	0.0	0.0	0.0015	0.0	0.030303	0.0410959	0.1315789	0.1184211	0.125	0.1489362	0.0952381	0.047619	0.0645161	0.1333333	0.0869565	0.1481481	0.125	0.0	0.0015	0.0	0.0	0.0526316	0.0	0.0	0.0	0.0	0.0	0.0	0.0	0.0	0.0	0.0	0.0	0.0	0.0	0.0	
Pie-grièche méridionale	0.0015	0.0	0.0	0.0	0.25	0.0	0.0015	0.0	0.0	0.0	0.0	0.0	0.0	0.0	0.0909091	0.03125	0.0	0.0	0.0	0.0	0.0	0.0	0.0	0.0	0.0	0.0	0.0	0.0	0.0	0.0	0.03125	0.0	0.0	0.0	0.0	0.0	0.0	0.0	0.0	0.0	0.0	0.0	0.0	0.0	0.0	0.0	0.0	0.0	
Pie-grièche grise	0.0	0.0	0.1111111	0.0	0.0	0.0	0.0	0.0	0.0	0.0	0.0	0.0	0.0	0.0	0.0	0.0	0.0	0.0	0.0	0.0	0.0	0.0	0.0	0.0	0.0	0.0	0.0	0.0	0.0	0.0	0.0	0.0	0.0	0.0	0.0	0.0555556	0.0	0.0	0.0	0.0015	0.0	0.0	0.0625	0.0	0.0	0.0	0.0	0.0	
Pie-grièche à tête rousse	0.0	0.0	0.0	0.0	0.0	0.0	0.0	0.0	0.0	0.0	0.0	0.0	0.0	0.0	0.0	0.0	0.0	0.0	0.0	0.0	0.0	0.0	0.0	0.0	0.0	0.0	0.0	0.0015	0.0	0.0	0.0	0.0	0.0	0.0	0.0	0.0	0.0	0.0	0.0	0.0	0.0	0.0	0.0	0.0	0.0	0.0	0.0	0.0	
Geai des chênes	0.4285714	0.0015	0.1111111	0.3333333	0.25	0.25	0.3333333	0.1428571	0.0015	0.2857143	0.3076923	0.3125	0.2352941	0.2142857	0.2727273	0.125	0.0606061	0.109589	0.2105263	0.1842105	0.15625	0.1914894	0.1428571	0.3333333	0.1935484	0.1333333	0.173913	0.2222222	0.0625	0.2	0.21875	0.3333333	0.1666667	0.2631579	0.1428571	0.3888889	0.2352941	0.2380952	0.3333333	0.5	0.0	0.5555556	0.5	0.2777778	0.0	0.6	0.0015	0.3783784	
Pie bavarde	0.5714286	0.0	0.1111111	0.5833333	0.0	0.25	0.0015	0.0	0.0015	0.1428571	0.1538462	0.4375	0.0588235	0.1428571	0.1818182	0.09375	0.1515152	0.1232877	0.0789474	0.0921053	0.0625	0.1702128	0.2380952	0.3333333	0.2903226	0.3333333	0.173913	0.2962963	0.0625	0.15	0.28125	0.0909091	0.1666667	0.0526316	0.2380952	0.3333333	0.2941176	0.2857143	0.2222222	0.0	1.0	0.1111111	0.1875	0.3333333	0.0	0.6	0.0015	0.1081081	
Cassenoix moucheté	0.0	0.0	0.0	0.0	0.0	0.0	0.0	0.0	0.0	0.0	0.0	0.0	0.0	0.0	0.0	0.0	0.0	0.0	0.0	0.0	0.0	0.0212766	0.0	0.0	0.0	0.0	0.0	0.0	0.0	0.0	0.0	0.0	0.0	0.0	0.0	0.0	0.0	0.0	0.0	0.0	0.0	0.0	0.0	0.0	0.0	0.0	0.0	0.0	
Crave à bec rouge	0.0	0.0015	0.0	0.0	0.0	0.0	0.0015	0.0	0.0	0.1428571	0.0	0.1875	0.0588235	0.0714286	0.1818182	0.03125	0.030303	0.0410959	0.0526316	0.1315789	0.03125	0.0638298	0.1428571	0.0952381	0.0322581	0.0015	0.0434783	0.037037	0.0	0.05	0.125	0.1212121	0.0	0.0	0.0952381	0.2222222	0.0588235	0.047619	0.1111111	0.0	0.0	0.1111111	0.125	0.0	0.0	0.0	0.0	0.0540541	
Choucas des tours	0.2857143	0.0015	0.2222222	0.3333333	0.25	0.375	0.0015	0.0	0.0	0.2857143	0.2307692	0.4375	0.4117647	0.2142857	0.1818182	0.125	0.3333333	0.1369863	0.1052632	0.1447368	0.125	0.2765957	0.3333333	0.3809524	0.2580645	0.0666667	0.1304348	0.037037	0.0625	0.0	0.09375	0.0909091	0.0833333	0.1052632	0.3333333	0.1666667	0.1176471	0.3333333	0.5555556	0.1666667	0.0	0.0	0.3125	0.2777778	0.0015	0.2	0.3333333	0.2162162	
Corbeau freux	0.0	0.0	0.0	0.0	0.0	0.0	0.0	0.0	0.0	0.0	0.0	0.0625	0.0015	0.0015	0.0	0.03125	0.0	0.0	0.0	0.0	0.0	0.0	0.0	0.0	0.0	0.0	0.0	0.0	0.0	0.0	0.0	0.0	0.0833333	0.0	0.0	0.0	0.0	0.0	0.0	0.0	0.0	0.0	0.0	0.0	0.0	0.0	0.0	0.0	
Corneille noire	0.5714286	0.0	0.7777778	0.75	0.75	0.75	0.3333333	0.5714286	0.6666667	0.5714286	0.6153846	0.625	0.3529412	0.2857143	0.2727273	0.25	0.2424242	0.2191781	0.2631579	0.3157895	0.21875	0.3829787	0.1428571	0.5238095	0.2580645	0.4	0.173913	0.1851852	0.25	0.25	0.40625	0.3333333	0.6666667	0.3684211	0.3809524	0.5555556	0.2941176	0.5238095	0.3333333	0.6666667	1.0	0.5555556	0.4375	0.6111111	1.0	0.8	0.6666667	0.4324324	
Corneille mantelée	0.0	0.0	0.1111111	0.0	0.0	0.0	0.0	0.0	0.0	0.0	0.0	0.0	0.0	0.0	0.0	0.0	0.0	0.0	0.0	0.0	0.0	0.0	0.0	0.0	0.0	0.0	0.0	0.0	0.0	0.0	0.0	0.0	0.0	0.0	0.0	0.0	0.0	0.0	0.0	0.0	0.0	0.0	0.0	0.0	0.0	0.0	0.0	0.0	
corneille sp.	0.0	0.0	0.0015	0.0	0.0	0.0	0.0	0.0	0.0	0.0	0.0	0.0	0.0	0.0	0.0	0.0	0.0	0.0	0.0	0.0	0.0	0.0	0.0	0.0	0.0	0.0	0.0	0.0	0.0	0.0	0.0	0.0	0.0	0.0	0.0	0.0	0.0	0.0	0.0	0.0	0.0	0.0	0.0	0.0	0.0	0.0	0.0	0.0	
Grand Corbeau	0.1428571	0.0	0.2222222	0.0	0.5	0.125	0.0	0.4285714	0.0	0.2857143	0.0769231	0.125	0.1176471	0.0714286	0.1818182	0.09375	0.1212121	0.0273973	0.0789474	0.0789474	0.0625	0.1276596	0.0	0.0952381	0.1290323	0.1333333	0.0434783	0.1481481	0.0	0.1	0.09375	0.1818182	0.0	0.1578947	0.0952381	0.1111111	0.0588235	0.0015	0.0	0.1666667	0.0	0.0015	0.0625	0.0555556	0.0	0.0	0.3333333	0.0015	
Mésange noire	0.2857143	0.0	0.1111111	0.0	0.0	0.25	0.0	0.0	0.0	0.1428571	0.0	0.0	0.1176471	0.0714286	0.0909091	0.03125	0.0015	0.0	0.0263158	0.0131579	0.0	0.0638298	0.047619	0.0015	0.0322581	0.1333333	0.0869565	0.0740741	0.0	0.0	0.03125	0.030303	0.1666667	0.0	0.047619	0.2222222	0.0015	0.0952381	0.1111111	0.0	0.0	0.0	0.0625	0.0555556	0.0	0.0	0.3333333	0.0540541	
Mésange huppée	0.0	0.0	0.1111111	0.0	0.25	0.0	0.0	0.0	0.0	0.0	0.0	0.0	0.1176471	0.0	0.0	0.0625	0.030303	0.0136986	0.0015	0.0394737	0.0	0.0212766	0.0	0.047619	0.0	0.0666667	0.0	0.037037	0.0625	0.0	0.03125	0.0909091	0.0	0.0015	0.0	0.0555556	0.0	0.047619	0.0	0.0	0.0	0.1111111	0.125	0.0	0.0	0.0	0.0	0.0810811	
Mésange nonnette	0.1428571	0.0	0.1111111	0.1666667	0.5	0.0	0.0	0.1428571	0.0	0.0	0.0769231	0.0	0.0	0.0714286	0.0909091	0.0625	0.030303	0.0273973	0.0015	0.0394737	0.09375	0.0212766	0.047619	0.2857143	0.0645161	0.0666667	0.0434783	0.037037	0.0625	0.2	0.0625	0.1212121	0.1666667	0.1052632	0.047619	0.0555556	0.1764706	0.1428571	0.1111111	0.3333333	0.0	0.0	0.125	0.1666667	0.0	0.2	0.3333333	0.0810811	
Mésange bleue	0.7142857	0.0	0.4444444	0.5833333	0.75	0.5	0.6666667	0.7142857	0.3333333	0.7142857	0.5384615	0.5625	0.2941176	0.5714286	0.4545455	0.375	0.3939394	0.2465753	0.2631579	0.2105263	0.28125	0.1489362	0.1904762	0.4285714	0.2903226	0.4	0.2608696	0.1111111	0.125	0.35	0.40625	0.6060606	0.5833333	0.3157895	0.1904762	0.3333333	0.3529412	0.3809524	0.2222222	0.8333333	1.0	0.3333333	0.375	0.7222222	1.0	0.6	0.6666667	0.4594595	
Mésange charbonnière	0.7142857	0.0	0.3333333	0.75	0.5	0.625	0.6666667	1.0	0.3333333	0.8571429	0.5384615	0.6875	0.5294118	0.6428571	0.4545455	0.4375	0.4545455	0.4383562	0.3684211	0.3421053	0.34375	0.3404255	0.0952381	0.5238095	0.516129	0.2666667	0.3478261	0.4074074	0.375	0.4	0.28125	0.5454545	0.4166667	0.2105263	0.3333333	0.3333333	0.4705882	0.6666667	0.5555556	0.6666667	1.0	0.5555556	0.3125	0.5	1.0	0.6	0.6666667	0.3513514	
Alouette lulu	0.0	0.0	0.0	0.0015	0.0	0.375	0.0015	0.1428571	0.0	0.0	0.1538462	0.1875	0.0588235	0.0015	0.0909091	0.09375	0.0909091	0.0684932	0.0015	0.0657895	0.125	0.0638298	0.2380952	0.1428571	0.0645161	0.0666667	0.0434783	0.037037	0.0015	0.0	0.0	0.0	0.0	0.0526316	0.0015	0.3333333	0.0588235	0.047619	0.0015	0.1666667	0.0	0.1111111	0.0625	0.0015	0.0	0.0	0.0	0.027027	
Alouette des champs	0.0	0.0	0.1111111	0.0	0.0	0.0	0.0	0.0	0.0015	0.0	0.0769231	0.125	0.0588235	0.0714286	0.1818182	0.15625	0.1212121	0.0821918	0.0789474	0.2105263	0.0625	0.1702128	0.3809524	0.047619	0.0645161	0.0015	0.1304348	0.037037	0.0625	0.0	0.0	0.030303	0.0	0.0526316	0.047619	0.1666667	0.1176471	0.0015	0.0	0.1666667	0.0	0.1111111	0.0625	0.1666667	0.0	0.0	0.0	0.027027	
Cochevis huppé	0.0	0.0	0.0	0.0	0.0	0.0	0.0	0.0	0.0	0.0	0.0	0.0	0.0	0.0	0.0	0.0	0.0	0.0	0.0	0.0	0.0	0.0	0.0	0.0	0.0	0.0	0.0	0.0015	0.0	0.0	0.0	0.0	0.0	0.0	0.0	0.0	0.0	0.0	0.0	0.0	0.0	0.0	0.0	0.0	0.0	0.0	0.0	0.0	
Cisticole des joncs	0.0	0.0	0.0	0.0	0.0	0.0	0.0	0.0	0.0	0.0	0.0	0.0	0.0	0.0	0.0	0.03125	0.0015	0.0	0.0	0.0263158	0.0	0.0015	0.0	0.0	0.0322581	0.0	0.0	0.0	0.0015	0.0	0.0	0.030303	0.0	0.0	0.0	0.0	0.0	0.0	0.0	0.0	0.0	0.0	0.0625	0.0	0.0	0.0	0.0	0.0	
Hypolaïs polyglotte	0.0	0.0	0.0	0.0	0.0	0.0	0.0	0.0	0.0	0.0	0.0	0.0	0.0	0.0	0.0	0.0	0.0909091	0.0410959	0.1315789	0.1578947	0.1875	0.0851064	0.047619	0.047619	0.0967742	0.0015	0.0	0.0	0.0	0.0	0.0	0.0	0.0	0.0	0.0	0.0	0.0	0.0	0.0	0.0	0.0	0.0	0.0	0.0	0.0	0.0	0.0	0.0	
Rousserolle effarvatte	0.0	0.0	0.0	0.0	0.0	0.0	0.0	0.0	0.0	0.0	0.0	0.0	0.0	0.0	0.0	0.0	0.0015	0.0	0.0	0.0	0.0	0.0	0.0	0.0	0.0	0.0	0.0	0.0	0.0	0.0	0.0	0.030303	0.0	0.0	0.0	0.0	0.0	0.0	0.0	0.0	0.0	0.0	0.0	0.0	0.0	0.0	0.0	0.0	
Hirondelle de rivage	0.0	0.0	0.0	0.0	0.0	0.0	0.0	0.0	0.0	0.0	0.0	0.0	0.0	0.0	0.0	0.0015	0.030303	0.0	0.0263158	0.0	0.0	0.0425532	0.0	0.0	0.0	0.0	0.0	0.0	0.0	0.05	0.0	0.0015	0.0	0.0	0.0	0.0	0.0	0.0	0.0	0.0	0.0	0.0	0.0	0.0	0.0	0.0	0.0	0.0	
Hirondelle de rochers	0.1428571	0.0	0.0	0.0	0.0015	0.0	0.0015	0.2857143	0.0	0.1428571	0.3846154	0.1875	0.2941176	0.0015	0.0909091	0.15625	0.2121212	0.0410959	0.0789474	0.1973684	0.09375	0.1276596	0.047619	0.1904762	0.2258065	0.1333333	0.1304348	0.1851852	0.125	0.05	0.0625	0.3030303	0.0833333	0.0526316	0.0952381	0.0555556	0.1176471	0.047619	0.0	0.1666667	0.0	0.0	0.0625	0.0	0.0	0.0	0.3333333	0.0	
Hirondelle rustique	0.0	0.0	0.0	0.0	0.0	0.0	0.0	0.0	0.0	0.0	0.0	0.125	0.0588235	0.2142857	0.3636364	0.40625	0.4242424	0.3287671	0.2631579	0.1710526	0.25	0.212766	0.2857143	0.3809524	0.2580645	0.2666667	0.0869565	0.2962963	0.1875	0.2	0.40625	0.3030303	0.4166667	0.2105263	0.2857143	0.2222222	0.0	0.047619	0.0	0.0	0.0	0.0	0.0	0.0	0.0	0.0	0.0	0.0	
Hirondelle de fenêtre	0.0	0.0	0.0	0.0	0.0	0.0	0.0	0.0	0.0	0.0	0.0	0.0	0.0588235	0.1428571	0.0015	0.15625	0.3030303	0.2054795	0.1578947	0.1710526	0.21875	0.2340426	0.0952381	0.2380952	0.3870968	0.2	0.1304348	0.3703704	0.25	0.15	0.125	0.2121212	0.5	0.1052632	0.1904762	0.1111111	0.0588235	0.0015	0.0	0.0	0.0	0.0	0.0	0.0	0.0	0.0	0.0	0.0	
Hirondelle rousseline	0.0	0.0	0.0	0.0	0.0	0.0	0.0	0.0	0.0	0.0	0.0	0.0	0.0	0.0	0.0	0.0	0.0	0.0	0.0	0.0	0.0	0.0212766	0.0	0.0	0.0	0.0	0.0	0.0	0.0	0.0	0.0	0.0	0.0	0.0	0.0	0.0	0.0	0.0	0.0	0.0	0.0	0.0	0.0	0.0	0.0	0.0	0.0	0.0	
Pouillot siffleur	0.0	0.0	0.0	0.0	0.0	0.0	0.0	0.0	0.0	0.0	0.0	0.0	0.0	0.0	0.0	0.0	0.0	0.0136986	0.0	0.0131579	0.0	0.0212766	0.047619	0.0	0.0	0.0	0.0	0.0	0.0	0.0	0.0	0.0	0.0	0.0	0.0	0.0	0.0	0.0	0.0	0.0	0.0	0.0	0.0	0.0	0.0	0.0	0.0	0.0	
Pouillot de Bonelli	0.0	0.0	0.0	0.0	0.0	0.0	0.0	0.0	0.0	0.0	0.0	0.0	0.0	0.0	0.0909091	0.0625	0.030303	0.1369863	0.0789474	0.3157895	0.09375	0.0851064	0.0952381	0.047619	0.1290323	0.0015	0.0434783	0.037037	0.0625	0.0	0.0	0.0	0.0	0.0	0.0	0.0	0.0	0.0	0.0	0.0	0.0	0.0	0.0	0.0	0.0	0.0	0.0	0.0	
Pouillot fitis	0.0	0.0	0.0	0.0	0.0	0.0	0.0	0.0	0.0	0.0	0.0	0.0	0.0	0.0015	0.0909091	0.0015	0.0606061	0.0547945	0.0	0.0	0.0	0.0	0.0	0.0	0.0	0.0	0.0	0.0	0.0	0.05	0.0015	0.0909091	0.1666667	0.0526316	0.0952381	0.1111111	0.0	0.0	0.0	0.0	0.0	0.0	0.0	0.0	0.0	0.0	0.0	0.0	
Pouillot véloce	0.0	0.0	0.1111111	0.0	0.25	0.125	0.0	0.0	0.3333333	0.2857143	0.6153846	0.625	0.3529412	0.4285714	0.3636364	0.21875	0.2727273	0.3287671	0.2105263	0.3552632	0.15625	0.2340426	0.3809524	0.3333333	0.2903226	0.3333333	0.173913	0.2592593	0.1875	0.15	0.1875	0.4242424	0.25	0.2105263	0.2857143	0.3333333	0.1764706	0.2857143	0.2222222	0.5	0.0	0.1111111	0.125	0.0	0.0	0.0	0.0	0.1081081	
pouillot sp.	0.0	0.0	0.0	0.0	0.0	0.0	0.0	0.0	0.0	0.0	0.0	0.0	0.0	0.0	0.0	0.0	0.030303	0.0	0.0	0.0	0.0	0.0	0.0	0.0	0.0	0.0	0.0	0.0	0.0	0.0	0.03125	0.0	0.0	0.0	0.0	0.0	0.0	0.0	0.0	0.0	0.0	0.0	0.0	0.0	0.0	0.0	0.0	0.0	
Bouscarle de Cetti	0.0	0.0	0.0	0.0	0.0	0.0	0.0	0.0	0.0	0.0	0.0	0.0	0.0	0.0	0.0	0.0	0.0	0.0	0.0	0.0	0.0	0.0	0.0	0.0	0.0	0.0	0.0	0.0	0.0	0.0	0.0	0.0	0.0	0.0	0.0	0.0	0.0	0.047619	0.0	0.0	0.0	0.0	0.0	0.0	0.0	0.0	0.0	0.0	
Orite à longue queue	0.4285714	0.0	0.3333333	0.3333333	0.5	0.125	0.3333333	0.1428571	0.0015	0.2857143	0.0769231	0.125	0.0588235	0.0714286	0.0909091	0.15625	0.1212121	0.0273973	0.0263158	0.0657895	0.0625	0.0425532	0.0	0.1428571	0.1290323	0.1333333	0.0434783	0.0740741	0.125	0.1	0.125	0.1212121	0.0	0.1052632	0.1428571	0.0015	0.1176471	0.0952381	0.1111111	0.5	0.0	0.2222222	0.25	0.2222222	0.0	0.2	0.0	0.2162162	
Fauvette à tête noire	0.0	0.0	0.0	0.0	0.0	0.0	0.0	0.0	0.6666667	0.4285714	0.4615385	0.75	0.5294118	0.3571429	0.5454545	0.5	0.5151515	0.4109589	0.3421053	0.5131579	0.625	0.4042553	0.2857143	0.6190476	0.6129032	0.4666667	0.2608696	0.3333333	0.25	0.15	0.28125	0.4848485	0.25	0.2631579	0.1428571	0.2222222	0.2352941	0.0952381	0.0	0.0	0.0	0.0	0.0	0.0555556	0.0	0.0	0.0	0.027027	
Fauvette des jardins	0.0	0.0	0.0	0.0	0.0	0.0	0.0	0.0	0.0	0.0	0.0	0.0	0.0	0.0	0.0	0.09375	0.0	0.0136986	0.0	0.0131579	0.03125	0.0212766	0.0	0.0015	0.0	0.0015	0.0015	0.0	0.0625	0.0	0.0	0.030303	0.0	0.0	0.0	0.0	0.0	0.0	0.0	0.0	0.0	0.0	0.0	0.0	0.0	0.0	0.0	0.0	
Fauvette orphée	0.0	0.0	0.0	0.0	0.0	0.0	0.0	0.0	0.0	0.0	0.0	0.0	0.0	0.0	0.0	0.0	0.0015	0.0136986	0.0	0.0131579	0.0	0.0425532	0.0	0.0	0.0	0.0	0.0	0.0	0.0	0.0	0.0	0.0	0.0	0.0	0.0	0.0	0.0	0.0	0.0	0.0	0.0	0.0	0.0	0.0	0.0	0.0	0.0	0.0	
Fauvette mélanocéphale	0.0015	0.0	0.0	0.0	0.0	0.0	0.0	0.0	0.0	0.0015	0.0769231	0.0625	0.0	0.0	0.0	0.0	0.0	0.0136986	0.0	0.0526316	0.0	0.0212766	0.0	0.0	0.0	0.0	0.0	0.037037	0.0625	0.0	0.0	0.0	0.0	0.0	0.0	0.0	0.0	0.0	0.0	0.0	0.0	0.0	0.0	0.0015	0.0	0.0	0.0	0.0	
Fauvette passerinette	0.0	0.0	0.0	0.0	0.0	0.0	0.0	0.0	0.0	0.0	0.0	0.0	0.0015	0.0	0.0909091	0.09375	0.030303	0.0	0.0789474	0.1315789	0.09375	0.0212766	0.047619	0.0952381	0.0645161	0.0666667	0.0	0.0	0.0625	0.0	0.0	0.0	0.0	0.0	0.0	0.0	0.0	0.0	0.0	0.0	0.0	0.0	0.0	0.0	0.0	0.0	0.0	0.0	
Fauvette grisette	0.0	0.0	0.0	0.0	0.0	0.0	0.0	0.0	0.0	0.0	0.0	0.0	0.0	0.0	0.0015	0.03125	0.0606061	0.0273973	0.0263158	0.1052632	0.0625	0.1489362	0.047619	0.047619	0.0	0.0	0.0434783	0.037037	0.0	0.0	0.0015	0.030303	0.0	0.0015	0.0	0.0	0.0	0.0	0.0	0.0	0.0	0.0	0.0	0.0	0.0	0.0	0.0	0.0	
Fauvette pitchou	0.0	0.0	0.0	0.0	0.0	0.0	0.0	0.0	0.0	0.0	0.0	0.0	0.0	0.0	0.0909091	0.0	0.0	0.0	0.0	0.0394737	0.0015	0.0212766	0.0	0.0	0.0	0.0	0.0015	0.0	0.0	0.0	0.0	0.030303	0.0	0.0	0.0	0.1111111	0.0	0.0	0.0	0.0	0.0	0.0	0.0	0.0	0.0	0.0	0.0	0.0	
Roitelet huppé	0.1428571	0.0	0.0	0.0833333	0.0	0.0015	0.0015	0.0	0.0	0.0	0.0	0.0	0.0588235	0.0	0.0	0.03125	0.0	0.0	0.0	0.0131579	0.0	0.0425532	0.0	0.047619	0.0322581	0.0666667	0.0434783	0.037037	0.0	0.0	0.0	0.0	0.0	0.0	0.0	0.0555556	0.0	0.0	0.0	0.0	0.0	0.2222222	0.3125	0.2222222	0.0	0.2	0.0	0.0810811	
Roitelet à triple bandeau	0.0	0.0	0.0	0.0833333	0.25	0.125	0.0	0.0	0.0	0.4285714	0.0769231	0.3125	0.2941176	0.2142857	0.1818182	0.25	0.0909091	0.109589	0.1842105	0.2763158	0.15625	0.106383	0.0952381	0.0952381	0.0967742	0.0015	0.0434783	0.0740741	0.125	0.05	0.09375	0.3030303	0.1666667	0.1578947	0.0952381	0.0555556	0.1176471	0.0952381	0.1111111	0.3333333	0.0	0.1111111	0.0625	0.0555556	0.0015	0.0	0.3333333	0.0540541	
Tichodrome échelette	0.0	0.3333333	0.0	0.0	0.0	0.0	0.0	0.0	0.0	0.0	0.0	0.0	0.0	0.0	0.0	0.0	0.0	0.0	0.0	0.0	0.0	0.0	0.0	0.0	0.0	0.0	0.0	0.0	0.0	0.0	0.0	0.0	0.0	0.0	0.0	0.0	0.0	0.0	0.0	0.0	0.0	0.0	0.0015	0.0	0.0	0.0	0.0	0.0015	
Sittelle torchepot	0.2857143	0.0	0.1111111	0.3333333	0.25	0.25	0.0015	0.0	0.0015	0.1428571	0.2307692	0.25	0.0015	0.2142857	0.2727273	0.125	0.0606061	0.0273973	0.1052632	0.0526316	0.1875	0.1276596	0.0952381	0.1904762	0.2903226	0.1333333	0.2608696	0.1111111	0.0625	0.3	0.21875	0.2727273	0.5	0.2105263	0.047619	0.2222222	0.1764706	0.0952381	0.2222222	0.6666667	0.0	0.2222222	0.1875	0.3888889	0.0	0.4	0.0	0.2432432	
Grimpereau des bois	0.0	0.0	0.0	0.0	0.0	0.0	0.0	0.0	0.0	0.0	0.0	0.0	0.0588235	0.0	0.0	0.0	0.0	0.0136986	0.0	0.0	0.0	0.0212766	0.0952381	0.0	0.0322581	0.0	0.0	0.0	0.0	0.0	0.0	0.0	0.0	0.0	0.0	0.0	0.0	0.0	0.0	0.0	0.0	0.0	0.0	0.0	0.0	0.0	0.0	0.0015	
Grimpereau des jardins	0.2857143	0.0	0.1111111	0.1666667	0.25	0.25	0.3333333	0.2857143	0.3333333	0.1428571	0.2307692	0.25	0.1176471	0.0714286	0.1818182	0.0625	0.0909091	0.0958904	0.1578947	0.1052632	0.125	0.1702128	0.1428571	0.2857143	0.2258065	0.1333333	0.0869565	0.1111111	0.125	0.3	0.125	0.3939394	0.25	0.1052632	0.0	0.1666667	0.0588235	0.0952381	0.1111111	0.0015	0.0	0.1111111	0.125	0.2222222	0.0	0.2	0.3333333	0.1081081	
Grimpereau des bois ou G. des jardins	0.0	0.0	0.0	0.0833333	0.0	0.0	0.0	0.0	0.0	0.0	0.0	0.0	0.0	0.0	0.0	0.0	0.0	0.0136986	0.0	0.0	0.0	0.0212766	0.0	0.0	0.0	0.0666667	0.0	0.0	0.0015	0.0	0.0015	0.0015	0.0	0.0	0.0	0.0	0.0	0.0	0.0	0.0	0.0	0.0	0.0	0.0	0.0	0.0	0.0	0.027027	
Troglodyte mignon	0.1428571	0.0	0.0	0.1666667	0.25	0.0015	0.3333333	0.1428571	0.3333333	0.4285714	0.2307692	0.25	0.3529412	0.1428571	0.1818182	0.25	0.1515152	0.2054795	0.1315789	0.3289474	0.3125	0.1914894	0.1904762	0.3333333	0.2258065	0.1333333	0.1304348	0.1851852	0.125	0.15	0.09375	0.2727273	0.0	0.1052632	0.0952381	0.1666667	0.0588235	0.0952381	0.1111111	0.5	0.0	0.1111111	0.0625	0.1111111	0.0	0.2	0.3333333	0.1621622	
Cincle plongeur	0.1428571	0.0	0.1111111	0.0833333	0.0	0.0015	0.0	0.0	0.0	0.0	0.0	0.125	0.0	0.0	0.0	0.03125	0.0606061	0.0273973	0.0263158	0.0394737	0.0625	0.0212766	0.0	0.0015	0.0645161	0.0666667	0.0	0.0015	0.1875	0.1	0.03125	0.0606061	0.0833333	0.1578947	0.0	0.0015	0.0588235	0.047619	0.1111111	0.0	0.0	0.0	0.0625	0.0555556	0.0	0.0	0.0	0.0540541	
Étourneau sansonnet	0.0015	0.0	0.1111111	0.0833333	0.25	0.0015	0.0015	0.0	0.0	0.2857143	0.1538462	0.125	0.0588235	0.0714286	0.0909091	0.28125	0.3333333	0.1506849	0.1052632	0.0921053	0.25	0.1489362	0.2380952	0.2380952	0.1612903	0.0666667	0.0434783	0.0740741	0.0625	0.15	0.0625	0.030303	0.1666667	0.1578947	0.2380952	0.3888889	0.1176471	0.0952381	0.1111111	0.3333333	0.0	0.4444444	0.125	0.1666667	0.0	0.0	0.0	0.1621622	
Grive draine	0.4285714	0.0015	0.1111111	0.0833333	0.0	0.375	0.6666667	0.4285714	0.3333333	0.2857143	0.0769231	0.0015	0.0	0.0015	0.0	0.03125	0.0606061	0.0684932	0.0789474	0.0015	0.03125	0.106383	0.047619	0.047619	0.0322581	0.0	0.0869565	0.0	0.0	0.0	0.0	0.0606061	0.0	0.1052632	0.047619	0.0555556	0.0015	0.047619	0.1111111	0.1666667	0.0	0.1111111	0.0625	0.1666667	0.0	0.0	0.0	0.0540541	
Grive musicienne	0.0	0.0	0.0	0.0833333	0.0	0.25	0.0015	0.4285714	0.0	0.4285714	0.2307692	0.1875	0.1764706	0.0015	0.0909091	0.21875	0.1818182	0.1232877	0.1052632	0.1578947	0.21875	0.0638298	0.0952381	0.2380952	0.2580645	0.1333333	0.0869565	0.037037	0.0625	0.0	0.0	0.030303	0.0	0.1052632	0.0	0.0555556	0.0588235	0.0	0.0015	0.1666667	0.0	0.0015	0.0625	0.0555556	0.0	0.0	0.3333333	0.027027	
Grive mauvis	0.0	0.0015	0.0015	0.0	0.0	0.0	0.0015	0.0	0.0	0.1428571	0.0	0.0	0.0	0.0015	0.0	0.0	0.0	0.0	0.0	0.0	0.0	0.0	0.0	0.0	0.0	0.0	0.0	0.0	0.0	0.0	0.0	0.0	0.0	0.0	0.0	0.0	0.0	0.0	0.0	0.0	0.0	0.0	0.0625	0.0555556	0.0	0.0	0.0	0.0015	
Merle noir	0.7142857	0.0	0.6666667	0.8333333	0.75	0.625	0.6666667	0.7142857	0.6666667	1.0	0.7692308	0.625	0.4705882	0.3571429	0.5454545	0.53125	0.5151515	0.6027397	0.5	0.6052632	0.71875	0.5744681	0.4285714	0.7619048	0.6129032	0.6666667	0.3913043	0.3703704	0.3125	0.3	0.375	0.3636364	0.4166667	0.2105263	0.1904762	0.5	0.3529412	0.1904762	0.3333333	0.6666667	0.0	0.4444444	0.375	0.4444444	0.0	0.8	0.6666667	0.4324324	
Grive litorne	0.1428571	0.0	0.1111111	0.0	0.0	0.0	0.0	0.0	0.0	0.1428571	0.0	0.0	0.0	0.0	0.0	0.0	0.0	0.0	0.0	0.0015	0.0	0.0	0.0	0.0	0.0	0.0	0.0	0.037037	0.0	0.0	0.0	0.0	0.0	0.0	0.0	0.0	0.0	0.0	0.0	0.0	0.0	0.0015	0.0	0.0555556	0.0	0.0	0.0	0.0	
Merle à plastron	0.0	0.0	0.0	0.0	0.0	0.0	0.0	0.0	0.0	0.0	0.0	0.0	0.0	0.0714286	0.0	0.0	0.0	0.0	0.0	0.0	0.0	0.0	0.0	0.0	0.0	0.0	0.0	0.0	0.0	0.0	0.0	0.0	0.0	0.0	0.0	0.0	0.0588235	0.0	0.2222222	0.0015	0.0	0.0	0.0	0.0	0.0	0.0	0.0	0.0	
Gobemouche gris	0.0	0.0	0.0	0.0	0.0	0.0	0.0	0.0	0.0	0.0	0.0	0.0	0.0	0.0	0.0	0.0	0.0015	0.0273973	0.0789474	0.0921053	0.0625	0.0425532	0.0	0.2380952	0.0967742	0.0666667	0.0434783	0.1111111	0.25	0.05	0.125	0.1515152	0.1666667	0.0015	0.0	0.0015	0.0	0.0015	0.0	0.0	0.0	0.0	0.0	0.0	0.0	0.0	0.0	0.0	
Rougegorge familier	0.2857143	0.0	0.4444444	0.5	1.0	0.625	0.6666667	0.7142857	0.6666667	0.7142857	0.6923077	0.75	0.6470588	0.3571429	0.2727273	0.3125	0.2121212	0.260274	0.2631579	0.25	0.28125	0.1914894	0.2857143	0.4761905	0.1935484	0.2	0.173913	0.1481481	0.1875	0.15	0.21875	0.4242424	0.25	0.1578947	0.1904762	0.3333333	0.5294118	0.4285714	0.4444444	0.5	0.0	0.5555556	0.4375	0.5	0.0	0.6	0.6666667	0.4054054	
Rossignol philomèle	0.0	0.0	0.0	0.0	0.0	0.0	0.0	0.0	0.0	0.0	0.0	0.0	0.0	0.0015	0.0909091	0.21875	0.3636364	0.369863	0.3157895	0.3421053	0.40625	0.2553191	0.1904762	0.1904762	0.0322581	0.0015	0.0015	0.0015	0.0015	0.1	0.03125	0.0	0.0	0.0015	0.0	0.0	0.0	0.0	0.0	0.0	0.0	0.0	0.0	0.0	0.0	0.0	0.0	0.0	
Gobemouche noir	0.0	0.0	0.0	0.0	0.0	0.0	0.0	0.0	0.0	0.0	0.0	0.0	0.0	0.0	0.0	0.03125	0.0015	0.0	0.0	0.0	0.0	0.0	0.0	0.0	0.0	0.0	0.0	0.0	0.0	0.0	0.3125	0.6060606	0.5	0.4736842	0.047619	0.1666667	0.0	0.0	0.0	0.0	0.0	0.0	0.0	0.0	0.0	0.0	0.0	0.0	
Rougequeue à front blanc	0.0	0.0	0.0	0.0	0.0	0.0	0.0	0.0	0.0	0.0	0.0	0.0	0.0588235	0.0714286	0.0	0.0625	0.0015	0.0821918	0.0015	0.0657895	0.03125	0.0425532	0.047619	0.0	0.0015	0.1333333	0.0	0.037037	0.0	0.15	0.09375	0.0606061	0.0	0.0526316	0.0952381	0.0555556	0.0	0.047619	0.0	0.0	0.0	0.0	0.0	0.0	0.0	0.0	0.0	0.0	
Rougequeue noir	0.2857143	0.0	0.0	0.0	0.25	0.125	0.0	0.1428571	0.3333333	0.2857143	0.3076923	0.4375	0.5294118	0.2857143	0.4545455	0.3125	0.3636364	0.3561644	0.2631579	0.2631579	0.28125	0.212766	0.2857143	0.3809524	0.3870968	0.3333333	0.3043478	0.2962963	0.25	0.1	0.15625	0.1818182	0.1666667	0.1052632	0.1428571	0.1666667	0.1764706	0.2380952	0.4444444	0.5	0.0	0.4444444	0.0015	0.0555556	0.0	0.2	0.3333333	0.0810811	
Monticole de roche	0.0	0.0	0.0	0.0	0.0	0.0	0.0	0.0	0.0	0.0	0.0	0.0	0.0	0.0	0.0	0.0	0.0015	0.0	0.0	0.0	0.0	0.0	0.0	0.0	0.0	0.0	0.0	0.0	0.0	0.0	0.0	0.0	0.0	0.0	0.0	0.0	0.0	0.0	0.0	0.0	0.0	0.0	0.0	0.0	0.0	0.0	0.0	0.0	
Monticole bleu	0.0	0.0	0.0	0.0	0.0	0.0	0.0	0.0	0.0	0.0	0.0	0.0	0.0	0.0	0.0	0.0	0.0	0.0	0.0263158	0.0	0.0	0.0	0.0	0.047619	0.0	0.0	0.0	0.0	0.0	0.0	0.03125	0.0	0.0	0.0	0.0	0.0	0.0015	0.0	0.0	0.0	0.0	0.0	0.0	0.0	0.0	0.0	0.0	0.0	
Tarier des prés	0.0	0.0	0.0	0.0	0.0	0.0	0.0	0.0	0.0	0.0	0.0	0.0	0.0	0.0	0.0015	0.0	0.0	0.0	0.0015	0.0015	0.0	0.0212766	0.047619	0.0015	0.0	0.0	0.0	0.037037	0.0	0.0	0.0	0.0015	0.0	0.1052632	0.047619	0.0	0.0	0.0	0.0	0.0	0.0	0.0	0.0	0.0	0.0	0.0	0.0	0.0	
Tarier pâtre	0.0	0.0	0.1111111	0.0	0.0	0.0	0.0	0.0	0.3333333	0.1428571	0.0	0.0	0.0588235	0.0	0.2727273	0.0625	0.0909091	0.0273973	0.1315789	0.0657895	0.0625	0.1489362	0.1904762	0.0015	0.0645161	0.1333333	0.0869565	0.1851852	0.0015	0.0015	0.09375	0.0606061	0.0833333	0.0526316	0.047619	0.1111111	0.1176471	0.0952381	0.0	0.0	0.0	0.0	0.0	0.0	0.0	0.0	0.0	0.0015	
Traquet motteux	0.0	0.0	0.0	0.0	0.0	0.0	0.0	0.0	0.0	0.0	0.0	0.0	0.0	0.0	0.0	0.0625	0.030303	0.0	0.0	0.0	0.0	0.0	0.0015	0.0	0.0	0.0015	0.0869565	0.1481481	0.0625	0.0	0.0	0.030303	0.0	0.0526316	0.0952381	0.0	0.0588235	0.047619	0.0	0.0	0.0	0.0	0.0	0.0	0.0	0.0	0.0	0.0	
Accenteur alpin	0.0	0.3333333	0.0	0.0	0.0	0.0	0.0	0.0	0.0	0.0015	0.0	0.0	0.0	0.0	0.0	0.0	0.0	0.0	0.0	0.0	0.0	0.0	0.0	0.0	0.0	0.0	0.0	0.0	0.0	0.0	0.0	0.0	0.0	0.0	0.0	0.0	0.0	0.0	0.0	0.0	0.0	0.1111111	0.0625	0.0	0.0	0.0	0.0	0.0	
Accenteur mouchet	0.0	0.0	0.0	0.0	0.25	0.0	0.0	0.0	0.0	0.1428571	0.0	0.0	0.0588235	0.0	0.0909091	0.0	0.0606061	0.0	0.0263158	0.0131579	0.0625	0.0212766	0.047619	0.0	0.0	0.0015	0.0	0.0	0.0625	0.0	0.0	0.0	0.0	0.0015	0.0	0.0555556	0.0588235	0.1428571	0.0	0.1666667	0.0	0.1111111	0.0625	0.0015	0.0	0.0	0.0	0.1081081	
Moineau domestique	0.4285714	0.0	0.1111111	0.5833333	0.75	0.625	0.3333333	0.7142857	0.6666667	0.5714286	0.4615385	0.5625	0.4117647	0.4285714	0.1818182	0.53125	0.5454545	0.4246575	0.3421053	0.3157895	0.375	0.3404255	0.3809524	0.5238095	0.516129	0.4	0.173913	0.5185185	0.3125	0.15	0.1875	0.3030303	0.5	0.0526316	0.1904762	0.3888889	0.2352941	0.1428571	0.2222222	0.5	1.0	0.1111111	0.125	0.2777778	0.0015	0.6	0.3333333	0.1351351	
Moineau friquet	0.0	0.0	0.0	0.0	0.0	0.0	0.0	0.0	0.0	0.0	0.0	0.0	0.0	0.0	0.0	0.03125	0.0	0.0136986	0.0	0.0015	0.03125	0.0425532	0.047619	0.0952381	0.0	0.0	0.0	0.1111111	0.0	0.05	0.0	0.0	0.0	0.0	0.0	0.0	0.0	0.0	0.0	0.0	0.0	0.0	0.0	0.0	0.0	0.0	0.0	0.0	
Moineau soulcie	0.0	0.0	0.0	0.0	0.0	0.125	0.0	0.1428571	0.0	0.0	0.0	0.0	0.0	0.0	0.0	0.0015	0.0015	0.0	0.0	0.0	0.0	0.0	0.0	0.0952381	0.0	0.0	0.0015	0.0	0.0015	0.0	0.0	0.0	0.0	0.0526316	0.047619	0.0555556	0.0	0.0	0.0	0.0	0.0	0.0	0.0	0.1111111	0.0	0.0	0.0	0.0	
Bergeronnette des ruisseaux	0.2857143	0.0	0.3333333	0.25	0.25	0.0015	0.0015	0.1428571	0.0	0.0	0.1538462	0.25	0.0588235	0.0714286	0.0015	0.03125	0.2121212	0.1232877	0.0526316	0.1052632	0.15625	0.106383	0.0952381	0.1904762	0.1290323	0.1333333	0.1304348	0.037037	0.25	0.25	0.0625	0.2121212	0.3333333	0.0526316	0.0952381	0.0555556	0.2352941	0.1428571	0.0015	0.1666667	0.0	0.2222222	0.1875	0.0555556	0.0	0.0015	0.3333333	0.1621622	
Bergeronnette printanière	0.0	0.0	0.0	0.0	0.0	0.0	0.0	0.0	0.0	0.0	0.0	0.0	0.0	0.0714286	0.0015	0.03125	0.0	0.0	0.0	0.0	0.0	0.0	0.0	0.0015	0.0	0.0	0.0	0.0	0.0	0.0	0.03125	0.0	0.0833333	0.1578947	0.047619	0.1666667	0.0	0.0	0.0	0.0	0.0	0.0	0.0	0.0	0.0	0.0	0.0	0.0	
Bergeronnette grise	0.2857143	0.0	0.1111111	0.0833333	0.25	0.0	0.0	0.1428571	0.0	0.1428571	0.0769231	0.3125	0.1176471	0.0714286	0.1818182	0.21875	0.2121212	0.1780822	0.1578947	0.1710526	0.15625	0.1914894	0.1428571	0.2380952	0.2903226	0.2	0.1304348	0.1851852	0.4375	0.2	0.0015	0.2121212	0.25	0.2105263	0.1904762	0.2777778	0.2352941	0.0952381	0.1111111	0.5	0.0	0.1111111	0.1875	0.0555556	0.0	0.0	0.0	0.0810811	
bergeronette sp.	0.0	0.0	0.0015	0.0	0.0	0.0	0.0	0.0	0.0	0.0	0.0	0.0	0.0	0.0	0.0	0.0	0.0	0.0	0.0	0.0	0.0	0.0	0.0	0.0	0.0	0.0	0.0	0.0	0.0	0.0	0.0	0.0	0.0	0.0	0.0	0.0	0.0	0.0	0.0	0.0	0.0	0.0	0.0	0.0	0.0	0.0	0.0	0.0	
Pipit rousseline	0.0	0.0	0.0	0.0	0.0	0.0	0.0	0.0	0.0	0.0	0.0	0.0	0.0	0.0	0.0	0.0	0.0	0.0	0.0015	0.0394737	0.03125	0.0212766	0.0952381	0.0015	0.0	0.0	0.0	0.0	0.0	0.0	0.0	0.0	0.0	0.0	0.0015	0.0	0.0	0.0	0.0	0.0	0.0	0.0	0.0	0.0	0.0	0.0	0.0	0.0	
Pipit farlouse	0.1428571	0.0	0.1111111	0.0	0.5	0.0	0.0	0.1428571	0.0015	0.0	0.0	0.0	0.0	0.0015	0.0	0.0	0.0	0.0015	0.0	0.0	0.0	0.0	0.0	0.0	0.0	0.0	0.0	0.0	0.0	0.0	0.0	0.0	0.0	0.0526316	0.0	0.1111111	0.1176471	0.047619	0.1111111	0.3333333	0.0	0.2222222	0.0625	0.0555556	0.0015	0.0	0.0	0.027027	
Pipit des arbres	0.0	0.0	0.0	0.0	0.0	0.0	0.0	0.0	0.0	0.0	0.0	0.0	0.0	0.0714286	0.0015	0.0625	0.1212121	0.0547945	0.0526316	0.0131579	0.0015	0.0851064	0.0952381	0.0015	0.0	0.0	0.0434783	0.0	0.0625	0.0	0.0015	0.0606061	0.0833333	0.2631579	0.0015	0.0555556	0.0	0.0	0.0	0.0	0.0	0.0	0.0	0.0	0.0	0.0	0.0	0.0	
Pipit spioncelle	0.0	0.0	0.0	0.0	0.25	0.0	0.0	0.0	0.0	0.0	0.0	0.0	0.0	0.0	0.0	0.0	0.0	0.0	0.0	0.0	0.0	0.0	0.0	0.0	0.0	0.0	0.0	0.0	0.0	0.0	0.0	0.0	0.0	0.0	0.0	0.0	0.0	0.0	0.0	0.0	0.0	0.0	0.0	0.0	0.0	0.0	0.0	0.0	
Anthus sp.	0.0	0.0	0.0	0.0	0.0	0.0	0.0	0.0	0.0	0.0	0.0	0.0	0.0	0.0	0.0	0.0	0.0	0.0	0.0	0.0	0.0	0.0	0.0	0.0	0.0	0.0	0.0	0.0	0.0	0.0	0.03125	0.0	0.0	0.0	0.0	0.0	0.0	0.0	0.0	0.0	0.0	0.0	0.0	0.0	0.0	0.0	0.0	0.0	
Pinson des arbres	0.7142857	0.0	0.1111111	0.3333333	0.75	0.5	0.6666667	0.5714286	0.6666667	0.7142857	0.6153846	0.5625	0.5882353	0.5714286	0.4545455	0.5625	0.5757576	0.5068493	0.4473684	0.5657895	0.53125	0.5531915	0.5238095	0.6190476	0.5806452	0.4666667	0.2608696	0.2962963	0.0015	0.2	0.25	0.3939394	0.4166667	0.1578947	0.2857143	0.3333333	0.2941176	0.2857143	0.2222222	0.3333333	0.0	0.7777778	0.375	0.3888889	0.0015	0.6	0.3333333	0.4324324	
Pinson du Nord	0.0	0.0	0.0	0.0833333	0.0	0.0	0.0	0.0	0.0	0.0	0.0	0.0	0.0	0.0	0.0	0.0	0.0	0.0	0.0	0.0	0.0	0.0	0.0	0.0	0.0	0.0	0.0	0.0	0.0	0.0	0.0	0.0	0.0	0.0	0.0	0.0	0.0	0.0	0.0	0.1666667	0.0	0.0	0.0	0.0	0.0	0.0	0.0	0.0	
Grosbec casse-noyaux	0.0	0.0	0.0	0.0833333	0.0	0.0	0.0	0.0	0.0	0.0	0.0	0.0	0.0	0.0	0.0	0.0015	0.0015	0.0	0.0	0.0	0.0	0.0	0.0	0.0	0.0	0.0	0.0	0.0	0.0	0.0	0.0	0.0	0.0	0.0015	0.0	0.0	0.0	0.047619	0.0	0.1666667	0.0	0.1111111	0.0015	0.0	0.0	0.0	0.0	0.0	
Bouvreuil pivoine	0.0	0.0	0.1111111	0.0	0.0	0.0	0.0	0.0	0.0	0.0	0.0	0.0	0.0	0.0015	0.0	0.0	0.0	0.0136986	0.0	0.0015	0.0	0.0	0.0	0.0	0.0	0.0	0.0	0.0015	0.0	0.0	0.0	0.0909091	0.0	0.0015	0.0	0.1111111	0.0	0.0	0.0	0.0015	0.0	0.0	0.0	0.0	0.0	0.0	0.0	0.0	
Verdier d'Europe	0.0	0.0	0.0	0.0833333	0.0	0.0	0.0	0.0	0.0	0.1428571	0.3076923	0.125	0.0588235	0.1428571	0.0015	0.15625	0.1212121	0.0684932	0.1315789	0.1447368	0.15625	0.1702128	0.0	0.2380952	0.0967742	0.0666667	0.0434783	0.0015	0.0	0.05	0.0625	0.0909091	0.0	0.0	0.047619	0.0555556	0.0	0.0	0.0	0.0015	0.0	0.2222222	0.0	0.0	1.0	0.0	0.0	0.0540541	
Linotte mélodieuse	0.0	0.0	0.0	0.0833333	0.0	0.0	0.0	0.0	0.0	0.0	0.0	0.0625	0.0	0.0	0.0015	0.03125	0.0	0.0273973	0.0263158	0.0921053	0.03125	0.0425532	0.1904762	0.0015	0.0322581	0.0015	0.0434783	0.1851852	0.0625	0.0	0.0	0.030303	0.0	0.0	0.0952381	0.2777778	0.0588235	0.0952381	0.0	0.0015	0.0	0.3333333	0.0	0.0	0.0	0.0	0.0	0.027027	
Bec-croisé des sapins	0.0	0.0	0.0	0.0	0.0	0.0	0.0	0.0	0.0	0.0	0.0	0.0	0.0	0.0	0.0	0.0	0.0	0.0	0.0	0.0	0.0	0.0015	0.0015	0.0	0.0	0.0	0.0	0.0	0.0	0.0	0.0015	0.030303	0.0	0.0	0.0	0.1111111	0.0	0.0	0.0	0.0	0.0	0.0	0.0	0.0	0.0	0.0	0.0	0.0	
Chardonneret élégant	0.1428571	0.0	0.1111111	0.0833333	0.25	0.125	0.0015	0.0	0.0	0.0015	0.4615385	0.1875	0.1176471	0.1428571	0.2727273	0.15625	0.3333333	0.2465753	0.1842105	0.1578947	0.1875	0.1914894	0.2380952	0.2380952	0.1612903	0.1333333	0.173913	0.2592593	0.1875	0.2	0.25	0.2424242	0.0015	0.2105263	0.0952381	0.1666667	0.0588235	0.1904762	0.1111111	0.1666667	0.0	0.3333333	0.0625	0.0	1.0	0.4	0.3333333	0.027027	
Serin cini	0.0	0.0	0.0	0.0	0.0	0.0	0.0	0.0	0.0	0.0	0.3846154	0.3125	0.3529412	0.2857143	0.0909091	0.25	0.2424242	0.3150685	0.1578947	0.2631579	0.375	0.1489362	0.1428571	0.1904762	0.2580645	0.1333333	0.1304348	0.0015	0.0625	0.05	0.125	0.0606061	0.0015	0.1052632	0.0	0.1111111	0.0	0.047619	0.1111111	0.1666667	0.0	0.0	0.0	0.0	0.0	0.0	0.0	0.027027	
Tarin des aulnes	0.0	0.0	0.1111111	0.0833333	0.25	0.0	0.0	0.0015	0.0	0.1428571	0.0769231	0.0625	0.0	0.0	0.0	0.0	0.0	0.0	0.0	0.0	0.0	0.0	0.0	0.0	0.0	0.0	0.0	0.0	0.0	0.0	0.0	0.0	0.0	0.0	0.0	0.0	0.0	0.047619	0.0	0.1666667	0.0	0.1111111	0.125	0.0	0.0	0.0	0.0	0.0540541	
Bruant proyer	0.0	0.0	0.0	0.0	0.0	0.0	0.0	0.1428571	0.0015	0.0	0.0	0.125	0.0588235	0.0	0.0909091	0.0625	0.0909091	0.1369863	0.2631579	0.2368421	0.15625	0.1276596	0.1904762	0.047619	0.0322581	0.0	0.0	0.037037	0.0625	0.0	0.0	0.0015	0.1666667	0.0	0.047619	0.0	0.0	0.0015	0.0	0.0	0.0	0.0	0.0	0.0555556	0.0	0.0	0.0	0.0	
Bruant fou	0.0	0.0	0.0	0.0	0.0	0.0	0.0	0.0	0.0	0.0	0.0	0.0	0.0	0.0	0.0	0.03125	0.0015	0.0	0.0	0.0	0.0	0.0	0.0	0.0015	0.0	0.0	0.0	0.0	0.0	0.0015	0.0	0.0	0.0	0.0	0.0	0.0	0.0	0.0	0.0	0.0	0.0	0.1111111	0.0015	0.0	0.0	0.0	0.0	0.0015	
Bruant zizi	0.0015	0.0	0.1111111	0.0015	0.0	0.0015	0.0	0.5714286	0.3333333	0.4285714	0.0769231	0.125	0.1764706	0.0714286	0.2727273	0.0625	0.1818182	0.1232877	0.2105263	0.2236842	0.28125	0.1276596	0.3333333	0.1428571	0.2258065	0.2	0.0869565	0.0740741	0.0625	0.1	0.125	0.1212121	0.0	0.1052632	0.047619	0.2222222	0.1176471	0.0952381	0.0	0.1666667	0.0	0.0	0.0625	0.1111111	0.0	0.2	0.0	0.0	
Bruant jaune	0.0	0.0	0.0	0.0	0.0	0.0	0.0	0.0	0.0	0.0	0.0	0.0015	0.0	0.0714286	0.0	0.03125	0.0015	0.0136986	0.0	0.0131579	0.0	0.0425532	0.047619	0.0015	0.0	0.0015	0.173913	0.037037	0.0015	0.0	0.0	0.0	0.0	0.0	0.047619	0.0	0.0	0.0	0.0	0.0	0.0	0.1111111	0.0015	0.0	0.0	0.0	0.0	0.0015	
Bruant ortolan	0.0	0.0	0.0	0.0	0.0	0.0	0.0	0.0	0.0	0.0	0.0	0.0	0.0	0.0	0.0015	0.0	0.0	0.0	0.0	0.0131579	0.0	0.0	0.0	0.0	0.0	0.0	0.0	0.0	0.0	0.0	0.0	0.0015	0.0	0.0	0.0	0.0	0.0	0.0	0.0	0.0	0.0	0.0	0.0	0.0	0.0	0.0	0.0	0.0	
Bruant des roseaux	0.0	0.0	0.0	0.0	0.0	0.0	0.0	0.0	0.0	0.0	0.0	0.0	0.0	0.0	0.0	0.0	0.0	0.0	0.0	0.0	0.0	0.0	0.0	0.0	0.0	0.0	0.0	0.0	0.0	0.0	0.0	0.0	0.0	0.0	0.0	0.0	0.0	0.0	0.0	0.0015	0.0	0.0	0.0	0.0	0.0	0.0	0.0	0.0	
passereau sp.	0.0	0.0	0.0	0.0	0.0	0.0	0.0	0.0	0.0	0.0	0.0	0.0	0.0	0.0	0.0	0.0	0.0	0.0273973	0.0	0.0	0.0	0.0212766	0.0	0.0	0.0	0.0	0.0	0.0	0.0	0.0	0.0	0.0	0.0	0.0	0.0	0.0	0.0	0.0	0.0	0.0	0.0	0.0	0.0	0.0	0.0	0.0	0.0	0.0	

